0.02283524,0.03413398,0.06807085,0.099826835,0.09724872,0.058532182,0.002749158,-0.03925138,-0.04712272,-0.026056923,-0.004785901,-0.011709168,-0.050625745,-0.10289987,-0.1326141,-0.12737085,-0.09030292,-0.049825866,-0.03520207,-0.055391353,-0.08589464,-0.095371895,-0.06740156,-0.013355118
-0.17992833,-0.16751665,-0.107170574,-0.041598264,-0.019460512,-0.053607445,-0.11422925,-0.13811098,-0.10154734,-0.027676003,0.050805993,0.07846289,0.054344483,0.0024706007,-0.03215509,-0.0075653982,0.060611606,0.12404422,0.13587688,0.087328106,0.008669346,-0.04761928,-0.04686592,8.3897285e-05
0.025766246,-0.027012898,-0.018973364,0.03767792,0.0977291,0.117117636,0.07062448,-0.015787339,-0.083853245,-0.08544088,-0.033996902,0.023079548,0.034222633,-0.012368754,-0.086403705,-0.14436242,-0.13859116,-0.076023705,-0.0028957163,0.02682052,-0.0042025563,-0.06733796,-0.1071539,-0.08771978
0.15169524,0.06817268,0.02586765,0.049256828,0.12229681,0.19360372,0.20060885,0.11924106,0.0059566917,-0.055783015,-0.048643537,0.014193208,0.06420215,0.057938356,-0.010098998,-0.11210046,-0.17222396,-0.15094104,-0.068247624,0.01201815,0.03255241,-0.015126202,-0.086477004,-0.118608095
0.040490467,0.107161716,0.11411676,0.056371655,-0.03472264,-0.10057544,-0.09658675,-0.040334713,0.018218325,0.02111617,-0.040201318,-0.12514198,-0.17549105,-0.16019873,-0.09172337,-0.017753541,0.0044652415,-0.03472888,-0.10166812,-0.13825715,-0.10623037,-0.019744186,0.065932006,0.09817484
-0.004034353,0.0047276258,0.05220602,0.100421034,0.10563752,0.060776662,-0.010753349,-0.065606736,-0.07358582,-0.04113846,-0.0023175185,-0.0007366234,-0.043483425,-0.109215975,-0.15265833,-0.14859463,-0.10011687,-0.04242399,-0.017327137,-0.041736152,-0.08824973,-0.11360446,-0.08808681,-0.021174423
-0.048848864,0.017706497,0.04298478,0.024588369,-0.013895804,-0.03624075,-0.0069744173,0.07303892,0.15204078,0.17848463,0.15610696,0.10680295,0.0777793,0.09059283,0.1371719,0.18824776,0.1958689,0.14821647,0.073166266,0.014030758,0.003967552,0.037210803,0.07173909,0.069943026
-0.02866137,0.07935253,0.17626639,0.21435167,0.16707987,0.081685305,0.030646494,0.059646107,0.14880705,0.2227177,0.22988608,0.15763558,0.05620604,-0.012932635,-0.01098808,0.058424275,0.12362027,0.12549627,0.048692804,-0.0569661,-0.12588637,-0.11090067,-0.026667317,0.059413925
0.20108646,0.23229921,0.18718144,0.11040591,0.06502068,0.09107136,0.17457554,0.24213459,0.24384667,0.17629431,0.07303275,0.008477289,0.011221075,0.06738062,0.12352269,0.119927816,0.04520793,-0.05378809,-0.11314513,-0.09640547,-0.020848952,0.056947526,0.07852777,0.03186543
0.05405481,0.022398748,-0.03234215,-0.07067119,-0.050069463,0.020802451,0.09324757,0.122470304,0.09748778,0.04742337,0.013359578,0.02977507,0.08632372,0.14600943,0.16577688,0.1274591,0.05989973,0.0069099716,0.005340059,0.05075014,0.10043686,0.10582776,0.056454577,-0.019852405
0.008415433,0.016118294,0.05316569,0.09634154,0.10713194,0.07784082,0.022363676,-0.02405326,-0.034797814,-0.008858144,0.02408951,0.028861772,-0.005329395,-0.063475624,-0.10485942,-0.10792837,-0.072036535,-0.024269877,-0.002546847,-0.023651117,-0.06834641,-0.09439784,-0.076956354,-0.024793651
-0.07953194,-0.0506533,0.02212076,0.09352948,0.109210424,0.06323529,-0.0081695225,-0.04353792,-0.0191299,0.04484191,0.106706865,0.112504825,0.06108122,-0.014442997,-0.06172218,-0.046220943,0.016639633,0.0739837,0.07882216,0.022717271,-0.05578081,-0.10088505,-0.08090346,-0.013290591
-0.1422368,-0.18228678,-0.15923733,-0.08932589,-0.016149616,0.010423926,-0.022445286,-0.0683058,-0.0849699,-0.04670386,0.036739018,0.11161029,0.13842282,0.106315486,0.047900878,0.015621148,0.036845144,0.09600532,0.14764574,0.14808711,0.08632162,0.00029120638,-0.058447592,-0.061314113
0.009915448,0.059770014,0.06421057,0.016552644,-0.059086647,-0.11578364,-0.11462152,-0.067853205,-0.01741781,-0.012306589,-0.057945065,-0.12428502,-0.16197275,-0.14500955,-0.08553357,-0.02119581,0.002426032,-0.026291996,-0.07939273,-0.10853452,-0.07929414,-0.008332164,0.05937546,0.08419099
-0.13120359,-0.11727018,-0.069023944,-0.016624413,0.0020365824,-0.018944228,-0.055519003,-0.06351908,-0.030762574,0.024625907,0.082028516,0.09998103,0.08090741,0.04449928,0.01824799,0.03345071,0.07973568,0.119201705,0.11921034,0.07641074,0.01676286,-0.026864251,-0.030975481,-0.00060715666
-0.034946155,0.009315315,0.10571888,0.20269214,0.23918068,0.20444676,0.13481776,0.097870804,0.12273042,0.19025978,0.2562812,0.25942123,0.19470531,0.095777206,0.02520301,0.021748075,0.071586825,0.119436674,0.11417547,0.040898617,-0.05968995,-0.12320786,-0.11105841,-0.040030394
0.08576501,0.03729735,-0.032936346,-0.07420125,-0.04233797,0.042950097,0.12814227,0.15343623,0.10696272,0.036672477,-0.0053934054,0.02162872,0.0945831,0.16427052,0.17798235,0.12075766,0.030581655,-0.027265085,-0.013791229,0.053191956,0.114289135,0.118223034,0.05349838,-0.038115416
-0.13443325,-0.06475061,0.00063573365,0.025881398,-0.0064375843,-0.06878248,-0.105480686,-0.07121596,0.013605969,0.08501576,0.11071722,0.07572547,0.020587906,-0.013126867,0.0025851028,0.07081626,0.1335989,0.14648682,0.09499438,0.015843544,-0.040825848,-0.03845043,0.012514829,0.06348069
-0.027062997,-0.06740928,-0.124751434,-0.16420217,-0.15325269,-0.10421141,-0.04939748,-0.024225973,-0.04135165,-0.07599369,-0.0932852,-0.0660399,-0.0058086407,0.05670668,0.083989605,0.06728218,0.02548295,-0.0019037253,0.011152063,0.058196515,0.10131126,0.10767884,0.0661807,0.0011941488
-0.061764523,0.014018096,0.03506308,-0.0010911868,-0.061529875,-0.09812198,-0.06733369,0.023500776,0.11432824,0.14100654,0.10355793,0.039709635,0.00823305,0.035071842,0.1017788,0.17321296,0.18480253,0.12938514,0.043290175,-0.012907877,-0.0092898,0.04375605,0.094793096,0.0946354
0.07895796,0.0449953,-0.011312959,-0.044306353,-0.012420389,0.067625485,0.1462642,0.17358938,0.14013904,0.08133638,0.042129945,0.062138963,0.12442231,0.18413761,0.19642068,0.14557633,0.0617981,0.0036709246,0.005436668,0.056438487,0.10574633,0.10714027,0.049184423,-0.034950867
-0.036041204,-0.08930434,-0.11832438,-0.10963679,-0.06420309,-0.015733637,-0.0013458325,-0.025465455,-0.063851036,-0.08004744,-0.05577787,-0.002439522,0.04888201,0.065928936,0.04446104,0.004599797,-0.018480454,-0.0024960428,0.042941045,0.083888166,0.08640619,0.047511637,-0.007757113,-0.04527635
0.058368646,0.014042032,-0.045734845,-0.09599276,-0.10240736,-0.07388012,-0.04310974,-0.04721209,-0.088401616,-0.14185987,-0.17644507,-0.1666158,-0.12148306,-0.07355626,-0.049988694,-0.069004595,-0.107483074,-0.12367364,-0.09520895,-0.035444733,0.025089286,0.051547535,0.034492113,-0.004442922
0.09170044,0.033017136,-0.006980954,-0.013155675,0.012891212,0.04424477,0.04554272,-0.0048969793,-0.07699574,-0.12252361,-0.12800226,-0.095752366,-0.06228601,-0.05448325,-0.079308115,-0.12905961,-0.1590138,-0.14410925,-0.0890067,-0.029186036,0.003362502,-0.0054883338,-0.037260156,-0.05476196
0.15183428,0.1790896,0.14880063,0.0898634,0.049101517,0.059162404,0.11508323,0.1650624,0.16922073,0.12147786,0.043187145,-0.010539701,-0.016401822,0.02287679,0.06794764,0.0713873,0.02221093,-0.051449154,-0.09909643,-0.089720055,-0.030692562,0.033654977,0.057908036,0.030034939
0.1102898,0.054468255,0.024874147,0.035891805,0.07828775,0.120922066,0.12598385,0.072107635,-0.003589431,-0.048336346,-0.049305797,-0.01287986,0.01952315,0.01776382,-0.023397904,-0.088200815,-0.12814063,-0.1162355,-0.062875524,-0.00793719,0.012454931,-0.011747977,-0.05509591,-0.075117856
0.105968356,0.058902826,0.026479198,0.026335085,0.056247357,0.087755844,0.087245695,0.03800864,-0.030949583,-0.074074574,-0.083332025,-0.055690207,-0.028426569,-0.027487908,-0.056316175,-0.10726831,-0.14258568,-0.13214032,-0.08349083,-0.029533159,-0.0048617274,-0.015611142,-0.04385778,-0.059853032
0.015738644,-0.061477322,-0.113254905,-0.116986565,-0.075651616,-0.029840656,-0.025273303,-0.075426534,-0.14616942,-0.18406834,-0.17047416,-0.11248768,-0.055075634,-0.0336893,-0.056629136,-0.10750811,-0.13410863,-0.10728378,-0.03880926,0.029091524,0.057171576,0.032142222,-0.020860778,-0.056050804
-0.026307572,0.009715229,0.07937827,0.14569516,0.1699076,0.14711839,0.10150197,0.07967232,0.10173782,0.15029316,0.19248429,0.19144937,0.14538084,0.08020831,0.033910986,0.033536993,0.065139025,0.0916708,0.081071496,0.029855702,-0.038215376,-0.0816489,-0.072585166,-0.025549559
0.13707884,0.16803354,0.13517399,0.070265345,0.028515061,0.04425884,0.11374578,0.1789054,0.19362445,0.14466506,0.06071143,0.0047534104,0.0061294395,0.057129644,0.11164363,0.11887005,0.061435357,-0.023574295,-0.08020455,-0.07268585,-0.010514498,0.05704251,0.077503935,0.038465742
0.017340094,0.06395898,0.060764007,0.004710683,-0.07463258,-0.12909277,-0.12575363,-0.080265574,-0.034511033,-0.03500816,-0.08728633,-0.15445992,-0.18835965,-0.16381048,-0.099431895,-0.035099793,-0.015188707,-0.04722762,-0.09902365,-0.118919566,-0.07963279,-0.003547102,0.06491246,0.08558534
-0.08511979,-0.1439786,-0.14788382,-0.11528033,-0.0778873,-0.07736532,-0.12773706,-0.1984075,-0.24195732,-0.2309536,-0.17437287,-0.11501574,-0.08836995,-0.10920627,-0.14920056,-0.16967544,-0.1415193,-0.07010228,0.004431694,0.038071703,0.018108089,-0.029176408,-0.058903202,-0.04403269
-0.13530086,-0.12349908,-0.071607046,-0.024536392,-0.028625755,-0.08996169,-0.17156012,-0.2114481,-0.18755127,-0.12352349,-0.05876631,-0.047099527,-0.085505664,-0.1459878,-0.17218669,-0.13434404,-0.051828135,0.024525959,0.047647767,0.006820393,-0.058098983,-0.0881636,-0.056801032,0.01408123
-0.15979457,-0.13310473,-0.04523824,0.04493123,0.07242342,0.024311744,-0.0600263,-0.100125626,-0.06253515,0.02559219,0.11631806,0.13842787,0.08932666,0.005356356,-0.05044094,-0.028286217,0.0534594,0.12921834,0.13972321,0.07287418,-0.029172558,-0.09754427,-0.08640663,-0.013105368
0.022040142,-0.019428711,-0.0061282925,0.048042484,0.1026837,0.119202614,0.07818897,0.0047834767,-0.05061994,-0.04832181,-0.0006196987,0.047780234,0.053946815,0.0076310546,-0.05951257,-0.10978526,-0.10347009,-0.050052356,0.010229085,0.02935329,-0.0042507164,-0.06227705,-0.09673043,-0.07798348
-0.057522424,0.0009661213,0.00404575,-0.050111543,-0.13032405,-0.181455,-0.16516145,-0.09175101,-0.01671654,0.0022816383,-0.036316045,-0.10030412,-0.13091424,-0.100357324,-0.02649049,0.052725356,0.08225494,0.047800228,-0.018178739,-0.058465403,-0.03839736,0.028514357,0.09308429,0.10714579
-0.011010258,-0.030647071,-0.009728148,0.04335328,0.09752818,0.12413095,0.11057308,0.07872719,0.056394976,0.06756843,0.110529564,0.14933802,0.1561266,0.12437252,0.07209818,0.030001968,0.02633428,0.052631963,0.080255754,0.07636136,0.03727144,-0.019652126,-0.060374632,-0.059719637
0.055650134,0.022604894,0.04644574,0.107316665,0.15987627,0.16870126,0.12235132,0.0447782,-0.011931104,-0.01026427,0.033256896,0.07230871,0.0655965,0.007314666,-0.06674388,-0.11904659,-0.11298636,-0.061388865,-0.00564052,0.006831719,-0.030436745,-0.08590327,-0.11262929,-0.082891785
0.04460849,0.01949044,0.034195,0.07635794,0.110733666,0.11441964,0.07937971,0.022126269,-0.021196112,-0.021266313,0.009271825,0.036034543,0.029874103,-0.011990576,-0.064784005,-0.10184427,-0.09452172,-0.054818243,-0.013307876,-0.0034558764,-0.027800757,-0.065084256,-0.082068875,-0.058491394
0.18249601,0.2126613,0.1645903,0.080083035,0.028559985,0.05204262,0.13717626,0.21024908,0.21881422,0.152223,0.045900077,-0.02114622,-0.015638102,0.051394884,0.118912704,0.12299231,0.050581392,-0.053953048,-0.11935064,-0.100876,-0.013957975,0.07140273,0.09381383,0.042331163
-0.11778731,-0.114158824,-0.07245007,-0.031089043,-0.028783094,-0.074493214,-0.1416259,-0.17869876,-0.16258894,-0.11042498,-0.05404206,-0.03865385,-0.06529947,-0.11241627,-0.1365158,-0.1097296,-0.043846607,0.019589249,0.0418751,0.013205377,-0.037789658,-0.06722086,-0.048545927,0.005528913
-0.017019423,0.053640112,0.112797074,0.12100435,0.06254449,-0.02695758,-0.08587653,-0.077717625,-0.02007378,0.02854411,0.026863288,-0.03442222,-0.11421938,-0.16391897,-0.14700684,-0.077943295,-0.011176828,0.0042885155,-0.03972656,-0.1070704,-0.13815616,-0.101451024,-0.016410122,0.062170513
0.11073376,0.07914658,0.031282123,-0.002933182,0.0047962815,0.045083493,0.08566051,0.08720282,0.044156767,-0.012197017,-0.051659327,-0.046901368,-0.012574478,0.024471804,0.033496365,-0.0035087718,-0.058484618,-0.09119288,-0.07709262,-0.028689649,0.023984894,0.04304793,0.018412177,-0.024615617
-0.13994679,-0.06771031,0.0022972964,0.033125643,0.008380441,-0.04799709,-0.08014358,-0.039251305,0.04887111,0.12277378,0.15330367,0.1213802,0.06656824,0.030426275,0.0429592,0.10714573,0.16650607,0.17426924,0.11967026,0.03543994,-0.027483406,-0.031836826,0.012587994,0.058429528
-0.008302803,-0.06828024,-0.115074836,-0.13501634,-0.12216459,-0.10175678,-0.105092324,-0.14215629,-0.19204488,-0.22019722,-0.21424927,-0.1757153,-0.1329234,-0.10890823,-0.110852614,-0.13223267,-0.14070256,-0.11576562,-0.060833097,-0.003096689,0.028888179,0.024514921,-0.0011553048,-0.021347618
0.1855975,0.17178634,0.13378729,0.10323184,0.105006345,0.14169644,0.18434724,0.18434824,0.1376585,0.07579389,0.021244992,0.007151973,0.021894718,0.043279134,0.0436693,0.001084314,-0.06093008,-0.10374323,-0.102277614,-0.06325923,-0.015263857,0.010401578,-0.0005812236,-0.03124218
0.09698826,0.052514337,0.023163246,0.027887,0.06329527,0.103278555,0.113655746,0.07589921,0.013692381,-0.026508724,-0.031191204,-0.0015282495,0.027065694,0.02957224,-0.0010329296,-0.056116987,-0.0944618,-0.090278536,-0.048711002,-0.0028824948,0.016181367,-0.0013508042,-0.038227797,-0.060693156
0.100314274,0.026337672,-0.017897679,-0.014650679,0.033828266,0.085290134,0.0902813,0.027197385,-0.06254348,-0.11652437,-0.11558283,-0.065466456,-0.016507892,-0.008802836,-0.04923094,-0.12059452,-0.1667067,-0.14854814,-0.07648768,-0.0015916104,0.027738035,0.00026215313,-0.05254914,-0.08171301
-0.030502914,-0.11911826,-0.17548043,-0.16925254,-0.101659045,-0.025184644,-0.0022576938,-0.04342362,-0.11401131,-0.1482984,-0.11877807,-0.03658797,0.043518636,0.07625779,0.04595605,-0.020586368,-0.0602383,-0.038543954,0.033926368,0.10721689,0.12607859,0.074681036,-0.01054806,-0.07270055
-0.023821171,0.03980115,0.099495456,0.12507889,0.09871046,0.04662441,0.012203813,0.028693937,0.08283727,0.12885807,0.1375357,0.09577339,0.034709364,-0.009025325,-0.009094043,0.03194387,0.07424512,0.07911883,0.03495035,-0.03130613,-0.07446706,-0.06771641,-0.018518269,0.03422651
0.122907944,0.059584584,0.023665711,0.035566263,0.0942222,0.15902445,0.1799669,0.1307558,0.04617202,-0.008699049,-0.01109352,0.035628907,0.08151132,0.08737868,0.04108105,-0.040912252,-0.10155658,-0.10205604,-0.045174554,0.020304674,0.043714758,0.009497568,-0.052796498,-0.09208526
-0.037309192,-0.0687108,-0.10937413,-0.13381207,-0.121101595,-0.08077393,-0.04018652,-0.02288292,-0.0345378,-0.05612478,-0.06312937,-0.037885398,0.010509526,0.05738708,0.07402943,0.060159896,0.030364607,0.013760786,0.025356064,0.06053853,0.087294474,0.08367683,0.047479838,-0.002474692
0.079978295,0.0024574099,-0.039815277,-0.027654849,0.031637803,0.09085497,0.101241894,0.041382574,-0.04597606,-0.09536371,-0.08515396,-0.025870042,0.028800149,0.03628733,-0.0092127705,-0.085299835,-0.13265164,-0.11389438,-0.041659113,0.029404147,0.050753355,0.012985328,-0.051487174,-0.087676644
0.079686314,0.034300778,-0.032295525,-0.06883365,-0.032160457,0.058071468,0.14298798,0.1678644,0.12669171,0.061688162,0.02324468,0.05090928,0.12327154,0.19032487,0.20258132,0.14442737,0.055902008,-0.0018306931,0.006116298,0.06552755,0.121611565,0.12076088,0.053215902,-0.039757304
0.05579565,0.078845225,0.046272922,-0.009519939,-0.040297728,-0.016666126,0.053705864,0.12417292,0.14893922,0.116664134,0.05774517,0.021887071,0.035783272,0.09024705,0.14212477,0.1526398,0.10745924,0.03707951,-0.011862894,-0.009273931,0.035250884,0.081919566,0.08739994,0.04206196
-0.14472446,-0.18773322,-0.17681356,-0.122116834,-0.0615951,-0.037793864,-0.06344446,-0.10234443,-0.11931851,-0.08789233,-0.014988143,0.055635545,0.08750902,0.07092634,0.024903478,-0.00087810575,0.018349934,0.07297844,0.12374214,0.13405427,0.08726057,0.013512081,-0.04097632,-0.048262898
-0.036867514,0.02744103,0.048973516,0.027011823,-0.018208647,-0.044798717,-0.01923326,0.05433936,0.1275465,0.15189795,0.1262128,0.07420695,0.041994072,0.055545773,0.10233931,0.1543623,0.16620308,0.12213694,0.04907753,-0.0051475265,-0.009139114,0.028632872,0.068187036,0.071613975
0.01881035,0.08043607,0.08536546,0.02896063,-0.057648078,-0.12145384,-0.11973306,-0.06385209,-0.004505381,0.0021101378,-0.052136455,-0.1300194,-0.17652385,-0.15931772,-0.08950338,-0.015002283,0.011158131,-0.025416838,-0.090023115,-0.12629339,-0.09406342,-0.010639654,0.06991643,0.09777144
-0.027650354,-0.028512146,0.015679,0.064081624,0.06349556,0.007946721,-0.07879298,-0.14807142,-0.16148624,-0.12178822,-0.07157076,-0.06342893,-0.10837924,-0.17902331,-0.2240964,-0.21314009,-0.14474319,-0.0674411,-0.030296423,-0.05144281,-0.09964164,-0.12591442,-0.09486713,-0.016023735
-0.065743305,-0.012098196,0.0053308187,-0.012651319,-0.046835378,-0.06424083,-0.04115587,0.02555752,0.09437399,0.12114198,0.10622029,0.06815674,0.04821345,0.064044826,0.10671039,0.15405115,0.16659276,0.1315567,0.06961174,0.021750014,0.013492898,0.038986508,0.0668761,0.06325901
0.047097676,-0.011907782,-0.00973483,0.04166773,0.09627468,0.11175591,0.06423858,-0.029549614,-0.107101545,-0.11695397,-0.07127209,-0.01630584,-0.0037366294,-0.050217852,-0.12477105,-0.18396878,-0.17931077,-0.11283942,-0.03208605,0.0056222198,-0.01917326,-0.07621074,-0.11207458,-0.08851088
-0.018971382,0.054356102,0.120754026,0.13688995,0.08340419,-0.0029877955,-0.062001728,-0.054041374,0.005292906,0.057215076,0.06025096,0.00034747642,-0.08184187,-0.13537931,-0.1255396,-0.06122821,0.0045467997,0.020899557,-0.024025027,-0.095122375,-0.13300355,-0.105124846,-0.02411198,0.056869887
-0.007520029,0.09165928,0.18542622,0.22880945,0.19642615,0.1223654,0.07288021,0.096490376,0.17367907,0.23946768,0.2501212,0.18676224,0.09135148,0.01719741,0.01029502,0.06444763,0.119562775,0.12107539,0.05370046,-0.048022624,-0.118094385,-0.11009552,-0.037328552,0.041377172
-0.12658264,-0.08171683,-0.04170356,-0.038094733,-0.08497334,-0.15591174,-0.20089978,-0.18268533,-0.11963337,-0.06372519,-0.042825636,-0.07295941,-0.11761661,-0.14059843,-0.115389116,-0.043960463,0.027013095,0.05519543,0.028011542,-0.026157282,-0.058960002,-0.04065082,0.016570855,0.070553154
-0.055026047,-0.12462683,-0.16441278,-0.15392613,-0.09187694,-0.024289932,0.0025631897,-0.01895476,-0.06532248,-0.08864699,-0.058777418,0.012094872,0.08383204,0.113907605,0.089519955,0.035818625,-0.001103433,0.012333597,0.06780008,0.12129985,0.12823008,0.07804721,-0.000246646,-0.058172356
-0.020751163,-0.017647255,-0.056660082,-0.10883982,-0.13720778,-0.120909594,-0.06746012,-0.011328363,0.011193602,-0.007623848,-0.042981304,-0.05808828,-0.033211756,0.024146002,0.07630648,0.095990695,0.074563324,0.031317145,0.0020053403,0.011928822,0.052799817,0.090038486,0.08956103,0.047351122
0.061579295,0.08478462,0.03868975,-0.036381647,-0.07663359,-0.04824982,0.03897299,0.12480541,0.1539374,0.110892646,0.0334194,-0.01046234,0.013111944,0.08976145,0.16131881,0.17777188,0.12042218,0.029772792,-0.03100357,-0.019705871,0.047298517,0.111493126,0.11686508,0.05376159
-0.17862454,-0.10411959,-0.03157138,-0.003207692,-0.041614614,-0.113382496,-0.15605912,-0.11658695,-0.018348679,0.067872964,0.10493537,0.07022444,0.0098381555,-0.02605604,-0.006991644,0.073985904,0.15381436,0.17439312,0.11892209,0.029222285,-0.036550786,-0.037272517,0.018443441,0.07700244
-0.04841349,-0.09549291,-0.10414115,-0.08024673,-0.050398704,-0.043416142,-0.07451762,-0.12624931,-0.16492051,-0.16097853,-0.119244255,-0.07265755,-0.05133088,-0.06654901,-0.09982528,-0.12200052,-0.10413752,-0.051303625,0.0061875493,0.03285954,0.01793165,-0.019141827,-0.04525437,-0.0370647
0.049346875,0.00078049226,-0.022731809,0.0046143243,0.07436828,0.14402571,0.17206368,0.14519562,0.08905752,0.057479504,0.071787335,0.12581408,0.17374569,0.17931679,0.13404557,0.06123072,0.0064668073,0.0059745167,0.047772367,0.08874473,0.08539112,0.035380173,-0.035469662,-0.08264855
0.08593282,0.003129367,-0.043912187,-0.031083526,0.031645786,0.093513675,0.10076726,0.03439958,-0.061488044,-0.11381559,-0.102697365,-0.038726702,0.018522352,0.025978874,-0.023010137,-0.10412949,-0.15263252,-0.12971139,-0.050691124,0.026851684,0.050166454,0.010214175,-0.056961156,-0.09458318
0.04068689,0.016052637,-0.020173416,-0.032801684,0.0012934594,0.06645371,0.12794577,0.1536789,0.13231279,0.09541228,0.077412024,0.10007165,0.14617157,0.18712223,0.18864882,0.14513777,0.0834664,0.041230112,0.04123702,0.07175301,0.0975375,0.086594746,0.033639506,-0.03205488
0.10018687,0.11226439,0.06559971,-0.0067568645,-0.055644028,-0.049291436,0.004789538,0.05408997,0.059513032,0.013399865,-0.05994746,-0.10459393,-0.096004635,-0.040556487,0.01862104,0.03406927,-0.003573472,-0.06562796,-0.10318146,-0.08347527,-0.013922975,0.05634404,0.07956338,0.04642714
-0.03060274,-0.08021367,-0.057621464,0.020980237,0.10360234,0.13542303,0.09390573,0.018864132,-0.0335979,-0.018221758,0.056085877,0.12808298,0.14520755,0.09261247,0.008869468,-0.05378293,-0.047097,0.016580112,0.08510304,0.09717247,0.041260924,-0.046626974,-0.10615838,-0.096667975
0.17356728,0.14654084,0.096888006,0.06234282,0.07886099,0.13780586,0.19324172,0.19527324,0.14365011,0.07463378,0.021083057,0.020272773,0.05475955,0.09051649,0.09367297,0.039916854,-0.036664877,-0.087928034,-0.0828304,-0.03234817,0.024724329,0.04330042,0.012231166,-0.041329093
-0.0037884293,-0.06038172,-0.09434418,-0.096100695,-0.07028787,-0.04761337,-0.053846747,-0.09466832,-0.14493151,-0.16754892,-0.15244107,-0.10979258,-0.07149981,-0.06132685,-0.07805599,-0.1077608,-0.11741371,-0.08949707,-0.03437536,0.0142232245,0.030357894,0.012891002,-0.019225178,-0.036095884
0.035626113,-0.018711867,-0.008564947,0.04772882,0.099767976,0.10711466,0.050430827,-0.045076266,-0.11630096,-0.11811913,-0.06630036,-0.014002132,-0.00924712,-0.06312231,-0.13871054,-0.19242689,-0.17715095,-0.104566395,-0.026145611,0.0021982077,-0.028659523,-0.08668728,-0.117037416,-0.08427029
-0.15751027,-0.09632907,-0.0356794,-0.017709233,-0.05758936,-0.12772873,-0.17249793,-0.1428936,-0.057795577,0.016419983,0.047105726,0.01430854,-0.039782297,-0.069594376,-0.04593553,0.030909242,0.10689013,0.12655753,0.07961875,0.0040014735,-0.043712217,-0.035315584,0.01919654,0.07335712
-0.12815264,-0.07001935,-0.015912257,-0.006694589,-0.057252243,-0.13478549,-0.1834759,-0.1608798,-0.085729055,-0.020712785,0.00076536107,-0.03851903,-0.09569834,-0.12502533,-0.09966102,-0.022247259,0.05424792,0.07723144,0.03646905,-0.030560998,-0.06844465,-0.04981512,0.0140447,0.07565786
0.06427714,0.015363451,-0.053134143,-0.109641135,-0.11913008,-0.08492836,-0.043751054,-0.04420066,-0.08939905,-0.14829996,-0.18920535,-0.17897199,-0.12889247,-0.069193445,-0.041792113,-0.06333517,-0.10706241,-0.13040271,-0.10479054,-0.036437444,0.03530153,0.065447226,0.04388343,-0.003125919
-0.10069753,-0.1412729,-0.11721154,-0.04342212,0.029429335,0.0537576,0.018727466,-0.03506219,-0.06354169,-0.032997724,0.044952117,0.116106406,0.136377,0.09787844,0.030146534,-0.011322545,0.0050872033,0.065432936,0.12109038,0.12534767,0.06559916,-0.019188615,-0.075516686,-0.071253166
-0.1036103,-0.050293386,0.0005178144,0.024053551,0.006014593,-0.033544242,-0.054425407,-0.02316538,0.042527404,0.09822288,0.121132575,0.09780682,0.057492964,0.031646106,0.040772162,0.08775197,0.13239115,0.13706559,0.093949944,0.030237433,-0.01641818,-0.020148242,0.01107993,0.043220207
0.16736501,0.19935733,0.17074904,0.11004987,0.066517465,0.07392564,0.13171539,0.18608268,0.19360717,0.14256938,0.056912873,-0.0044019883,-0.01336347,0.027097806,0.076221116,0.08075781,0.027676394,-0.053297255,-0.108409114,-0.102969915,-0.038432937,0.033554092,0.06089401,0.031941377
0.024643263,-0.007866297,-0.024448173,-0.006805694,0.04476534,0.098981075,0.12474415,0.11262158,0.07858708,0.05721202,0.065876804,0.104334556,0.14186183,0.15179181,0.12443371,0.07401728,0.030987263,0.0226025,0.045861725,0.07407961,0.074268624,0.038922153,-0.01527017,-0.0566525
-0.034654938,-0.112843566,-0.16056234,-0.15022072,-0.083246104,-0.010080608,0.018825628,-0.00931295,-0.06830446,-0.09900211,-0.07048975,0.0059332615,0.08158221,0.111699186,0.08254681,0.019831482,-0.022301555,-0.0074887522,0.05545563,0.11705539,0.12798275,0.07735815,-0.0059362794,-0.067585416
-0.032004643,-0.09017007,-0.12453344,-0.11748476,-0.07176864,-0.024113541,-0.0074567404,-0.03182233,-0.074603625,-0.09539264,-0.07495753,-0.020068496,0.035063222,0.0573765,0.037954394,-0.0030496067,-0.02974867,-0.016072752,0.030706905,0.07737427,0.087275274,0.053268638,-0.004382753,-0.046917357
0.13732682,0.11201922,0.069274925,0.03897697,0.05563813,0.10791461,0.15673639,0.15810223,0.11383989,0.054342505,0.008869499,0.011965606,0.04679143,0.080470905,0.08337276,0.0377428,-0.031798054,-0.07604047,-0.067911185,-0.01925426,0.028728254,0.04186053,0.012629041,-0.035977386
0.010711736,-0.038546782,-0.11558667,-0.17203863,-0.15948333,-0.091080904,-0.014409973,0.017029827,-0.0114787,-0.06797032,-0.104858175,-0.07847153,-0.0013527824,0.08124771,0.11711619,0.08885102,0.022075446,-0.0239859,-0.011511406,0.053813104,0.11908466,0.1343526,0.08260882,-0.004705781
0.07751554,0.08262404,0.024818605,-0.067660004,-0.13312465,-0.13745841,-0.085670255,-0.033582386,-0.026983354,-0.07900062,-0.15964638,-0.20744434,-0.19145438,-0.120239764,-0.043833733,-0.014567988,-0.04842747,-0.108727306,-0.13909397,-0.105428636,-0.018555006,0.066299,0.09822322,0.06530581
0.06728379,0.05104666,0.010090642,-0.01212014,0.015923569,0.087770745,0.1669375,0.20582667,0.18892957,0.14362536,0.10737097,0.11872914,0.16686915,0.2195606,0.22976677,0.18639803,0.109931536,0.048673835,0.03374109,0.065573946,0.10137809,0.10057864,0.048919357,-0.027004063
0.028442899,-0.034067553,-0.074676916,-0.07890478,-0.044623483,-0.0029749104,0.0055761775,-0.03523604,-0.09592318,-0.13163508,-0.124899335,-0.079877935,-0.032134533,-0.013477978,-0.034336947,-0.08030454,-0.10926212,-0.09354032,-0.038187884,0.021709492,0.04717383,0.025224503,-0.020050744,-0.050375607
-0.054428134,0.0047727847,0.020710079,-0.006903943,-0.05042796,-0.07406788,-0.046622984,0.028976267,0.10232096,0.12440716,0.0979329,0.05061201,0.027388033,0.049591985,0.10240987,0.15627964,0.16420408,0.11798278,0.04847452,0.0018468293,0.0036691811,0.042599525,0.07819991,0.073464885
-0.059261356,-0.023864327,0.057743028,0.13953197,0.16838288,0.12909947,0.056198932,0.020431748,0.044724125,0.108855784,0.17191204,0.17808558,0.122374065,0.03685438,-0.01852927,-0.012509414,0.041632134,0.092695564,0.093474366,0.030033996,-0.05602966,-0.10768537,-0.092325,-0.027411189
-0.15319633,-0.16603057,-0.1379278,-0.104113266,-0.10117011,-0.14318031,-0.20869909,-0.24888499,-0.23713098,-0.18672669,-0.12538123,-0.09779261,-0.108886994,-0.14247377,-0.16009462,-0.1310727,-0.06240323,0.008063812,0.04160246,0.02604686,-0.01609266,-0.045929078,-0.035388567,0.009766931
-0.1623566,-0.1420331,-0.07501015,-0.0022148774,0.025670461,-0.003487082,-0.059821535,-0.079093575,-0.040757135,0.03328554,0.10970852,0.13419546,0.10529811,0.049431574,0.009312519,0.027439605,0.08854558,0.14406055,0.14798288,0.093327254,0.010167229,-0.05016357,-0.052424476,-0.0076883454
-0.10614048,-0.05176129,-0.002184779,0.01663492,-0.004968535,-0.046844617,-0.062977664,-0.02554769,0.043651346,0.09633551,0.11397931,0.087791435,0.050052654,0.029637795,0.044203896,0.094796166,0.13503152,0.13482426,0.089896366,0.027841348,-0.015107129,-0.013448192,0.019316526,0.049001504
0.056879595,0.034896247,-0.005964667,-0.023184823,0.009628747,0.07890191,0.14374319,0.16974327,0.14797336,0.10835827,0.0831904,0.10190566,0.14815074,0.19137399,0.19674137,0.15302871,0.087955914,0.04039734,0.034428284,0.064624436,0.09499934,0.089311525,0.038283,-0.031635314
-0.1360022,-0.08268168,-0.032801673,-0.021559954,-0.06814347,-0.14755389,-0.20172189,-0.18444897,-0.11500904,-0.049503475,-0.02376976,-0.055819795,-0.1100056,-0.14236908,-0.11975875,-0.042741198,0.03577289,0.06711953,0.03575544,-0.02760275,-0.06984844,-0.053005293,0.010465335,0.07232073
-0.08430844,-0.05365524,-0.051166695,-0.08236231,-0.12894754,-0.1631628,-0.15640539,-0.109685265,-0.05662608,-0.03598597,-0.047858853,-0.077354506,-0.09011287,-0.06877207,-0.020660587,0.03522306,0.061521772,0.04829139,0.013029763,-0.012649462,-0.0063903066,0.029407248,0.06531897,0.07294669
0.067759514,-0.0038678653,-0.043409362,-0.013505777,0.0815373,0.18372573,0.22957626,0.19498405,0.11712287,0.06988068,0.08567716,0.16057809,0.2331584,0.24926393,0.19385077,0.09401235,0.015574417,0.0078096804,0.062320016,0.123500586,0.12845962,0.06385462,-0.03750596,-0.1117567
-0.062147234,-0.007843242,-0.0064018513,-0.060851123,-0.1394265,-0.1915155,-0.17651726,-0.10391548,-0.028748268,-0.0100826165,-0.045966618,-0.10718685,-0.13634792,-0.1063779,-0.031243255,0.048144642,0.07930156,0.047059115,-0.016371286,-0.058053035,-0.037095178,0.031396564,0.09477829,0.10861925
-0.046604894,0.022435851,0.039934617,0.007966352,-0.04386561,-0.068662256,-0.033990454,0.052767277,0.13582152,0.15951109,0.12683433,0.06920642,0.039648656,0.06425774,0.12351413,0.18246272,0.19149661,0.1370355,0.05372515,-0.0024492824,0.00094850414,0.046614688,0.087954514,0.083959684
0.076413415,0.04302736,-0.018000843,-0.05215355,-0.018085843,0.07022818,0.16219148,0.20204128,0.17213058,0.111974135,0.07192536,0.093447186,0.15929663,0.22567795,0.24043013,0.1863332,0.097366706,0.03178769,0.027308574,0.07485587,0.12463456,0.12549575,0.060752403,-0.032818507
0.058123656,0.05672952,0.013806983,-0.053635124,-0.104252495,-0.11236604,-0.07804432,-0.046000846,-0.046537474,-0.085699566,-0.14239502,-0.17574564,-0.16450657,-0.11517708,-0.06228531,-0.040492307,-0.061048575,-0.09860898,-0.11353657,-0.08494316,-0.021696357,0.040385585,0.06564682,0.04740638
-0.1118249,-0.14159554,-0.132602,-0.091335945,-0.048098717,-0.033687785,-0.05416807,-0.08034107,-0.08914501,-0.06307633,-0.0070098215,0.04401668,0.06481013,0.050105333,0.017462928,0.0013028159,0.020033864,0.062501565,0.09804126,0.09948355,0.062136784,0.0093006315,-0.028560255,-0.03169332
0.008955501,-0.049103472,-0.03221718,0.035025496,0.09976639,0.109969504,0.04265031,-0.06272982,-0.13596264,-0.13025226,-0.06477877,-0.0006946432,0.007932413,-0.053672094,-0.13858873,-0.19548176,-0.17714743,-0.094248,-0.005444024,0.02446193,-0.018769233,-0.09211759,-0.12921922,-0.09535533
0.14219253,0.10984965,0.054899205,0.014658607,0.02534024,0.07837069,0.135874,0.14285952,0.09552838,0.027699823,-0.025300141,-0.023266591,0.017914187,0.064173505,0.07573296,0.030700197,-0.042304475,-0.09135998,-0.0838393,-0.028546803,0.03390346,0.057489943,0.026432293,-0.029946836
0.055741925,0.12028267,0.12672248,0.0709041,-0.013458328,-0.07378846,-0.0688578,-0.014856082,0.039975177,0.0385076,-0.024656622,-0.10813474,-0.15691333,-0.14217998,-0.075874045,-0.008930812,0.0063221664,-0.03699797,-0.10401655,-0.13958058,-0.104260206,-0.018285753,0.062609285,0.090305254
-0.085908085,-0.12598449,-0.113375634,-0.058329817,0.0026099314,0.02684509,-0.00011276849,-0.04668959,-0.07315754,-0.050941505,0.0113654155,0.0733723,0.0960989,0.07119767,0.02039877,-0.013998196,-0.002278381,0.04462098,0.09143934,0.10160537,0.061442528,-0.0050601535,-0.054870512,-0.058395315
-0.010251854,-0.044111054,-0.00268887,0.096924014,0.19818163,0.24378589,0.21024491,0.13942692,0.092849515,0.114448085,0.19031316,0.26171753,0.27215105,0.20768124,0.10757962,0.031607892,0.023514105,0.07426021,0.12864429,0.12793797,0.053127207,-0.052085876,-0.1214707,-0.115984276
-0.13633086,-0.13484438,-0.08960562,-0.041193485,-0.03726658,-0.0873079,-0.1633921,-0.20784338,-0.19296823,-0.133188,-0.06671983,-0.045763608,-0.07469201,-0.12812875,-0.1583933,-0.13004835,-0.05407429,0.021344393,0.04985859,0.019846434,-0.039718676,-0.07647764,-0.05738512,0.0039488585
0.17774963,0.21893984,0.1798338,0.10146283,0.05126779,0.0736727,0.16057938,0.24090937,0.2586999,0.19786651,0.09188129,0.0207445,0.021351235,0.08437293,0.1500113,0.15632996,0.08265862,-0.025294725,-0.0987858,-0.08994818,-0.012789384,0.06917153,0.09338913,0.043677274
-0.0904922,-0.13644323,-0.11193679,-0.03548982,0.04080568,0.06522768,0.019846233,-0.048115697,-0.084528014,-0.054472484,0.027529525,0.10157317,0.12063579,0.07473737,0.0014483767,-0.044069454,-0.023409836,0.045150336,0.10838432,0.11514274,0.05517284,-0.032771707,-0.08873641,-0.079220474
-0.09192011,-0.11048057,-0.090976015,-0.049166653,-0.010507622,-0.0045256093,-0.031924646,-0.060568135,-0.065556146,-0.03845735,0.011160361,0.05165369,0.061893605,0.038896516,0.0060163364,-0.0056786877,0.012138814,0.050290108,0.080233574,0.07747615,0.03799256,-0.010067,-0.036668863,-0.030379087
-0.16731465,-0.09064241,-0.01667775,0.009285227,-0.032165796,-0.108041294,-0.15466556,-0.11675044,-0.017288903,0.06749409,0.10024551,0.059992798,-0.004283519,-0.04112846,-0.018377803,0.06488692,0.14546984,0.16295247,0.10348716,0.01182042,-0.048012637,-0.04190947,0.018389108,0.07873481
0.07286293,0.00078895286,-0.093570665,-0.1650866,-0.16616808,-0.10945326,-0.047959656,-0.04728998,-0.110301405,-0.1902542,-0.2384062,-0.21376474,-0.13639064,-0.055412017,-0.023704914,-0.059870597,-0.12508027,-0.15458162,-0.113087535,-0.018984608,0.0700417,0.09999648,0.059360277,-0.011877356
-0.11745061,-0.065046385,-0.012819995,0.012081163,-0.00878004,-0.05921609,-0.09144139,-0.06331343,0.0037004056,0.06297677,0.09148815,0.069145225,0.025439797,-0.0059264097,0.0037574188,0.05640982,0.11049785,0.12622814,0.089681454,0.022253176,-0.028355084,-0.02988437,0.0075402157,0.048155114
0.08550827,0.036494747,0.0076448647,0.013980884,0.047399696,0.07911011,0.07711828,0.02953701,-0.034922294,-0.07152985,-0.071080744,-0.03921811,-0.012463927,-0.013405944,-0.044382796,-0.09537466,-0.12363582,-0.10897521,-0.061376464,-0.014499198,0.0055792597,-0.010793373,-0.04395706,-0.05954332
-0.046512194,-0.13072796,-0.17872316,-0.15674834,-0.06904753,0.023692122,0.058370538,0.026955923,-0.03656327,-0.064986214,-0.026043916,0.06544657,0.15227477,0.18066116,0.1403278,0.063878864,0.013521922,0.029492738,0.09718127,0.1600672,0.15997773,0.09029612,-0.011627013,-0.08600785
0.042161416,-0.039712608,-0.075869516,-0.038642853,0.060212262,0.15453357,0.18151024,0.12948729,0.045184135,0.005056767,0.036508594,0.122369476,0.19426666,0.20102485,0.13765465,0.038791735,-0.025431503,-0.013071268,0.05820785,0.12308249,0.12131728,0.047994323,-0.053189334,-0.115838364
0.06578468,0.03476396,-0.017739233,-0.05050527,-0.027532935,0.03981513,0.10555382,0.12499539,0.09441279,0.04521647,0.011190245,0.028976945,0.081737205,0.13409774,0.14677025,0.10642017,0.03914914,-0.007612747,-0.0046516205,0.042399205,0.08670191,0.09023649,0.04424805,-0.02536853
0.0392343,-0.0057907617,-0.07675373,-0.127582,-0.11443986,-0.0481296,0.02380386,0.04984934,0.016208125,-0.0406806,-0.07704955,-0.054570034,0.012548073,0.08338039,0.11076034,0.07732706,0.012128664,-0.032553475,-0.020042779,0.041068733,0.10123945,0.11443037,0.06670719,-0.012043024
0.02417832,-0.028502543,-0.011844178,0.058941822,0.134827,0.16115405,0.10983678,0.01726962,-0.053254787,-0.049408663,0.012556826,0.07812595,0.08799393,0.03013096,-0.055861194,-0.12274821,-0.118654594,-0.0541131,0.021528382,0.046793744,0.0035917722,-0.073291935,-0.1215923,-0.10340479
0.14068486,0.097096324,0.0763083,0.09337353,0.13597025,0.17346361,0.17283483,0.11772484,0.04299235,-0.00079531234,-0.006549685,0.021659002,0.040722355,0.027701791,-0.018809306,-0.085563764,-0.12776409,-0.11861741,-0.07159708,-0.025070025,-0.01052391,-0.03246621,-0.06739411,-0.078784116
-0.03213851,-0.03345357,-0.08671478,-0.16033825,-0.20369437,-0.19073729,-0.13059914,-0.06635563,-0.040145706,-0.06627301,-0.11290521,-0.13334477,-0.09987433,-0.024664486,0.046785306,0.078002535,0.056053665,0.007756293,-0.022426384,-0.0033320938,0.055486523,0.109129995,0.11479339,0.066397734
0.011126576,0.03380533,0.014167773,-0.024396671,-0.048074037,-0.030632231,0.027929857,0.091132626,0.12174387,0.106344454,0.066660486,0.040195294,0.051662125,0.095473304,0.13707568,0.15167855,0.121362306,0.06632781,0.02188291,0.01639243,0.042367425,0.0735569,0.075620584,0.03891677
0.2152853,0.1747251,0.10295152,0.045547824,0.051319364,0.11464207,0.1834459,0.18505704,0.11599775,0.022733636,-0.052208617,-0.05674317,-0.010781928,0.044428278,0.058052655,-0.0008704951,-0.09385958,-0.15594405,-0.1431097,-0.06693442,0.018946048,0.055184625,0.024396935,-0.03924897
-0.2102781,-0.19607686,-0.12315433,-0.045160636,-0.017985797,-0.061088134,-0.1398991,-0.17378117,-0.13363639,-0.04633419,0.047398176,0.080876656,0.050720353,-0.014306281,-0.05675586,-0.027656484,0.054030474,0.13183443,0.15010315,0.095298,0.0021034572,-0.06477572,-0.061439794,-0.002813311
0.034325242,-0.010901919,-0.0011676999,0.050341852,0.104844056,0.12073698,0.07806657,-0.0003678088,-0.061961196,-0.06563402,-0.022675272,0.02584674,0.03435137,-0.009863195,-0.07709918,-0.12989312,-0.12826255,-0.07442241,-0.009318211,0.01705793,-0.010694582,-0.0655354,-0.09946732,-0.08093796
0.04250827,0.104862146,0.110952936,0.05033709,-0.044177633,-0.11560996,-0.11900216,-0.069218196,-0.014215198,-0.012504473,-0.07382723,-0.15949343,-0.21168356,-0.19650191,-0.12579131,-0.049710236,-0.022740502,-0.059661143,-0.12352641,-0.15613365,-0.1165177,-0.02536031,0.06340958,0.09901402
-0.04958147,-0.013734123,-0.019382423,-0.06400304,-0.11961239,-0.14892249,-0.12878309,-0.072090626,-0.019250875,-0.010118956,-0.040833544,-0.08295166,-0.094690345,-0.061684567,-0.0031410255,0.052373055,0.06710729,0.036579084,-0.010729725,-0.032444853,-0.009891704,0.03959007,0.07872332,0.077165455
-0.029660089,-0.014140057,0.04989339,0.12140916,0.14349717,0.103611715,0.024704028,-0.034683093,-0.036804553,0.0140291555,0.07335006,0.085522525,0.035925552,-0.047892723,-0.10848798,-0.10923825,-0.052549396,0.014234465,0.038132098,-0.001372571,-0.07552158,-0.123841405,-0.105657406,-0.033367343
0.017305946,-0.030381542,-0.00624578,0.071388796,0.14248417,0.16127881,0.10544581,0.009948524,-0.05693597,-0.045462504,0.020386923,0.08241136,0.08550966,0.021422982,-0.069402695,-0.13166258,-0.11794349,-0.046157755,0.02697857,0.04584972,-0.005796669,-0.08596902,-0.12925656,-0.10092243
0.057504956,0.1244988,0.13987043,0.10812527,0.05154436,0.018932074,0.041163865,0.10198528,0.15548238,0.15991099,0.111106515,0.041882485,-0.0024762128,0.0038471916,0.048019048,0.091880515,0.09423844,0.04438169,-0.02757193,-0.07308589,-0.061260153,-0.0050707175,0.04998225,0.06366378
0.06281635,-0.01035948,-0.054104645,-0.049443096,-0.0010865398,0.047373705,0.050827447,-0.0049428632,-0.084998,-0.12886348,-0.11845895,-0.064224504,-0.015012193,-0.0065214313,-0.041679822,-0.10475946,-0.14006485,-0.11884036,-0.05032027,0.016214307,0.0404701,0.01197297,-0.041641295,-0.073074766
-0.008936868,-0.07491098,-0.12032973,-0.13140574,-0.10816453,-0.07922859,-0.07749993,-0.11600716,-0.17127375,-0.20168658,-0.19005352,-0.14372134,-0.09477512,-0.07136876,-0.083271526,-0.11560462,-0.13046063,-0.10338528,-0.042391643,0.017859695,0.044563666,0.028627446,-0.009173514,-0.033545855
0.11030189,0.027416117,-0.02518211,-0.020318637,0.036602665,0.09950085,0.10912404,0.040603127,-0.060158473,-0.119079344,-0.11634797,-0.057343602,-0.0012941284,0.008316161,-0.038104493,-0.12030338,-0.17210576,-0.15200031,-0.07308457,0.009308535,0.03964942,0.006090393,-0.05632198,-0.0926306
0.03774615,0.08408128,0.084192365,0.028664643,-0.051665217,-0.10929422,-0.112622574,-0.07615424,-0.03600538,-0.038635872,-0.09085632,-0.16021857,-0.19931245,-0.18398485,-0.12463224,-0.06243254,-0.040869657,-0.06867064,-0.11507102,-0.13425271,-0.09739839,-0.02154417,0.052134793,0.081787646
-0.13599506,-0.078479044,-0.024906736,-0.019332752,-0.07948848,-0.1698813,-0.22917825,-0.21177617,-0.137431,-0.06982998,-0.047624007,-0.08991993,-0.15161516,-0.183022,-0.15414914,-0.0677251,0.020062242,0.05122943,0.014486369,-0.05091621,-0.08638353,-0.06138063,0.01236128,0.083028674
0.032863036,-0.017779918,-0.007992789,0.04278958,0.08524501,0.08316972,0.023170695,-0.06998329,-0.13721214,-0.1372623,-0.08802402,-0.041386347,-0.041584644,-0.09599731,-0.16560154,-0.21039572,-0.18853535,-0.11443475,-0.038004693,-0.012254276,-0.041757002,-0.09172207,-0.112357005,-0.07353982
0.10501814,0.061412536,-0.008137989,-0.048027176,-0.014254172,0.07660758,0.1669587,0.19422497,0.14769459,0.0770376,0.032283276,0.056526393,0.12599151,0.19210432,0.20337266,0.14239888,0.049011864,-0.0140717225,-0.006854591,0.055440836,0.113432296,0.1166063,0.05179194,-0.0412514
0.057959665,0.13540319,0.15493178,0.11549618,0.043826617,-0.0032401623,0.015149738,0.08278244,0.14717655,0.15353255,0.09567505,0.011980999,-0.041176297,-0.032408442,0.023476362,0.081302024,0.08936053,0.034239866,-0.048709672,-0.10024563,-0.08131199,-0.010401087,0.05910785,0.0795513
0.1342142,0.16126002,0.14097312,0.098090194,0.070696585,0.08608391,0.13989034,0.18665364,0.19293387,0.15255512,0.08574694,0.03973683,0.035923973,0.06861339,0.102366105,0.09944375,0.05025848,-0.018720625,-0.06510338,-0.06150286,-0.015537045,0.033202767,0.04690097,0.017892411
0.03173953,-0.0047539193,0.00895292,0.060557652,0.10995696,0.12296,0.08221244,0.010080703,-0.04416792,-0.041775454,0.0006002477,0.04381958,0.045067515,-0.0009225849,-0.06588994,-0.11310506,-0.10670084,-0.056650218,-0.0011314676,0.017735394,-0.013739007,-0.0667658,-0.09540029,-0.07399624
0.0004114702,0.010409647,0.05556831,0.09817277,0.09289251,0.038881343,-0.038882416,-0.09779578,-0.10711426,-0.073260926,-0.03655086,-0.039819565,-0.08867058,-0.15660565,-0.19657694,-0.18521337,-0.12735635,-0.06471093,-0.03895085,-0.06273012,-0.10664472,-0.12472568,-0.08860769,-0.013229462
0.020132396,0.09128842,0.15409899,0.182934,0.15948477,0.11333871,0.0876538,0.10871412,0.16044123,0.20000136,0.20009017,0.15081719,0.08379839,0.03524073,0.030056719,0.061913162,0.093122944,0.086657204,0.03377806,-0.037895974,-0.08181129,-0.07354128,-0.02497786,0.025870701
-0.1299844,-0.111078486,-0.09378762,-0.099892184,-0.13615002,-0.18780336,-0.22037646,-0.2080497,-0.16389918,-0.124468215,-0.10658791,-0.11938339,-0.13801692,-0.13953099,-0.11178579,-0.054342687,0.00038876035,0.025428172,0.01413076,-0.012316892,-0.024630813,-0.008553218,0.027512044,0.05821473
0.0495361,0.10907141,0.11284106,0.058132466,-0.026482351,-0.08704682,-0.08280706,-0.030693393,0.018933797,0.018257314,-0.040088892,-0.11888079,-0.16723287,-0.15211678,-0.08878957,-0.023566343,-0.0040373877,-0.043135744,-0.10509779,-0.13653374,-0.10118187,-0.018391611,0.060028654,0.08840302
0.03804321,-0.017900039,-0.041335497,-0.010118901,0.07089916,0.15252264,0.18693367,0.16135016,0.10388744,0.071781546,0.092112206,0.15501761,0.21095619,0.22093956,0.17308591,0.09221888,0.031564523,0.025386233,0.067778975,0.11194425,0.11072457,0.05207876,-0.03320904,-0.091502935
-0.06906106,-0.12695993,-0.123983935,-0.07614986,-0.02795785,-0.022417057,-0.07490044,-0.15081093,-0.20052354,-0.18657796,-0.120302625,-0.05590621,-0.035157114,-0.07064215,-0.12728888,-0.1598102,-0.13070343,-0.05236212,0.02609672,0.05212004,0.01682086,-0.0439651,-0.07929826,-0.058983095
-0.049558006,0.012793811,0.033225216,0.00732291,-0.04446025,-0.080665916,-0.06064408,0.009916258,0.08342702,0.10931899,0.08252571,0.029654026,-0.0024606974,0.013265766,0.06500552,0.12564522,0.14316602,0.10213489,0.03162165,-0.017937882,-0.017858466,0.026047897,0.07148833,0.07811416
-0.02373033,0.043744292,0.06620294,0.043530498,-0.0012783792,-0.025435787,0.003342561,0.07798901,0.15059394,0.1717428,0.14151753,0.086831436,0.054615885,0.06764615,0.1130691,0.16274072,0.16835341,0.12106081,0.047213975,-0.0061916,-0.011479905,0.02603603,0.066391066,0.0696917
0.018047383,0.03346106,0.008377968,-0.028390959,-0.039860483,-0.009336688,0.055476405,0.11892268,0.14270714,0.12124668,0.08215989,0.06383172,0.08377935,0.1320191,0.1709676,0.17413878,0.13287956,0.071852304,0.03010432,0.030396521,0.060930464,0.08738899,0.07652396,0.026693264
-0.10747995,-0.077473365,-0.050707113,-0.049158413,-0.08726338,-0.13873442,-0.16747451,-0.15085255,-0.1032522,-0.06000997,-0.041300748,-0.06111979,-0.09259563,-0.104350545,-0.085375436,-0.031885207,0.024461484,0.047929224,0.028432332,-0.010278996,-0.033923086,-0.022789853,0.016991766,0.05732512
0.07880312,0.018324064,-0.011890438,0.0055449926,0.06317197,0.12292301,0.13420434,0.08296037,0.008209575,-0.03076634,-0.0197662,0.031355176,0.07411001,0.075952515,0.029624203,-0.042810895,-0.086723134,-0.07535529,-0.01927581,0.037821684,0.04990315,0.0081292465,-0.051644262,-0.084144674
0.1939374,0.23546615,0.20896354,0.15064153,0.11206841,0.12895678,0.19537836,0.25479642,0.26291254,0.20978738,0.116721325,0.051503394,0.03931085,0.078479014,0.12421689,0.121979475,0.05717012,-0.03523778,-0.09990826,-0.097406544,-0.03608982,0.033822384,0.0595861,0.025574269
-0.12428719,-0.1841158,-0.16623485,-0.08570215,0.0043054773,0.042574126,0.0023047947,-0.06843124,-0.10978409,-0.07696251,0.018382102,0.11125424,0.14492758,0.10354194,0.025418365,-0.026928259,-0.007347938,0.06692767,0.14098068,0.15523319,0.08987463,-0.012606285,-0.08529454,-0.08720264
-0.13392235,-0.0843405,-0.035294153,-0.02500348,-0.070523255,-0.14529695,-0.19711354,-0.18236609,-0.115850635,-0.052970205,-0.028264573,-0.05918849,-0.11000815,-0.13784833,-0.116124794,-0.04283121,0.032443676,0.061492827,0.030929394,-0.026663056,-0.063534625,-0.049182586,0.009746458,0.06884041
-0.09371039,-0.042466845,0.0089936005,0.03453134,0.017328652,-0.02578195,-0.057621285,-0.036551688,0.022364536,0.078054585,0.104819976,0.083134316,0.03834501,0.0037524004,0.007596681,0.052239638,0.10200784,0.116008006,0.08117965,0.01826923,-0.031455323,-0.036993876,-0.0016924002,0.038764935
0.002186188,0.028978735,0.05381501,0.053956777,0.013878538,-0.04482159,-0.08913388,-0.101428755,-0.0845945,-0.06314198,-0.06335621,-0.094941415,-0.14012383,-0.16923329,-0.16293196,-0.12535363,-0.079545915,-0.055627428,-0.06409277,-0.0892321,-0.098518856,-0.0738484,-0.020859653,0.03405618
0.0155574605,-0.060189914,-0.10449254,-0.101874046,-0.058648206,-0.015324597,-0.015455801,-0.06915137,-0.1403405,-0.1755376,-0.15755977,-0.09977936,-0.04574302,-0.030825034,-0.059726555,-0.111977786,-0.13597341,-0.10606593,-0.035745144,0.030001791,0.05256546,0.022091648,-0.031005058,-0.06102246
-0.15285507,-0.11895582,-0.080907926,-0.073209,-0.11213771,-0.17881243,-0.22611922,-0.21494201,-0.15675828,-0.09858917,-0.0688889,-0.08652225,-0.1222386,-0.14151765,-0.12016692,-0.05190901,0.019830195,0.053967394,0.036298603,-0.008782939,-0.041725475,-0.032420382,0.014863697,0.064314604
0.040810235,0.059286583,0.036147576,-0.0019216156,-0.020152552,0.006085308,0.06919929,0.12841581,0.1495136,0.12557706,0.08079661,0.054990746,0.06860709,0.11417991,0.15143524,0.154658,0.114513874,0.053542543,0.009703765,0.0103346445,0.043682784,0.07406826,0.06968416,0.027370868
-0.04993201,-0.11380981,-0.15095222,-0.14098436,-0.08610035,-0.030221142,-0.013038759,-0.03753674,-0.08190628,-0.101249695,-0.07261462,-0.008053354,0.054455414,0.077522516,0.05553515,0.009806604,-0.017701056,-0.00026188657,0.05252272,0.10034719,0.10593543,0.06322528,-0.003512516,-0.052627854
0.11460964,0.14126572,0.11066584,0.051343583,0.0088053765,0.016647587,0.074350104,0.13039559,0.14348347,0.101901636,0.027411392,-0.02363183,-0.023984171,0.022782424,0.07375026,0.08507663,0.04039579,-0.031463686,-0.081440166,-0.07360037,-0.015440571,0.04817311,0.07019733,0.038559686
-0.04190763,0.036493227,0.049410112,-0.00017556424,-0.07871336,-0.12422082,-0.09267769,0.0027992637,0.094157755,0.117127106,0.07164773,-0.0038361633,-0.04373099,-0.014619932,0.061991457,0.14118317,0.16201258,0.10660429,0.015497121,-0.044089597,-0.030473832,0.038548637,0.103147246,0.11034812
0.027938556,0.05169884,0.016210712,-0.038085487,-0.059666593,-0.02349292,0.061115798,0.14547753,0.17879279,0.15004615,0.0929186,0.06402904,0.08815235,0.15339778,0.20995209,0.21964993,0.16637886,0.085005224,0.027361242,0.028064547,0.07110833,0.11285805,0.10567828,0.042244058
-0.050021604,-0.1284366,-0.17249933,-0.15707374,-0.082820304,-0.0034278461,0.026750484,-0.0010375569,-0.05640315,-0.08284299,-0.049235217,0.031573594,0.11094342,0.14150865,0.11036714,0.045693245,0.0023266063,0.015787,0.076652855,0.13616107,0.14318539,0.08504447,-0.0052637565,-0.071878225
-0.054326095,-0.017588971,0.070323154,0.15776187,0.18635127,0.14465678,0.06697809,0.023610268,0.046189975,0.11408219,0.18110801,0.18672833,0.12592983,0.03214846,-0.030621726,-0.02543427,0.033678982,0.09081571,0.093712986,0.028161755,-0.06519925,-0.122336514,-0.10445798,-0.030492987
0.11579429,0.039019037,0.0018976646,0.02392879,0.09354868,0.15920825,0.16551194,0.09240978,-0.0069228252,-0.05963538,-0.050186776,0.011247334,0.06181846,0.058465544,-0.0017704945,-0.091205895,-0.14659834,-0.12710652,-0.050515603,0.024362065,0.04005516,-0.006535097,-0.07406247,-0.10683217
-0.026317263,-0.067280084,-0.12004662,-0.15268146,-0.13904299,-0.090617254,-0.040578146,-0.023000753,-0.042804867,-0.07433215,-0.08797125,-0.05919245,-0.0010698485,0.056785427,0.07747593,0.058414962,0.0195663,-0.0032057234,0.0114175975,0.058504105,0.097907335,0.0987347,0.055983182,-0.0049144854
-0.12080975,-0.07281911,-0.017585738,0.015543341,0.010212994,-0.02178733,-0.043499228,-0.016793566,0.04758553,0.10626003,0.13873853,0.12578881,0.091721095,0.0637851,0.064573,0.10437804,0.14577873,0.15460376,0.11783381,0.05554513,0.0012838132,-0.015970586,0.004044941,0.032998376
-0.1377762,-0.110560454,-0.082396105,-0.079793245,-0.11614935,-0.17333853,-0.21270318,-0.20213054,-0.15162662,-0.10177098,-0.07697001,-0.09164663,-0.12004566,-0.13257837,-0.11054062,-0.04940527,0.014179179,0.044653796,0.029659398,-0.0075310497,-0.032992445,-0.02259305,0.0186546,0.059701633
-0.056488384,-0.108031325,-0.10013634,-0.048071858,0.0051174075,0.014424631,-0.034464892,-0.1057456,-0.15292786,-0.13887101,-0.075178474,-0.013100936,0.0041083964,-0.033556268,-0.09219082,-0.12856029,-0.10609302,-0.03673777,0.03414125,0.055670936,0.018660823,-0.043179005,-0.08061406,-0.063861206
-0.06257155,-0.12283241,-0.12932782,-0.08912517,-0.041170515,-0.026382495,-0.066693574,-0.1348851,-0.18576676,-0.17766668,-0.118064724,-0.053159498,-0.026571522,-0.0506562,-0.10127567,-0.13697614,-0.11600844,-0.047796167,0.025832742,0.056975175,0.03142768,-0.025329387,-0.065930896,-0.05718479
0.04489982,0.06737447,0.032807108,-0.020858975,-0.044682637,-0.012593247,0.06372101,0.13716273,0.16405988,0.134051,0.076049134,0.04507559,0.06450749,0.123760626,0.17650579,0.1850014,0.13544223,0.059705444,0.0061338553,0.009143014,0.0534302,0.09644607,0.094321735,0.03876098
0.050325226,-0.022350034,-0.0566152,-0.025540706,0.05879122,0.1430716,0.16745514,0.12052247,0.04233109,0.004740322,0.030009836,0.103196874,0.16400813,0.1714946,0.11549971,0.025867911,-0.02978502,-0.020831693,0.03985902,0.09892241,0.103143305,0.04043862,-0.04846286,-0.10380863
0.13533096,0.07890051,0.047885958,0.06355881,0.118261434,0.1762622,0.18906282,0.13461348,0.05107193,0.0003109784,-0.001419031,0.03993219,0.075811945,0.07122275,0.020669391,-0.059061866,-0.11250881,-0.105388544,-0.04953301,0.007902702,0.023408704,-0.010306922,-0.063225314,-0.09026092
-0.014671047,-0.077896856,-0.11896348,-0.111506656,-0.057541776,0.004745464,0.030108107,0.004197847,-0.047367714,-0.07335327,-0.05226123,0.009347841,0.069461085,0.092108205,0.06639092,0.013396044,-0.021495301,-0.0097522605,0.040901735,0.092188224,0.10032907,0.05914754,-0.0073456946,-0.056674253
0.04012896,-0.031709548,-0.06755896,-0.037645865,0.05297344,0.1456533,0.17919269,0.13987303,0.06621376,0.02701511,0.050464608,0.12692553,0.19635057,0.20933412,0.15591991,0.064915195,-0.0008861024,0.0015869174,0.060638294,0.12035906,0.12196888,0.056404416,-0.038863596,-0.10431627
-0.09842516,-0.06509338,-0.061789617,-0.09703759,-0.15219349,-0.19444562,-0.19249411,-0.14554663,-0.08697787,-0.061364405,-0.073714584,-0.10756216,-0.12360483,-0.10040714,-0.045708507,0.020209579,0.0555715,0.043938655,0.004652913,-0.022760296,-0.013424497,0.028048964,0.0711023,0.08270364
0.07935105,0.13675192,0.15774073,0.13980481,0.09954806,0.072823025,0.08948451,0.13413338,0.17365365,0.17345656,0.12952396,0.06901351,0.026883114,0.024727916,0.053538576,0.081635825,0.07603155,0.028220879,-0.034412842,-0.07332069,-0.062342327,-0.016355542,0.027121088,0.039780196
0.0058640656,-0.068103395,-0.1118969,-0.109464645,-0.065964974,-0.020169368,-0.012973212,-0.058866788,-0.12507775,-0.1594771,-0.14164782,-0.08338182,-0.026932187,-0.008014911,-0.035423156,-0.08692719,-0.114208624,-0.088060744,-0.020744044,0.043365065,0.06372917,0.031750165,-0.024071388,-0.05737812
0.01364463,0.025567537,-0.023019703,-0.09790462,-0.14146335,-0.12334689,-0.05304229,0.019844526,0.04756071,0.013780834,-0.049329266,-0.083021276,-0.05566511,0.020501668,0.09302519,0.11892669,0.080774434,0.011502886,-0.03450386,-0.017899975,0.046967346,0.10719427,0.11488738,0.060416147
-0.07185063,0.0023220517,0.025627198,-0.0013053855,-0.052754097,-0.081118524,-0.04798697,0.044370227,0.13722649,0.1696126,0.14344524,0.08637917,0.054954965,0.076831184,0.13652329,0.20129946,0.21658808,0.16555794,0.078721195,0.013089816,0.006897237,0.048954945,0.091166586,0.08942953
-0.048247144,-0.09750243,-0.07121433,0.013776813,0.09997166,0.12910767,0.07999031,-0.001558852,-0.053543102,-0.03126835,0.04821229,0.12509851,0.14134994,0.086479075,-0.0010817902,-0.061912823,-0.05127957,0.01865924,0.0895703,0.10286862,0.04171617,-0.0515755,-0.111276746,-0.09875498
0.16390651,0.15154335,0.12864651,0.11802177,0.13453186,0.17020112,0.2014269,0.19387949,0.15044223,0.10028435,0.060416784,0.054551233,0.065639146,0.075080805,0.063172154,0.016659753,-0.04083205,-0.07677893,-0.074051395,-0.04331922,-0.009564,0.0013927759,-0.016756006,-0.043763332
-0.11036573,-0.08020789,-0.05321478,-0.052304767,-0.08659341,-0.13870774,-0.1728064,-0.15983716,-0.11315442,-0.07014028,-0.052454393,-0.07040059,-0.0996141,-0.11260353,-0.09201404,-0.03704266,0.016592236,0.03943234,0.022471465,-0.013092429,-0.036428988,-0.024270264,0.016492527,0.05428933
-0.09196184,-0.12499513,-0.10887913,-0.056814745,-0.005109499,0.009180256,-0.022966158,-0.065995425,-0.08498917,-0.058388777,0.0040031862,0.058797956,0.074635245,0.045429565,-0.00083171617,-0.025664242,-0.004974787,0.045813028,0.08972369,0.09173679,0.047606107,-0.013636095,-0.05270314,-0.047386836
0.077017434,0.08337717,0.03890589,-0.03283253,-0.08531205,-0.08534926,-0.039305903,0.0021131036,0.007103147,-0.034546994,-0.10126187,-0.14222948,-0.13291025,-0.07691575,-0.01883392,0.0011006882,-0.027580893,-0.079604715,-0.10967411,-0.08518295,-0.015610918,0.051293097,0.07586539,0.050342426
-0.13471335,-0.08860526,-0.05085752,-0.05549136,-0.11060211,-0.18404661,-0.2257724,-0.20287184,-0.1351123,-0.079086676,-0.061801866,-0.09570473,-0.13996127,-0.15677243,-0.124019094,-0.045796823,0.027048785,0.052189246,0.021925485,-0.030525537,-0.05841802,-0.034719743,0.02684081,0.08128964
-0.078267775,-0.1370924,-0.13688119,-0.09272216,-0.048431218,-0.045228563,-0.09864324,-0.17509335,-0.2234531,-0.20798916,-0.14246604,-0.07816834,-0.056446187,-0.088585556,-0.1412274,-0.16909294,-0.13663638,-0.056925494,0.021218428,0.049199,0.016583716,-0.0412454,-0.07412153,-0.053562142
-0.047363617,-0.046129055,0.0056205313,0.066463955,0.08133261,0.036056567,-0.04621943,-0.10965537,-0.1171038,-0.07132446,-0.012269752,0.0036514748,-0.037043635,-0.10942812,-0.16055644,-0.15604691,-0.09324535,-0.020344587,0.0126806535,-0.015361926,-0.07375782,-0.113250054,-0.09544893,-0.026134565
-0.033905704,0.047522873,0.06700468,0.026298603,-0.040740505,-0.07953332,-0.050154958,0.042111237,0.1331839,0.1574737,0.11484166,0.04183303,0.0015070172,0.023672758,0.0931573,0.16501854,0.18005034,0.12280896,0.030595945,-0.033225004,-0.026578043,0.034466736,0.09368727,0.09844787
0.08306908,0.0126876,-0.07943951,-0.14656346,-0.1455539,-0.091594934,-0.03726318,-0.042108897,-0.10746204,-0.18503062,-0.23118666,-0.20690489,-0.13563119,-0.062151045,-0.03377764,-0.07111046,-0.13220748,-0.15878887,-0.117925525,-0.027951317,0.058793236,0.08925744,0.05141269,-0.015854124
0.022544356,-0.06180134,-0.11838664,-0.124550596,-0.08147219,-0.029333211,-0.0175699,-0.06826972,-0.14630665,-0.19111869,-0.17858976,-0.116655864,-0.05242624,-0.026647493,-0.052547242,-0.10992039,-0.14325736,-0.11725636,-0.041831203,0.03509501,0.065879025,0.03738694,-0.02178607,-0.06072129
-0.049157355,-0.0019797827,0.0067359316,-0.017134756,-0.051865377,-0.06692261,-0.038352318,0.026976861,0.0872073,0.1041656,0.08201278,0.045476846,0.031408746,0.053069737,0.09684158,0.14008223,0.14396946,0.10647195,0.050322335,0.012952421,0.012469064,0.042853,0.0690668,0.06107337
-0.022351062,-0.052986026,-0.022937538,0.056238487,0.13333496,0.16539592,0.13671498,0.080231674,0.04244016,0.06175867,0.12513705,0.18426383,0.19282714,0.14519817,0.06674937,0.00889631,0.0086564915,0.053924814,0.09929748,0.10071427,0.043926332,-0.03885077,-0.09418992,-0.08849561
0.062353604,0.12945713,0.14869185,0.12154145,0.07180972,0.043123946,0.06617971,0.12572451,0.17892674,0.18153752,0.13187337,0.063933596,0.021697922,0.02782272,0.06865447,0.10738136,0.10230278,0.0489143,-0.023479937,-0.06826013,-0.056674328,-0.0040419535,0.046007358,0.05657407
0.12965098,0.16254431,0.13380927,0.07510397,0.03561744,0.05078721,0.116511635,0.1786366,0.1939535,0.151008,0.07244736,0.018685006,0.016739212,0.06316577,0.1128883,0.12000442,0.06744041,-0.0135291,-0.07062465,-0.06603786,-0.010308152,0.051586557,0.07167378,0.035904642
0.020703768,0.061759237,0.07246587,0.046092734,-0.0014503634,-0.040359408,-0.04493804,-0.016571198,0.019006103,0.02620598,-0.0037463375,-0.051332295,-0.085264556,-0.08369278,-0.048259676,-0.006489187,0.009927105,-0.010768302,-0.050954346,-0.07760056,-0.064332634,-0.018608402,0.030676924,0.05245281
-0.13458143,-0.11671324,-0.065258995,-0.008811076,0.017829787,0.0027153266,-0.031008072,-0.034920584,6.990492e-05,0.05716722,0.115915194,0.13697626,0.11930656,0.08138194,0.0528173,0.0649558,0.1047502,0.13896905,0.13681561,0.09239444,0.026853668,-0.022167848,-0.030662283,-0.0059510493
0.11012354,0.070024215,0.00030416125,-0.041079268,-0.0064204386,0.08713203,0.18111077,0.21370447,0.17065558,0.09751381,0.04712918,0.06789516,0.13845393,0.20948298,0.22457477,0.1627131,0.062949896,-0.0075688753,-0.006690453,0.05437623,0.117336415,0.1237379,0.057510573,-0.04108919
-0.000796455,-0.06266909,-0.09925165,-0.10003195,-0.06743212,-0.038032293,-0.042071328,-0.084434114,-0.13999517,-0.16719615,-0.15204918,-0.10454878,-0.06022821,-0.04669915,-0.065598026,-0.1022341,-0.11899608,-0.093483075,-0.034408037,0.020352973,0.040163126,0.019210422,-0.020591974,-0.044358443
0.04878217,-0.0055226134,-0.03611427,-0.01627346,0.052728496,0.12907729,0.16183463,0.13601658,0.0764363,0.040214013,0.052456968,0.10841476,0.16255333,0.17632307,0.13555022,0.060649857,0.0029625748,-0.0018123592,0.04130961,0.08994414,0.09592474,0.04697662,-0.028254477,-0.08274514
0.15705654,0.111216046,0.04504112,0.0055226586,0.027992839,0.094759375,0.15685691,0.1551199,0.09067227,0.011977497,-0.041424524,-0.027589798,0.02664869,0.07703373,0.080835104,0.020800829,-0.0646502,-0.11089747,-0.08922182,-0.018533435,0.047336485,0.06356153,0.019696645,-0.04685062
0.03318954,-0.03993359,-0.09029526,-0.095304124,-0.05387397,-0.0047601066,0.0071402863,-0.03714087,-0.10721628,-0.14902635,-0.14128712,-0.087894335,-0.03151618,-0.009414226,-0.03172303,-0.08507897,-0.11889308,-0.10193941,-0.039360095,0.02757745,0.05750069,0.03465117,-0.01906216,-0.058175523
-0.04001218,-0.013323153,0.046459656,0.10269402,0.120212875,0.09075642,0.038116463,0.0110297045,0.028582465,0.07418269,0.1188237,0.12147079,0.08078118,0.01698984,-0.023438778,-0.017369738,0.022032294,0.061031412,0.064435385,0.01973651,-0.045461413,-0.08331315,-0.06845756,-0.017048048
-0.054959264,-0.017090878,-0.015438303,-0.05125497,-0.10050901,-0.13025202,-0.117067814,-0.065842114,-0.012663551,0.002262477,-0.020459736,-0.058661144,-0.07403154,-0.051086705,-0.00058698386,0.052749358,0.070714705,0.047024187,0.0034709808,-0.02307581,-0.012298333,0.028495787,0.0672722,0.07177645
-0.06964265,-0.019112676,-0.00515131,-0.027882941,-0.05853207,-0.06990717,-0.037475914,0.035926174,0.105645984,0.12687953,0.10712738,0.07129761,0.06014355,0.08518536,0.13308327,0.17903905,0.18047227,0.1348616,0.07175154,0.03034442,0.028848404,0.056460004,0.07786272,0.062661074
-0.013916894,-0.0030861576,0.050692197,0.103915915,0.10805176,0.055375934,-0.02720151,-0.08913508,-0.09600786,-0.055406235,-0.009926662,-0.007701859,-0.057434633,-0.13185562,-0.17835821,-0.16929623,-0.10999819,-0.04516924,-0.018896904,-0.047044985,-0.09975886,-0.12717909,-0.09622184,-0.020534953
-0.011673717,-0.053701542,-0.11174318,-0.1521075,-0.14088379,-0.0906923,-0.03611179,-0.013210525,-0.03412133,-0.07358786,-0.09383866,-0.06898652,-0.008208163,0.05384871,0.080551274,0.060441498,0.015945418,-0.0131396735,0.0006299348,0.04917457,0.096700795,0.104892164,0.062634654,-0.0032967734
-0.11998868,-0.12407997,-0.0904944,-0.052810054,-0.048565693,-0.08680648,-0.1475244,-0.18446666,-0.17454785,-0.12800173,-0.0729372,-0.05233317,-0.07008011,-0.108342044,-0.13218808,-0.11054471,-0.050317854,0.012357618,0.039811492,0.0210341,-0.023871096,-0.05559922,-0.044304617,0.0022246416
0.16712122,0.14064863,0.09554763,0.06580715,0.08013976,0.1309492,0.17899315,0.17503193,0.12260675,0.057602342,0.006906262,0.006453084,0.036786318,0.0684084,0.067432076,0.016536025,-0.054519493,-0.0984248,-0.08980774,-0.03874436,0.014275139,0.031271644,0.004253722,-0.04073284
0.033191234,0.09937439,0.10501643,0.043045405,-0.05612451,-0.13107689,-0.13238366,-0.07673645,-0.014836679,-0.009537037,-0.07144605,-0.1601259,-0.21425445,-0.19748797,-0.12234312,-0.040336158,-0.009163341,-0.04592591,-0.11537957,-0.15430392,-0.11624959,-0.021205941,0.07110554,0.10773581
-0.06570406,-0.11638476,-0.109749995,-0.06280641,-0.020100463,-0.01832083,-0.06749594,-0.13690579,-0.18014455,-0.16378094,-0.101326786,-0.043780312,-0.02864012,-0.06381887,-0.117128804,-0.14489079,-0.11449272,-0.04224051,0.026786089,0.047156353,0.012174742,-0.043983955,-0.07469288,-0.052761845
0.022659423,-0.016300477,-0.0070766574,0.037745163,0.08224747,0.09025635,0.045735344,-0.025270406,-0.078240044,-0.07722266,-0.035112854,0.007062594,0.010588587,-0.033468656,-0.091456175,-0.13273862,-0.12188801,-0.06839606,-0.009393999,0.009876769,-0.017828148,-0.06460166,-0.08901165,-0.067247055
0.100934274,0.061051007,-0.0041356897,-0.036225993,0.009562827,0.111021884,0.20861602,0.24251749,0.20103766,0.1321408,0.08876697,0.11627008,0.18941398,0.2567716,0.2651116,0.19765742,0.09467927,0.02306102,0.02306103,0.08009763,0.13345458,0.12932132,0.0541634,-0.049338035
-0.037353992,-0.020244893,0.039906632,0.1104477,0.14085318,0.11800294,0.061954785,0.023532001,0.029701022,0.0778536,0.13539572,0.15060176,0.11037575,0.037964437,-0.018097773,-0.025024619,0.017784316,0.067462966,0.0799983,0.035564035,-0.03801721,-0.08966344,-0.08601716,-0.033427358
0.044942815,0.09427421,0.10204795,0.0595397,-0.010831561,-0.063278325,-0.06641137,-0.031068271,0.008707189,0.010370413,-0.035014722,-0.10112727,-0.14487717,-0.13856773,-0.09019683,-0.036457546,-0.015828563,-0.043021634,-0.091930695,-0.11920523,-0.09287672,-0.027231313,0.040314358,0.07109145
0.102802604,0.066238336,-0.00041937563,-0.043714102,-0.0119599905,0.07842998,0.17081487,0.20516512,0.16776663,0.09744981,0.047469933,0.065518506,0.13452038,0.20356353,0.2216267,0.16519937,0.06822838,-0.0019205026,-0.00276766,0.054407123,0.11425944,0.122052655,0.060179174,-0.035331048
0.014339084,-0.06908893,-0.12528552,-0.13200916,-0.09285116,-0.045385487,-0.037930157,-0.0907538,-0.16734673,-0.20828055,-0.1939764,-0.13253215,-0.07122201,-0.046461195,-0.071310386,-0.12415505,-0.15108082,-0.12084008,-0.045259602,0.03086835,0.0606001,0.033175964,-0.021758575,-0.0560708
0.08854051,0.09405753,0.042294484,-0.040962238,-0.10290243,-0.11021762,-0.066226386,-0.023776123,-0.020551383,-0.069009595,-0.1452795,-0.19269407,-0.18327133,-0.122278646,-0.054236036,-0.028198598,-0.0570653,-0.1114393,-0.1410402,-0.111940295,-0.030502029,0.05067985,0.08364086,0.05810261
-0.1383233,-0.07004832,-0.0059553767,0.015290061,-0.019692427,-0.080969006,-0.113675945,-0.07600016,0.010992798,0.08169025,0.10600919,0.06975012,0.016190955,-0.012652884,0.0075004795,0.07762524,0.14047752,0.14850445,0.09364805,0.015663806,-0.035405293,-0.030370668,0.019377979,0.06711726
-0.018303363,-0.016200151,0.018657314,0.0524731,0.044961687,-0.0061333906,-0.0785974,-0.1334836,-0.14200607,-0.11166025,-0.07553619,-0.074449345,-0.11306337,-0.16996337,-0.20198604,-0.18802848,-0.13125817,-0.06715625,-0.03693491,-0.055030007,-0.09222381,-0.10693534,-0.074227214,-0.0055467673
-0.10338513,-0.102850825,-0.07050722,-0.03682547,-0.033861924,-0.07039224,-0.12281323,-0.1525967,-0.1402162,-0.09895537,-0.054873507,-0.04020424,-0.057443507,-0.08991064,-0.10852143,-0.08681887,-0.036848176,0.012973023,0.031705793,0.013753468,-0.02414415,-0.048119687,-0.036212333,0.0036126322
0.06628495,0.06601982,0.028212996,-0.027448235,-0.06622028,-0.07122119,-0.044639584,-0.020631008,-0.024384461,-0.059491154,-0.110484734,-0.13913643,-0.13194665,-0.09253827,-0.048409387,-0.03364453,-0.054097798,-0.088844925,-0.10401415,-0.08075914,-0.024206722,0.031316128,0.0526616,0.034663487
-0.018833416,0.056074847,0.12594505,0.15678008,0.124253824,0.062271982,0.02395497,0.04466025,0.10713375,0.15962511,0.16850649,0.11761141,0.04359894,-0.007988934,-0.009298617,0.03711313,0.08661114,0.09156667,0.038240183,-0.040949397,-0.0904591,-0.081068255,-0.023099516,0.04016664
0.046836406,-0.0059477673,-0.03420856,-0.008684914,0.068572745,0.15050745,0.18837021,0.16706842,0.11110571,0.07648974,0.09095215,0.14984582,0.20583388,0.21782304,0.17501734,0.09665579,0.034235157,0.02519996,0.064139135,0.106609404,0.107280605,0.054890256,-0.02637383,-0.08677191
0.0099976,0.01968811,-0.037337717,-0.12191824,-0.17226872,-0.1536977,-0.07862614,-0.0026659896,0.02473107,-0.01147725,-0.07875459,-0.112870105,-0.082441986,0.0012956089,0.08054662,0.11043073,0.07264597,0.0024224245,-0.043029454,-0.021150883,0.04946995,0.11519576,0.12564108,0.06921997
0.07110833,0.0739274,0.03337289,-0.028806305,-0.07050654,-0.06860198,-0.030216202,0.00262457,0.0031962497,-0.0356076,-0.093999065,-0.1269322,-0.11615496,-0.06794603,-0.018454965,-0.003911378,-0.03215407,-0.07698672,-0.09945577,-0.07496776,-0.013421846,0.044369247,0.06381121,0.03918821
-0.050641075,0.014722738,0.02249392,-0.029608235,-0.10825459,-0.1604454,-0.14230904,-0.06315105,0.016531777,0.036516815,-0.0055227773,-0.073351525,-0.10822141,-0.07902646,-0.0036582341,0.07639664,0.10188323,0.058777887,-0.015299905,-0.06042474,-0.040570498,0.029333873,0.09515438,0.10688721
0.08921181,0.024485767,-0.062067453,-0.12480885,-0.119585976,-0.06121386,-0.0012953111,-0.00023466509,-0.06156243,-0.13825026,-0.18460289,-0.16214408,-0.09254856,-0.0217998,0.00373942,-0.036738254,-0.10297824,-0.13595822,-0.10092362,-0.016792467,0.06447754,0.0911391,0.05040808,-0.019256772
0.057303738,0.026629876,0.03973698,0.08243281,0.12356771,0.13028923,0.09154009,0.025161743,-0.02697532,-0.032920603,-0.0039242124,0.02748285,0.025537826,-0.01822974,-0.07514563,-0.11843917,-0.118720315,-0.077833444,-0.027387379,-0.008753924,-0.03126835,-0.07045523,-0.09018827,-0.06801211
-0.010857618,-0.06350835,-0.13649958,-0.18299599,-0.16348268,-0.09561266,-0.025105173,0.0011141826,-0.028135547,-0.07669141,-0.10168466,-0.06647622,0.010151916,0.08742354,0.11612058,0.08635896,0.026557267,-0.010915216,0.006273143,0.069518015,0.12613162,0.13182232,0.075232364,-0.009628429
0.07981822,0.047936864,-0.0072066104,-0.038426552,-0.0065068547,0.07109641,0.14924087,0.17864454,0.14587921,0.0880758,0.04986661,0.06989368,0.1294165,0.18628988,0.1972258,0.14671703,0.06357764,0.006521907,0.008627662,0.05693808,0.10250559,0.10405992,0.047860995,-0.03398262
-0.07394973,-0.020526184,-0.007574346,-0.03282302,-0.07294744,-0.095110394,-0.06574038,0.009320176,0.08237813,0.106052354,0.08426737,0.044024322,0.027490044,0.052706074,0.10430412,0.15814717,0.16670635,0.1258554,0.061430316,0.01705849,0.015741255,0.05071023,0.08111028,0.07363762
0.0057152314,-0.063723974,-0.107330985,-0.109984465,-0.078624934,-0.046095464,-0.04709774,-0.095419556,-0.15879394,-0.19060288,-0.17661926,-0.12618797,-0.07649402,-0.059702113,-0.081460096,-0.12193548,-0.13952939,-0.108339794,-0.04255154,0.019451678,0.041722,0.019444773,-0.023007965,-0.046675336
-0.04173885,-0.093294665,-0.12520784,-0.1158185,-0.071842246,-0.025129944,-0.009465185,-0.02857575,-0.06546679,-0.0793362,-0.054026503,0.00010525727,0.04926953,0.06770425,0.0474009,0.008953932,-0.011200263,0.0058910595,0.049065802,0.08690849,0.088216275,0.050996672,-0.003475985,-0.041640174
0.10359829,0.048522726,-0.032059982,-0.09169668,-0.082855046,-0.016539505,0.05367293,0.062074114,0.005404513,-0.07130611,-0.12458911,-0.10692262,-0.039462656,0.03367752,0.057608075,0.013141772,-0.064415194,-0.112201564,-0.08990703,-0.007928925,0.07245714,0.0964559,0.05232966,-0.023592979
0.030245624,0.06900244,0.06492989,0.012938775,-0.06539266,-0.123659246,-0.12910523,-0.097353116,-0.06300191,-0.06523248,-0.11186462,-0.1746576,-0.21127163,-0.19589856,-0.1406843,-0.08132436,-0.055451106,-0.07464366,-0.11391851,-0.1303128,-0.09430089,-0.021519067,0.048358705,0.078981735
-0.043461774,-0.100450836,-0.13521774,-0.125187,-0.07034523,-0.009242392,0.015839893,-2.8216147e-05,-0.038108833,-0.054834377,-0.02718998,0.033726484,0.091892205,0.114274405,0.093508914,0.047204718,0.01846315,0.027511464,0.06959673,0.10919962,0.11211168,0.06903893,0.0018095372,-0.049815238
0.0016872366,-0.027572542,-0.008841259,0.047310803,0.11215305,0.14544846,0.12612529,0.07956432,0.042901397,0.048964232,0.09571664,0.14403072,0.156444,0.11879885,0.057321783,0.0052194195,-0.0037387135,0.028002448,0.070010185,0.077296674,0.036474597,-0.02845663,-0.07517156,-0.07572085
0.013649194,-0.0260631,-0.084760636,-0.12669182,-0.1140133,-0.05876753,-0.00052028254,0.02072445,-0.0037996948,-0.04873164,-0.07650356,-0.054981045,0.005213129,0.067696445,0.09292726,0.067626506,0.014353044,-0.021174733,-0.010032423,0.041544236,0.092433095,0.10201153,0.05971324,-0.008214689
-0.136907,-0.06443284,0.008181147,0.03723464,0.0017539496,-0.071124494,-0.12015295,-0.09262766,-0.0066945083,0.07061664,0.100428045,0.063141234,-0.0011879965,-0.04335683,-0.029666673,0.043461602,0.11600397,0.13471608,0.083877385,0.0008972204,-0.0585646,-0.05502196,0.0034651617,0.06525637
0.11089338,0.054340396,0.0233528,0.037807684,0.089980066,0.14133048,0.1490283,0.09727114,0.019786758,-0.025874795,-0.023605077,0.019068263,0.054618254,0.051532235,0.006611527,-0.065463886,-0.111736596,-0.101044804,-0.045320272,0.00885859,0.02448571,-0.006031581,-0.056177106,-0.08210129
-0.006994549,0.022965753,0.04815772,0.044217642,0.0035756088,-0.05311036,-0.09291487,-0.098182544,-0.0742138,-0.053414166,-0.058380976,-0.093000256,-0.1339601,-0.15592782,-0.14228798,-0.10098287,-0.060312115,-0.044528373,-0.059390675,-0.08484294,-0.08956939,-0.061599948,-0.009755735,0.038125508
-0.13744235,-0.061432607,0.01058924,0.03537083,-0.006663905,-0.083731085,-0.13143016,-0.0984593,-0.008331758,0.0706134,0.10004169,0.0581858,-0.00951523,-0.053893156,-0.03570743,0.04355653,0.12179039,0.14007425,0.08593429,-0.0028223977,-0.064200975,-0.055717718,0.008730145,0.073027
-0.053211424,0.022971023,0.04744214,0.012286591,-0.053802297,-0.100572184,-0.080736086,0.0034883705,0.092321135,0.12095209,0.0863165,0.018659852,-0.021995632,-0.003660685,0.061342888,0.13569033,0.15763278,0.10960925,0.026133008,-0.034031283,-0.0306863,0.025997903,0.0852456,0.09685524
-0.16019893,-0.16060375,-0.10839531,-0.053060256,-0.04447592,-0.09783917,-0.18236643,-0.2318345,-0.21372043,-0.1470375,-0.07150547,-0.045542046,-0.074429356,-0.13169503,-0.16499765,-0.13470191,-0.05305186,0.028710566,0.06067756,0.028547637,-0.03620922,-0.079333656,-0.062487397,0.002290911
0.15505514,0.18394154,0.13985068,0.064034194,0.020551866,0.045017235,0.123937495,0.19430275,0.2055647,0.14809227,0.054915,-0.0032908493,0.003333173,0.06337688,0.12555067,0.12997988,0.06480826,-0.030155422,-0.09071007,-0.07797968,-0.0040500383,0.07088523,0.08929536,0.03921802
-0.04368281,-0.111631185,-0.15227741,-0.14098817,-0.077334024,-0.005733822,0.024898645,0.0041149347,-0.04348042,-0.06719178,-0.038701095,0.031758536,0.10198627,0.1306142,0.10449551,0.04795929,0.009012328,0.0193322,0.07154295,0.12343538,0.12909535,0.07834672,-0.0008815495,-0.060500022
-0.07056241,-0.11501851,-0.11360317,-0.07940107,-0.046888225,-0.049083807,-0.09184424,-0.14729382,-0.18021645,-0.16661645,-0.11498176,-0.066488914,-0.050143853,-0.074509606,-0.11202278,-0.12950024,-0.101763204,-0.03945666,0.019637002,0.03751405,0.012223059,-0.029594924,-0.053425767,-0.037007917
0.16517618,0.1934077,0.15955514,0.09413033,0.046940453,0.058488466,0.12324273,0.17932676,0.18497695,0.13138701,0.042912744,-0.018117357,-0.022782529,0.026583,0.078134865,0.081893265,0.027282719,-0.05655088,-0.11271713,-0.10076926,-0.029226981,0.04313172,0.06717868,0.034133386
-0.15773638,-0.14525503,-0.08681049,-0.025822679,-0.0060246564,-0.041494742,-0.10483108,-0.1327089,-0.10192358,-0.034745622,0.036978092,0.06051692,0.03549962,-0.017187906,-0.051031914,-0.028154477,0.035720382,0.09716819,0.11169637,0.06841733,-0.004537284,-0.05594552,-0.051155567,-0.0029769144
0.16046353,0.11175783,0.03417838,-0.021705432,-0.011644745,0.056666777,0.12715577,0.13258629,0.06851436,-0.015758742,-0.077119075,-0.06824921,-0.011899647,0.05163478,0.06782512,0.012359516,-0.072166584,-0.12539417,-0.10793082,-0.031096103,0.050399747,0.07750584,0.03693349,-0.033873826
0.04298012,-0.030980503,-0.06241304,-0.025682295,0.07134631,0.16460073,0.19703336,0.15551674,0.07891449,0.0392687,0.06604387,0.145818,0.21520282,0.22444935,0.16518217,0.06921572,0.0006208205,0.0026141852,0.06423571,0.12437664,0.12356191,0.053590357,-0.046446253,-0.112436555
0.17114563,0.21436886,0.18226969,0.109944075,0.0574514,0.06904043,0.14440985,0.21973841,0.23965433,0.1855295,0.086863235,0.014649154,0.00682127,0.059207477,0.12125879,0.13207762,0.07026872,-0.027841652,-0.09894813,-0.09805337,-0.02831843,0.053078394,0.08380613,0.04591488
0.14155278,0.17332847,0.13849343,0.07258419,0.026567847,0.03760208,0.10077036,0.16222852,0.17536327,0.12823413,0.044892915,-0.013467801,-0.016693363,0.030750116,0.086200126,0.096278206,0.04673709,-0.033051245,-0.089787535,-0.0850473,-0.02225632,0.04895206,0.0749789,0.040510524
0.17712262,0.13012847,0.055049796,0.005051629,0.025262173,0.10114255,0.17485176,0.17911676,0.1126615,0.025352268,-0.037594274,-0.027042234,0.03161983,0.09057181,0.100901164,0.037558254,-0.056997646,-0.11424066,-0.09722925,-0.022158818,0.054053985,0.07653726,0.03066271,-0.04500365
0.09961067,0.0122958245,-0.043437213,-0.03904907,0.020717103,0.0883742,0.104572706,0.041647606,-0.05801407,-0.11855014,-0.11419302,-0.0515304,0.010610459,0.026597558,-0.017856622,-0.10226665,-0.15699829,-0.13992512,-0.061325286,0.022185031,0.055639256,0.020724898,-0.04903593,-0.092797846
-0.008323132,-0.07565825,-0.113959104,-0.100063086,-0.039455593,0.024398813,0.04692288,0.013110699,-0.04560992,-0.07392984,-0.05178024,0.014188891,0.07636609,0.09725304,0.063886724,0.0041823382,-0.035842847,-0.022448,0.0341073,0.09208871,0.09997328,0.053187598,-0.018351873,-0.06767721
-0.13460384,-0.05742127,0.015433717,0.042423215,0.0061407876,-0.06308211,-0.10537708,-0.067852125,0.024032656,0.10125336,0.13075975,0.0899036,0.02499903,-0.017820278,-0.0012334593,0.0723156,0.14397404,0.15804695,0.101504765,0.010226812,-0.05255466,-0.048404593,0.009885478,0.06877087
-0.089382105,-0.14236975,-0.14532445,-0.11029764,-0.07491587,-0.07417684,-0.11919976,-0.18178394,-0.22017649,-0.20391874,-0.14574882,-0.08797445,-0.066013664,-0.08753013,-0.12752154,-0.14595394,-0.11411294,-0.04506501,0.02161482,0.04768168,0.02248244,-0.025404869,-0.054339405,-0.03970083
-0.013574013,0.039592523,0.08658591,0.103875205,0.07971669,0.033892486,0.0014581364,0.012711087,0.055404957,0.09196363,0.096766755,0.060858116,0.00898053,-0.02872076,-0.026555689,0.009501315,0.045372956,0.0506232,0.016285917,-0.03669545,-0.07080827,-0.061179735,-0.015639126,0.029823838
0.07965726,0.039805345,-0.020949258,-0.05148495,-0.01258945,0.07713672,0.16202725,0.18944909,0.15119296,0.090616,0.05496211,0.08209996,0.14934917,0.21129836,0.21944006,0.16060963,0.07308425,0.014428267,0.018677287,0.07228504,0.12111245,0.11638981,0.04913209,-0.04147124
0.09923776,0.11716952,0.07098438,-0.006195173,-0.057318147,-0.04729971,0.014696926,0.07348143,0.08525015,0.038051113,-0.041535072,-0.09063423,-0.080825396,-0.018426493,0.046549264,0.064057946,0.019835414,-0.05288754,-0.0986114,-0.078904375,-0.005814659,0.06687642,0.08994056,0.05103094
-0.06754111,-0.1364883,-0.17655279,-0.16840006,-0.11180236,-0.047270663,-0.025285544,-0.05015819,-0.09408076,-0.11152211,-0.07899782,-0.00899985,0.059794646,0.0902965,0.06873027,0.020998165,-0.0062560197,0.011231488,0.06470197,0.11747762,0.125373,0.07585071,0.001804589,-0.05206714
0.16878843,0.20278011,0.18476683,0.13392027,0.09768335,0.10775333,0.15814735,0.20177345,0.2075859,0.16105852,0.08062359,0.021439837,0.0098648695,0.042084973,0.080953166,0.08059997,0.027229328,-0.05001814,-0.102839954,-0.0973073,-0.040657602,0.019756751,0.04457818,0.02104862
0.07709361,0.04351397,-0.014940226,-0.0511074,-0.025136968,0.048588052,0.124218725,0.15219842,0.11909056,0.06072186,0.020373134,0.038057666,0.09753426,0.15800928,0.17370063,0.12739803,0.048502382,-0.007278141,-0.005352638,0.04550047,0.09756635,0.10438357,0.051635183,-0.029177088
0.021864,0.049150433,0.014635866,-0.04285579,-0.06951984,-0.03494644,0.05349314,0.14540444,0.18506388,0.15676755,0.096242554,0.06245963,0.085769,0.15723525,0.21944578,0.23292282,0.17947008,0.09246792,0.02782108,0.026555235,0.07464389,0.120243445,0.11409804,0.04888751
-0.017986972,-0.11254267,-0.1668226,-0.15552838,-0.08185972,-0.0039067906,0.017608456,-0.03105254,-0.109235734,-0.14774019,-0.116422124,-0.03070164,0.05175047,0.07977104,0.042148765,-0.0312831,-0.07498179,-0.05110169,0.028503958,0.10577176,0.12342036,0.06800697,-0.021778336,-0.0831192
-0.037247542,0.038201787,0.05747333,0.018344946,-0.05118601,-0.09575855,-0.0733868,0.009417521,0.09390907,0.11838409,0.08042343,0.010882073,-0.029986303,-0.011805361,0.052291084,0.12418322,0.14531331,0.099852234,0.018812098,-0.039783683,-0.035993345,0.0220834,0.08374966,0.09769133
-0.07272234,-0.0025726794,0.010464294,-0.03105121,-0.096602716,-0.13505042,-0.10533383,-0.014013067,0.07679715,0.10460229,0.071046256,0.00892031,-0.021102468,0.007806349,0.07965553,0.15506622,0.17657335,0.12790863,0.044097196,-0.014367794,-0.007804347,0.04937878,0.1019488,0.10231954
0.041578766,0.09172053,0.096969195,0.05381897,-0.0145445,-0.06335318,-0.057006862,-0.01175889,0.030878395,0.029567776,-0.017829636,-0.083209515,-0.12170066,-0.11129064,-0.061264798,-0.00874351,0.0050831805,-0.026235128,-0.076291166,-0.10514939,-0.08116032,-0.015503142,0.048034105,0.072205365
-0.20935796,-0.19463472,-0.123827666,-0.047378395,-0.022313137,-0.0659308,-0.14192069,-0.17385185,-0.13362052,-0.046169095,0.04591341,0.07893015,0.04828115,-0.015207158,-0.05629992,-0.025727462,0.05624074,0.13254127,0.14897974,0.094619855,0.002086586,-0.06258721,-0.058138028,-0.000251737
0.1452369,0.17547473,0.13374034,0.058324374,0.008851002,0.024364088,0.09827963,0.16688219,0.17988797,0.12550694,0.031173406,-0.029570121,-0.026156653,0.036259145,0.100302726,0.110731356,0.050530035,-0.042285472,-0.10408996,-0.08921266,-0.012027261,0.066349424,0.08938672,0.04400027
0.13860677,0.11199759,0.062252734,0.02603401,0.03586474,0.08337232,0.13333271,0.1367434,0.09147075,0.029625136,-0.0214943,-0.021136332,0.014236354,0.05409711,0.06353306,0.02261296,-0.045010727,-0.09033091,-0.08424065,-0.03257535,0.02362822,0.04613788,0.020720206,-0.029827984
0.10150542,0.05467619,-0.02147729,-0.06512372,-0.024609182,0.07877882,0.18044202,0.21606758,0.17101112,0.09482754,0.04660718,0.07446198,0.15446351,0.23137955,0.24740364,0.18095538,0.07585675,0.0033720073,0.0076592485,0.07289108,0.13720492,0.13974379,0.06448984,-0.043691665
0.0038575982,0.043498512,0.07301466,0.06966439,0.024535172,-0.035933353,-0.076963745,-0.08002784,-0.05233846,-0.028119868,-0.034851108,-0.07579898,-0.12520629,-0.15456183,-0.14217034,-0.097381465,-0.05355723,-0.037466325,-0.057032242,-0.0899417,-0.1025975,-0.07345102,-0.01313634,0.041974768
-0.0022395954,-0.08673574,-0.13599066,-0.119535506,-0.038967364,0.04666136,0.07604285,0.035566818,-0.03931082,-0.07807476,-0.051142756,0.03190384,0.11184617,0.13788149,0.09678787,0.017724032,-0.03710312,-0.024637002,0.045680035,0.11779404,0.12968238,0.07059431,-0.02243774,-0.08991695
0.055313714,-0.02305584,-0.060243733,-0.023567654,0.08220969,0.1887791,0.22918269,0.1877999,0.10551789,0.05994394,0.08526181,0.17020635,0.24690089,0.25922567,0.19702327,0.09100222,0.012107946,0.009904118,0.07346565,0.1377088,0.13812582,0.06349895,-0.04587177,-0.12151892
0.050221473,0.01004934,0.009787052,0.037450332,0.06207879,0.05779892,0.009869442,-0.064545,-0.12315181,-0.13308865,-0.10701132,-0.07779773,-0.07785261,-0.114159405,-0.16132571,-0.1952347,-0.18262601,-0.12901857,-0.06835232,-0.03922564,-0.047860794,-0.075086266,-0.08435114,-0.05470386
-0.11463373,-0.14875531,-0.1361886,-0.09030911,-0.042540677,-0.027914442,-0.058193393,-0.09695494,-0.1106707,-0.08255501,-0.020044804,0.03561736,0.056550674,0.035389874,-0.003956372,-0.023187008,-0.0008316413,0.0507374,0.094779454,0.09907059,0.05775311,-0.002420145,-0.041357692,-0.0386032
-0.15139523,-0.15526858,-0.11566649,-0.070621945,-0.06922839,-0.11985786,-0.19473791,-0.23883052,-0.22363116,-0.16343684,-0.0960679,-0.07216808,-0.09688297,-0.14327343,-0.16929796,-0.13825104,-0.059220437,0.018531334,0.048288547,0.021661278,-0.032538217,-0.066985,-0.04966009,0.009141599
0.12983653,0.15247434,0.12603326,0.07663823,0.045007035,0.057230987,0.10787921,0.15135595,0.15536271,0.11291405,0.045175415,0.0005566301,-0.0009351779,0.034194455,0.07187069,0.072292045,0.025719041,-0.037773162,-0.07794231,-0.06976136,-0.020371327,0.032723773,0.050310366,0.023803873
-0.05471962,-0.054491937,-0.015179922,0.02748778,0.028744955,-0.01978831,-0.09297612,-0.14794709,-0.15273216,-0.113452084,-0.06682765,-0.055643067,-0.088744804,-0.14590469,-0.1820684,-0.16688697,-0.10789108,-0.039984245,-0.0072779073,-0.025405651,-0.07264019,-0.09860689,-0.07377561,-0.009233057
-0.1240298,-0.18617183,-0.17752598,-0.111217506,-0.03151841,0.004887653,-0.02963746,-0.094238855,-0.13429111,-0.109069094,-0.023528486,0.06393949,0.10347837,0.07426696,0.0080182105,-0.038612474,-0.02221876,0.047762353,0.12150209,0.14239812,0.08977022,-0.0015109964,-0.070284866,-0.076217875
0.04159108,0.09104399,0.09508858,0.048119817,-0.025546044,-0.07818814,-0.076394394,-0.0361318,0.0054517193,0.0050836196,-0.044901054,-0.112597264,-0.15338899,-0.14033768,-0.0869098,-0.030467104,-0.01252131,-0.04372332,-0.095244676,-0.119967334,-0.08888378,-0.018793978,0.04896478,0.07563578
-0.01826832,-0.06596288,-0.12482054,-0.16090453,-0.14428087,-0.090502165,-0.034503955,-0.014074413,-0.038359866,-0.078076825,-0.09316687,-0.06170575,0.003272406,0.06494308,0.0864557,0.06153866,0.015880492,-0.008702781,0.011101549,0.061789613,0.10568896,0.10747862,0.05894956,-0.007977755
0.096844345,0.105853274,0.06028094,-0.01085817,-0.060567547,-0.057454288,-0.007236265,0.036659785,0.03791884,-0.009376147,-0.081277564,-0.12377021,-0.11386007,-0.059212293,-0.0040287594,0.010696316,-0.026816105,-0.08247816,-0.111755036,-0.08603316,-0.01825924,0.04875758,0.07269479,0.04468795
0.17719074,0.16018112,0.12659116,0.10415027,0.12014707,0.16638412,0.21060504,0.20890789,0.16215542,0.10028191,0.049302623,0.042730372,0.06417837,0.087663375,0.08323299,0.032270003,-0.039537705,-0.08703314,-0.0851485,-0.043719463,0.0036962712,0.020119524,-0.0034535725,-0.04313045
-0.1862145,-0.175271,-0.12165168,-0.06118645,-0.032240868,-0.0537629,-0.09735152,-0.10555826,-0.06541359,0.0025838148,0.07615475,0.1073721,0.094644845,0.055401247,0.028067883,0.048983358,0.102432735,0.14982171,0.15576516,0.11014303,0.03754877,-0.01739322,-0.02793159,-0.00078000466
0.066549756,0.038499467,-0.014161983,-0.046655323,-0.016544854,0.06286467,0.14701192,0.18369307,0.16006777,0.10658622,0.06686562,0.08384842,0.14392345,0.20676512,0.22390267,0.17840073,0.09582034,0.029836405,0.020368643,0.064713165,0.11368516,0.1172127,0.05922887,-0.028401695
-0.09693433,-0.07072452,-0.077743374,-0.11898774,-0.17053597,-0.20311268,-0.19110662,-0.1397798,-0.08625378,-0.068983324,-0.084072165,-0.1125308,-0.11727413,-0.08591198,-0.029257113,0.031001253,0.056670427,0.042599197,0.009404502,-0.010201432,0.0028039278,0.04347584,0.079057015,0.08046922
0.10308235,0.11425712,0.06236874,-0.018314876,-0.06894587,-0.053713556,0.013757848,0.07271679,0.0792691,0.026240231,-0.05489369,-0.10160979,-0.0856098,-0.017077876,0.0484125,0.061505344,0.013190787,-0.061353687,-0.10361345,-0.07700752,0.0026360669,0.07499599,0.09249133,0.048230067
-0.0020959158,-0.044925615,-0.1081917,-0.15276818,-0.14347178,-0.09092837,-0.032109294,-0.008497279,-0.031600762,-0.075117774,-0.10084485,-0.07700481,-0.0144467205,0.052151673,0.08082351,0.059393793,0.010585082,-0.020734454,-0.0074795987,0.044741336,0.09665743,0.10823741,0.06640147,-0.0016313943
-0.13216051,-0.08493031,-0.04417634,-0.040993847,-0.08809114,-0.15629707,-0.19778399,-0.1765793,-0.11006334,-0.05133042,-0.031778518,-0.06267095,-0.10768201,-0.12628192,-0.09844511,-0.025559573,0.044900674,0.066725075,0.032234017,-0.021900818,-0.051563904,-0.033104256,0.022327345,0.07203538
-0.06486947,-0.028210893,-0.022107707,-0.050685007,-0.09462532,-0.12514462,-0.11562493,-0.066901915,-0.013249271,0.006183051,-0.010128789,-0.0441035,-0.060653273,-0.0415351,0.004783648,0.056826077,0.07767903,0.056463126,0.013614492,-0.015527777,-0.0089284945,0.027073773,0.062417477,0.06755843
0.09472594,0.02088268,-0.02231051,-0.01454069,0.043456815,0.10593527,0.11944912,0.061210524,-0.02549578,-0.07795172,-0.07444953,-0.019508617,0.034186695,0.04377415,0.001214645,-0.075578146,-0.12835665,-0.11666287,-0.049309082,0.02269611,0.04825998,0.014012276,-0.0485416,-0.08706122
