-0.12640356,-0.17434338,-0.17067014,-0.12432478,-0.06995732,-0.051393196,-0.07541731,-0.12567289,-0.14817923,-0.121483535,-0.052937217,0.01425459,0.0447729,0.028115515,-0.017668046,-0.04528242,-0.026299927,0.028931469,0.08660405,0.10005364,0.05773628,-0.00989756,-0.06162082,-0.06555716
0.03418765,0.043935455,0.08474604,0.12712663,0.14304897,0.114450976,0.061505154,0.024607558,0.008763519,0.03195274,0.060943097,0.06468169,0.02531209,-0.034911405,-0.07661926,-0.08118566,-0.047822166,-0.006016495,0.011959153,-0.0076487656,-0.04861475,-0.07368273,-0.060230847,-0.00707654
-0.047111984,-0.029894236,0.040527668,0.11259501,0.1271697,0.068173274,-0.024869628,-0.08953902,-0.08653589,-0.02426979,0.040848836,0.054070506,-0.008534291,-0.10000621,-0.15967974,-0.14475386,-0.06327999,0.019454673,0.04579002,0.0028373892,-0.07710654,-0.12264223,-0.09228168,-0.004582113
-0.019046051,-0.06462722,-0.09651484,-0.096487634,-0.0636702,-0.023326673,-0.005509486,-0.021922916,-0.05709254,-0.07704865,-0.06696958,-0.02788349,0.020470355,0.041615676,0.030051138,-0.003703551,-0.028896855,-0.025371322,0.01089335,0.049822904,0.061028313,0.035816807,-0.009827743,-0.046088763
0.06523793,0.03147984,0.05326474,0.12069651,0.19401114,0.21158977,0.16351707,0.09446155,0.0257788,0.025059817,0.06951869,0.11692034,0.118598275,0.058464766,-0.024477964,-0.08669915,-0.085300714,-0.030725798,0.029417336,0.044943642,0.0029287813,-0.07086453,-0.107445754,-0.08395962
-0.0066720867,-0.06078339,-0.13479368,-0.18430084,-0.17614715,-0.117074125,-0.05459979,-0.036143217,-0.06590524,-0.118349805,-0.14273874,-0.11389864,-0.032586984,0.03592595,0.063899264,0.04167684,-0.006605854,-0.04310416,-0.023794008,0.043829944,0.10102231,0.11086615,0.05995698,-0.015501121
0.0053473935,0.009873245,0.050202914,0.092532374,0.10086902,0.061216414,-0.00545155,-0.05408933,-0.07253689,-0.042621985,-0.012032036,-0.006002051,-0.04340904,-0.10364205,-0.14376259,-0.14274412,-0.09620864,-0.03653154,-0.007593633,-0.023559116,-0.064096116,-0.087485716,-0.06453846,-0.0027516917
-0.044273738,-0.0925535,-0.10164276,-0.07543151,-0.03915682,-0.034349587,-0.06672911,-0.11741812,-0.16337736,-0.16263747,-0.12200791,-0.072498515,-0.04432413,-0.060275953,-0.10079505,-0.12710066,-0.10863575,-0.051220354,0.0087609,0.04159886,0.027619207,-0.016083594,-0.045846872,-0.036700074
-0.22133787,-0.14765453,-0.0665658,-0.035000335,-0.08660478,-0.17309691,-0.2257305,-0.21803175,-0.09955971,0.0047412096,0.05255364,0.025203336,-0.06238408,-0.10174748,-0.079661556,0.009411943,0.10709293,0.14232498,0.091653585,-0.01295871,-0.088913985,-0.084369294,-0.012191378,0.05903605
-0.044095982,-0.020706868,0.06082806,0.14135201,0.16160253,0.10425182,0.01029808,-0.052121904,-0.046913937,0.019594388,0.08380273,0.095471255,0.02746148,-0.0688473,-0.13370185,-0.12624052,-0.051876366,0.029612442,0.054096814,0.0020183506,-0.08434977,-0.13394421,-0.10481067,-0.014743973
-0.0063219583,-0.056785636,-0.12512705,-0.16955505,-0.15969865,-0.10460906,-0.046476513,-0.02938859,-0.059782352,-0.10716616,-0.13004035,-0.10455389,-0.02851287,0.03721968,0.06271312,0.038302843,-0.010131255,-0.042504642,-0.02389389,0.038008194,0.09165785,0.09995367,0.051302634,-0.019017855
0.14824109,0.1789707,0.16769043,0.13649924,0.121363394,0.14611202,0.19806927,0.25032952,0.25380325,0.21406928,0.15153816,0.10287258,0.10085659,0.12729047,0.15214975,0.13919306,0.08001799,0.007207246,-0.044513904,-0.044980057,-0.005353299,0.03536609,0.04284649,0.012207564
-0.047971047,-0.028042031,0.026192535,0.08335296,0.10238565,0.07815711,0.03350787,0.0013072058,0.019812146,0.06953077,0.11715578,0.12542358,0.0839818,0.027172105,-0.0129691735,-0.0081229,0.03263544,0.069960825,0.07220611,0.030055061,-0.03415048,-0.07291945,-0.06439659,-0.021549484
0.10783876,0.035513405,-0.003539373,0.011732351,0.08560211,0.15000242,0.15385005,0.11016873,0.010378855,-0.045277357,-0.03903893,0.01928128,0.07849093,0.07866929,0.02680419,-0.057629135,-0.112583995,-0.09895618,-0.022469584,0.045113813,0.06373445,0.01723901,-0.053276595,-0.08813026
0.006319644,-0.041827988,-0.064821504,-0.041008443,0.020136854,0.07668983,0.09862867,0.07637265,0.029595004,0.007547738,0.028327748,0.076233886,0.12713848,0.13882495,0.10192949,0.041803703,-0.0005700057,0.0036242963,0.041186344,0.07791618,0.07696257,0.026172865,-0.038544286,-0.08103173
-0.124314085,-0.07656019,-0.031375963,-0.015982915,-0.04802974,-0.09694376,-0.11840898,-0.10556689,-0.029496895,0.027436957,0.053180806,0.03469977,-0.014051593,-0.03529622,-0.021219384,0.034190968,0.093643166,0.10581332,0.06264144,0.0034797676,-0.039289974,-0.0383192,0.0033868474,0.040724866
0.067935616,0.016418232,-0.054544937,-0.10710354,-0.109912254,-0.07679196,-0.046067182,-0.04371181,-0.10035429,-0.16339108,-0.2011173,-0.18799756,-0.12821928,-0.07545135,-0.052884713,-0.07533569,-0.116225466,-0.13100117,-0.0965628,-0.025866847,0.04367431,0.06988336,0.04714907,0.003733769
-0.03870798,0.024354646,0.04158728,0.009495003,-0.05404723,-0.089146316,-0.064605415,-0.005106091,0.07665246,0.10066113,0.07255412,0.013784839,-0.028605338,-0.009207864,0.04920816,0.11292799,0.127733,0.08308163,0.0064340015,-0.044540804,-0.037893187,0.017132381,0.06910109,0.07530849
-0.059981722,-0.12757157,-0.13020565,-0.08346328,-0.02698549,-0.022594187,-0.08215307,-0.1646024,-0.23399867,-0.22671315,-0.16575778,-0.09103829,-0.059777766,-0.09645176,-0.16080804,-0.20150882,-0.17200206,-0.08243696,0.013533194,0.053736936,0.023968415,-0.04328745,-0.083429724,-0.060960587
0.097915865,0.10473115,0.06297586,-0.00410814,-0.051840574,-0.050330035,-0.013215191,0.02950949,0.021407956,-0.02308688,-0.09163276,-0.13722998,-0.12326247,-0.07374484,-0.01952715,-0.0055601285,-0.040115338,-0.0881393,-0.11255488,-0.0861446,-0.01748597,0.053784363,0.07784151,0.055590264
-0.0041289646,-0.05624848,-0.1314313,-0.1859155,-0.18091749,-0.12315981,-0.05844659,-0.03467443,-0.06263666,-0.11808054,-0.14813662,-0.12250827,-0.042729348,0.03132999,0.06455202,0.042400744,-0.010094329,-0.04990849,-0.03284413,0.033004843,0.09556952,0.11063212,0.06312955,-0.012626776
0.042448122,0.016359013,-0.024776995,-0.043172963,-0.014678094,0.049668968,0.11534995,0.14198147,0.12182387,0.07882083,0.057112657,0.07384541,0.13052803,0.17381796,0.17854173,0.13851856,0.07633126,0.026730454,0.019820025,0.05870934,0.09088033,0.080362625,0.02691651,-0.041266527
0.03822047,0.10067108,0.117664896,0.08712724,0.032014865,-0.005784198,0.003147204,0.05152491,0.10854871,0.11491015,0.07559665,0.013729339,-0.038532566,-0.031064196,0.014983285,0.063553944,0.07365836,0.033334706,-0.033563305,-0.07958708,-0.065829836,-0.012089681,0.048715107,0.06744607
0.03672831,0.0916515,0.13554195,0.13804308,0.08789153,0.016180333,-0.039708283,-0.04520744,-0.012971612,0.02083014,0.014967824,-0.03535644,-0.11402446,-0.16204517,-0.15032977,-0.094605595,-0.03563468,-0.017210484,-0.043760102,-0.09363998,-0.1154037,-0.07826477,-0.0016282924,0.0705481
0.05402283,0.008548302,0.025356783,0.088055,0.15488324,0.1603486,0.09787864,0.01897972,-0.0632957,-0.06488479,-0.01679139,0.035106033,0.04282975,-0.018953921,-0.10362615,-0.16154785,-0.1493858,-0.073248856,0.0057664528,0.033901095,-0.0015511909,-0.06943231,-0.10325554,-0.0686764
0.035638567,0.055359866,0.016796779,-0.046733025,-0.08602199,-0.06067023,0.015121877,0.08599074,0.11936398,0.086325034,0.026766881,-0.013138789,0.009104023,0.074458584,0.13881707,0.15726769,0.11227202,0.029603953,-0.029556857,-0.020668162,0.03380135,0.09004596,0.0935151,0.039210036
-0.05847412,0.011536619,0.023148296,-0.02034962,-0.097319186,-0.1435186,-0.114337355,-0.045423888,0.049357906,0.077755086,0.04757789,-0.020873094,-0.06883128,-0.0378785,0.037159327,0.11592388,0.14037485,0.09182987,0.0002031467,-0.055937476,-0.043708045,0.020364536,0.08340988,0.091861136
-0.01158167,0.05632737,0.12321796,0.15379229,0.13138586,0.08342099,0.054158058,0.06724584,0.12699114,0.17633994,0.18454987,0.14327613,0.067779236,0.023273287,0.020601379,0.054718584,0.0911412,0.09139303,0.039923035,-0.034354385,-0.08168388,-0.07661291,-0.025477668,0.026898839
0.007778785,0.021509778,-0.024483327,-0.088237554,-0.1232925,-0.09076843,-0.007176104,0.064235814,0.10200996,0.0694134,0.016366683,-0.01377685,0.017809628,0.0900247,0.15659413,0.17631045,0.13111794,0.047853194,-0.010625557,0.0016765204,0.056317117,0.1045197,0.0992638,0.03331443
0.19589101,0.16399796,0.11083286,0.07560134,0.097510345,0.16126825,0.2143101,0.23141783,0.16142055,0.081667095,0.021153001,0.016907407,0.06804784,0.10381413,0.105585575,0.046212878,-0.039751597,-0.0945831,-0.08277357,-0.02026372,0.04334812,0.062213767,0.024027236,-0.031451736
0.03630224,0.05333939,0.012303106,-0.046026353,-0.074773,-0.04323747,0.037039958,0.108470775,0.14105006,0.104371265,0.052935507,0.022619065,0.046554074,0.109130815,0.1676953,0.18272774,0.1346683,0.05213035,-0.0065152785,0.002848508,0.055240884,0.09909188,0.09282998,0.032457493
0.12339488,0.06400044,0.028242182,0.03768995,0.09768242,0.15301378,0.15905009,0.124698035,0.034159835,-0.022608718,-0.026957165,0.01651821,0.06885967,0.06817803,0.022270087,-0.052028675,-0.102463156,-0.094997644,-0.034440745,0.02954382,0.052782007,0.017502984,-0.03923958,-0.06933775
-0.18861692,-0.1187945,-0.041764837,-0.007877223,-0.050666433,-0.12448768,-0.16601294,-0.1555712,-0.046919614,0.049460802,0.09697577,0.068109065,-0.011953194,-0.05024304,-0.035658136,0.042521656,0.12590602,0.15177819,0.098946586,0.0018114434,-0.07185908,-0.06916323,-0.010047328,0.05157423
0.16044922,0.14331228,0.102910616,0.07266173,0.083131224,0.12978788,0.1741616,0.19298205,0.14644587,0.086283736,0.036614805,0.02253346,0.054115854,0.085693724,0.093094096,0.05305734,-0.016137583,-0.066403456,-0.0670413,-0.026451817,0.024376715,0.047986764,0.025506316,-0.017841494
0.04753856,0.06798386,0.017498985,-0.05345572,-0.0890074,-0.043581247,0.058455124,0.14499307,0.1856323,0.14332607,0.07931711,0.038423356,0.06994886,0.14904661,0.2216922,0.23894799,0.17375304,0.06563615,-0.0059684822,0.004468885,0.066818625,0.12554772,0.11501554,0.034610067
-0.049727216,-0.019857403,0.058487184,0.13779926,0.17003192,0.14222503,0.08962449,0.055485472,0.078068525,0.13820757,0.19400394,0.20457028,0.15084642,0.0767436,0.018587386,0.0112504065,0.053296946,0.097944565,0.095185615,0.03829877,-0.04539493,-0.102190666,-0.094816186,-0.037855882
-0.044761945,0.059423614,0.16096188,0.20434304,0.16125762,0.080188446,0.025341092,0.040469617,0.14210084,0.22353192,0.2444756,0.18651545,0.06793709,-0.0068212613,-0.0076196413,0.06336619,0.1368887,0.14425671,0.07171999,-0.04458706,-0.12110454,-0.109435946,-0.025187673,0.057625994
-0.14044516,-0.070466846,-0.0012879765,0.023686688,-0.019975083,-0.08453231,-0.11409064,-0.096178025,0.00111151,0.08186907,0.11028542,0.07473612,0.00080921274,-0.03295745,-0.014004992,0.055120513,0.122835875,0.13429052,0.076598585,-0.00972528,-0.06959696,-0.06016794,-0.0030796414,0.05082308
-0.041625634,-0.09882764,-0.104386926,-0.06639769,-0.019994667,-0.01846111,-0.06865038,-0.13878866,-0.20008276,-0.19639699,-0.14547399,-0.085612625,-0.05871755,-0.08809475,-0.14295638,-0.17665543,-0.150113,-0.07346235,0.004868647,0.04167568,0.019682301,-0.036144793,-0.06789845,-0.04829078
0.105226696,0.037330758,-0.0045292024,0.0075212684,0.080466375,0.15060376,0.16951787,0.13989556,0.047804438,-0.017853457,-0.022126295,0.036120053,0.105796166,0.11496395,0.06410241,-0.023777403,-0.08750311,-0.08151453,-0.01806047,0.053841453,0.08201295,0.03202127,-0.040010247,-0.08679671
0.0023549343,-0.05027496,-0.039302263,0.018216304,0.08224734,0.089415275,0.026736815,-0.053717542,-0.12551178,-0.12078726,-0.064241655,-0.0008089274,0.011386761,-0.042071633,-0.11694527,-0.16495097,-0.14765115,-0.068819016,0.019726336,0.04538309,0.008710363,-0.05832568,-0.095226854,-0.067885615
0.042369604,0.007542466,0.022097483,0.074512795,0.13075696,0.1418215,0.10015054,0.04153909,-0.02096931,-0.020639695,0.017664183,0.057571035,0.064512,0.018734062,-0.04772504,-0.09745597,-0.09717201,-0.043673147,0.015169624,0.034226835,0.004518563,-0.050210092,-0.082434,-0.06154704
-0.03137349,-0.00088811404,0.06713102,0.13582951,0.16159244,0.13596442,0.08885197,0.060222536,0.08059799,0.13293225,0.17981425,0.18292345,0.1318349,0.06687346,0.017242732,0.013992015,0.046937022,0.08459859,0.08110589,0.027101962,-0.04323058,-0.08730733,-0.077346675,-0.029533468
0.08344651,0.045163,-0.01842888,-0.056227427,-0.022744017,0.06728834,0.15706919,0.19695194,0.16078137,0.09237929,0.049162585,0.06692571,0.14326312,0.21045646,0.22745912,0.17111799,0.071621664,-0.0023003558,-0.00192436,0.053067457,0.11149769,0.11417655,0.04448431,-0.051910512
-0.0633532,0.02026041,0.100677066,0.12592137,0.073733255,-0.008353473,-0.059471574,-0.047016785,0.039277367,0.11384141,0.1325146,0.08040703,-0.018371474,-0.07699099,-0.06530615,0.009395195,0.08541113,0.10082978,0.043716718,-0.04835263,-0.107807025,-0.084976174,-0.0071846372,0.07190239
0.06740348,0.026489401,-0.041007172,-0.0828001,-0.053313255,0.03243825,0.116491005,0.15237889,0.11847281,0.051567536,0.010892277,0.030909374,0.107664324,0.17762792,0.19805942,0.14824559,0.056733526,-0.012275341,-0.007330453,0.048007414,0.10773063,0.11291088,0.047784977,-0.047553405
-0.035975784,-0.081502914,-0.053837694,0.03179368,0.12961656,0.16979142,0.13843669,0.073338754,0.02273759,0.039975163,0.11310941,0.19012825,0.2112486,0.16103674,0.07014103,-0.0029606926,-0.0118205035,0.04410235,0.11104776,0.11838023,0.055787496,-0.047004152,-0.11860868,-0.11869002
-0.07672751,-0.043547336,-0.014256901,-0.01202729,-0.050133485,-0.10225957,-0.13263401,-0.13058959,-0.08324477,-0.04170222,-0.02644561,-0.048785537,-0.093121044,-0.11089695,-0.0934807,-0.04170497,0.011969883,0.031917542,0.009248299,-0.0308465,-0.05445227,-0.03692563,0.008824487,0.051121447
-0.06265197,-0.03564181,0.046066076,0.13632958,0.17895806,0.15211803,0.09002617,0.045456354,0.066229306,0.13449346,0.20580435,0.22525288,0.16763632,0.08448418,0.017653948,0.01013394,0.05611376,0.11044435,0.118318416,0.055014715,-0.039449647,-0.10681209,-0.105782546,-0.04830826
0.036629748,0.08827196,0.12985463,0.13270675,0.08744547,0.021935748,-0.024879068,-0.024860945,0.00445005,0.029583018,0.0176138,-0.029091416,-0.09662023,-0.13695301,-0.12909225,-0.08467571,-0.034939617,-0.017731316,-0.04736606,-0.08962725,-0.10486141,-0.07408516,-0.0026667167,0.06300811
