-0.12593338,-0.120854,-0.06548607,-0.010441244,-0.009715495,-0.0648002,-0.14795174,-0.19826737,-0.18990484,-0.12671754,-0.060013603,-0.04559466,-0.08124736,-0.14770718,-0.18725094,-0.15300016,-0.06828429,0.012483073,0.04290631,0.0031767911,-0.06694611,-0.10019972,-0.07536314,-0.004294229
0.051089164,0.023500556,-0.017319363,-0.041203365,-0.013707227,0.04589516,0.09764713,0.11163695,0.08622522,0.042073134,0.01705725,0.037400328,0.08518423,0.12815794,0.13187422,0.08865266,0.032171443,-0.00998063,-0.008756876,0.02876283,0.0660283,0.064761676,0.022264509,-0.037895393
-0.09870691,-0.14206511,-0.14449565,-0.101933576,-0.05233923,-0.030815298,-0.05316814,-0.09442153,-0.12638828,-0.11937273,-0.0679556,-0.011592475,0.013450772,-0.006755196,-0.055824764,-0.09400753,-0.096892305,-0.05495864,-0.0052066636,0.008344872,-0.029266953,-0.08932831,-0.14359301,-0.15374102
0.020174239,0.061069522,0.098923355,0.106754385,0.06522891,0.0029693407,-0.040209785,-0.043188635,-0.011477552,0.025226532,0.027311942,-0.0103731165,-0.06397577,-0.09880781,-0.08761303,-0.03633793,0.018367928,0.044969887,0.030126097,-0.0054705427,-0.021114621,0.003601129,0.065888666,0.13057704
-0.006486381,-0.004804581,-0.06324429,-0.15089247,-0.2028959,-0.1910377,-0.121959545,-0.05531942,-0.037289135,-0.082566425,-0.13911197,-0.17154782,-0.14336897,-0.060344614,0.024422012,0.05287324,0.018586963,-0.042829454,-0.08148907,-0.059096962,0.011212467,0.07930872,0.09052362,0.031646412
-0.08246984,-0.024513178,0.036910787,0.06295872,0.036836565,-0.0078015937,-0.036012355,-0.014428379,0.03847033,0.09165995,0.113881014,0.075965054,0.019733062,-0.022675281,-0.0211973,0.030393062,0.07521951,0.07985726,0.03374439,-0.041949555,-0.09953981,-0.09505637,-0.052711427,-0.011237256
-0.035984807,0.01571597,0.034514733,0.0075238696,-0.044219702,-0.07590202,-0.058915634,-0.0045023137,0.04778263,0.0635594,0.04488373,-0.008820768,-0.0408019,-0.030983608,0.015481556,0.069726266,0.088151604,0.057967447,-0.0035381897,-0.050889857,-0.052704766,-0.010638426,0.033556912,0.041226726
0.059347305,0.079793334,0.05347294,0.0027166533,-0.019487327,0.0057599596,0.070853435,0.13256022,0.15462069,0.1255022,0.07516112,0.043371286,0.0548479,0.10901439,0.16522075,0.17409386,0.12862341,0.06250722,0.012589114,0.014556055,0.060192965,0.10568666,0.11154874,0.06298836
0.13555467,0.07454968,0.035280738,0.054034915,0.11907804,0.17528307,0.1804687,0.12945268,0.06096831,0.019271454,0.009429699,0.06441398,0.10624276,0.11276789,0.068891525,-0.015983757,-0.07540317,-0.06538816,-0.004531682,0.06881927,0.09996798,0.060936723,0.0065495525,-0.019974854
0.12345959,0.20713395,0.24194403,0.21855432,0.16633865,0.13356651,0.15517667,0.21716164,0.27965635,0.29330146,0.2418127,0.16191334,0.10206165,0.09958481,0.1482386,0.2000722,0.19761895,0.13982546,0.059102423,0.0064402698,0.018310849,0.07955203,0.14592291,0.16770153
0.056870077,0.02426864,0.030421952,0.07407235,0.11354396,0.11670123,0.078329585,0.016845658,-0.022491418,-0.016136803,0.012921556,0.05405731,0.06072475,0.025936164,-0.02693875,-0.06680406,-0.0530535,0.0013333408,0.0595939,0.08745785,0.07549537,0.029994104,0.00819848,0.03898686
0.046281498,-0.008129446,-0.088029884,-0.13907614,-0.11599281,-0.047174186,0.021714728,0.037636016,-0.0030335009,-0.06939208,-0.1027159,-0.068947375,0.0069593475,0.08262575,0.10693393,0.06055128,-0.012096259,-0.05557113,-0.031943534,0.041667342,0.112146474,0.1238973,0.06692394,-0.015889663
0.09070098,0.049955398,-0.020113422,-0.07572194,-0.08001555,-0.0477918,-0.00959441,-0.0075937733,-0.04495857,-0.107335396,-0.15559526,-0.14527838,-0.09814936,-0.038241945,-0.008026051,-0.033864886,-0.08304296,-0.11398376,-0.088561684,-0.016831562,0.05959381,0.0922283,0.07462204,0.028343495
-0.0140084475,0.0055214847,0.06439817,0.13046512,0.15981077,0.1436026,0.09830063,0.068013325,0.07498475,0.121102236,0.16255303,0.16995311,0.13546735,0.071400344,0.018871678,0.012898958,0.04256695,0.078600645,0.082371615,0.042185273,-0.021011807,-0.065800205,-0.063273214,-0.017379917
0.166127,0.19645499,0.165536,0.10118418,0.06547755,0.08131683,0.14102685,0.19892304,0.21754515,0.1762395,0.09576199,0.04560952,0.04493706,0.097899035,0.15985125,0.17217585,0.122367285,0.043510795,-0.009178368,0.005565775,0.07733637,0.14834952,0.18028675,0.14778082
0.01074656,0.060721952,0.10843084,0.11701063,0.07353629,0.011480193,-0.03125653,-0.029753745,0.008444175,0.049514003,0.052576378,0.009044374,-0.046642106,-0.08487436,-0.07551525,-0.018225746,0.044383693,0.06429259,0.038821537,-0.008508044,-0.030960942,-0.0043474156,0.06260559,0.12873787
0.012717705,0.018809192,-0.0264905,-0.104364395,-0.15150706,-0.14462647,-0.088591546,-0.03439042,-0.01866814,-0.05781239,-0.112489216,-0.14633356,-0.12527782,-0.05674298,0.015947511,0.045072645,0.01833303,-0.04057037,-0.075039364,-0.05535586,0.006826841,0.07177691,0.087651916,0.04085489
0.032246772,-0.019557374,-0.10176175,-0.15639953,-0.13152252,-0.05281372,0.02839988,0.057974707,0.024167331,-0.042104658,-0.07458727,-0.039561357,0.040755093,0.12511432,0.15693815,0.11148297,0.032823686,-0.018060017,-0.005211027,0.06135458,0.13150345,0.14456457,0.08337965,-0.012255605
0.0489876,0.019500334,-0.022314169,-0.038983006,-0.0007561701,0.06620219,0.12524606,0.14185604,0.115306914,0.06855414,0.04452519,0.068878464,0.11578312,0.15585642,0.1526702,0.0970727,0.020536661,-0.029111963,-0.028577968,0.0104308175,0.041179392,0.028034283,-0.03099441,-0.10143403
0.08262663,0.03373079,-0.04614306,-0.11039177,-0.11501321,-0.07996895,-0.031905796,-0.027423058,-0.06462464,-0.12752058,-0.16891378,-0.14892973,-0.08831743,-0.01819704,0.019019848,-0.0022628873,-0.047402382,-0.07433229,-0.039596487,0.041436218,0.12652302,0.16002363,0.13156562,0.078239694
0.00039933305,-0.038527645,-0.0066780257,0.085402295,0.17345604,0.2042424,0.16011982,0.08452209,0.03743957,0.061352152,0.12538798,0.19444133,0.20475471,0.14078563,0.040613707,-0.032878675,-0.032420173,0.028521702,0.090448774,0.09931837,0.038542762,-0.059295416,-0.11932701,-0.09772371
0.022573948,0.03316748,-0.00892865,-0.08020454,-0.12682648,-0.12154136,-0.06389654,-0.006396367,0.013303767,-0.020668713,-0.07095915,-0.10516302,-0.08811831,-0.024560204,0.04446204,0.07117211,0.046872307,-0.0069091986,-0.044456292,-0.029937439,0.029876063,0.089779064,0.10642543,0.06716114
0.033883166,-0.047366623,-0.108496,-0.10977086,-0.058776345,-0.007231901,-0.00026386615,-0.05161855,-0.12328436,-0.16986206,-0.16039567,-0.08974068,-0.021649523,0.0029080366,-0.031462,-0.09988033,-0.13579464,-0.11233075,-0.032336306,0.051105876,0.08743148,0.05213985,-0.014284985,-0.050930716
0.09145076,0.05949651,0.0819408,0.15223488,0.21781702,0.23217231,0.1817363,0.10442192,0.057539646,0.07047439,0.10663324,0.15818153,0.15721278,0.09902676,0.017121794,-0.042810142,-0.03798899,0.019255934,0.08095472,0.10360601,0.07335312,0.006538501,-0.0241736,0.012527789
0.21310559,0.2548056,0.21472362,0.13497554,0.08602321,0.10762218,0.1912491,0.26936182,0.29069132,0.22712547,0.1140878,0.04052824,0.03286034,0.09927401,0.17336185,0.17238303,0.09469908,-0.015487167,-0.092475615,-0.07548601,0.013910151,0.09583191,0.13185446,0.086801834
0.045842405,-0.018826451,-0.11417124,-0.17373021,-0.14868343,-0.06807277,0.010230196,0.028484493,-0.020315267,-0.10096189,-0.14126825,-0.10213725,-0.015773645,0.07211598,0.099162236,0.041653562,-0.044579864,-0.094699465,-0.06852343,0.015938101,0.09679319,0.109220095,0.04398135,-0.053404488
-0.12668855,-0.0657544,0.0008314921,0.019748658,-0.02583374,-0.09138476,-0.13139796,-0.10862967,-0.045240182,0.019644931,0.049203247,0.005148242,-0.05878461,-0.10024184,-0.08353281,-0.008595705,0.0646477,0.088244796,0.038950402,-0.047118887,-0.10832807,-0.09570235,-0.035823032,0.01769258
0.07784145,0.09788758,0.056658495,-0.009155461,-0.04040037,-0.011660797,0.06443739,0.13468468,0.15344733,0.10884319,0.040816925,0.00038018596,0.015640348,0.08217668,0.14660503,0.15225194,0.092406645,0.009076368,-0.04545679,-0.03328804,0.029539693,0.08848154,0.09827933,0.042647846
0.028087191,-0.039269365,-0.08927868,-0.08831156,-0.04146986,0.0027407086,0.008906161,-0.03279891,-0.09028045,-0.12365218,-0.11128051,-0.04886803,0.009691296,0.031575814,0.0066157184,-0.045406792,-0.076623835,-0.05562024,0.014926497,0.084577605,0.11397696,0.086574964,0.029513856,-0.0028007375
0.081085734,0.045906555,-0.013156031,-0.057447635,-0.056730602,-0.02633131,0.008646064,0.011507282,-0.018362869,-0.06615234,-0.10163249,-0.08754823,-0.045732856,0.0041693076,0.028527414,0.006623625,-0.034077108,-0.05717409,-0.033934783,0.026541077,0.090908594,0.11604152,0.09849752,0.060218595
0.09047499,0.04433178,-0.029685361,-0.07227244,-0.038453266,0.045172956,0.12566735,0.14549084,0.10130917,0.023601048,-0.022726147,0.00401811,0.07590844,0.14419623,0.15138434,0.080932446,-0.013653695,-0.07957346,-0.07051868,-0.00051134673,0.06682485,0.0676734,0.0012885344,-0.087776065
0.02853393,-0.010224791,0.017655943,0.098396786,0.17203134,0.18530644,0.12430965,0.038329795,-0.010863062,0.010735555,0.067348056,0.13048598,0.13605824,0.07109508,-0.021252405,-0.07771379,-0.06228924,0.0062639723,0.078900345,0.09660913,0.04843513,-0.03044652,-0.07187546,-0.03574691
0.07866221,0.055532433,0.009346067,-0.018578738,0.006399547,0.0676106,0.12962651,0.15123923,0.12784074,0.07564382,0.040777095,0.055275932,0.100280724,0.1479851,0.15734097,0.109660864,0.037674434,-0.015669024,-0.017267091,0.023946576,0.06840853,0.07063547,0.023607893,-0.04298018
0.08018618,0.036695957,-0.028995637,-0.07689858,-0.075817674,-0.041234203,-0.00839124,-0.01195746,-0.050395995,-0.10471168,-0.14138779,-0.12243561,-0.07296215,-0.01992785,0.00043541112,-0.026877204,-0.063736215,-0.08386874,-0.054921646,0.012781104,0.08284133,0.10787527,0.090669364,0.052186508
-0.095493786,-0.05283785,-0.012982815,-0.0151175335,-0.072290756,-0.14312498,-0.1843449,-0.172399,-0.12591414,-0.077518396,-0.05984845,-0.10025753,-0.14881085,-0.17417653,-0.14791551,-0.071850576,0.004448737,0.034581393,0.008195918,-0.04539522,-0.074271575,-0.044534024,0.02198615,0.0803468
-0.022336226,0.019422773,0.024209356,-0.016005417,-0.0767304,-0.115489274,-0.10332613,-0.05384305,-0.006363749,0.004952039,-0.02034293,-0.07158136,-0.101563714,-0.079252236,-0.014457721,0.04808838,0.06833589,0.049181234,0.0009940482,-0.030983914,-0.015558021,0.04073329,0.09393381,0.10148087
-0.1400516,-0.08599521,-0.03152496,-0.03249458,-0.10096768,-0.18760931,-0.24079198,-0.22424246,-0.1624417,-0.09789778,-0.069310896,-0.11675087,-0.17586432,-0.20986421,-0.17942585,-0.08054562,0.020062305,0.058842145,0.021018092,-0.053522166,-0.09732138,-0.06353437,0.016979108,0.08661433
0.009076802,-0.07718173,-0.13500923,-0.13253765,-0.08092667,-0.03681507,-0.043060437,-0.1029285,-0.17536987,-0.21088141,-0.19063032,-0.11387503,-0.045811623,-0.024424512,-0.057322763,-0.11557978,-0.13749418,-0.09778685,-0.008265546,0.07494264,0.10625692,0.07159286,0.011530039,-0.01679957
0.024322905,0.07485046,0.123381354,0.14216861,0.117144376,0.07764604,0.055723265,0.06683544,0.10351141,0.13974224,0.14111859,0.10234305,0.051644467,0.017007187,0.01978643,0.05375308,0.08936944,0.09462386,0.060796823,0.011610824,-0.01554348,-0.0047128983,0.0411515,0.088467285
-0.05751191,-0.008881174,-0.013902164,-0.0811246,-0.16974236,-0.22089796,-0.19636863,-0.12739423,-0.06726249,-0.060827818,-0.09749234,-0.16595256,-0.19544971,-0.15688708,-0.06832213,0.016453406,0.043387126,0.009351851,-0.05347227,-0.087162435,-0.058949947,0.019861035,0.0853839,0.08865196
-0.04105691,-0.099458195,-0.13630964,-0.12723656,-0.075711444,-0.022853395,-0.004444004,-0.029579908,-0.07478195,-0.10079036,-0.07916983,-0.020371359,0.03646271,0.056703426,0.028391615,-0.026155524,-0.061912507,-0.05284574,-0.00537125,0.040496722,0.04642616,0.0047584535,-0.063718915,-0.11038205
0.015438591,-0.03222158,-0.103546575,-0.14867614,-0.1302381,-0.069201045,-0.0021040575,0.017480081,-0.016519114,-0.07565685,-0.10468396,-0.07749956,-0.010783966,0.05867981,0.0820653,0.038788356,-0.030830955,-0.073535465,-0.05646995,0.0064209164,0.06499863,0.07183283,0.016774414,-0.06121353
0.11506995,0.0667352,-0.016495736,-0.07821549,-0.070862874,-0.014440506,0.04578161,0.056833934,0.01196465,-0.067142576,-0.1267513,-0.11111346,-0.049720272,0.025576433,0.057229105,0.010888791,-0.06413364,-0.111965835,-0.09276987,-0.011177393,0.077153526,0.10609342,0.072270475,0.0018651512
-0.051807072,-0.114316456,-0.10584938,-0.03667634,0.031378165,0.044275306,-0.016163265,-0.10494265,-0.16183661,-0.14438748,-0.075149454,0.003586092,0.027129414,-0.020886807,-0.10285833,-0.15687335,-0.13185044,-0.043994833,0.04279461,0.07198319,0.028049389,-0.054969005,-0.10604608,-0.08140719
0.077983394,0.055069465,0.06883392,0.11404942,0.14849885,0.14411217,0.09459151,0.03213125,-0.0035631023,0.006740454,0.028027251,0.05879113,0.052414324,0.01095825,-0.039974555,-0.07238402,-0.05579072,-0.0031947359,0.048019428,0.06895005,0.055909712,0.020641072,0.017503774,0.059040386
0.021546816,-0.05294315,-0.09862211,-0.076177716,0.0045053656,0.08118342,0.10502356,0.06584029,0.0018575867,-0.03485281,-0.013213594,0.06725348,0.13469097,0.15207583,0.10464102,0.017285625,-0.04445122,-0.03370723,0.031377148,0.09675281,0.108169705,0.047130756,-0.04616785,-0.10375978
0.03479333,0.05218312,0.02974315,-0.006239768,-0.012452074,0.022733,0.08620523,0.14248239,0.15868129,0.1266348,0.083848596,0.05987075,0.0725218,0.11671506,0.15374622,0.14700054,0.0860962,0.013142165,-0.032638926,-0.033464886,-0.0050885547,0.02254274,0.008713925,-0.049187496
0.08705607,0.061004113,0.010186971,-0.021740133,0.0035499996,0.066362,0.13110603,0.15313163,0.1272715,0.07223264,0.034452092,0.049500216,0.0989356,0.15079418,0.1622843,0.11433052,0.03982365,-0.015268886,-0.015397567,0.031674597,0.082522206,0.0878432,0.04044949,-0.027877267
-0.009171482,0.053950816,0.110679634,0.11634352,0.051024083,-0.039123077,-0.098345555,-0.09362223,-0.040378522,0.016488142,0.023434147,-0.034074638,-0.107482396,-0.15179548,-0.12778845,-0.04157733,0.045296576,0.0795677,0.050098635,-0.010493687,-0.036865164,0.005072407,0.09815961,0.18640278
0.018863358,0.036968406,0.0787088,0.11907008,0.1226482,0.09016499,0.04026464,0.010366059,0.017040098,0.055867974,0.081356205,0.07890114,0.044338144,-0.004323926,-0.03178028,-0.017041992,0.025638675,0.06616758,0.07815454,0.05337232,0.019741572,0.0069387387,0.035690997,0.09263655
-0.10818981,-0.043962833,0.021806745,0.03237635,-0.03189076,-0.12227396,-0.18038672,-0.16563569,-0.10065847,-0.029663745,-0.0049682423,-0.05920502,-0.13308875,-0.17784819,-0.15083484,-0.054366395,0.03825905,0.074438445,0.0340503,-0.045892775,-0.096130036,-0.06371228,0.022225352,0.09999188
0.03762398,-0.009326356,-0.039480686,-0.02418637,0.028906425,0.08068251,0.09484958,0.066499,0.020099321,-0.012580785,-0.008523293,0.03890201,0.0787014,0.087989636,0.05304281,-0.012561514,-0.061945204,-0.06197046,-0.021529213,0.02338112,0.032855622,-0.006843191,-0.06671985,-0.105383515
0.09935538,0.11253638,0.06963589,0.0012669406,-0.044892155,-0.04405612,0.001073122,0.04773346,0.059009124,0.0189688,-0.047925476,-0.08903193,-0.08352805,-0.026679533,0.039373063,0.059508204,0.027155396,-0.025624067,-0.05847365,-0.034537695,0.036955394,0.105849996,0.13873921,0.11322008
0.17803128,0.14112084,0.06873177,0.019001015,0.03398992,0.09345586,0.15131877,0.15801913,0.11039042,0.025331918,-0.047277585,-0.041191235,0.005881177,0.063968346,0.07653778,0.013116711,-0.07734083,-0.1399211,-0.12973118,-0.05161716,0.032078315,0.05391055,0.020435447,-0.042800665
-0.027452208,-0.009066144,0.06384765,0.1403075,0.15341018,0.101559564,0.013974733,-0.044904683,-0.039162826,0.027115487,0.08678779,0.09556518,0.04444373,-0.042540293,-0.10219527,-0.08767633,-0.0070286933,0.07522576,0.10044196,0.055371698,-0.017309489,-0.06208248,-0.03150148,0.05896418
-0.087081246,-0.09391538,-0.06886752,-0.037099835,-0.03274937,-0.060920622,-0.107972436,-0.14005415,-0.14044055,-0.107079536,-0.06324432,-0.046041362,-0.05931377,-0.095779285,-0.12279211,-0.109228015,-0.061054245,-0.00805695,0.015108553,-0.0021128636,-0.041881118,-0.06849935,-0.06305161,-0.02597142
-0.028190302,-0.09001408,-0.137295,-0.13667588,-0.09072933,-0.038488667,-0.018228581,-0.041393485,-0.08837697,-0.119671345,-0.103028394,-0.043938313,0.016238222,0.045171916,0.025998998,-0.025984425,-0.06278712,-0.051772267,-0.0002921335,0.052914415,0.07095829,0.03835557,-0.02551505,-0.073186725
-0.06943607,-0.0076850727,0.011571524,-0.026724879,-0.08953488,-0.12382475,-0.09709762,-0.025071248,0.03992937,0.057815563,0.032087225,-0.034291178,-0.0706926,-0.051377997,0.012520248,0.08184113,0.09366701,0.04543474,-0.031240473,-0.08755795,-0.09034611,-0.033984255,0.016743131,0.0143112885
-0.13357612,-0.11880202,-0.065521635,-0.010733326,-0.0033844418,-0.03722285,-0.09486931,-0.11936679,-0.10110043,-0.04430628,0.016132645,0.026517287,-0.0070962436,-0.062210962,-0.09529595,-0.07177924,-0.013370985,0.043038633,0.049883414,-0.0034305535,-0.077020295,-0.11271911,-0.09952021,-0.053435095
0.11366588,0.031284135,-0.016865209,0.008345669,0.0928708,0.1645892,0.17137471,0.10707732,0.023901608,-0.02166883,-0.014967859,0.06554693,0.1286206,0.13623643,0.07639706,-0.024210721,-0.08496371,-0.06404147,0.017024333,0.103948064,0.13223764,0.073740415,-0.007002367,-0.044566944
-0.14752701,-0.14288779,-0.092422865,-0.036615852,-0.023127984,-0.0563171,-0.114318036,-0.14581133,-0.1342094,-0.07791765,-0.01224163,0.0054940386,-0.020207494,-0.07517711,-0.11313396,-0.09338935,-0.035872877,0.025200162,0.040852673,-0.0032587938,-0.07745121,-0.12085012,-0.11840995,-0.07522982
-0.03944658,0.013521693,0.017802283,-0.040054973,-0.122558236,-0.17504148,-0.16036694,-0.09805576,-0.03873293,-0.026433226,-0.059641313,-0.12786704,-0.16083844,-0.132649,-0.053605832,0.03195522,0.06480093,0.03442093,-0.027285926,-0.06541248,-0.04288537,0.03419219,0.10465375,0.11766837
0.05738912,0.018581677,0.0007192393,0.030358942,0.09269078,0.15010297,0.17089246,0.14652562,0.10431735,0.08072001,0.08955439,0.13597909,0.1714636,0.17151675,0.12576425,0.050305665,5.8110352e-05,-0.00011052013,0.030776115,0.06603963,0.06748899,0.015250683,-0.047336623,-0.07906373
0.08115369,0.047140554,-0.009243378,-0.05296519,-0.056032836,-0.03126059,-0.0007845247,-0.0010725921,-0.031319525,-0.07986911,-0.115557544,-0.10448191,-0.065278396,-0.01799629,0.005388003,-0.015544136,-0.050306525,-0.069258705,-0.0456938,0.013388487,0.076427914,0.10052494,0.08527197,0.051356234
0.15067138,0.17594853,0.14539348,0.09088549,0.06002335,0.075400375,0.13136543,0.18228173,0.19451363,0.15064089,0.074598946,0.0279688,0.025459684,0.07298678,0.12560253,0.12558416,0.070200875,-0.002490784,-0.04829519,-0.03183201,0.031872615,0.0892192,0.1115868,0.079220995
0.099555574,0.10363709,0.046326466,-0.041740194,-0.10425028,-0.11296132,-0.06745975,-0.023731906,-0.018019663,-0.06859454,-0.14573294,-0.19086957,-0.17970534,-0.11088054,-0.03237709,-0.0055993185,-0.03082668,-0.08090528,-0.10739262,-0.06777957,0.022205938,0.10364088,0.14368527,0.11933238
0.017405922,-0.04127541,-0.12210453,-0.17244686,-0.15293622,-0.08534028,-0.017663814,-0.0037095095,-0.046145383,-0.114329554,-0.14241189,-0.10611681,-0.028619984,0.04592203,0.06550214,0.014497746,-0.04988462,-0.08604359,-0.06295798,0.0077203857,0.07360424,0.07694606,0.017010475,-0.064779386
0.10911251,0.07117613,0.0047499784,-0.030505514,0.0018210495,0.07889866,0.15332764,0.17379722,0.13461666,0.0635171,0.0145769315,0.03498461,0.09239782,0.1540208,0.16389175,0.09501377,-0.0017212975,-0.06371864,-0.05870743,0.004367301,0.06749729,0.069544286,0.012939334,-0.06765819
-0.083621435,-0.12127498,-0.109904855,-0.05958452,-0.008841209,0.0042256666,-0.025879676,-0.07409892,-0.102015756,-0.07923723,-0.018784653,0.037651833,0.058736313,0.027724924,-0.026184151,-0.05488489,-0.038627006,0.013961898,0.067561336,0.07685828,0.03469508,-0.02632503,-0.072714195,-0.06496022
0.014917778,0.09723159,0.18299751,0.21814345,0.18483406,0.122575216,0.07995884,0.096616305,0.15763538,0.21932527,0.2250792,0.16378151,0.07914343,0.015705634,0.012956272,0.06972325,0.124525875,0.12917101,0.067397304,-0.020122128,-0.07712825,-0.06451095,0.0065240012,0.07781708
-0.014580887,0.029546604,0.12467384,0.21647201,0.24209058,0.19980393,0.12716582,0.08899624,0.113897935,0.19083971,0.24789071,0.24410743,0.17673695,0.07899895,0.015688514,0.028088823,0.083861955,0.13733299,0.13536309,0.06528242,-0.028328864,-0.07943749,-0.057125714,0.02255205
-0.012896013,-0.028376477,0.00076073525,0.064365566,0.12175748,0.13927954,0.11534586,0.07351714,0.05136687,0.07165228,0.11488984,0.1532299,0.15431316,0.108257435,0.042582165,-0.000910538,-0.0061319983,0.022677278,0.05567307,0.052678805,0.0034486477,-0.062059358,-0.10617138,-0.09487598
0.1949064,0.23061435,0.18775271,0.109251894,0.062337674,0.08328712,0.16438048,0.23674871,0.25457317,0.19532819,0.09407801,0.02920977,0.03215767,0.09998298,0.17157455,0.17537884,0.10895742,0.0076355045,-0.05513565,-0.032976586,0.056957204,0.13814804,0.17011401,0.12902042
-0.011465053,-0.06321592,-0.09414746,-0.08333308,-0.03542745,0.008912813,0.020646986,-0.0064405343,-0.048491098,-0.07036373,-0.053733084,-0.0018629617,0.04430392,0.05732285,0.029183261,-0.020926304,-0.053888522,-0.043072443,0.001042025,0.04487619,0.051983345,0.014794994,-0.04280365,-0.0782617
-0.10891374,-0.16025577,-0.14368568,-0.06829222,0.007855245,0.036103282,-0.0023275719,-0.06740731,-0.10787916,-0.07992789,0.0035687182,0.08437202,0.113977455,0.070093885,-0.010902144,-0.062378,-0.044586904,0.02659057,0.09590946,0.103678405,0.042157073,-0.049190998,-0.11658288,-0.10972405
0.030201696,0.08114686,0.12542264,0.12979427,0.07607717,0.0026038315,-0.04414959,-0.044623718,-0.008381174,0.028264167,0.021478325,-0.031421732,-0.09474686,-0.13354936,-0.12021639,-0.062675305,-0.00082756946,0.021486707,-0.0039270027,-0.045411937,-0.059914347,-0.027990935,0.04842234,0.123752244
-0.13564013,-0.13117273,-0.09031322,-0.048444524,-0.037313245,-0.0588549,-0.095764756,-0.116350554,-0.10558134,-0.062044192,-0.00680745,0.0076775807,-0.005276621,-0.04675795,-0.08028236,-0.06526467,-0.017728869,0.022509748,0.03167427,-0.005166752,-0.06626156,-0.10393922,-0.11024943,-0.08139226
-0.022660077,-0.09663378,-0.13870122,-0.11751058,-0.043505844,0.024680434,0.04359594,0.0031874995,-0.058287393,-0.091016866,-0.06292843,0.014953176,0.08277949,0.0997539,0.054592844,-0.023031829,-0.07400211,-0.06019356,0.007072078,0.06809406,0.07211599,0.011690934,-0.08077264,-0.13663241
-0.02539298,-0.00867088,0.047908522,0.11002959,0.13404459,0.1133465,0.06541727,0.032775857,0.038875863,0.08293313,0.12416571,0.13131729,0.09631559,0.03284017,-0.018263165,-0.022330744,0.011840112,0.051083222,0.05675082,0.018273605,-0.044169087,-0.08858691,-0.08521333,-0.03852929
-0.10828444,-0.16123597,-0.14856747,-0.07403712,0.0034862498,0.03345438,-0.005542472,-0.06954936,-0.11251576,-0.09249775,-0.017063377,0.061117657,0.086227864,0.043317243,-0.036770344,-0.094635285,-0.092562266,-0.027950784,0.037880614,0.047466036,-0.014772612,-0.10683937,-0.17719966,-0.17881992
0.036302507,-0.02688987,-0.07062118,-0.06821471,-0.02712582,0.011747143,0.017727992,-0.024824584,-0.08099442,-0.11308502,-0.10314571,-0.04737241,0.005572119,0.02191519,-0.0075753694,-0.062639445,-0.08504811,-0.061550703,0.001797529,0.06729553,0.095652096,0.0640935,0.012701196,-0.009799639
-0.04329692,0.015827319,0.02918074,-0.023041515,-0.10244874,-0.15292054,-0.13893464,-0.07232231,-0.0069392007,0.011167757,-0.02176448,-0.09264006,-0.13373095,-0.11038947,-0.032107275,0.05300027,0.083949365,0.051838256,-0.021705395,-0.07141294,-0.058016084,0.015422634,0.08888598,0.10070823
-0.06280036,-0.01257923,-0.01146183,-0.074093275,-0.15879874,-0.20883328,-0.19266297,-0.12708452,-0.065951236,-0.052559577,-0.0822212,-0.14709406,-0.17525336,-0.14178725,-0.058340505,0.031945035,0.07027718,0.04165065,-0.021638025,-0.06195216,-0.039090082,0.040576156,0.112193435,0.12117079
-0.0383032,0.025234502,0.046623148,0.009654239,-0.051690307,-0.08368244,-0.05697868,0.011971564,0.074950986,0.08859638,0.05863205,-0.008462355,-0.046684034,-0.030822225,0.027883,0.09064867,0.10293691,0.05408474,-0.024245834,-0.08030641,-0.08076495,-0.027028637,0.023506625,0.023156973
0.094653234,0.16562146,0.19632111,0.17202993,0.122030154,0.09077725,0.10281258,0.15309557,0.20365627,0.21148145,0.16139832,0.08714657,0.034456007,0.031244712,0.070875615,0.116463386,0.11930676,0.067582235,-0.0076879524,-0.054069854,-0.043902334,0.012111485,0.07785989,0.09922803
0.046190493,0.010667851,0.016393848,0.056306396,0.09576264,0.0963717,0.053791717,-0.012135138,-0.054199547,-0.04798393,-0.01913713,0.022100333,0.032466065,-0.0028096507,-0.057129625,-0.09122681,-0.075351946,-0.02438973,0.03778902,0.070322745,0.058731575,0.017282235,-0.0041858046,0.026519308
-0.017183108,0.05803997,0.13208067,0.15211442,0.1067779,0.03699091,-0.0047324765,0.015285181,0.07789186,0.1390602,0.14662318,0.0866487,0.009734455,-0.04072978,-0.0273554,0.044498906,0.10823038,0.11874336,0.06302314,-0.017336493,-0.06455901,-0.04007082,0.035028696,0.10354394
0.025440343,-0.06687628,-0.13713257,-0.14148296,-0.089538254,-0.03845352,-0.031692497,-0.0877157,-0.16391033,-0.2100939,-0.1938565,-0.11285434,-0.036067452,-0.0038691312,-0.031656824,-0.09822009,-0.13038512,-0.09383046,0.0009010548,0.09481034,0.1376408,0.102069505,0.03034136,-0.008595995
0.191425,0.15858762,0.09283051,0.05153041,0.07454833,0.13738534,0.19991373,0.20671883,0.16085391,0.083292134,0.014769818,0.022431735,0.06865781,0.122275405,0.13050906,0.06473114,-0.030139703,-0.09609512,-0.08306716,-0.0054869475,0.07425138,0.09172919,0.053188246,-0.0076886485
-0.024964092,-0.010232207,0.05838347,0.13317806,0.14722429,0.093572505,0.006891364,-0.05425186,-0.05246819,0.012356937,0.06982495,0.078426726,0.029782878,-0.057013527,-0.11849476,-0.10479937,-0.030091166,0.048608728,0.07899819,0.04285562,-0.025751574,-0.06920079,-0.040915016,0.050831612
0.03994144,-0.041900627,-0.10311242,-0.105420366,-0.05284367,-0.0003281872,0.0067246393,-0.04393537,-0.11604671,-0.16156234,-0.15403606,-0.08396793,-0.0145758595,0.0123682255,-0.01892781,-0.085749485,-0.12279244,-0.09932252,-0.020831652,0.064009055,0.10302059,0.07066125,0.007130612,-0.030095633
0.12882127,0.05407018,0.0014847547,0.010511105,0.07358676,0.13244097,0.14005531,0.080111824,0.00037516994,-0.05211901,-0.05861636,0.006123035,0.066218,0.08058678,0.033221833,-0.054427106,-0.10519243,-0.09116204,-0.0131408945,0.07654345,0.11898351,0.07969663,0.01506955,-0.014500318
0.01832357,0.022598196,-0.019001223,-0.08029306,-0.11830253,-0.10967468,-0.06119737,-0.0154428175,-0.004710107,-0.03862955,-0.083431736,-0.10972332,-0.091518894,-0.03333036,0.02578873,0.043890137,0.018419808,-0.027804049,-0.05308404,-0.03507708,0.019200832,0.071684495,0.08494111,0.04831868
-5.8637415e-05,-0.0011412099,-0.048738305,-0.11333424,-0.14527246,-0.124913014,-0.06907253,-0.017433,-0.0062696165,-0.04354358,-0.08546384,-0.10356765,-0.07738905,-0.013023072,0.046650343,0.06128412,0.029091343,-0.021433493,-0.050775517,-0.033814777,0.019573893,0.0689506,0.0728036,0.02178399
0.1181469,0.046182252,-0.0026458132,0.014694345,0.08650049,0.15306914,0.16296647,0.11111721,0.03864491,-0.004046829,-0.0025348025,0.06829683,0.1251835,0.13799866,0.0915357,0.0035181679,-0.052038684,-0.034745727,0.03547361,0.11399465,0.14786522,0.10379864,0.03827742,0.0046472433
-0.042316414,-0.09897164,-0.13755552,-0.1333391,-0.09109622,-0.04707802,-0.03341451,-0.058190938,-0.10089051,-0.12691094,-0.10834354,-0.054359283,-0.0029967935,0.017671939,-0.0044721332,-0.051912595,-0.0829347,-0.07061452,-0.023457468,0.022126812,0.031001814,-0.00400383,-0.06402954,-0.10563223
-0.15319811,-0.15703765,-0.11130281,-0.06386595,-0.070704795,-0.13088454,-0.21341014,-0.2660761,-0.26267335,-0.20493051,-0.13516776,-0.11857616,-0.14497852,-0.20560618,-0.24419284,-0.20875593,-0.11589226,-0.028757425,0.00870105,-0.022819048,-0.0871685,-0.120959155,-0.099462025,-0.027477574
-0.044496927,-0.12389084,-0.17134467,-0.15276219,-0.08168099,-0.013277106,0.004197844,-0.034298904,-0.097291276,-0.128176,-0.09835259,-0.018544972,0.052289397,0.07446208,0.03346152,-0.042965397,-0.0892634,-0.06793897,-0.0025764212,0.05878805,0.06574061,0.0074266125,-0.07766346,-0.13152236
0.16016994,0.12833348,0.064579375,0.022714611,0.03989855,0.097672395,0.15721771,0.16920857,0.13095888,0.06318105,0.0048058527,0.014382831,0.060475454,0.116100736,0.13142982,0.076651305,-0.0019653898,-0.05446195,-0.04586649,0.021903804,0.0979038,0.116596065,0.08556173,0.029414356
0.10210792,0.06524271,0.042703297,0.050863266,0.08340622,0.10991076,0.10511621,0.06662736,0.022802819,-0.0026204232,-0.009962949,0.021384716,0.046059158,0.047448486,0.02012989,-0.026597725,-0.046846863,-0.032298353,0.009046493,0.05615249,0.08101976,0.0621912,0.03915495,0.035067596
-0.012593392,0.059294745,0.124817066,0.13111767,0.05950049,-0.036762737,-0.09880674,-0.09204061,-0.034489315,0.021609677,0.023242293,-0.045460682,-0.12790814,-0.17807657,-0.15620075,-0.0684548,0.021311725,0.04974956,0.008747047,-0.06125456,-0.093982734,-0.0521816,0.04657205,0.13824044
-0.034669645,-0.08219034,-0.08012883,-0.03509836,0.009925616,0.015875954,-0.02780932,-0.09201443,-0.13271563,-0.119711205,-0.07108391,-0.013777567,0.0032119825,-0.026866822,-0.0780734,-0.11251633,-0.09287837,-0.025497144,0.041041475,0.06648343,0.040404476,-0.014504102,-0.04832853,-0.030252693
0.1033057,0.024829691,-0.032516446,-0.020429386,0.047306243,0.11042868,0.1189307,0.061992716,-0.016618943,-0.06630048,-0.06480151,0.007798684,0.07072132,0.08770052,0.042034674,-0.04523978,-0.10159471,-0.08464473,-0.0019430473,0.08665005,0.12481946,0.0831897,0.012442353,-0.023368418
0.11865182,0.08001646,0.0511227,0.060960658,0.09970308,0.13066787,0.12793782,0.08637051,0.037314534,0.004541467,-0.0049120523,0.029976046,0.057430103,0.05707965,0.022932928,-0.030158935,-0.065876976,-0.061539676,-0.009501866,0.04672307,0.07363958,0.054418698,0.02018775,0.011050554
0.013900929,-0.05578196,-0.10300121,-0.09883728,-0.050586347,-0.006269254,-0.001883275,-0.04551172,-0.10452192,-0.13764769,-0.124050334,-0.06130044,-0.0045363847,0.014331333,-0.015071722,-0.072311155,-0.102730334,-0.07863119,-0.01199941,0.054968327,0.07896954,0.044112165,-0.014485062,-0.04690209
0.08729819,0.1809984,0.21829602,0.17989567,0.10078758,0.047335137,0.06378852,0.13710864,0.21176648,0.22966282,0.16877785,0.067696795,-0.0047048577,-0.00346076,0.06263974,0.13646778,0.15005226,0.09111089,-0.009095589,-0.07298999,-0.058728177,0.020455144,0.11396869,0.14657381
0.05044142,0.008624676,0.025786849,0.09481753,0.16419701,0.18465725,0.13471386,0.05585817,0.0051648617,0.016406303,0.063002765,0.12520608,0.13716298,0.084898464,0.0016471465,-0.059129667,-0.04813164,0.016083293,0.08301262,0.10639601,0.072996594,0.00035354248,-0.039769057,-0.011756676
-0.017629936,0.03319063,0.049763095,0.02009174,-0.0283904,-0.052502632,-0.028785521,0.027854905,0.07892715,0.08908385,0.06457326,0.01179545,-0.018348292,-0.003594973,0.045881156,0.09417955,0.104347765,0.068639435,0.0045412104,-0.0405435,-0.038224608,0.0036633487,0.043496296,0.04220732
-0.01385045,0.045892216,0.063144125,0.024469819,-0.032775465,-0.06217337,-0.03555992,0.029989539,0.09010237,0.10391243,0.07471223,0.013538115,-0.01916542,9.89829e-05,0.06163169,0.12619768,0.13873713,0.09372583,0.024153812,-0.024124926,-0.016808264,0.040994357,0.09066303,0.09021599
-0.011290524,-0.053896863,-0.10793679,-0.14079022,-0.12805098,-0.08677302,-0.048944972,-0.042296745,-0.06929453,-0.108986184,-0.12089316,-0.09189438,-0.041238066,0.0067866696,0.021303698,-0.0061126887,-0.043222655,-0.05900299,-0.03995772,0.0055705425,0.04524279,0.047665335,0.009983449,-0.04273194
0.019907173,0.033013925,0.074305,0.11358473,0.11867445,0.08627139,0.036645375,0.0021336183,0.005645439,0.04166513,0.06940124,0.07088291,0.040768053,-0.0084767435,-0.039690264,-0.02826466,0.018743437,0.06363296,0.07846988,0.05733659,0.024236893,0.0052643535,0.027044505,0.08243551
0.023727879,-0.044289395,-0.09429448,-0.094510816,-0.050168607,-0.007304353,-0.0042502084,-0.04626675,-0.10450074,-0.1396491,-0.13113926,-0.071430646,-0.016541542,0.005105071,-0.01898368,-0.07239514,-0.1039611,-0.0820552,-0.01627929,0.051669933,0.080556445,0.053548675,0.001423015,-0.030612262
0.07137526,0.030304162,0.04073818,0.100584246,0.15772645,0.1644574,0.10377671,0.02219206,-0.027117651,-0.015163169,0.024298036,0.081526265,0.08614107,0.03800569,-0.029545028,-0.074961044,-0.05987766,0.011405137,0.086787574,0.11716326,0.09579448,0.04213889,0.019473575,0.056284375
0.12966649,0.15405066,0.12649381,0.07594421,0.045492083,0.0566036,0.10677057,0.15472227,0.16942078,0.1342443,0.070304476,0.029293029,0.02808391,0.06956045,0.11676726,0.12325692,0.08033302,0.016544953,-0.024636392,-0.011738988,0.045743868,0.099785365,0.1220737,0.09731639
0.030884644,0.0058659147,-0.039955564,-0.06967209,-0.057901368,-0.011424064,0.04104517,0.061676614,0.04305266,0.0017830401,-0.021492455,-0.0068681994,0.03579417,0.08329694,0.099227116,0.06588876,0.01744204,-0.016475389,-0.014720598,0.020958958,0.061966468,0.0666813,0.03174387,-0.02134727
0.21856049,0.18765746,0.12441262,0.08673211,0.1165088,0.18617018,0.25088316,0.25853616,0.21350548,0.13702491,0.06825755,0.07911764,0.12574124,0.18107608,0.19179367,0.12315818,0.025476797,-0.03866069,-0.026122179,0.04955176,0.13069962,0.14774722,0.10821814,0.04387724
0.07904801,0.09454464,0.037432507,-0.04700412,-0.08444934,-0.046818845,0.043894634,0.12640128,0.14576292,0.08909469,0.008817046,-0.03268967,-0.008685227,0.079856,0.16520147,0.17321536,0.10142806,0.0074611143,-0.051637825,-0.032084234,0.04716331,0.12008284,0.12961544,0.054411944
0.074679986,0.048648078,0.0016062498,-0.023954783,-0.0013580662,0.051270846,0.10434915,0.120343894,0.09410372,0.04323504,0.0077019897,0.020649996,0.059573017,0.10234974,0.10985216,0.06227114,-0.010088092,-0.056609344,-0.054515805,-0.00991475,0.03347985,0.03471288,-0.0077041322,-0.06673921
-0.12297879,-0.12062625,-0.06951166,-0.016795937,-0.019756807,-0.0741839,-0.15512428,-0.20436476,-0.1970208,-0.13536434,-0.068199486,-0.052116707,-0.08528442,-0.14730778,-0.18369405,-0.15186484,-0.061289806,0.027010456,0.057591114,0.018864242,-0.045831315,-0.079407156,-0.05166182,0.021624371
-0.113268346,-0.08517592,-0.05234708,-0.051918976,-0.09667068,-0.15682574,-0.19512592,-0.1894959,-0.15279397,-0.10641726,-0.0828139,-0.109450825,-0.14632325,-0.16718735,-0.14542952,-0.07954278,-0.011318085,0.022527676,0.0069679143,-0.035922855,-0.0649596,-0.044549074,0.008085676,0.056370392
-0.04020038,0.0012012062,0.014826139,-0.013423945,-0.062319398,-0.09371062,-0.084492244,-0.041152153,0.0013353863,0.012505131,-0.008725705,-0.05737172,-0.08738604,-0.07605644,-0.030081281,0.02038795,0.034943122,0.008856268,-0.041491896,-0.07842586,-0.07798664,-0.03582164,0.007582291,0.012600247
0.12877515,0.08120809,0.05366941,0.069918774,0.12733075,0.17799701,0.18018244,0.13252051,0.0725396,0.03372387,0.023209305,0.06787541,0.1053897,0.10494353,0.05741847,-0.015402072,-0.061653737,-0.062489107,-0.012310017,0.047898237,0.07201683,0.039416388,-0.0075555015,-0.028748317
-0.09302863,-0.09100465,-0.058730632,-0.026776288,-0.034634523,-0.07729619,-0.1338068,-0.16738762,-0.16203007,-0.11971702,-0.07387386,-0.06556951,-0.08712244,-0.12838916,-0.15118553,-0.123120494,-0.057628874,0.0013060755,0.025730956,0.002042025,-0.039419644,-0.056661993,-0.034505304,0.019403134
0.011890473,-0.06109407,-0.11364919,-0.11507139,-0.07723741,-0.042952713,-0.04855162,-0.09724944,-0.15935814,-0.19389912,-0.18381797,-0.12417502,-0.07058568,-0.05041007,-0.07484375,-0.12629983,-0.14778997,-0.11446161,-0.04317626,0.028304568,0.059031993,0.0324237,-0.012597581,-0.03520493
-0.09069014,-0.1301543,-0.11896798,-0.06122214,-0.004247992,0.01757444,-0.009062223,-0.057885505,-0.09101598,-0.075978056,-0.01750418,0.040117458,0.059927255,0.026808413,-0.03629367,-0.082717046,-0.07900569,-0.030977838,0.019799829,0.026843004,-0.022095624,-0.09541018,-0.15140611,-0.15105589
0.15849163,0.14316902,0.11141332,0.0914671,0.11027475,0.14783801,0.18133944,0.17924018,0.15138707,0.10594408,0.06424081,0.069275334,0.09436374,0.117379725,0.11347619,0.071949385,0.019916372,-0.018433103,-0.010278463,0.035445232,0.083245024,0.09093534,0.06777812,0.03819464
-0.13781029,-0.12989904,-0.08618965,-0.040631484,-0.02961156,-0.053091604,-0.09516339,-0.11426188,-0.10058333,-0.055481326,-0.002672207,0.008905445,-0.013626788,-0.05732652,-0.087220214,-0.071772374,-0.03030121,0.010882467,0.015932765,-0.026949817,-0.093305,-0.13016364,-0.1318053,-0.10418841
0.029504908,0.08508593,0.13950314,0.1619149,0.14133042,0.10232702,0.08037454,0.09313176,0.13306691,0.17144594,0.17354923,0.13297464,0.07981658,0.038439386,0.034675796,0.06946851,0.10139296,0.09942852,0.06035224,0.0067875287,-0.026216952,-0.017835068,0.02442338,0.07134634
0.06718666,-0.006979591,-0.049296796,-0.01165037,0.09263987,0.19151346,0.21993364,0.17680657,0.10142874,0.054844476,0.067595996,0.1511337,0.2191624,0.2262682,0.1537007,0.036914673,-0.05304138,-0.06127936,-0.002491592,0.06487697,0.071268395,-0.0037402136,-0.10895424,-0.17385715
-0.0469826,0.00058185623,0.00029884736,-0.057209454,-0.13684475,-0.18371387,-0.16799274,-0.10725706,-0.051901598,-0.043248884,-0.07539681,-0.13829805,-0.16800149,-0.13800883,-0.06173434,0.017162649,0.046918817,0.01780641,-0.04151188,-0.07739177,-0.05479683,0.0183475,0.08470911,0.09344525
0.12684447,0.21429679,0.2478341,0.21299149,0.14752305,0.10868074,0.13384677,0.20129217,0.2661878,0.27501634,0.21042423,0.11767204,0.053165946,0.054968398,0.11108531,0.16655882,0.16618168,0.100579716,0.007725985,-0.04497197,-0.025515223,0.044600848,0.12259723,0.14671457
0.03518396,-0.026044253,-0.067087024,-0.06301477,-0.019655382,0.021242049,0.023274338,-0.019978438,-0.07609427,-0.10904848,-0.10081022,-0.04597587,0.0046549714,0.019710224,-0.010228695,-0.06487303,-0.089926496,-0.0693396,-0.008299248,0.05340277,0.07805133,0.04802538,-0.0014938507,-0.026991416
-0.044125855,-0.08928004,-0.15047428,-0.19240344,-0.18417795,-0.14163038,-0.09531189,-0.08275295,-0.10854742,-0.15254745,-0.1617295,-0.13191849,-0.070313595,-0.011867808,0.009674178,-0.011289029,-0.048305668,-0.07089691,-0.048285637,0.00046168655,0.042895313,0.049761523,0.0036809426,-0.05941415
-0.04488291,-0.09835212,-0.13134655,-0.12152616,-0.07275008,-0.021972448,-0.0021300032,-0.02530431,-0.067706816,-0.09533703,-0.07483396,-0.020652385,0.032695778,0.049980026,0.019447863,-0.035621796,-0.07165823,-0.06755746,-0.024177615,0.016999554,0.018610489,-0.025211822,-0.09601874,-0.14327377
0.1425645,0.09226197,0.05962102,0.07509131,0.13295557,0.1825815,0.18955564,0.14181678,0.07957971,0.036861565,0.023786215,0.06894032,0.10681135,0.10752219,0.06009577,-0.017961701,-0.07265891,-0.07445627,-0.01993376,0.04803999,0.07688465,0.041530896,-0.012274702,-0.03483671
0.08182119,0.05055833,0.060586795,0.10661193,0.1513695,0.15832849,0.11475002,0.046971522,0.0028601603,0.007027597,0.030106196,0.06987946,0.07481468,0.033429492,-0.029038476,-0.07321357,-0.06210797,-0.0148217315,0.04201024,0.07143334,0.05954159,0.01545492,-0.0020566522,0.032163676
-0.09064325,-0.004044041,0.09044915,0.12283256,0.07317059,-0.009763028,-0.06535055,-0.043345638,0.035969745,0.121364154,0.15355316,0.094178386,0.0067625083,-0.05936103,-0.050683804,0.041742936,0.13268127,0.1563098,0.094808936,-0.012905258,-0.08851889,-0.070693284,0.010057956,0.0908187
-0.12376098,-0.07990029,-0.030908972,-0.026610054,-0.08188884,-0.16049218,-0.21350628,-0.20705089,-0.15644512,-0.09690624,-0.06839309,-0.10578539,-0.15970963,-0.19519185,-0.17339937,-0.08761974,-0.0021279647,0.0352004,0.011718904,-0.048858795,-0.0910691,-0.06491209,0.0021956048,0.06602341
-0.06374754,-0.11391706,-0.1253919,-0.105004266,-0.08162925,-0.08759178,-0.12914889,-0.18402769,-0.2182121,-0.20844933,-0.16450623,-0.11298343,-0.0906355,-0.10482838,-0.13350563,-0.14495312,-0.11272367,-0.044881895,0.019336743,0.04937058,0.038187724,0.004450329,-0.017436996,-0.0017003906
-0.0039266306,-0.05078983,-0.11226239,-0.14702162,-0.13083416,-0.07860763,-0.027804056,-0.019993216,-0.053650584,-0.101897605,-0.11489405,-0.082135975,-0.019043582,0.035926316,0.04590538,0.006911675,-0.035553936,-0.058711633,-0.034303725,0.019471062,0.06635323,0.06518188,0.016682122,-0.04197484
0.0874544,0.04642517,0.06362429,0.13546667,0.20564955,0.22187574,0.1730473,0.08912589,0.033138335,0.042238425,0.079675354,0.1359261,0.14240004,0.08662567,0.0007992916,-0.06715334,-0.0668931,-0.006925816,0.065414,0.09946813,0.072279535,-0.00030986874,-0.039542682,-0.004362267
0.13185489,0.08279829,0.051522914,0.06574501,0.112746865,0.1468351,0.14114773,0.08832936,0.02981104,-0.0020660844,-0.0063957414,0.03868157,0.073543616,0.07216027,0.031490214,-0.029029287,-0.061124306,-0.045286484,0.019478196,0.08634707,0.11690158,0.090508744,0.051223792,0.04592844
-0.0074082846,0.04632046,0.10016749,0.10933262,0.05700636,-0.021952607,-0.08013986,-0.08325739,-0.040752888,0.007328457,0.012307005,-0.037535463,-0.10455325,-0.15088728,-0.13923384,-0.06843229,0.004489188,0.032116983,0.007093215,-0.045302726,-0.07436946,-0.042989023,0.03545043,0.11284228
0.07045919,0.031319387,0.040906303,0.097790755,0.15844446,0.17648977,0.1343732,0.06065471,0.009737882,0.012345362,0.044513185,0.09705382,0.10887343,0.06561621,-0.0067057717,-0.06405085,-0.06340615,-0.013613879,0.053165037,0.08563133,0.06521871,0.0061421744,-0.030439919,-0.006576241
0.1155645,0.0765611,0.055260092,0.073826715,0.12035757,0.15759684,0.1562846,0.113016844,0.062534355,0.033292666,0.028557021,0.06641241,0.09490461,0.089251444,0.045132842,-0.017420415,-0.049983867,-0.042381536,0.0037908363,0.054190744,0.073642336,0.042276096,0.004356761,-0.0034489937
-0.05357285,-0.11565974,-0.11654973,-0.06345031,-0.008932451,-0.0008614832,-0.05206593,-0.13225895,-0.18442275,-0.16854064,-0.103133604,-0.028581884,0.001013784,-0.0346321,-0.10160691,-0.14298622,-0.11098147,-0.026277667,0.060554333,0.09545905,0.06589293,-0.0028337445,-0.048060253,-0.023480322
0.024789868,0.03666942,0.07777939,0.122290075,0.121421896,0.07615988,0.009716383,-0.037606988,-0.038540706,0.0015201201,0.033690374,0.035997875,-0.0009628093,-0.05954091,-0.09634509,-0.08115642,-0.021966474,0.03734965,0.06732346,0.049946718,0.016712692,0.00012822317,0.03278443,0.10759998
0.15300666,0.106147945,0.07209767,0.085907064,0.14457476,0.1992041,0.21028464,0.1686409,0.11033346,0.06925967,0.057069313,0.10364161,0.1444637,0.15045609,0.10924294,0.035411492,-0.01854387,-0.021501768,0.031369433,0.09620326,0.1287638,0.099599764,0.04850074,0.023228008
0.01871827,0.022305552,-0.03804205,-0.12940173,-0.17808227,-0.1598034,-0.08491686,-0.01584828,0.0009368854,-0.050721277,-0.11684007,-0.15192194,-0.12315399,-0.037022766,0.049329426,0.074410886,0.027214227,-0.047661208,-0.08906297,-0.06269083,0.012617629,0.085331246,0.09396815,0.0270496
-0.061791,-0.019853475,-0.015373209,-0.06566132,-0.13953596,-0.18730639,-0.18160084,-0.13053153,-0.078731276,-0.06476576,-0.08795146,-0.14318295,-0.17221178,-0.14592934,-0.07275368,0.005785133,0.04386129,0.028932173,-0.022782655,-0.060013402,-0.044854537,0.021192933,0.08607672,0.096727476
0.12074101,0.038788237,-0.014829026,-0.0036980738,0.06763471,0.13263914,0.13504776,0.06975522,-0.015057511,-0.07047495,-0.075498365,-0.0034546286,0.05930273,0.0720128,0.019037765,-0.07419136,-0.12893498,-0.11266621,-0.03422819,0.05642984,0.094691,0.049670182,-0.020011628,-0.05663191
0.19995435,0.23785505,0.20500834,0.13655092,0.09647654,0.114320196,0.18555202,0.25141174,0.27009758,0.21627459,0.11744279,0.053393964,0.046324454,0.102494314,0.1670668,0.16903561,0.099980704,0.0023984578,-0.061222013,-0.044355206,0.034184802,0.10789211,0.13872154,0.10034125
0.15402858,0.14095546,0.10286435,0.079756185,0.09716939,0.14203405,0.18487011,0.19348441,0.16619499,0.113904774,0.061774857,0.06071197,0.08375491,0.11621556,0.12095903,0.07336092,0.0028799258,-0.047962394,-0.048132475,-0.0033140534,0.047934525,0.06072106,0.039256766,-0.0011703781
0.076856986,0.09553567,0.056752086,-0.0070905252,-0.03371774,-0.001972333,0.070766345,0.13970216,0.15992467,0.11952973,0.055329993,0.020209774,0.035371944,0.10234902,0.16965117,0.17800839,0.120421216,0.04261857,-0.011344228,-0.0023143177,0.05766282,0.11633671,0.1267439,0.06798257
-0.12858263,-0.08964353,-0.04050898,-0.022581184,-0.04680757,-0.08942596,-0.11321934,-0.094804615,-0.04875626,0.0027866845,0.034006607,0.009060412,-0.029864347,-0.0582519,-0.0482243,0.0048030983,0.052996602,0.06979891,0.0359372,-0.02649882,-0.07904327,-0.07908313,-0.0496734,-0.020175537
0.027851941,-0.04771523,-0.10703387,-0.11633,-0.07681355,-0.034734298,-0.027998699,-0.0727237,-0.13689926,-0.18113676,-0.17696483,-0.11613919,-0.053838708,-0.024756737,-0.045516815,-0.10152633,-0.13205186,-0.10891244,-0.03730584,0.041638188,0.08089115,0.055549704,-0.00020319023,-0.035356347
-0.0469293,0.005536892,0.018111391,-0.028210063,-0.10602609,-0.15844232,-0.14954227,-0.09437324,-0.038115516,-0.023446055,-0.051460445,-0.117757335,-0.15553282,-0.13744912,-0.070911296,0.0042476305,0.04130289,0.018450942,-0.043927394,-0.087805286,-0.07630119,-0.013419556,0.054149814,0.072751746
-0.012731036,0.076223224,0.16725974,0.19789325,0.15002963,0.07221703,0.022195505,0.04059613,0.11207981,0.18415825,0.19966228,0.1346921,0.046729803,-0.01899107,-0.014608862,0.063516155,0.14374371,0.15875398,0.09793435,0.0010855863,-0.059375186,-0.03897029,0.042638503,0.12594324
-0.09459402,-0.09099661,-0.054933812,-0.01869216,-0.020027472,-0.05808214,-0.1143829,-0.14746049,-0.14247619,-0.10434671,-0.06239913,-0.055501636,-0.08176096,-0.12731878,-0.15552194,-0.13500305,-0.08315941,-0.033270273,-0.0152451545,-0.042666826,-0.092226475,-0.1159266,-0.10130022,-0.056521837
-0.034878727,-0.082156554,-0.07316472,-0.018785069,0.034197748,0.040545616,-0.007929361,-0.079560176,-0.123037666,-0.10525053,-0.04861312,0.012798265,0.031798027,-0.00883345,-0.07472693,-0.111802936,-0.08783884,-0.019407948,0.052568864,0.07745,0.04357792,-0.019362157,-0.058818985,-0.034128707
-0.03250206,0.019050542,0.025393212,-0.026595797,-0.10257375,-0.14917389,-0.13570492,-0.076011844,-0.019207893,-0.007985922,-0.04120327,-0.10592316,-0.14115,-0.11597614,-0.041997667,0.034736868,0.06255972,0.03354468,-0.029295096,-0.06942749,-0.050953813,0.01942632,0.086978145,0.09732818
0.05510564,0.0775462,0.03609229,-0.03684848,-0.07503128,-0.05061568,0.031184973,0.10747986,0.13347465,0.091164164,0.028109312,-0.013148753,0.0059168264,0.07718082,0.14924273,0.16622914,0.11415405,0.029198648,-0.025583377,-0.016113829,0.046331525,0.1086373,0.11411516,0.05448501
0.028989553,0.10676524,0.18795663,0.23158945,0.21074408,0.15950216,0.11599688,0.12935239,0.18446681,0.24230015,0.2505579,0.19905241,0.11639868,0.050429553,0.03890859,0.08293738,0.12460623,0.1296993,0.074336916,-0.010387328,-0.06941406,-0.06382579,-0.0013740818,0.064704254
-0.027246227,0.0131130135,0.018487839,-0.023039786,-0.08063955,-0.11238281,-0.096232295,-0.048933156,-0.0056127915,0.00058973447,-0.024227977,-0.07371556,-0.09516094,-0.073833175,-0.019191407,0.038245182,0.061009012,0.033257186,-0.015439315,-0.046255585,-0.03173941,0.021034937,0.067634024,0.07205419
0.01564186,0.090549186,0.16471736,0.1916864,0.16011253,0.103421964,0.068987936,0.08472384,0.13888672,0.19009672,0.19132505,0.13349743,0.05962092,0.004559685,0.003029841,0.05617561,0.09899917,0.09265151,0.040724512,-0.032426793,-0.080638826,-0.064855,-0.005523473,0.054722507
-0.0071559222,-0.0025646233,-0.048835754,-0.12279612,-0.16848183,-0.15954728,-0.10726631,-0.05013978,-0.031821836,-0.06410866,-0.110415615,-0.13863893,-0.11725138,-0.04931395,0.022942234,0.054134086,0.03387684,-0.015111049,-0.05225313,-0.03943898,0.019052243,0.082639664,0.10413482,0.06098997
-0.003578723,-0.040847316,-0.003067539,0.09303317,0.18385313,0.21443152,0.16533531,0.086998835,0.04186852,0.07170986,0.14060569,0.21209666,0.22042987,0.15218483,0.049951125,-0.020011988,-0.013692774,0.050849676,0.11334915,0.11736411,0.050925165,-0.04802475,-0.106066495,-0.08196051
0.054744747,-0.0071666283,-0.04358701,-0.019849356,0.058588438,0.13164109,0.15597084,0.11979118,0.06012199,0.024575427,0.035256702,0.10236145,0.1594788,0.17045678,0.12156413,0.03608988,-0.03084855,-0.03363465,0.021214323,0.082171984,0.09352783,0.038642857,-0.045852706,-0.09721641
-0.052040197,-0.10121892,-0.09696659,-0.045930233,0.0042305384,0.0121246,-0.035241455,-0.10511272,-0.14960688,-0.13704456,-0.081992835,-0.020628538,-0.00029420797,-0.03588891,-0.09781138,-0.13564709,-0.1154583,-0.04945084,0.02362334,0.04871438,0.014881312,-0.046362277,-0.08777517,-0.069857515
-0.056716114,-0.10628424,-0.105859,-0.064648114,-0.024192074,-0.02184698,-0.06803864,-0.13211189,-0.17084245,-0.15436311,-0.09860412,-0.038340557,-0.016217217,-0.044253837,-0.09321188,-0.1188293,-0.08593568,-0.011787686,0.057311136,0.08133744,0.05559901,0.0034494123,-0.027937979,-0.006856481
-0.02586097,0.04400577,0.114856176,0.1409757,0.09902081,0.030259402,-0.013364686,0.00094415125,0.05742461,0.113411926,0.12438878,0.06915144,-0.0075059244,-0.062588185,-0.05941881,0.0006871115,0.05942875,0.0735455,0.024630405,-0.052451167,-0.10410114,-0.09088735,-0.025682446,0.04246842
-0.09052855,-0.12606393,-0.11820459,-0.07332547,-0.025671156,-0.0068288883,-0.028350467,-0.06550919,-0.08906193,-0.06980287,-0.014582464,0.03870443,0.059867557,0.03799983,-0.0060448423,-0.03555574,-0.025248604,0.02211218,0.064507246,0.06865275,0.02921174,-0.02824443,-0.072708845,-0.07469448
0.08170769,0.14242534,0.15529224,0.10832302,0.037935767,-0.0049753115,0.007830193,0.05794521,0.10709468,0.11147898,0.060424913,-0.012462983,-0.053926118,-0.038521253,0.02328019,0.08673724,0.10943014,0.071254194,0.009287102,-0.022213452,0.010218948,0.084907986,0.16171952,0.1871628
0.02668251,-0.04405475,-0.090814345,-0.086859785,-0.0425018,-0.0057334155,-0.010843426,-0.06352408,-0.124799885,-0.15604575,-0.13946672,-0.07478978,-0.019049643,-0.0055292277,-0.03852033,-0.09073724,-0.10841319,-0.07553073,0.0007371256,0.07126149,0.097836435,0.065697886,0.012606538,-0.008269398
0.075347394,0.1267671,0.13549142,0.09883327,0.032562554,-0.015412262,-0.017237065,0.019810319,0.06055931,0.06629244,0.023111677,-0.040530365,-0.08556471,-0.07707058,-0.022452706,0.03423803,0.057276923,0.037979797,-0.0075921384,-0.03331311,-0.0048392704,0.06162312,0.13747033,0.17134362
-0.03368358,0.00071223354,0.09353441,0.18984586,0.22196399,0.18565945,0.10736697,0.061339933,0.07847122,0.15301682,0.21693796,0.22319683,0.16223997,0.063565575,-0.007939889,-0.004001993,0.056177024,0.119664796,0.123071305,0.0540856,-0.043746203,-0.10426895,-0.0869534,-0.009533143
-0.13002594,-0.14344545,-0.11505816,-0.07960773,-0.08128214,-0.12466393,-0.19086976,-0.23521519,-0.23586197,-0.18858641,-0.12853074,-0.1043465,-0.119503126,-0.16053078,-0.18467343,-0.15646236,-0.082740694,-0.0029679192,0.035154156,0.01649836,-0.030228114,-0.056907516,-0.041680995,0.01036426
0.03459662,-0.0046564224,-0.06268946,-0.09865749,-0.081015036,-0.028205445,0.024448548,0.03701243,0.006848429,-0.0424692,-0.06658541,-0.041807655,0.014644715,0.07017319,0.08615309,0.04891061,-0.0042184973,-0.036595635,-0.020658482,0.031929944,0.08307771,0.08951594,0.04681361,-0.01396173
-0.15172134,-0.14341463,-0.07809223,-0.007608216,0.009910187,-0.030925468,-0.102311924,-0.14333044,-0.12902243,-0.060037304,0.017651895,0.038400196,0.0029517375,-0.068318844,-0.117428094,-0.096588135,-0.025132382,0.050828733,0.06908612,0.0149819255,-0.074302875,-0.12917387,-0.124786265,-0.06781516
0.029591195,0.12526068,0.2239053,0.2697227,0.23951328,0.17666696,0.132997,0.15111697,0.21628831,0.28227496,0.28671193,0.21686707,0.1226318,0.044680513,0.027471367,0.080722846,0.1324228,0.12477987,0.05417618,-0.043599147,-0.11098248,-0.10229309,-0.029078098,0.051313106
-0.026282517,-0.024316812,-0.06995196,-0.13760158,-0.18028411,-0.17343108,-0.12559891,-0.07233246,-0.055537798,-0.087678485,-0.12752675,-0.15183388,-0.13172394,-0.06695216,0.002120605,0.030507635,0.007903509,-0.035300825,-0.06584486,-0.05398995,-0.0033336952,0.052625787,0.0661544,0.02082708
0.13144039,0.092456274,0.061922032,0.066597894,0.098862864,0.12815937,0.12721309,0.08873266,0.040805545,0.009350077,-0.002197542,0.030367872,0.05994803,0.0641671,0.03513533,-0.015967354,-0.03902858,-0.026085503,0.019087812,0.07443924,0.110327326,0.094880156,0.07193659,0.07030426
0.05296683,-0.030790877,-0.0927603,-0.09326618,-0.031467963,0.031095114,0.044865888,-0.0050576553,-0.078954056,-0.12853953,-0.12376711,-0.049318094,0.02138423,0.04898862,0.014869526,-0.061047476,-0.11230636,-0.09707204,-0.019327188,0.06796959,0.10576006,0.06796281,-0.0066447747,-0.05520532
-0.017965052,0.057925984,0.083180495,0.03942387,-0.033222124,-0.073980294,-0.04343507,0.035314415,0.10951813,0.12934655,0.093998626,0.015370721,-0.029479327,-0.010804916,0.061151467,0.13919407,0.15784146,0.10458769,0.01838691,-0.042839568,-0.036755428,0.03142858,0.09545072,0.10235676
0.021130297,0.020347605,-0.028780304,-0.0941927,-0.12838243,-0.11211678,-0.054249007,-0.004030771,0.004575216,-0.03521585,-0.08414144,-0.10741628,-0.08412229,-0.017394612,0.047094338,0.05927842,0.020594414,-0.030850166,-0.056511633,-0.0323376,0.027296504,0.07906282,0.08414507,0.03525434
0.11115515,0.06343243,0.04240956,0.07401281,0.1394952,0.18829568,0.18599276,0.13560694,0.079176985,0.053462606,0.060011957,0.11405048,0.14730091,0.13600318,0.07952231,0.0047113122,-0.03771529,-0.024766352,0.031434223,0.084960625,0.09548222,0.048803408,-0.0053815986,-0.019484725
0.060422733,0.10196149,0.102149755,0.058370862,-0.0001766081,-0.034993846,-0.023212597,0.019440114,0.05798222,0.06076094,0.019532142,-0.034641318,-0.06445555,-0.042549405,0.018574616,0.07264383,0.08789506,0.064406656,0.019061344,0.0005714982,0.034758665,0.099658854,0.16271369,0.1789163
0.062431425,0.11076933,0.121081986,0.08396818,0.022013849,-0.023666454,-0.02528488,0.009507075,0.047892306,0.050234124,0.0068181795,-0.055648867,-0.09783801,-0.091409475,-0.042499714,0.011253238,0.030188698,0.005254534,-0.042529855,-0.06726574,-0.043534607,0.01750939,0.08490249,0.1117776
-0.0085737035,-0.096619196,-0.1515594,-0.13250785,-0.05333233,0.018698817,0.03443688,-0.016177874,-0.09079783,-0.13177603,-0.10547052,-0.018130068,0.0579487,0.07670936,0.024941556,-0.062404446,-0.11926155,-0.10061845,-0.019695586,0.058435827,0.07223754,0.009814656,-0.087365046,-0.14307448
0.09814212,0.0791745,0.10124848,0.15757163,0.20642976,0.20903528,0.16422665,0.10242545,0.068865456,0.083289005,0.107779704,0.1419663,0.13313368,0.083448984,0.023131171,-0.01688169,-0.012997154,0.032924905,0.08183788,0.099875115,0.078232974,0.032190774,0.015961364,0.05279817
-0.1127056,-0.12086375,-0.08325579,-0.043640617,-0.042445205,-0.08612487,-0.15224354,-0.19975367,-0.19973165,-0.15174928,-0.09158085,-0.070154846,-0.086788796,-0.13655108,-0.17122883,-0.14577118,-0.067882165,0.0071921446,0.04171982,0.019738043,-0.03152447,-0.06384035,-0.05208371,0.004234531
-0.12442303,-0.11851524,-0.06553515,-0.014564182,-0.019418841,-0.07676905,-0.1540689,-0.1987158,-0.18736069,-0.12369879,-0.058792133,-0.04745965,-0.08295444,-0.14361614,-0.17503081,-0.13899082,-0.052208185,0.031233888,0.05810561,0.018524798,-0.04627994,-0.07728765,-0.049682602,0.02192201
-0.013128668,-0.014198612,-0.059680503,-0.1262524,-0.1638651,-0.15267777,-0.10128023,-0.051799636,-0.038858652,-0.07197463,-0.11167948,-0.13240822,-0.10798491,-0.043493215,0.02136185,0.044477355,0.020309756,-0.024337262,-0.05061045,-0.03325123,0.01951705,0.07168937,0.07940256,0.032988355
0.047028944,-0.02162359,-0.06520071,-0.05671618,-0.0005055648,0.050205518,0.052863196,0.004530588,-0.058261216,-0.09326744,-0.08317029,-0.018792253,0.037933495,0.052794624,0.016594386,-0.047156814,-0.0810473,-0.059859347,0.006702476,0.074771605,0.099596635,0.06314377,0.004367999,-0.027643554
0.12218881,0.051192522,0.0064036716,0.026064023,0.09805888,0.16078773,0.17056441,0.11333293,0.03771338,-0.008369606,-0.008157427,0.059174687,0.115732916,0.123762265,0.07053779,-0.021363122,-0.07786185,-0.064529896,0.009420773,0.09117016,0.12224384,0.07280849,0.00016057091,-0.032018267
0.057021774,0.13228166,0.15841849,0.11869504,0.049923785,0.00793758,0.028879635,0.09289411,0.15425125,0.16389266,0.11359349,0.030126207,-0.020420996,-0.012507481,0.044437047,0.10774595,0.12128848,0.06659729,-0.016093427,-0.06588333,-0.05020372,0.017346626,0.08868293,0.108963124
0.025138423,0.013225278,0.044117447,0.11196444,0.17735715,0.20324159,0.18224654,0.14141056,0.11913206,0.13792227,0.17569843,0.21504034,0.21239798,0.16444655,0.096759655,0.04616065,0.02909643,0.051443283,0.082075916,0.07875873,0.030922886,-0.03469462,-0.07991643,-0.07208361
-0.14883222,-0.20165929,-0.20162126,-0.15528427,-0.1026786,-0.082792945,-0.11275173,-0.16144359,-0.19528168,-0.17978865,-0.112814024,-0.045430694,-0.015017619,-0.03863429,-0.09325633,-0.12833491,-0.11608337,-0.05917376,-0.0032876527,0.008026608,-0.03967083,-0.109419085,-0.16766796,-0.17579342
0.053303596,0.08288969,0.081345834,0.04408702,-0.014564773,-0.0606435,-0.070666954,-0.05326161,-0.031028787,-0.03340807,-0.0708784,-0.119810775,-0.15090287,-0.14298017,-0.10120586,-0.054890055,-0.030647306,-0.04027388,-0.06443101,-0.0703771,-0.039931696,0.015994018,0.07810704,0.10951505
0.109531276,0.052741896,-0.034161165,-0.09187331,-0.07715139,-0.015461748,0.04332952,0.049323633,0.0015756194,-0.070502184,-0.11745536,-0.087052315,-0.017668152,0.05808852,0.08675625,0.03997304,-0.027422477,-0.06196628,-0.030964667,0.054747045,0.14377339,0.16824119,0.13063799,0.0628482
-0.060277604,-0.11642293,-0.1536069,-0.15371604,-0.11234251,-0.06446933,-0.046632,-0.06596337,-0.10420735,-0.12746319,-0.10564581,-0.050079804,0.006469713,0.03427423,0.020184798,-0.020631844,-0.045053918,-0.032188937,0.010182442,0.050288774,0.058499113,0.02648404,-0.03303259,-0.081546016
-0.060522623,-0.03154545,0.061402567,0.1595919,0.18863061,0.14281723,0.059597924,0.004550343,0.017298028,0.095132336,0.16742577,0.17591226,0.11810209,0.012864451,-0.06807365,-0.062475525,0.0077708983,0.077287816,0.09221404,0.029724121,-0.07163172,-0.13831127,-0.12559314,-0.038005624
0.04898225,0.07912264,0.07406248,0.030521454,-0.031208877,-0.07512724,-0.07653622,-0.051809415,-0.025772976,-0.02801246,-0.0655696,-0.114716485,-0.1411014,-0.12564066,-0.076193884,-0.02568958,-0.00065509113,-0.013201939,-0.040169068,-0.04584146,-0.0104412725,0.0496267,0.11066373,0.13743493
0.10495157,0.082762875,0.03455916,0.00572982,0.030845098,0.09444099,0.15847172,0.17983314,0.1541952,0.09917513,0.05960796,0.07282592,0.11866354,0.16732135,0.1758337,0.124717906,0.05134788,-0.0038581418,-0.005237843,0.039334297,0.0903869,0.09546938,0.05170345,-0.011919592
0.03689043,0.110875025,0.18199599,0.21214806,0.18896332,0.14126883,0.11040045,0.12836184,0.18187751,0.23241329,0.23497196,0.18347904,0.11315813,0.060687,0.05938797,0.1080136,0.1435069,0.13755345,0.087438114,0.015335855,-0.030100547,-0.0150262825,0.040113337,0.09530506
0.10198311,0.053739466,0.020973872,0.030538721,0.071297996,0.10395884,0.10270372,0.057941023,0.0052957903,-0.025951255,-0.027622845,0.016012147,0.051642682,0.0560826,0.023399418,-0.032213654,-0.0604303,-0.043006945,0.015090991,0.075636275,0.104163155,0.078187056,0.038452838,0.027752295
0.09504071,0.048458125,-0.024596233,-0.07876397,-0.07718034,-0.038472716,0.0060416674,0.009370636,-0.028257012,-0.08873004,-0.13138135,-0.1119109,-0.059512217,0.0041846535,0.03581474,0.004625144,-0.044651095,-0.067402355,-0.040336907,0.033464834,0.1119294,0.13731383,0.11211141,0.06128519
0.035337683,-0.0002633817,0.0064876815,0.0544511,0.100409925,0.11076237,0.06893437,0.0043751174,-0.03788982,-0.032115743,0.0018100098,0.049211785,0.05896551,0.023716927,-0.03349851,-0.07650581,-0.06465573,-0.0107309595,0.050841738,0.075617805,0.056348335,0.007341605,-0.01878791,0.005544273
0.16145974,0.13747111,0.087254025,0.057065908,0.077558264,0.13220227,0.182653,0.19153368,0.15869085,0.10052111,0.051718522,0.062114183,0.1012729,0.14461125,0.15143238,0.09950681,0.033305414,-0.010879842,-0.005132006,0.04893247,0.112249956,0.12445883,0.09648429,0.049754284
0.15447055,0.10333705,0.069548234,0.09273013,0.15928115,0.21878625,0.2311225,0.18711476,0.12477362,0.0846076,0.074726135,0.12603575,0.16476624,0.16878821,0.123172805,0.036367763,-0.026019758,-0.02279315,0.03190927,0.09775794,0.12640233,0.08587242,0.029021194,0.002585558
0.014691477,0.0843551,0.148585,0.15839581,0.09455781,0.003958739,-0.056209065,-0.052224778,0.0013571263,0.05621666,0.056086425,-0.008715133,-0.08987645,-0.14293358,-0.12768777,-0.047837935,0.034604125,0.061103247,0.022298034,-0.04234129,-0.07211094,-0.03377649,0.061269023,0.1534991
0.19109043,0.1767801,0.14115731,0.11618951,0.13416293,0.17384514,0.20916805,0.2085406,0.17830119,0.12782648,0.07411455,0.07415128,0.09776392,0.12524657,0.12672918,0.08381994,0.023239259,-0.02184504,-0.01653343,0.03489181,0.09281241,0.109516524,0.09370355,0.06324756
0.015722012,-0.025506733,-0.08139128,-0.11261526,-0.093843415,-0.043159798,0.0069948747,0.017507477,-0.0125026,-0.057801336,-0.07618069,-0.048803132,0.0055591743,0.057668112,0.07081831,0.03205449,-0.019065794,-0.04550575,-0.027791774,0.022655416,0.06754777,0.06748539,0.022337249,-0.03647544
-0.1516308,-0.10108171,-0.045334462,-0.042061497,-0.109334484,-0.1976703,-0.25425935,-0.24381411,-0.18460797,-0.11811776,-0.082188,-0.124600254,-0.18196927,-0.21971786,-0.19509873,-0.098538935,0.009100735,0.055785555,0.025239263,-0.048566107,-0.09645746,-0.06961975,0.0065242946,0.07994481
0.045457676,-0.046418566,-0.11299777,-0.11565315,-0.05790804,-0.0018621586,0.007104899,-0.050922047,-0.13063155,-0.17829718,-0.16962679,-0.09150277,-0.0162663,0.013324403,-0.019472245,-0.09308902,-0.13358884,-0.10575167,-0.01600745,0.08063273,0.124183565,0.087048896,0.015751192,-0.02424053
0.14267077,0.083868556,0.04197967,0.05389797,0.103970945,0.14630336,0.14228058,0.08800006,0.02174322,-0.01602567,-0.023666084,0.028038375,0.06871682,0.07487361,0.036102228,-0.034192555,-0.07054917,-0.048104286,0.019106207,0.09360117,0.13363981,0.10690918,0.06966561,0.061424524
0.07201917,0.050756652,0.07344445,0.13409652,0.18368578,0.18736175,0.14115474,0.077658184,0.04194226,0.0540875,0.08430277,0.12091785,0.11412634,0.061915886,-0.005622374,-0.05155262,-0.044658627,0.0047393753,0.05390865,0.06804073,0.03912061,-0.016012916,-0.0383478,-0.0026852037
0.1015668,0.08167044,0.09916728,0.15348656,0.20454246,0.21616954,0.17953351,0.12400912,0.0904438,0.10082785,0.12239641,0.15822832,0.15254089,0.10803025,0.048799727,0.002362859,-0.000695337,0.040230688,0.08329699,0.10066723,0.08220876,0.03542271,0.016894255,0.046766754
0.07466895,0.03583858,0.055011105,0.12685034,0.19098723,0.20106928,0.14336923,0.05824613,0.0052660895,0.018292733,0.060191426,0.11588622,0.11908568,0.059640504,-0.026626,-0.087088466,-0.073483616,-0.005536941,0.06567909,0.09306204,0.062955566,-0.00655354,-0.03637919,0.0070488225
-0.13354997,-0.12808818,-0.07062134,-0.006086106,0.015050488,-0.013158828,-0.07242872,-0.10856827,-0.097226284,-0.03728012,0.034026224,0.0577181,0.030529995,-0.030323418,-0.075140655,-0.06175322,-0.0008171964,0.066060275,0.08365431,0.03521615,-0.045008965,-0.09752749,-0.09971615,-0.055351645
0.18121181,0.21058552,0.17202628,0.10103582,0.06539137,0.09115936,0.16694383,0.23365365,0.25063008,0.19611534,0.10401138,0.050554402,0.05319552,0.115644336,0.18146378,0.18111975,0.114180245,0.02192342,-0.03918641,-0.020329386,0.05903004,0.12810521,0.1508836,0.10377682
0.121929295,0.20797956,0.2426496,0.21685055,0.15952992,0.12575197,0.14440535,0.20768994,0.2682987,0.275441,0.21409266,0.12559561,0.06045954,0.057050716,0.10398083,0.15187065,0.14598578,0.08185646,-0.008773111,-0.064472266,-0.05238233,0.011621473,0.08643275,0.10916153
0.06982352,0.042657513,-0.0022021136,-0.026251733,0.005575057,0.071653776,0.13299215,0.1509888,0.12303169,0.070789546,0.037471425,0.055282895,0.10330215,0.1482001,0.14962797,0.09569286,0.020480085,-0.034672827,-0.0362381,0.0065043997,0.047061704,0.043220554,-0.008003247,-0.07632014
-0.058043767,-0.034576446,0.05176914,0.14157186,0.1717238,0.13140763,0.050437305,-0.0030463722,0.008832804,0.08308239,0.15337665,0.16701369,0.11600389,0.019631736,-0.053261463,-0.0442149,0.025212757,0.094864585,0.11024522,0.051831234,-0.04259697,-0.1034615,-0.09143898,-0.013355226
0.048813276,-0.0353102,-0.09372604,-0.08731601,-0.024025517,0.033695992,0.040335275,-0.015569281,-0.090546966,-0.13435955,-0.12073839,-0.042968467,0.028218279,0.05059357,0.011862757,-0.061750606,-0.10339284,-0.07734497,0.0085681155,0.09497216,0.1287966,0.087448455,0.013272149,-0.026347347
0.06965716,0.12507293,0.13228798,0.08247171,0.006448765,-0.04683142,-0.046057824,-0.0019120688,0.045302194,0.050107826,-0.0009906852,-0.072723255,-0.11969571,-0.10544084,-0.038944725,0.0312499,0.05484708,0.025608506,-0.028011085,-0.054343186,-0.020669647,0.05911326,0.14215964,0.17195451
0.1006574,0.16860166,0.19592425,0.17411289,0.1281537,0.10153557,0.11867455,0.17094167,0.22103669,0.23084517,0.18434595,0.11566824,0.06614043,0.06621502,0.10755561,0.1488652,0.14917278,0.10261515,0.03026592,-0.013811931,-0.0009284437,0.05169924,0.113817595,0.13394381
0.021623116,-0.037112977,-0.08465115,-0.094621964,-0.07183863,-0.048737038,-0.053755432,-0.09009855,-0.13543107,-0.15795735,-0.14891814,-0.099256024,-0.054573875,-0.031395167,-0.037765726,-0.065358974,-0.07161756,-0.037113894,0.024120474,0.08435629,0.12007017,0.11199077,0.0870806,0.07429025
0.0851738,0.117419675,0.072055794,-0.010744735,-0.05910881,-0.033859566,0.053954143,0.14370927,0.17352949,0.1194672,0.032374285,-0.027116986,-0.019042045,0.059782002,0.14413777,0.15860866,0.08975804,-0.012452162,-0.08844609,-0.08304606,-0.010679603,0.06560184,0.08618214,0.020978346
0.009045548,-0.07225999,-0.13031173,-0.13647173,-0.09932421,-0.06511786,-0.06971103,-0.12255231,-0.18749036,-0.21844766,-0.20023504,-0.13139582,-0.066202305,-0.03991237,-0.060726568,-0.10685643,-0.113953754,-0.06827214,0.014058284,0.09349131,0.13231348,0.107391685,0.061713036,0.042589795
0.117909156,0.07834169,0.00665432,-0.032396734,0.0098691275,0.10350124,0.1941167,0.22122154,0.1808615,0.104633145,0.054352097,0.08059245,0.15112177,0.22259234,0.23430449,0.16095549,0.05031915,-0.027657524,-0.021114731,0.047443967,0.11556494,0.119049855,0.048171803,-0.049536213
0.00072117004,0.028243985,0.092078194,0.16050535,0.19010487,0.17447136,0.13137482,0.10353754,0.1138843,0.15978944,0.19785349,0.20022999,0.16059628,0.09236369,0.03722233,0.030829787,0.055662654,0.08208073,0.08243988,0.038155735,-0.027847625,-0.07139618,-0.069246195,-0.023027025
0.109559275,0.12520467,0.099543504,0.05867179,0.03743698,0.05101987,0.093064524,0.1294399,0.13643084,0.10338643,0.0496604,0.019077064,0.021681368,0.05815797,0.095581934,0.09492119,0.055090655,0.0026727736,-0.02709629,-0.01196924,0.03696258,0.079075515,0.09331283,0.068921216
0.11752449,0.09549694,0.11536035,0.17551254,0.23092446,0.24368286,0.2043576,0.1394832,0.09897811,0.10620236,0.12884028,0.1670978,0.16324848,0.11371536,0.044708814,-0.010406736,-0.011910016,0.031560984,0.082942665,0.10480836,0.08540747,0.031648338,0.007809379,0.041640695
-0.08571707,-0.055491272,-0.022236336,-0.01849554,-0.052950043,-0.09935312,-0.13163628,-0.12275731,-0.08732162,-0.04669784,-0.027130656,-0.05100537,-0.085321784,-0.10566914,-0.088859655,-0.033150744,0.023328926,0.048090614,0.026659634,-0.018602025,-0.047501806,-0.030185115,0.016058996,0.054816302
0.016709216,-7.5482254e-05,0.040199604,0.12511095,0.20185071,0.23052767,0.1959895,0.14072694,0.11083014,0.13373773,0.18367025,0.23251806,0.22940445,0.16704513,0.078609556,0.01557678,0.009245014,0.04744598,0.08298013,0.07396034,0.012014661,-0.07213653,-0.12113566,-0.10435728
0.01701499,-0.026899539,-0.085094355,-0.118259594,-0.09959569,-0.051457107,-0.008704922,-0.0024601445,-0.03502863,-0.08477178,-0.10619787,-0.07839206,-0.026153876,0.025108354,0.03895802,0.001503953,-0.052876655,-0.07844302,-0.058245175,-0.005447173,0.03936312,0.041556902,-0.003144776,-0.06484363
0.030224226,0.091118574,0.15085581,0.1797791,0.16051716,0.12059752,0.09709278,0.11297046,0.15626802,0.20037645,0.2018802,0.1573045,0.09623749,0.051105544,0.047531493,0.0814966,0.10960372,0.10762072,0.06263996,0.0026020359,-0.035353303,-0.027708177,0.020511651,0.0715011
-0.13948017,-0.13714261,-0.09397006,-0.042842884,-0.02367199,-0.043401953,-0.08286679,-0.107243806,-0.09835868,-0.051914982,0.009336582,0.029285662,0.014624961,-0.033286657,-0.07485399,-0.066180475,-0.023823742,0.019996533,0.033418316,-0.003754314,-0.07216812,-0.119364515,-0.13317452,-0.10397792
0.053744186,0.12070684,0.1271616,0.06356303,-0.033151947,-0.097461976,-0.08788803,-0.02786538,0.032443404,0.037222203,-0.0191454,-0.10602072,-0.15653181,-0.13506253,-0.053971626,0.031881686,0.06540551,0.028543979,-0.038980585,-0.07370211,-0.03459174,0.058172528,0.15147536,0.18393013
0.07421391,0.034354176,0.05745253,0.13578959,0.20953676,0.22269678,0.16179824,0.07332174,0.021261958,0.040348504,0.08977199,0.1530947,0.15725197,0.09667515,0.011873036,-0.04568376,-0.034801546,0.037407734,0.116490714,0.14302336,0.10697595,0.03505796,-0.0013319328,0.03711304
0.09623923,0.0071685826,-0.044707064,-0.017005835,0.06854477,0.13905652,0.14242196,0.07135579,-0.01698095,-0.062422816,-0.04862581,0.038535893,0.105927885,0.1120781,0.046965454,-0.05607019,-0.11291422,-0.08507389,0.007641339,0.09982514,0.12658472,0.063277796,-0.022502055,-0.057253726
-0.011514013,0.001919542,0.051624376,0.09912425,0.09789683,0.0459477,-0.026495302,-0.07457815,-0.07084956,-0.025099942,0.013091398,0.013730314,-0.027701661,-0.091805205,-0.12958434,-0.10787052,-0.04411455,0.0175443,0.04295804,0.017289598,-0.02904133,-0.051071033,-0.02141083,0.05151202
0.02072676,0.07053872,0.07526672,0.021638818,-0.064662665,-0.12688355,-0.13412705,-0.09379719,-0.049088378,-0.044899106,-0.09045732,-0.16305202,-0.20711288,-0.19215705,-0.12646584,-0.05152119,-0.011588645,-0.03033393,-0.082421124,-0.110401325,-0.07975485,-0.001149431,0.08703688,0.12266825
0.09370939,0.046072643,0.014658894,0.023935143,0.06790969,0.10399892,0.10200537,0.059493564,0.008107059,-0.023054315,-0.026030485,0.017509582,0.052692447,0.057296842,0.02493626,-0.029419504,-0.062420536,-0.050124753,0.0027012709,0.059983812,0.0851245,0.06035006,0.02061631,0.004198379
-0.17458868,-0.15868257,-0.07795739,0.008204121,0.030502599,-0.0156142535,-0.09603456,-0.14340255,-0.12657298,-0.04736253,0.042505432,0.062457502,0.020577224,-0.06865346,-0.13572569,-0.1144579,-0.0351701,0.0410413,0.061366916,-0.0038000501,-0.112612434,-0.17859927,-0.17783062,-0.10964268
-0.03588787,0.022334343,0.04449694,0.0102232685,-0.05065143,-0.09066452,-0.07782938,-0.019085387,0.04080733,0.061186034,0.035418134,-0.027261581,-0.06862137,-0.0558576,0.0054447046,0.074601755,0.095151916,0.062205613,-0.005803508,-0.05759747,-0.05759118,-0.001497222,0.057046164,0.065696955
-0.01011138,0.07602846,0.16413328,0.20028052,0.15860179,0.08583797,0.036698397,0.05450347,0.12136963,0.189158,0.20099978,0.13706295,0.04650935,-0.018083334,-0.014404403,0.05289123,0.11703512,0.13011295,0.07103925,-0.023035144,-0.085194044,-0.06943382,0.0074592335,0.08458382
-0.014934862,-0.054892384,-0.031738784,0.040532336,0.117744505,0.14640418,0.10901682,0.042321175,-0.00013201038,0.019499037,0.07601861,0.14040564,0.15710871,0.106857456,0.023376055,-0.03452637,-0.033118006,0.017158443,0.074210346,0.08753684,0.037790228,-0.043025117,-0.09846351,-0.08672451
-0.07610988,-0.029711207,0.015946403,0.018010704,-0.03402004,-0.10190373,-0.14867629,-0.13872425,-0.092235215,-0.046769526,-0.034825243,-0.07744155,-0.13353816,-0.16514693,-0.14357542,-0.07224738,-0.0029941136,0.02282574,-0.010874622,-0.070018604,-0.10415572,-0.0765264,-0.0087343,0.04649244
0.101471595,0.10553808,0.06136669,-0.004780108,-0.048538137,-0.050203927,-0.01691546,0.01684616,0.019723231,-0.019150523,-0.08354316,-0.11827049,-0.11159669,-0.05823765,0.0028958502,0.020831589,-0.003429399,-0.042912964,-0.0663737,-0.035806026,0.03708073,0.10367063,0.14140978,0.123427995
0.09339513,0.099092074,0.052229587,-0.01809462,-0.06289792,-0.05878002,-0.015456647,0.02465731,0.028553106,-0.014906393,-0.08213425,-0.1188953,-0.1076667,-0.048617452,0.014411389,0.03026225,0.00027563184,-0.05038454,-0.077113286,-0.046572834,0.027922085,0.09588307,0.12834552,0.10233195
-0.03670023,-0.0369313,-0.08288288,-0.15281118,-0.19732922,-0.191953,-0.14263606,-0.08882935,-0.07088871,-0.09829382,-0.13385254,-0.15609236,-0.13212751,-0.06547942,0.0054467437,0.038255237,0.02402462,-0.014535498,-0.0443784,-0.031645097,0.020805616,0.07737452,0.092777774,0.05073037
0.06264205,0.026141826,0.029137004,0.06972732,0.10859416,0.107909605,0.06098605,-0.006583937,-0.04940599,-0.044569302,-0.018055106,0.024368891,0.030225853,-0.0051078806,-0.056493495,-0.092048265,-0.07825862,-0.021199357,0.042800937,0.07633008,0.06761031,0.027720785,0.010321207,0.042659897
0.034600988,0.0738089,0.10856208,0.1100178,0.06911377,0.013353483,-0.024765652,-0.026200678,0.0030125647,0.0329221,0.029091148,-0.008791516,-0.056000564,-0.08482769,-0.07188587,-0.02318182,0.030727746,0.05199958,0.033237617,0.00046280632,-0.008276451,0.019529724,0.0812269,0.13969663
0.09891379,0.18391126,0.21680202,0.18136887,0.113708876,0.07097729,0.09567025,0.16259399,0.22820245,0.24042128,0.18360391,0.093220904,0.033595685,0.03685158,0.09398163,0.1550622,0.16212232,0.1012536,0.013609625,-0.03867676,-0.021681227,0.047251534,0.121960886,0.14708409
0.07857694,0.0371016,-0.03547686,-0.09152257,-0.09426408,-0.056792498,-0.010736931,-0.0014986666,-0.035647474,-0.09370949,-0.13667266,-0.122626826,-0.07000546,-0.005775361,0.026358357,0.0011375208,-0.04653043,-0.07673134,-0.054636046,0.014934395,0.09250112,0.12419506,0.10509536,0.05719674
0.09211729,0.068965636,0.081462845,0.12771666,0.1693041,0.17439343,0.13490394,0.07476698,0.037125893,0.03999076,0.058573466,0.091467045,0.08908457,0.04694734,-0.011842257,-0.055640828,-0.05124082,-0.010119753,0.03838521,0.06157721,0.048056208,0.0050515886,-0.012427905,0.019497642
0.1134399,0.05071371,-0.04588557,-0.10924358,-0.09733584,-0.03733182,0.020319508,0.021547014,-0.034263466,-0.1175278,-0.17023017,-0.14037916,-0.066132635,0.012773705,0.039620336,-0.010906293,-0.084214196,-0.12259926,-0.08312609,0.014143131,0.110572845,0.13790439,0.09652848,0.026673086
-0.038951218,-0.0031953896,0.0866033,0.17370957,0.19702892,0.15563877,0.08087089,0.037558887,0.055463538,0.12608147,0.18300913,0.18181047,0.12111949,0.026451778,-0.03990893,-0.030786565,0.029006202,0.083991334,0.085445866,0.02044567,-0.07191333,-0.124964155,-0.10465793,-0.02766118
0.059605043,0.018921759,0.043124877,0.12257317,0.19696008,0.21402104,0.1621947,0.07760266,0.026494008,0.0474957,0.10168918,0.16653754,0.176162,0.117432274,0.029801533,-0.032240428,-0.017255075,0.05521447,0.1308745,0.15545359,0.11793231,0.038813364,-0.003263207,0.034496125
0.10747492,0.06706556,-0.00040903015,-0.045301538,-0.031144748,0.020561889,0.070734784,0.07682289,0.03773505,-0.026501752,-0.07155824,-0.053005174,-0.00021259318,0.056333467,0.07261138,0.028905425,-0.036054924,-0.07702261,-0.05710645,0.011531025,0.0818777,0.10015993,0.06559289,0.008509295
0.063895315,0.026724754,-0.031714737,-0.07780598,-0.083144896,-0.059287146,-0.032827232,-0.03511343,-0.06687597,-0.116533756,-0.15041712,-0.1375937,-0.09654978,-0.04976867,-0.028702393,-0.048059683,-0.077547945,-0.094331786,-0.07068789,-0.012073149,0.04986789,0.074240215,0.06092855,0.027788876
0.062472597,0.032914415,0.051678155,0.10760115,0.15679851,0.15825906,0.10625236,0.034531824,-0.007965107,0.0027462645,0.03138781,0.07069735,0.067900315,0.017616719,-0.049366586,-0.09284025,-0.08376211,-0.03226395,0.024821019,0.04834495,0.023118462,-0.028539522,-0.048721418,-0.012649224
0.026384685,-0.03365615,-0.029296583,0.034536548,0.10029236,0.10949314,0.047270857,-0.04977789,-0.113717794,-0.10546459,-0.052121717,0.020362856,0.04138235,-0.008505389,-0.09181727,-0.14820993,-0.12942865,-0.04943527,0.046660576,0.091659345,0.06510528,-0.0064758635,-0.05133628,-0.017890116
-0.033267934,-0.118718304,-0.17020628,-0.15316136,-0.077757545,-0.003891257,0.014354471,-0.032151088,-0.101578034,-0.1396689,-0.105493575,-0.016352793,0.06499611,0.08693429,0.037503038,-0.043857694,-0.08549444,-0.063181594,0.013942176,0.08251345,0.09232064,0.029360754,-0.06790709,-0.12542541
-0.070895076,-0.11241281,-0.10112386,-0.042059533,0.021403514,0.048371084,0.024953062,-0.025908515,-0.060760055,-0.04551033,0.014048796,0.0767032,0.10015374,0.06595612,-0.0010703321,-0.05127596,-0.04950102,-0.0020859789,0.051097773,0.061906353,0.015162599,-0.061351076,-0.12290986,-0.12404001
0.027226008,-0.02069405,-0.0567281,-0.05919197,-0.030924426,-0.003086908,-0.0014352257,-0.03310987,-0.075181745,-0.100549854,-0.09638206,-0.055499405,-0.016659776,-0.0011178427,-0.017327549,-0.053658426,-0.07222148,-0.055830076,-0.0068709026,0.04404948,0.06851504,0.052249424,0.01847237,-0.00019250815
0.20780624,0.24877368,0.21074745,0.13772468,0.09592667,0.11723637,0.19827422,0.27307853,0.29451287,0.23732238,0.1326458,0.06488947,0.05875411,0.122243635,0.1945575,0.19673686,0.11649998,0.008953129,-0.057639904,-0.038832735,0.04558992,0.12537408,0.1548812,0.10991115
0.102650695,0.07287746,0.015860306,-0.01518755,0.01748674,0.09214121,0.1672297,0.19055955,0.15781832,0.093997635,0.04880496,0.06537673,0.11881484,0.17399324,0.18027194,0.11662624,0.023392562,-0.04382586,-0.043694325,0.011312634,0.06652837,0.067500435,0.0110818725,-0.06582428
0.025999608,0.070790485,0.11007096,0.11311419,0.06599599,0.0016578526,-0.043635767,-0.04632474,-0.013983714,0.021213304,0.018904038,-0.024348827,-0.07747297,-0.11053283,-0.096574344,-0.039445926,0.022200428,0.045372024,0.027889814,-0.009348848,-0.021375027,0.011777415,0.08280492,0.15068899
-0.06197897,-0.12359326,-0.1177811,-0.052621808,0.008974934,0.016570326,-0.042022534,-0.1277178,-0.18063349,-0.16070138,-0.08753753,-0.008913338,0.015893001,-0.030413434,-0.10853253,-0.15531948,-0.12349851,-0.032955904,0.05613187,0.08539905,0.043665383,-0.03626232,-0.086709775,-0.058822248
-0.10842595,-0.1584013,-0.15077852,-0.093616225,-0.035143655,-0.016807392,-0.055744626,-0.11574653,-0.15533586,-0.1399279,-0.07568539,-0.009577624,0.0136664575,-0.021256587,-0.0871919,-0.13104321,-0.119518414,-0.05915644,0.002193644,0.014980648,-0.035059225,-0.1099067,-0.16557294,-0.16317394
0.15722948,0.08904566,0.050095614,0.076401316,0.15211944,0.21132176,0.21495725,0.15157498,0.07533531,0.036540706,0.035731524,0.10259492,0.15210205,0.15358463,0.0990279,0.0077940747,-0.047893178,-0.029113796,0.049576554,0.13352181,0.16591142,0.11804042,0.052823193,0.031544503
0.07372866,0.1139243,0.1182589,0.07783656,0.019609025,-0.020240871,-0.019973198,0.012442229,0.047422744,0.05192876,0.0106318155,-0.042678796,-0.07757875,-0.06362785,-0.008483026,0.045422215,0.06778635,0.051743723,0.010568438,-0.0068707736,0.025594642,0.08926161,0.15831293,0.18354934
-0.02865628,0.0285666,0.044709735,0.0024204252,-0.060105555,-0.09456399,-0.07171195,-0.0077749975,0.050051745,0.061018325,0.026622348,-0.039528776,-0.075116664,-0.05446701,0.009953894,0.07492288,0.08719303,0.04266038,-0.02986046,-0.07666464,-0.06902209,-0.009667947,0.04490035,0.044656917
0.06735391,-0.008673183,-0.045694612,-0.002239544,0.101756245,0.19342451,0.21771358,0.16476269,0.08706188,0.044209193,0.0658484,0.15288216,0.22172579,0.22266814,0.14408754,0.026551021,-0.050830822,-0.047125664,0.023467535,0.09331484,0.09590332,0.01195471,-0.09953578,-0.15586601
-0.04571948,-0.08518505,-0.074522264,-0.02786281,0.014772034,0.018284388,-0.0266435,-0.08862869,-0.123730406,-0.1055794,-0.052500702,0.0007588027,0.017184345,-0.018843958,-0.07557686,-0.10295473,-0.07247819,-0.009612839,0.051110305,0.067078106,0.034264352,-0.019763658,-0.05071437,-0.027187264
0.011570096,0.030605117,0.093391724,0.15334168,0.15678369,0.10020495,0.017883858,-0.036250677,-0.028676592,0.031279538,0.078757375,0.08209639,0.03323719,-0.044318266,-0.090454,-0.06604296,0.012945579,0.08908239,0.1144596,0.08037274,0.027141282,-0.0004419238,0.03729784,0.12746806
-0.05038963,-0.0052556107,0.0078112413,-0.025936576,-0.07439769,-0.09714328,-0.07549187,-0.017603965,0.034834526,0.04934849,0.03134369,-0.01499454,-0.039896827,-0.020604923,0.03367644,0.08968803,0.105526455,0.07467219,0.011637712,-0.034322616,-0.033323318,0.011311118,0.05243234,0.04711048
-0.1239087,-0.09106044,-0.04906608,-0.042643733,-0.089019164,-0.15725914,-0.20420438,-0.20131947,-0.16051956,-0.10798997,-0.07747589,-0.10606496,-0.14815028,-0.17768186,-0.16046092,-0.08908374,-0.009494949,0.031940747,0.014501625,-0.03726003,-0.07569082,-0.059441052,-0.004562352,0.051449217
0.00043736157,0.06171405,0.119310424,0.13057989,0.07619147,0.00016338982,-0.052316327,-0.047959436,-0.0006501721,0.04834938,0.051362853,-0.0035551891,-0.074011505,-0.1211571,-0.11036408,-0.0425954,0.031062607,0.05473821,0.019102195,-0.041801877,-0.072024696,-0.041429434,0.04098673,0.12061145
0.19061936,0.15637644,0.094327636,0.0588927,0.0883076,0.15717423,0.2153522,0.2208117,0.17414635,0.09871297,0.03390385,0.046351902,0.09271351,0.14435366,0.14898917,0.07869041,-0.012521119,-0.07089009,-0.06283438,0.007865169,0.08269972,0.09469818,0.05818862,-0.003569607
-0.00079080556,-0.075263076,-0.12416534,-0.11091733,-0.04070155,0.030623661,0.050613128,0.011756522,-0.052620318,-0.09388817,-0.075087555,8.98176e-05,0.070480466,0.09172188,0.047725856,-0.03134358,-0.08373865,-0.075511545,-0.011931897,0.052926272,0.06717709,0.01488227,-0.07104166,-0.12747562
0.12134498,0.21748635,0.25350234,0.2157353,0.14500636,0.10202729,0.12879173,0.20568797,0.280268,0.2959044,0.23313013,0.13516064,0.06898019,0.073734015,0.13947049,0.20924303,0.2133674,0.14502858,0.04686004,-0.013216833,0.0065414393,0.08707269,0.17258038,0.19851549
0.16291383,0.19075024,0.15691149,0.094162464,0.05998196,0.08010803,0.14563479,0.2031847,0.21716791,0.16736862,0.08484073,0.034726486,0.036609408,0.08974514,0.14497237,0.14484984,0.087667935,0.0042336048,-0.04835637,-0.031054722,0.039695945,0.102048025,0.123795986,0.08626003
0.017565863,0.0017023333,0.026146049,0.086132735,0.14887331,0.17857201,0.16012363,0.11980532,0.0943822,0.106471024,0.1419573,0.18270092,0.18828835,0.14775355,0.08296887,0.033400435,0.018496122,0.03763492,0.069774024,0.070291616,0.028310278,-0.03245929,-0.07834138,-0.0763103
-0.013709353,0.037943773,0.082391456,0.07765959,0.015337192,-0.06465759,-0.1157771,-0.11205478,-0.06790633,-0.025813093,-0.027034476,-0.080060184,-0.14255556,-0.17806615,-0.15548173,-0.07927164,-0.005245186,0.018106457,-0.010317574,-0.05842282,-0.07684048,-0.036136113,0.04556193,0.117976665
0.013544042,0.049716856,0.08208285,0.08436248,0.039268028,-0.021585675,-0.068587184,-0.073262446,-0.045919877,-0.013567087,-0.016021151,-0.05383366,-0.10483675,-0.1333509,-0.11706237,-0.06528036,-0.007952831,0.021473411,0.0066055954,-0.026462218,-0.03662321,-0.0056594345,0.06497782,0.12838592
0.20138979,0.2385325,0.19692004,0.11790668,0.07369067,0.09463636,0.1767136,0.2515344,0.27209663,0.21396703,0.10937709,0.04318674,0.041780327,0.107588746,0.18019466,0.18514572,0.10977527,0.002600408,-0.064727895,-0.042642053,0.045830615,0.12759574,0.1579099,0.11300237
0.052173637,0.0012134365,0.008371715,0.06954459,0.12482194,0.12374467,0.057262782,-0.034812286,-0.09193474,-0.079612635,-0.033898763,0.027507424,0.03672228,-0.013858567,-0.08727843,-0.13500877,-0.11128158,-0.027622823,0.060027648,0.099906914,0.07904172,0.018401807,-0.007832135,0.037081514
0.033460032,0.09060074,0.14807868,0.17536119,0.1549084,0.11390719,0.08909392,0.09813876,0.1367268,0.17659763,0.18031043,0.13910058,0.08354998,0.03977525,0.034574166,0.067618564,0.101753764,0.10351221,0.069254294,0.01509102,-0.020059483,-0.013515421,0.029651176,0.08093255
0.0098646665,-0.043823764,-0.028429192,0.048756376,0.12185716,0.13368975,0.07016834,-0.023810526,-0.082155876,-0.06451428,-0.0039484245,0.068889394,0.08212979,0.024482789,-0.06373953,-0.1230986,-0.10786561,-0.026978659,0.062706985,0.09454675,0.052663755,-0.02817787,-0.07529306,-0.041838173
0.021910159,-0.027515793,-0.015783843,0.04802031,0.10759859,0.11129963,0.053681046,-0.033439264,-0.086991616,-0.071699806,-0.01967705,0.043146893,0.056357857,0.0049951007,-0.07273639,-0.121900074,-0.1010515,-0.02570312,0.05803996,0.093077496,0.063000254,-0.0056304126,-0.04418044,-0.00697531
0.02666523,0.07194972,0.076473184,0.030074485,-0.04609423,-0.10312256,-0.109351486,-0.075068444,-0.035069685,-0.0315224,-0.070693456,-0.13448304,-0.17406203,-0.16235434,-0.104789495,-0.037803266,-0.0032967685,-0.019992793,-0.06144729,-0.084453784,-0.057270378,0.011779614,0.086194314,0.11843505
0.024695607,0.09274198,0.16238292,0.19318128,0.16717471,0.11875372,0.08551842,0.100019485,0.15071437,0.20326294,0.20963924,0.16204585,0.09267561,0.041347858,0.03989064,0.08471734,0.13094062,0.13843234,0.08926629,0.017029181,-0.027532369,-0.017370911,0.04228035,0.10291294
-0.018461535,-0.0022034051,0.062292207,0.13259882,0.14596926,0.09580354,0.0124138,-0.042864352,-0.03728153,0.02506032,0.08026187,0.090022705,0.04155562,-0.03839293,-0.090002164,-0.07247778,-0.0031865768,0.07309122,0.10239478,0.064805,-0.00040501758,-0.037592776,-0.009786859,0.0731794
0.16398354,0.19477986,0.16651835,0.11248992,0.08066044,0.097852066,0.16069557,0.21534587,0.2272508,0.17790288,0.09456875,0.03989149,0.03561428,0.07968266,0.12456901,0.11667591,0.054705407,-0.030844653,-0.08543939,-0.07006588,-0.006138798,0.048344146,0.06857547,0.03720691
0.13711332,0.11554979,0.07302702,0.047533534,0.059498604,0.09493773,0.13074781,0.1318804,0.100669935,0.049214583,0.0017279242,0.004241234,0.028323613,0.059301022,0.06305719,0.017536756,-0.04289666,-0.08015587,-0.07214554,-0.02075277,0.03230918,0.04203065,0.02143108,-0.011650583
0.0846772,0.037030943,-0.03932549,-0.09602337,-0.09134797,-0.04564168,0.0026554316,0.0075159357,-0.03441711,-0.104217395,-0.1528542,-0.1355248,-0.07868324,-0.013093306,0.013355289,-0.02382117,-0.08519073,-0.12329869,-0.099337526,-0.023345256,0.054054912,0.07959111,0.047962412,-0.01284397
