-0.12521319,-0.17211547,-0.16881022,-0.12125666,-0.06567522,-0.047003344,-0.07326188,-0.12066466,-0.14747615,-0.118686356,-0.052048396,0.021213153,0.052162513,0.032307435,-0.009010018,-0.038056236,-0.021052932,0.035523523,0.09160239,0.10529359,0.061723188,-0.0051203873,-0.056982003,-0.06124356
0.030787362,0.04054705,0.080535814,0.12348276,0.13929518,0.10947723,0.053530246,0.011678021,0.0025989062,0.022707464,0.053020798,0.059199996,0.01600951,-0.04433006,-0.087604605,-0.090321295,-0.056878928,-0.01164854,0.0059685097,-0.014498356,-0.056287054,-0.080899954,-0.067142405,-0.011846796
-0.04966483,-0.03247069,0.038249064,0.10802936,0.12295025,0.06343936,-0.032158222,-0.09772521,-0.09473941,-0.03062251,0.033647817,0.048391405,-0.014600332,-0.10913527,-0.16920613,-0.14974388,-0.06890501,0.014325232,0.040970244,-0.0027387608,-0.08358325,-0.12862036,-0.097205676,-0.008629764
-0.018289901,-0.06336073,-0.095857,-0.093281135,-0.06027806,-0.02030353,-0.0037969118,-0.020569708,-0.054908223,-0.07661794,-0.06344284,-0.022967381,0.023479797,0.044673398,0.03347125,-0.000108439235,-0.025543904,-0.021645488,0.0139215365,0.053446565,0.0645055,0.039612457,-0.0063077565,-0.04397254
0.062115833,0.02879297,0.048743602,0.11904146,0.19333106,0.20947053,0.15749842,0.07857501,0.02090085,0.015377471,0.06529092,0.11591149,0.11123609,0.052332982,-0.03577231,-0.09467086,-0.090208985,-0.034911823,0.025477001,0.040186707,-0.0021006877,-0.07438516,-0.111959666,-0.08695175
-0.006333473,-0.060897745,-0.13578765,-0.18243389,-0.17528376,-0.11535262,-0.052055743,-0.034900684,-0.0660327,-0.11723413,-0.14267085,-0.111963555,-0.033546254,0.036149178,0.06519056,0.04228577,-0.0077773808,-0.042778846,-0.022522502,0.046301734,0.102770075,0.11165911,0.06215435,-0.015809039
0.0029492038,0.00778973,0.047148705,0.0902874,0.09814549,0.057142347,-0.013145028,-0.06507215,-0.07660922,-0.050833195,-0.013370743,-0.009694476,-0.05034702,-0.11012425,-0.15248044,-0.14676398,-0.09999162,-0.03919103,-0.011253974,-0.029096998,-0.06934113,-0.09193027,-0.06932169,-0.0067253658
-0.045967363,-0.093856305,-0.10523552,-0.076623544,-0.040189687,-0.034974545,-0.07004857,-0.1267451,-0.16753992,-0.16679803,-0.12483631,-0.07178866,-0.048754577,-0.06338143,-0.105030455,-0.12882097,-0.11163107,-0.051642578,0.007942434,0.03980126,0.025079668,-0.018399186,-0.048451062,-0.038632754
-0.21571447,-0.1413329,-0.0551045,-0.031477924,-0.08161645,-0.1659811,-0.21652356,-0.18774612,-0.094298884,0.02220333,0.062596016,0.030258268,-0.03958492,-0.088162966,-0.057695497,0.029002944,0.12368324,0.15235813,0.1016624,-0.002938781,-0.07816869,-0.072406806,-0.000384931,0.06845669
-0.04577105,-0.021601703,0.059894715,0.13900161,0.1596467,0.10184962,0.004900289,-0.057987913,-0.051118426,0.015473732,0.081536375,0.093391664,0.025902305,-0.07379481,-0.13840523,-0.1273768,-0.053632136,0.027613405,0.05187831,-0.0017161049,-0.0885067,-0.13690321,-0.108063914,-0.016536554
-0.005318603,-0.056139633,-0.12519717,-0.16674569,-0.15711465,-0.10169283,-0.043930743,-0.027325543,-0.057808414,-0.10551229,-0.12769863,-0.100412965,-0.027865468,0.03978098,0.06639553,0.040785305,-0.009060966,-0.03962796,-0.021428263,0.04126647,0.09471653,0.102517694,0.054247707,-0.017999968
0.14831269,0.17832349,0.16734013,0.13565472,0.120883375,0.14555119,0.19923994,0.24761803,0.25680888,0.2147518,0.15206917,0.10276675,0.09757527,0.12700851,0.14865945,0.13431178,0.077212796,0.0039635175,-0.047178727,-0.046813797,-0.006547293,0.03348457,0.040371757,0.011279789
-0.04767659,-0.027497714,0.02845677,0.08257586,0.10261534,0.077975914,0.03274164,0.0050003,0.018003067,0.070650876,0.11584445,0.12570988,0.08714298,0.026248218,-0.012177039,-0.006412953,0.034464687,0.07041641,0.072208405,0.030681036,-0.034261648,-0.072699964,-0.06327642,-0.020131458
0.10490006,0.033514764,-0.009881564,0.01244972,0.08625853,0.14918582,0.15122971,0.091724925,0.010180351,-0.055739738,-0.044298254,0.02068865,0.070274934,0.07309376,0.016818203,-0.06614614,-0.119242,-0.10335694,-0.025448527,0.0426808,0.060833648,0.014900756,-0.05761256,-0.09157146
0.007077606,-0.04018508,-0.06389678,-0.03791106,0.02453814,0.08102596,0.10130269,0.07666833,0.032353908,0.0096079735,0.032621972,0.084053606,0.13169107,0.14452745,0.10618722,0.045023974,0.0038494815,0.008838583,0.044774964,0.08220347,0.080769405,0.03041587,-0.035155497,-0.076838076
-0.121914126,-0.07465042,-0.02565633,-0.015993092,-0.04694267,-0.09318452,-0.11411258,-0.08893755,-0.03132793,0.038412523,0.056135155,0.035441425,-0.0034606613,-0.029766385,-0.011421609,0.04220592,0.09910507,0.108655944,0.06652811,0.0071373614,-0.035833493,-0.03410604,0.008766062,0.044787265
0.066101864,0.014328978,-0.059787963,-0.10814661,-0.11233617,-0.07993059,-0.048491243,-0.056041077,-0.10116486,-0.17063116,-0.20399651,-0.19074695,-0.13810304,-0.07994257,-0.061878923,-0.081525594,-0.1216224,-0.13457431,-0.09957348,-0.028503504,0.041459206,0.06639747,0.043247696,-0.00079193065
-0.036577027,0.025801703,0.046225827,0.008994981,-0.054844704,-0.089148104,-0.061002783,0.009500551,0.07841951,0.1085464,0.074265525,0.01147802,-0.02258438,-0.0047641117,0.056809787,0.11692727,0.13141942,0.08525097,0.008009455,-0.04243847,-0.03559413,0.018438408,0.071940124,0.07814011
-0.062416147,-0.1286988,-0.13501121,-0.0831524,-0.027434709,-0.02356423,-0.08717044,-0.17758732,-0.23760939,-0.23481707,-0.16674337,-0.09014651,-0.06422385,-0.10021222,-0.1657216,-0.20230055,-0.17367624,-0.08211844,0.01343956,0.051516835,0.021298463,-0.044801515,-0.0859567,-0.06345578
0.097606756,0.10345838,0.060486767,-0.0052728564,-0.053730737,-0.05331042,-0.015393271,0.02263356,0.02404788,-0.027124122,-0.09237331,-0.13973142,-0.13162078,-0.077259675,-0.025269683,-0.009988794,-0.04457443,-0.09095854,-0.115890846,-0.08922392,-0.019328497,0.05057888,0.073796466,0.0515461
-0.00320252,-0.05544008,-0.13168548,-0.18309559,-0.17879105,-0.1198424,-0.054174956,-0.032067813,-0.060586024,-0.11517465,-0.14604431,-0.1187366,-0.04120112,0.034200363,0.068203405,0.044859175,-0.009540463,-0.04824147,-0.030113535,0.036932066,0.0991412,0.11348631,0.06634047,-0.011691022
0.042796865,0.016414002,-0.024397295,-0.04090299,-0.012195562,0.053272884,0.11800989,0.14435159,0.122301735,0.08217239,0.059944272,0.07812447,0.13246435,0.17730358,0.1818338,0.13847049,0.076218754,0.028499603,0.021489132,0.060657203,0.092144296,0.08187679,0.02917436,-0.03908665
0.039304744,0.10064737,0.12003425,0.08514608,0.030893957,-0.0061732824,0.006055229,0.058049545,0.10912771,0.119145654,0.0741412,0.009372499,-0.03667065,-0.029494742,0.015203108,0.062114626,0.07389664,0.030184418,-0.03460364,-0.07991593,-0.06492908,-0.011249236,0.04906815,0.06764182
0.034497455,0.088068426,0.13298737,0.13228142,0.081486285,0.0075759995,-0.046933472,-0.052464172,-0.018734239,0.011718585,0.00498849,-0.047909316,-0.124863684,-0.1737179,-0.16350713,-0.10415469,-0.043305326,-0.02644857,-0.051652394,-0.10143416,-0.12248091,-0.08585805,-0.008148514,0.0635601
0.04922203,0.004467108,0.017049318,0.08463542,0.1510906,0.1549104,0.08810699,-0.0051605958,-0.06985029,-0.07924465,-0.02413543,0.031650756,0.029274568,-0.029177964,-0.11852371,-0.17245094,-0.15849702,-0.07868689,-0.00037083327,0.025439605,-0.010683692,-0.07770373,-0.11250291,-0.07482504
0.03786182,0.05623678,0.019998051,-0.045176595,-0.08400428,-0.057659123,0.019611236,0.09611545,0.122389935,0.09320438,0.029202268,-0.0111815585,0.012258942,0.078138866,0.14445333,0.15932262,0.112988815,0.030735856,-0.028111652,-0.017690357,0.037033778,0.09255604,0.09686331,0.04104284
-0.0552532,0.013056013,0.03004436,-0.020648556,-0.09579527,-0.1411375,-0.110842854,-0.026381075,0.050341535,0.08812769,0.049697347,-0.0216834,-0.061114255,-0.03100924,0.046971764,0.1211353,0.14472415,0.09631384,0.002723602,-0.052328486,-0.039438285,0.024203796,0.08838851,0.096364155
-0.009932969,0.05798724,0.12787698,0.15362291,0.13274243,0.085493416,0.056424964,0.07660032,0.128701,0.18276183,0.18775508,0.14417858,0.075231984,0.027293263,0.025716163,0.05863298,0.0952848,0.09266969,0.041416794,-0.03294065,-0.07969173,-0.073659435,-0.023209227,0.030039746
0.010009997,0.022382304,-0.02077324,-0.08635838,-0.12145637,-0.08780791,-0.0021557668,0.07749353,0.103716075,0.077074654,0.019610764,-0.012869395,0.022572022,0.09536119,0.16387053,0.17912632,0.1336404,0.050167035,-0.00820391,0.0052924114,0.060046222,0.10762775,0.1041831,0.03623103
0.19324657,0.16112451,0.10510508,0.07532403,0.096106686,0.1581774,0.21031612,0.2145227,0.16237193,0.072005674,0.019332096,0.01564424,0.055914406,0.09732324,0.09324849,0.035473786,-0.048195846,-0.10039861,-0.08816798,-0.025228182,0.038715858,0.057000108,0.018077673,-0.036573455
0.03669943,0.052484084,0.013445697,-0.04595546,-0.07519824,-0.042597163,0.039858215,0.1160634,0.14006,0.10860175,0.051452953,0.020230638,0.04731556,0.11149668,0.17084423,0.17997633,0.13242657,0.05163925,-0.0066948677,0.0033616615,0.05528204,0.0984887,0.09422115,0.033700038
0.11970539,0.06074528,0.0207272,0.036310453,0.09563651,0.15026683,0.1549374,0.1041289,0.031229412,-0.03330002,-0.032839146,0.015131035,0.05733686,0.06043686,0.008933949,-0.06290407,-0.11146831,-0.101866305,-0.03940336,0.024380134,0.04711779,0.012003416,-0.045837134,-0.07466957
-0.18403222,-0.11393451,-0.032190498,-0.006685389,-0.047736593,-0.11987714,-0.15885238,-0.13025296,-0.043690138,0.06449844,0.10093969,0.07191542,0.005404711,-0.041158386,-0.01815671,0.05704538,0.13724336,0.15932634,0.105668135,0.009661593,-0.06443734,-0.0618161,-0.0017908085,0.059194095
0.15911783,0.14162771,0.09958671,0.071453474,0.081836715,0.12669878,0.1725876,0.18179132,0.14837632,0.080008015,0.032905515,0.0214516,0.045066446,0.0807493,0.08310105,0.04449149,-0.022001134,-0.07123304,-0.07171213,-0.02891075,0.0220669,0.04410792,0.02119302,-0.02113798
0.049205396,0.0680928,0.020273224,-0.053086165,-0.08902996,-0.043332823,0.063568786,0.15676765,0.18726055,0.14915955,0.07680067,0.036714423,0.07164081,0.15116622,0.22615255,0.23737662,0.17304367,0.06515343,-0.0061136535,0.00707564,0.06875228,0.12555122,0.11785483,0.036433306
-0.048801497,-0.017844884,0.062442783,0.13910186,0.17328724,0.14673014,0.09047136,0.06119522,0.07836394,0.14406736,0.19921683,0.21072386,0.15987225,0.08114169,0.02464269,0.017226135,0.057601687,0.10188739,0.09826411,0.04070023,-0.043607607,-0.09860322,-0.09204696,-0.033436056
-0.04394087,0.060034495,0.16501456,0.20089091,0.15766548,0.07752213,0.028079702,0.0523274,0.14013527,0.2292127,0.24071921,0.17907369,0.07426384,-0.0076124463,-0.005228051,0.064258456,0.13938884,0.13970917,0.07048744,-0.045848474,-0.122338705,-0.11040232,-0.024766983,0.05838825
-0.13681796,-0.06671845,0.0071881134,0.025660003,-0.017024621,-0.08041837,-0.11000487,-0.07437415,0.0036819743,0.09379799,0.11740514,0.07776423,0.015336461,-0.0247341,0.00095421873,0.06753486,0.13253574,0.1416598,0.08233749,-0.0042276434,-0.06401378,-0.053863898,0.0041634464,0.057216838
-0.043915376,-0.10060983,-0.10898381,-0.06766382,-0.021175867,-0.020003358,-0.07385885,-0.15157185,-0.2049572,-0.20368743,-0.14847453,-0.08572747,-0.06494844,-0.092637435,-0.1496285,-0.1793536,-0.15325484,-0.0743601,0.0034229707,0.038753793,0.016336873,-0.038822617,-0.071222894,-0.051204078
0.1017155,0.03519994,-0.01180611,0.007926631,0.0792161,0.15059142,0.16852006,0.12195129,0.045880374,-0.024363061,-0.021349374,0.037134014,0.09955599,0.113557264,0.055975668,-0.030848796,-0.09212118,-0.085446894,-0.019461269,0.05015484,0.078069255,0.029137831,-0.044548564,-0.08949396
-0.0014170897,-0.052598998,-0.046033144,0.016545933,0.07925783,0.08448597,0.020686125,-0.071555614,-0.12943932,-0.1333626,-0.07118335,-0.0044016736,0.0029338605,-0.049786754,-0.1270979,-0.17193373,-0.15239047,-0.07270126,0.016210483,0.04040935,0.0030247292,-0.06346992,-0.10112374,-0.0722049
0.039197337,0.0053527765,0.016866762,0.072898135,0.1288772,0.13808796,0.09330986,0.025099343,-0.023864608,-0.030857915,0.013874698,0.05671899,0.056157105,0.012895721,-0.056874588,-0.1041399,-0.10200756,-0.045441646,0.011543049,0.029279144,-0.001061916,-0.05543437,-0.08838909,-0.06458252
-0.031009601,0.00042677746,0.069290854,0.13542621,0.16212915,0.13641086,0.08924922,0.06322388,0.08109414,0.13535818,0.18102121,0.184715,0.13706002,0.06909958,0.020452617,0.01672015,0.050931778,0.08662917,0.0822285,0.027650874,-0.043104187,-0.086491786,-0.07681317,-0.026708111
0.08409908,0.046371613,-0.01853853,-0.051615365,-0.018884435,0.070934296,0.16191885,0.19856283,0.16668683,0.09398519,0.0530208,0.072364144,0.14632072,0.21587066,0.23292789,0.17142116,0.07344773,0.0007259059,0.0009340367,0.056615904,0.11477925,0.11744295,0.047332942,-0.04893675
-0.06324756,0.019940319,0.103262216,0.122931294,0.07034305,-0.0117015075,-0.061279047,-0.03924719,0.036421675,0.115777925,0.12838228,0.073786184,-0.016454415,-0.08021709,-0.06393264,0.009533809,0.084337644,0.09843562,0.04168398,-0.050944205,-0.110732935,-0.08787895,-0.008455085,0.071176685
0.0686293,0.027993087,-0.040793248,-0.07866059,-0.049576163,0.036113635,0.12311607,0.1554186,0.12442607,0.05401515,0.012973273,0.035581388,0.11131235,0.18268752,0.20336658,0.1491705,0.05950615,-0.010575864,-0.0043155183,0.052477296,0.11217909,0.11712601,0.05144459,-0.044883665
-0.036477055,-0.079743505,-0.053973585,0.03517174,0.1338165,0.17385828,0.13986246,0.07085444,0.024265002,0.039773803,0.115749456,0.19777101,0.21803148,0.16561523,0.07533151,0.000424183,-0.00724291,0.04910242,0.11503365,0.12143099,0.057600416,-0.043344487,-0.116343886,-0.11418315
-0.07593793,-0.043235462,-0.011970522,-0.013764388,-0.051459152,-0.10325873,-0.13294879,-0.12411364,-0.08514858,-0.039010625,-0.028340597,-0.051488787,-0.09114346,-0.11130039,-0.0916222,-0.039399955,0.012764269,0.032251425,0.009257463,-0.030432547,-0.054106273,-0.03701735,0.009628455,0.051436286
-0.062236946,-0.034109466,0.049021404,0.1367415,0.1809232,0.1537311,0.09039697,0.050315954,0.0659957,0.13684978,0.20569764,0.22784586,0.17512438,0.08687793,0.022683803,0.013587303,0.060505826,0.11329949,0.12023717,0.056509838,-0.03878576,-0.10467199,-0.103921086,-0.044422284
0.03483,0.0856504,0.12782715,0.12804534,0.08222614,0.016782898,-0.03003072,-0.03121337,-0.00039615112,0.025347732,0.014647252,-0.03745341,-0.10376019,-0.14341635,-0.1388567,-0.09055292,-0.04002754,-0.024433991,-0.052562237,-0.09622756,-0.110433474,-0.07950165,-0.008017196,0.057979252
