0.019720647,0.07177951,0.11512242,0.1173071,0.075257525,0.00973359,-0.0347959,-0.034275368,8.287143e-05,0.031151319,0.025449794,-0.023704004,-0.08849206,-0.12984091,-0.121914364,-0.07604162,-0.029447686,-0.018236857,-0.04828682,-0.09307608,-0.11433454,-0.08778924,-0.022352954,0.03948575
0.06260833,0.031110559,0.04145263,0.08312916,0.1237867,0.12627509,0.084193684,0.013261728,-0.039066717,-0.050514642,-0.023033025,0.008323405,0.0064507667,-0.03779308,-0.1051842,-0.14823972,-0.14070211,-0.09188741,-0.039539304,-0.019117601,-0.039495565,-0.07824408,-0.09505817,-0.06487783
-0.009694529,-0.0028711588,-0.032040562,-0.078995906,-0.113260336,-0.10915555,-0.071423195,-0.026884936,-0.0075798645,-0.021794207,-0.056466825,-0.0780424,-0.064277805,-0.018473,0.03414684,0.057877056,0.04169325,0.0040831463,-0.021951849,-0.013873526,0.023671517,0.06316082,0.07342365,0.044186797
-0.008265332,0.00453961,-0.03216341,-0.09029471,-0.12418182,-0.10140173,-0.034229286,0.03582104,0.065976985,0.0487366,0.004573122,-0.019753493,0.0018028922,0.06390457,0.13017058,0.1525509,0.119849116,0.058997344,0.013533896,0.015474224,0.057645008,0.10098869,0.10363947,0.053037252
-0.14945716,-0.07749281,-0.0028117741,0.02541681,-0.011054777,-0.078103736,-0.123275004,-0.09307738,-0.008246206,0.08125347,0.11955183,0.08566744,0.020459257,-0.025683735,-0.007650534,0.06517904,0.14199519,0.16175851,0.11026721,0.021908615,-0.0460066,-0.048547152,0.006847617,0.064210765
0.04389005,0.114065856,0.1385721,0.10868259,0.05061652,0.013637295,0.029990632,0.09119269,0.14896925,0.16461727,0.12137823,0.049509063,-0.0017130496,-3.6645146e-05,0.048928544,0.09867617,0.10444255,0.056052778,-0.018468784,-0.068670005,-0.06341418,-0.009435451,0.04861897,0.065151975
0.074009664,0.15801196,0.19655909,0.17521513,0.121409856,0.08418341,0.1025902,0.16717522,0.22877228,0.24717917,0.19943085,0.116325825,0.05455532,0.0465422,0.08820066,0.13338022,0.132691,0.07498725,-0.0113501195,-0.072627366,-0.073997,-0.023024235,0.036889117,0.056979332
-0.026274433,-0.11534407,-0.16489941,-0.1395013,-0.053339608,0.030933015,0.05437715,0.008636663,-0.06209866,-0.10196762,-0.06636157,0.027072717,0.11228223,0.13665807,0.08791002,0.0075331987,-0.041412678,-0.018355686,0.05901495,0.12796055,0.13525635,0.070605375,-0.026091697,-0.08917406
0.05676227,0.028932184,0.03776892,0.07392384,0.108475134,0.10979736,0.073417075,0.011331422,-0.03516346,-0.045779377,-0.0224549,0.0035981648,0.0019873346,-0.03594603,-0.09440883,-0.13216951,-0.12565102,-0.08277107,-0.037331916,-0.01913838,-0.035719145,-0.06851128,-0.08318178,-0.056920227
0.07716172,0.07948862,0.033912174,-0.036455713,-0.090847045,-0.09882621,-0.06351564,-0.029782953,-0.030760465,-0.07323287,-0.13663323,-0.17660509,-0.16929536,-0.120670274,-0.0646313,-0.041983694,-0.0629966,-0.10214737,-0.121923044,-0.09578782,-0.031138754,0.03540016,0.06591711,0.048015382
-0.006755233,0.06907095,0.14210577,0.17478117,0.15402639,0.108901046,0.084575064,0.1120786,0.17192848,0.22842985,0.23845969,0.18960015,0.11794571,0.067345016,0.06562965,0.10218804,0.1370713,0.12837812,0.066704825,-0.014073736,-0.067124516,-0.06445251,-0.019235998,0.028454287
0.058004383,0.11791194,0.13563313,0.10636721,0.055673607,0.029279983,0.049920436,0.10480976,0.15120137,0.15748547,0.11244246,0.047670733,0.0059601236,0.011649717,0.05461881,0.09262468,0.08990104,0.040713,-0.02577371,-0.06485662,-0.05400814,-0.0042865695,0.043833632,0.053488035
-0.02411666,0.07442405,0.16791694,0.20772824,0.17947245,0.11379612,0.07512251,0.10936431,0.18959902,0.26547763,0.28078127,0.21843931,0.12423272,0.058174964,0.060158525,0.11467083,0.16398968,0.15658659,0.08084682,-0.022578375,-0.091167994,-0.085985154,-0.022931762,0.04185832
-0.061708774,-0.114999965,-0.11124293,-0.06444391,-0.017225944,-0.016262613,-0.0716697,-0.15036389,-0.19706993,-0.18725613,-0.1260703,-0.06276834,-0.044401884,-0.08077048,-0.14271708,-0.17330194,-0.14113198,-0.06383747,0.011456582,0.03792848,0.0062853447,-0.050852656,-0.08086128,-0.05473015
0.1623667,0.19424193,0.15230538,0.07252223,0.021563198,0.044207003,0.128294,0.205509,0.21968924,0.16168208,0.061141897,-0.0063883066,-0.0019612643,0.06201701,0.13047874,0.13888115,0.06978545,-0.03139168,-0.09678881,-0.08424058,-0.007988241,0.07042131,0.09316369,0.044030532
0.020896241,-0.025721654,-0.091462515,-0.1321458,-0.11728991,-0.054422747,0.008347172,0.027016474,-0.0032481288,-0.054744482,-0.08236216,-0.053437695,0.011840667,0.07578801,0.09801852,0.06581589,0.00940633,-0.024815675,-0.008617678,0.046070587,0.09732267,0.10448904,0.0584405,-0.011303073
-0.07572427,-0.14009131,-0.13849175,-0.08336717,-0.024176473,-0.017941121,-0.076912016,-0.16550669,-0.22055198,-0.21068795,-0.13876483,-0.06252364,-0.036207486,-0.073827066,-0.14492455,-0.18392758,-0.15234682,-0.06483479,0.022807512,0.055561565,0.019888548,-0.048631463,-0.0902057,-0.067042775
0.03073938,0.054438185,0.10931553,0.15842469,0.16622758,0.12038415,0.052485332,0.0045560477,0.002922276,0.034158483,0.06577535,0.058131233,0.002479029,-0.072142825,-0.12382836,-0.12086078,-0.07452728,-0.02565649,-0.014941624,-0.049878664,-0.101616405,-0.1242326,-0.09242155,-0.021096285
0.04266392,0.083164185,0.08486678,0.041843038,-0.023408527,-0.0702105,-0.06848314,-0.034965903,-0.004319922,-0.0047033853,-0.048603106,-0.11088951,-0.14672147,-0.13519488,-0.08617667,-0.036963295,-0.0224734,-0.048150897,-0.09017272,-0.10790172,-0.079649836,-0.018248925,0.04039258,0.062301714
-0.12718779,-0.12365159,-0.07328187,-0.017591238,-0.006006007,-0.055941585,-0.13428792,-0.17994952,-0.16776903,-0.107854985,-0.038563073,-0.01475643,-0.046401985,-0.10592441,-0.1440993,-0.122678384,-0.050682966,0.025753813,0.056156255,0.024105651,-0.039745253,-0.08083974,-0.066234894,-0.004800659
-0.02335119,-0.09170862,-0.13022669,-0.112073794,-0.04704157,0.018316574,0.038909797,0.0051808325,-0.04840907,-0.07813758,-0.05222706,0.017246839,0.08389662,0.10708128,0.07329887,0.012862671,-0.026697783,-0.0138084,0.042865653,0.09756656,0.10777289,0.059654366,-0.016092718,-0.066944525
0.12145246,0.14832406,0.13544253,0.101968154,0.08316536,0.100876905,0.14996646,0.19299357,0.20178469,0.16994016,0.1137573,0.071613856,0.064578176,0.08996898,0.118733086,0.114162035,0.06869949,0.0054088198,-0.041017704,-0.04416756,-0.010015974,0.02872467,0.038966447,0.012290614
0.07624142,0.017900284,-0.06307346,-0.11881956,-0.11614744,-0.06712131,-0.018048976,-0.021539371,-0.07438571,-0.14771478,-0.19127522,-0.17037015,-0.10726472,-0.043159336,-0.021650294,-0.054370724,-0.1093876,-0.13523877,-0.10166047,-0.024118328,0.050050564,0.075235404,0.043431412,-0.0136966305
0.0036191943,0.026268968,0.09192335,0.15683147,0.17245246,0.12058612,0.038456228,-0.019209417,-0.020145042,0.022993818,0.07104511,0.07116219,0.012248539,-0.07475735,-0.13754408,-0.13446882,-0.0772065,-0.0132992435,0.005162965,-0.03578448,-0.10220204,-0.1371993,-0.10825743,-0.028460879
0.02560514,-0.05210606,-0.105366334,-0.10844586,-0.068425,-0.026896277,-0.026115559,-0.080983825,-0.15300874,-0.20165408,-0.19199063,-0.1327101,-0.07458691,-0.05473294,-0.08650394,-0.13860781,-0.16311271,-0.13224354,-0.057946134,0.015094276,0.044736963,0.020253045,-0.028546408,-0.055077516
-0.02874006,-0.06744791,-0.07024049,-0.04069248,-0.0039620395,0.0025484187,-0.032623798,-0.08684832,-0.121934235,-0.12250918,-0.08391985,-0.037780285,-0.022316463,-0.046664387,-0.08933105,-0.11482148,-0.09868558,-0.048744246,0.0046030274,0.025892066,0.0060704416,-0.032071844,-0.054590613,-0.04227786
0.07588778,0.1648399,0.18957756,0.14341089,0.0659414,0.025610896,0.059983756,0.14511837,0.21645088,0.22795476,0.16203162,0.064570114,0.0047524227,0.016621271,0.08432988,0.14412336,0.14160752,0.069419995,-0.03139995,-0.091329455,-0.0747853,0.000125163,0.07146254,0.08337265
-0.04545131,-0.1166721,-0.15943062,-0.14632747,-0.086527735,-0.025187058,-0.010559344,-0.046775345,-0.098243885,-0.12689973,-0.1004854,-0.028366243,0.04262249,0.06923775,0.040969208,-0.012217233,-0.045577507,-0.028907321,0.034035757,0.0948211,0.107680686,0.06170017,-0.010660929,-0.060496494
-0.009614374,-0.0554019,-0.11164816,-0.14508268,-0.13594301,-0.09342388,-0.05217159,-0.045607742,-0.07310129,-0.11067264,-0.12466016,-0.09586601,-0.04039923,0.011735281,0.030649884,0.01038054,-0.023841701,-0.037462153,-0.014129116,0.034562908,0.07645001,0.08143116,0.04570209,-0.005322754
-0.057159558,-0.037959885,0.013953147,0.06537075,0.08732312,0.071198575,0.033796404,0.014745934,0.031286933,0.07805644,0.122919425,0.13486922,0.1068845,0.056455784,0.016793923,0.018119453,0.052354626,0.08502134,0.08617107,0.046683144,-0.012229316,-0.05472884,-0.052890822,-0.015414568
-0.14469568,-0.09734556,-0.04853465,-0.03163824,-0.05833961,-0.102994844,-0.1278932,-0.09759502,-0.03158418,0.037832778,0.07065723,0.052444734,0.015199534,-0.007546074,0.012796108,0.0692666,0.12503415,0.14035949,0.10388327,0.041040163,-0.0076517807,-0.012275619,0.020905655,0.05357743
0.030729828,0.047619298,-0.0026572663,-0.07767373,-0.115557015,-0.07667339,0.017255949,0.10798291,0.13912304,0.10307411,0.033023927,-0.0033895208,0.028360233,0.11199206,0.19486737,0.21189028,0.15109172,0.057826385,-0.001896032,0.009298882,0.07342688,0.13208513,0.12910366,0.054080274
-0.15131757,-0.12996635,-0.06133976,0.0065023494,0.025242658,-0.01940367,-0.093106195,-0.124671,-0.09258952,-0.015157938,0.06066397,0.08166427,0.042720098,-0.02279571,-0.06080284,-0.03608439,0.034687456,0.09818875,0.1102528,0.058682386,-0.021716738,-0.07337472,-0.06186108,-0.0032278113
-0.019715227,-0.06334625,-0.13223985,-0.18274012,-0.17955819,-0.12852103,-0.06741588,-0.038426034,-0.056598064,-0.10025236,-0.12588045,-0.100156836,-0.03486362,0.036525596,0.075643174,0.061091326,0.014665091,-0.016213944,-0.0029107863,0.047620993,0.10061911,0.116204716,0.078416176,0.008362609
-0.048023403,-0.11351899,-0.15270539,-0.14246711,-0.09241593,-0.041035086,-0.027103879,-0.057788424,-0.10310479,-0.1259017,-0.097571276,-0.03155829,0.02979249,0.05245256,0.027669549,-0.01736542,-0.03988057,-0.01640922,0.039150767,0.08784342,0.09547924,0.05525268,-0.0068411888,-0.04804848
0.14117078,0.16617239,0.14057529,0.09186771,0.06385346,0.08460009,0.14610334,0.19944592,0.20562129,0.16081542,0.088265136,0.03849089,0.03802262,0.078592494,0.12023439,0.11694081,0.05920651,-0.017721608,-0.06732085,-0.060755175,-0.008330357,0.044994365,0.05624578,0.019005075
0.08974709,0.095368624,0.0412076,-0.039180104,-0.093262926,-0.08362415,-0.022905633,0.031963132,0.036177564,-0.0150995,-0.09224122,-0.13577485,-0.118960455,-0.052697387,0.014972093,0.032307174,-0.009640406,-0.072609015,-0.10597031,-0.07762485,-0.0029966664,0.06879052,0.09007769,0.05110165
-0.014829162,-0.00181141,0.054030284,0.11072392,0.12271363,0.07378693,-0.004902654,-0.061800588,-0.065575406,-0.02642936,0.019761505,0.024577133,-0.023162581,-0.09736659,-0.15174206,-0.14741315,-0.09058426,-0.026740653,-0.0025877175,-0.032371704,-0.08858641,-0.12084138,-0.09627656,-0.023947434
0.05681862,0.031900052,0.049432356,0.100291535,0.15391822,0.17032021,0.14025474,0.081686944,0.0371166,0.030722259,0.061554436,0.09617253,0.09637691,0.05202446,-0.017833624,-0.068042524,-0.07220111,-0.036111813,0.005708552,0.016237875,-0.013021607,-0.06165477,-0.09032256,-0.07233616
-0.13012554,-0.08590175,-0.045329843,-0.044761702,-0.09444339,-0.1672033,-0.21454431,-0.19953129,-0.14066252,-0.07871852,-0.05630594,-0.087521315,-0.13443269,-0.15789472,-0.12635745,-0.05234506,0.01966729,0.046327144,0.020812407,-0.029324057,-0.059753735,-0.04128623,0.016726758,0.068753324
-0.008112472,0.009144159,0.06463785,0.11579599,0.12066356,0.07080966,-0.0012500681,-0.05176868,-0.05198205,-0.01169206,0.030095736,0.028201062,-0.023034887,-0.09433441,-0.14365862,-0.13512377,-0.07768167,-0.019283924,-0.0040034843,-0.03835219,-0.091442384,-0.117763035,-0.08854361,-0.01525069
-0.031133125,-0.011988948,0.049040932,0.10612611,0.116067514,0.068427585,-0.007943397,-0.058839526,-0.054136906,-0.007838698,0.037981626,0.04024842,-0.007484076,-0.0795796,-0.13012092,-0.120882824,-0.06351643,-0.0072361464,0.010439464,-0.022807857,-0.08054163,-0.11469879,-0.08984395,-0.018518765
0.08020975,0.033128265,-0.033936586,-0.08208633,-0.083645925,-0.0465707,-0.008425521,-0.014307304,-0.0606061,-0.124567136,-0.1645785,-0.15147962,-0.10324459,-0.05313838,-0.036545612,-0.063446745,-0.10739953,-0.12784007,-0.10023465,-0.03580178,0.02751418,0.052546076,0.031550787,-0.011004372
-0.18158871,-0.11929764,-0.05734359,-0.04240731,-0.08808287,-0.15635037,-0.19469838,-0.15655209,-0.07148039,0.016165234,0.051797967,0.02031093,-0.032668065,-0.058943767,-0.024778038,0.055463266,0.13149473,0.15004338,0.10264492,0.025664855,-0.027419679,-0.02253249,0.029538104,0.07790035
-0.086077996,-0.047161434,0.05076069,0.14681257,0.18114068,0.1373069,0.053430174,0.007803434,0.036462784,0.11977452,0.19985795,0.2119831,0.14863649,0.04845845,-0.021550955,-0.013825277,0.05681718,0.12048457,0.1217334,0.04867104,-0.05561657,-0.12228138,-0.10769131,-0.029993752
-0.023192454,-0.07843636,-0.15596792,-0.20747547,-0.20237719,-0.14962837,-0.09287002,-0.073920496,-0.10155815,-0.15129167,-0.17499258,-0.14211152,-0.06930914,0.005760141,0.043738533,0.025994401,-0.020204326,-0.045385655,-0.020435618,0.04225507,0.101968236,0.117875695,0.07559367,0.0031875714
0.18673111,0.15104555,0.08727154,0.048766844,0.0763083,0.15657789,0.23365141,0.24740314,0.19282587,0.103230484,0.036953587,0.04284443,0.09643016,0.15225486,0.15519416,0.087395646,-0.014069053,-0.083187625,-0.07774366,-0.012128841,0.05744283,0.074437104,0.025827462,-0.049172748
0.004971488,-0.03702582,-0.05598125,-0.028668791,0.03598379,0.101078086,0.12816526,0.11022657,0.07342532,0.052154813,0.07280733,0.12615126,0.17439362,0.1836659,0.14555344,0.086067304,0.042221878,0.04097252,0.07305997,0.10241031,0.0961562,0.047631484,-0.020170277,-0.06629941
-0.046624817,-0.12339417,-0.16894084,-0.15462588,-0.092097655,-0.03007906,-0.016502595,-0.05485777,-0.11006196,-0.13995978,-0.10834268,-0.030043911,0.04083178,0.06557534,0.034909543,-0.021093056,-0.051673125,-0.027580276,0.039071932,0.09867066,0.108986974,0.0618534,-0.012168734,-0.06150862
-0.06435206,-0.006141006,0.0042749797,-0.035858586,-0.09634123,-0.12584259,-0.09643294,-0.017370092,0.05604211,0.08591091,0.0578567,0.0033564405,-0.022666637,0.004971017,0.07769419,0.14325996,0.15649351,0.11108049,0.03911765,-0.00797043,-0.0013578458,0.047987472,0.09221035,0.08621447
0.010161382,0.05621319,0.09057951,0.083130956,0.029318498,-0.04278395,-0.08912438,-0.08995125,-0.057989817,-0.029489947,-0.037319716,-0.08725058,-0.148825,-0.1841137,-0.16916344,-0.11551921,-0.0616666,-0.04426434,-0.06913405,-0.10785153,-0.121131614,-0.08555373,-0.014170486,0.05032304
-0.09996362,-0.102906644,-0.08122506,-0.05987264,-0.06400185,-0.103921294,-0.16008428,-0.19097368,-0.18208797,-0.1460112,-0.104994506,-0.08911136,-0.1066779,-0.13718466,-0.1483086,-0.1222261,-0.06764623,-0.015728293,0.0095388135,-0.0023949388,-0.032680288,-0.048152305,-0.029430613,0.012079685
0.04812597,0.08916158,0.09125365,0.048426885,-0.016440308,-0.06590182,-0.06659916,-0.0343874,-0.004638251,-0.0053162384,-0.048198752,-0.11028914,-0.14931558,-0.1417632,-0.09483315,-0.045289315,-0.02905293,-0.051131863,-0.09193477,-0.111962326,-0.086141296,-0.02436593,0.03712626,0.062449843
-0.00025702955,0.024822595,0.10274503,0.17840599,0.19515508,0.13655658,0.042290803,-0.027556868,-0.0293057,0.022741688,0.0782107,0.076984204,0.011466363,-0.08705709,-0.16012841,-0.15703203,-0.08858871,-0.01587628,0.0044683064,-0.04062715,-0.115398474,-0.15814991,-0.12641346,-0.033904605
-0.013291592,-0.014111815,-0.050333347,-0.1004879,-0.13099779,-0.11985538,-0.07764406,-0.033908784,-0.019148534,-0.03798568,-0.07232634,-0.086871535,-0.06495005,-0.0137701025,0.03904593,0.05831018,0.038623597,0.0017039779,-0.019182941,-0.0046965745,0.036005862,0.07307236,0.07737126,0.04176198
-0.00933059,-0.043248583,-0.08702438,-0.11388224,-0.10475644,-0.06705825,-0.03026328,-0.019592648,-0.038399436,-0.06835053,-0.081661545,-0.05871125,-0.012554781,0.030790659,0.047174178,0.030067181,-0.0017417005,-0.018130338,-0.0020276443,0.035841558,0.06850383,0.07099099,0.04034424,-0.0045796293
-0.09312927,-0.04179679,0.009743518,0.023448367,-0.014396047,-0.07719214,-0.12047286,-0.10610986,-0.050051738,0.01025043,0.031206882,-0.0012026177,-0.05426338,-0.0883913,-0.072777025,-0.013652429,0.047191285,0.066609904,0.035293233,-0.021350935,-0.061130743,-0.05244815,-0.0006717511,0.05247817
-0.06287151,-0.11798721,-0.12066903,-0.08061295,-0.03623697,-0.03164563,-0.07864967,-0.15095939,-0.19676651,-0.19060527,-0.13437746,-0.07359308,-0.050623573,-0.0767691,-0.12905751,-0.15824157,-0.13129888,-0.062405303,0.008128057,0.037756912,0.015392098,-0.035276808,-0.06778888,-0.050798334
0.09508537,0.108179085,0.06294048,-0.0099074,-0.0613589,-0.057588913,-0.0047188024,0.04826611,0.055730827,0.0084295515,-0.0668958,-0.11440388,-0.10561892,-0.048767127,0.014692127,0.033248186,-0.007364627,-0.06980734,-0.104954086,-0.08289358,-0.014875723,0.05533331,0.080233425,0.04682105
0.05210584,0.07213409,0.019924402,-0.06277607,-0.10835591,-0.07089452,0.029411687,0.12383205,0.15396598,0.11385078,0.034847233,-0.009706506,0.02007415,0.10598141,0.19050197,0.20861238,0.1459067,0.048934087,-0.015518034,-0.0045594927,0.06448457,0.12914713,0.13188997,0.059389006
0.07691896,0.027844662,0.0028787933,0.021088094,0.06859202,0.109791815,0.11231275,0.06553414,0.0048828013,-0.035331037,-0.029377487,0.010356624,0.04394298,0.041443117,-0.004369966,-0.063446134,-0.096504636,-0.08204024,-0.033657175,0.01194229,0.023251932,-0.005409618,-0.04990244,-0.06881564
0.020785706,0.055257082,0.054835312,0.012374648,-0.050417867,-0.097890265,-0.09982242,-0.06978217,-0.039828826,-0.036361985,-0.071195014,-0.124142855,-0.15723562,-0.14753936,-0.10060546,-0.05000581,-0.027730314,-0.042130012,-0.077283725,-0.09566099,-0.07313799,-0.017080447,0.040474225,0.06459239
0.05865411,0.10838857,0.12505753,0.10457314,0.06697611,0.045803208,0.06356382,0.10705516,0.14259437,0.14722155,0.1112117,0.056889456,0.020672081,0.02205487,0.053337127,0.08104284,0.0764089,0.036196228,-0.019391283,-0.053936332,-0.046569377,-0.007399705,0.030433532,0.038415868
-0.19221525,-0.17677464,-0.11453349,-0.05272433,-0.03780208,-0.080485195,-0.14786099,-0.17295521,-0.13587748,-0.05282905,0.028614346,0.055276055,0.02614657,-0.028633952,-0.056914434,-0.025125787,0.051251274,0.11757186,0.12994869,0.07906987,0.0004728037,-0.05155059,-0.043929536,0.007339522
-0.07950556,-0.060554653,-0.06981453,-0.110762335,-0.16365263,-0.19397418,-0.18518326,-0.1458815,-0.10681819,-0.089676686,-0.10461972,-0.13197862,-0.13665445,-0.107913755,-0.0516769,0.0023891167,0.02781312,0.017369531,-0.009157858,-0.021708583,-0.0043624057,0.034210667,0.06841864,0.06977184
0.025460029,0.0077738385,-0.02048139,-0.028527383,0.0020891163,0.06646014,0.12526682,0.15232839,0.14176363,0.11332576,0.09727727,0.11748086,0.1601557,0.1985277,0.2035934,0.16601084,0.10815524,0.06345016,0.055664312,0.07707597,0.096562035,0.08516766,0.036221545,-0.025669131
0.012907206,0.03449659,-0.0028962975,-0.067082666,-0.10252397,-0.0671571,0.021275284,0.11018404,0.14661798,0.1237686,0.064999744,0.031066451,0.056753606,0.12953408,0.20312105,0.22124602,0.17119887,0.087447494,0.025930118,0.02516184,0.07369851,0.12146774,0.11933705,0.054106627
-0.0678783,-0.12668847,-0.13214864,-0.0912783,-0.043182712,-0.036544945,-0.085331954,-0.15971193,-0.20794389,-0.20379095,-0.14520991,-0.07803037,-0.050940655,-0.07816,-0.13415998,-0.16588809,-0.13980179,-0.0657531,0.012191871,0.045148168,0.019723985,-0.03499051,-0.07008066,-0.05398875
-0.04464543,-0.019895298,0.03813454,0.09669896,0.12384713,0.10862913,0.071025945,0.05305779,0.071327135,0.11888669,0.1645268,0.1735696,0.14025366,0.08415189,0.040804997,0.038336765,0.06903017,0.09862731,0.09452598,0.04864277,-0.015347218,-0.059533715,-0.05913217,-0.022380631
-0.0032913007,0.0048103747,-0.02463804,-0.06520648,-0.082332745,-0.053981252,0.007491421,0.06651448,0.0885282,0.072751805,0.039963007,0.0253747,0.04780828,0.09865465,0.14697528,0.15558843,0.12056666,0.068912394,0.031792015,0.03238424,0.06277109,0.09080313,0.08203894,0.03231019
-0.027758682,-0.030977622,-0.06991453,-0.123212755,-0.15689792,-0.15057793,-0.106721215,-0.0605578,-0.045563046,-0.061799675,-0.09383208,-0.1089347,-0.08456564,-0.02901828,0.027437115,0.051316347,0.03376476,0.0014349725,-0.017549803,-0.0026529634,0.040077966,0.07848855,0.0828208,0.047058616
-0.051754344,-0.13313131,-0.18363802,-0.17197153,-0.107659556,-0.037694838,-0.0155609185,-0.050687976,-0.1081405,-0.14100645,-0.11173231,-0.030515147,0.04993673,0.08337113,0.054129366,-0.005710765,-0.043246884,-0.023821382,0.044374228,0.11045633,0.1257008,0.07619485,-0.0055866702,-0.0633246
0.044839513,-0.029714864,-0.08047833,-0.07684958,-0.024658136,0.032423187,0.045035817,-0.0051101474,-0.07811343,-0.13083103,-0.12526366,-0.06587994,-0.0027061221,0.018655883,-0.018717641,-0.082936175,-0.12455001,-0.10873634,-0.04038996,0.032814037,0.061769277,0.03042604,-0.030636689,-0.06962156
-0.067544095,-0.15034698,-0.19859563,-0.18289104,-0.11671701,-0.045758586,-0.021416605,-0.054988932,-0.1111188,-0.13882604,-0.10333933,-0.019142497,0.06397417,0.09742074,0.06582443,0.0055136024,-0.029311515,-0.0051497584,0.06322896,0.12571,0.13579477,0.08099928,-0.0050616967,-0.06390231
-0.031069506,-0.010290663,0.048596628,0.10200527,0.106283955,0.05251175,-0.024190363,-0.07325881,-0.06606085,-0.018468466,0.028335858,0.026729597,-0.026543418,-0.0989038,-0.14395714,-0.1286149,-0.06573806,-0.0065903016,0.006515362,-0.03199096,-0.08901988,-0.115907006,-0.08490575,-0.010960518
0.040232174,0.061671454,0.014934142,-0.061559543,-0.10770303,-0.0761971,0.013604846,0.10370775,0.13623619,0.10142973,0.028717864,-0.013429539,0.011244852,0.090167,0.17154233,0.1923394,0.13788481,0.04854435,-0.012940083,-0.0053283283,0.05673398,0.11917558,0.1250729,0.05993836
0.063708745,0.13801138,0.17595603,0.16250047,0.11699163,0.08506486,0.09531825,0.14671275,0.20069194,0.21988931,0.18242586,0.11399973,0.056921355,0.041909605,0.07063358,0.1088291,0.11357955,0.068154514,-0.0045269877,-0.060631122,-0.06968894,-0.030363277,0.023789227,0.048233707
-0.20474707,-0.14304355,-0.07881033,-0.05957759,-0.10328422,-0.17577958,-0.22042228,-0.18192884,-0.09347802,-0.00020295799,0.042825837,0.015857188,-0.037843183,-0.066061534,-0.03094895,0.053017505,0.13338749,0.15747873,0.11355701,0.03419082,-0.023660382,-0.021261584,0.030030299,0.07950045
0.060465492,0.12368093,0.13525668,0.083491035,-0.0018854918,-0.06396372,-0.06255044,-0.013208904,0.0351449,0.04063592,-0.0153469285,-0.099604376,-0.15632178,-0.1500871,-0.088706635,-0.022820478,-0.00060061907,-0.03618025,-0.10014715,-0.13627107,-0.109976225,-0.03149811,0.05046467,0.08460052
-0.1318133,-0.12790173,-0.081045546,-0.025738845,-0.0038628345,-0.027479628,-0.07847277,-0.10789501,-0.090609066,-0.032115452,0.033634398,0.06131363,0.044165447,-0.000905419,-0.035149172,-0.024225837,0.029184477,0.08364528,0.10041453,0.06734579,0.00548366,-0.04318694,-0.047436386,-0.010370816
-0.0011668779,0.04376386,0.09199833,0.11924028,0.1148765,0.09464597,0.08128654,0.09404709,0.12758344,0.16288929,0.17184247,0.14571445,0.10532959,0.071645066,0.06252519,0.07741265,0.094831534,0.08791366,0.05170732,0.003231659,-0.032790214,-0.039814904,-0.01963827,0.006992084
-0.04702431,-0.07838826,-0.0520819,0.014612389,0.077648036,0.0904539,0.048770368,-0.010798013,-0.042286467,-0.02134732,0.04203973,0.097933695,0.10519183,0.05972792,-0.010147189,-0.05071974,-0.034836054,0.022336131,0.07283732,0.07492657,0.02482031,-0.044731934,-0.085040905,-0.06683381
0.15089102,0.18192543,0.15804896,0.10742802,0.07878501,0.10393514,0.17261903,0.2321224,0.24267499,0.19861259,0.122831084,0.070145026,0.06746601,0.10662027,0.1476755,0.14417411,0.0840884,0.0014222906,-0.055797193,-0.055387728,-0.006514328,0.04643525,0.05963633,0.021733314
0.0049243793,-0.050102673,-0.089820884,-0.09707352,-0.07696402,-0.059869293,-0.07009868,-0.11293819,-0.16153406,-0.19374208,-0.18557279,-0.14551947,-0.10868123,-0.09602761,-0.112228416,-0.13841875,-0.14493433,-0.11534603,-0.05891173,-0.006289059,0.016458366,0.00603673,-0.018370062,-0.029501896
-0.045576017,-0.027357517,0.042551294,0.11124732,0.11990174,0.049271304,-0.055301066,-0.1267323,-0.12443946,-0.066823006,-0.0023158847,0.0030920096,-0.06044486,-0.15497263,-0.21678394,-0.19885209,-0.11521741,-0.028200725,0.0009462516,-0.04196948,-0.11571666,-0.15265213,-0.114472434,-0.01859041
-0.13968435,-0.20050675,-0.19236164,-0.12703265,-0.05334007,-0.028005695,-0.0709977,-0.13999206,-0.17648235,-0.14914256,-0.062007118,0.027376115,0.06430638,0.035128176,-0.029838102,-0.069190085,-0.042640455,0.03303882,0.10786373,0.12763332,0.078166254,-0.0070211207,-0.06816174,-0.065513104
0.004148815,0.02631181,0.085113175,0.14180441,0.1544929,0.112767704,0.04944536,0.0051392014,0.0074643614,0.047081303,0.088160135,0.08412011,0.03238365,-0.03953651,-0.090371005,-0.08817804,-0.04009394,0.00920856,0.015547749,-0.025207063,-0.08161996,-0.11048324,-0.08792363,-0.023378922
-0.0355507,-0.0646836,-0.02849198,0.05681596,0.14305492,0.17962141,0.14756517,0.08796445,0.055596787,0.07829767,0.14764024,0.21315797,0.2253973,0.17263626,0.08590548,0.02580425,0.02716907,0.07280869,0.11840654,0.11500921,0.051774032,-0.037770968,-0.09723443,-0.09059942
-0.0039587542,0.05610718,0.1143443,0.13830148,0.119349815,0.08311023,0.062946476,0.083185464,0.1295332,0.17340371,0.17804511,0.13805857,0.08356914,0.044066716,0.041452963,0.07076076,0.098599605,0.09133328,0.045103535,-0.015163606,-0.05546628,-0.054102,-0.016913248,0.022803087
0.06968186,0.034658514,-0.0258417,-0.06250249,-0.039217506,0.041079406,0.1240665,0.1565868,0.12730007,0.06594735,0.021398943,0.038877502,0.10636285,0.17491351,0.1940135,0.14648947,0.062208798,-0.00011425231,0.00044679333,0.053934276,0.109453544,0.11553953,0.05866248,-0.027020596
0.04753077,0.08467144,0.08564038,0.04539053,-0.015337408,-0.060118955,-0.06225016,-0.034365214,-0.007656109,-0.009793431,-0.049918134,-0.10584065,-0.14202765,-0.13662958,-0.09442919,-0.049198452,-0.03242702,-0.05158821,-0.087954134,-0.10574187,-0.08262698,-0.025223581,0.033079166,0.05780857
0.026550386,0.04294867,0.0768674,0.10298506,0.09944853,0.061570596,0.014921041,-0.018123087,-0.01987194,-0.0009908222,0.014597355,0.0013894141,-0.037849627,-0.08398695,-0.11151397,-0.10347187,-0.06972615,-0.03857709,-0.033543106,-0.054234713,-0.08004073,-0.08582462,-0.058111794,-0.008185418
-0.0962367,-0.09455323,-0.06800894,-0.04442919,-0.04784061,-0.08990014,-0.14621112,-0.17519613,-0.16331072,-0.12433192,-0.082766965,-0.07068978,-0.09300706,-0.12699717,-0.13791956,-0.11073135,-0.055112053,-0.0048980066,0.01497819,-0.0033805498,-0.036405127,-0.05159054,-0.03085079,0.011862957
0.00235011,-0.06810298,-0.1065127,-0.095435254,-0.051399026,-0.017586557,-0.028358122,-0.08508811,-0.14925766,-0.18432073,-0.16349007,-0.10418773,-0.053866852,-0.044997983,-0.08176213,-0.13002318,-0.1459048,-0.10907308,-0.036513105,0.025537329,0.041733734,0.009529965,-0.038527846,-0.057917424
0.17575055,0.15844038,0.117332876,0.091381975,0.10806472,0.16214594,0.21610542,0.22344443,0.18275017,0.11442383,0.060285866,0.053938907,0.08003357,0.11089937,0.10820644,0.057327174,-0.016382126,-0.06932999,-0.073370576,-0.032796055,0.015988829,0.03448462,0.007954992,-0.03826411
-0.031470973,-0.06418584,-0.031169957,0.05443675,0.14026138,0.17502366,0.14026701,0.07718387,0.040681005,0.059967715,0.12962249,0.19632532,0.20908973,0.15660901,0.06898457,0.007506176,0.008777879,0.058323435,0.108324625,0.10861624,0.0474811,-0.040006347,-0.09991099,-0.0927144
-0.10787364,-0.054443713,-0.008268903,-0.0068806964,-0.059159648,-0.13450433,-0.18059781,-0.1607166,-0.09730905,-0.033939023,-0.013328555,-0.050607562,-0.11039399,-0.14173532,-0.11177864,-0.037075914,0.036727913,0.061459906,0.025371298,-0.037102822,-0.07376236,-0.051527344,0.014362328,0.073130205
-0.054049186,-0.01051025,-0.010199903,-0.059342224,-0.13085413,-0.17797117,-0.16709447,-0.10864041,-0.052250024,-0.031247027,-0.061079677,-0.114828266,-0.14189234,-0.11459388,-0.042799335,0.026944812,0.052329816,0.026572054,-0.024649935,-0.05422706,-0.034018636,0.024826162,0.07992764,0.089926995
-0.039125666,-0.095327266,-0.0885335,-0.032152545,0.026766995,0.036313143,-0.017104791,-0.10194042,-0.15702388,-0.15122655,-0.0885746,-0.021821251,-0.0026272037,-0.043067463,-0.11660236,-0.1607598,-0.13756621,-0.062328015,0.014919747,0.04354683,0.010027064,-0.0550065,-0.094572544,-0.07091463
0.008694032,0.07521292,0.12986813,0.13149168,0.07371768,-0.012760256,-0.06854057,-0.062691145,-0.015411773,0.027389478,0.021011172,-0.042746853,-0.12395956,-0.1718486,-0.15613583,-0.092705436,-0.032387182,-0.018958595,-0.058351193,-0.11569412,-0.14049307,-0.10388695,-0.020813232,0.056306094
-0.087730624,-0.08899887,-0.06542134,-0.04119877,-0.042662065,-0.0730967,-0.1169346,-0.14250961,-0.13489617,-0.101377815,-0.06524615,-0.052999955,-0.06387023,-0.09050933,-0.10566645,-0.087528795,-0.042559013,0.0015408209,0.021863418,0.009908071,-0.019974137,-0.03950519,-0.029209804,0.003888824
0.031443946,-0.044800684,-0.07864373,-0.03842541,0.059134863,0.15576288,0.18773754,0.1425144,0.070076354,0.028768158,0.059644647,0.14539757,0.2190709,0.22906159,0.16199479,0.0642609,0.0030475294,0.013067419,0.07526391,0.131166,0.12765993,0.05424993,-0.046730347,-0.107440904
-0.00041448855,0.022090476,0.09878325,0.17686357,0.1980249,0.1426718,0.046456404,-0.026259048,-0.029392561,0.02250137,0.082838535,0.08848619,0.021654358,-0.080999784,-0.15803012,-0.15769708,-0.08736742,-0.010521191,0.012294817,-0.034440987,-0.114166535,-0.16002755,-0.12930742,-0.035500146
-0.10197517,-0.10097521,-0.06581768,-0.028799368,-0.025696546,-0.06688735,-0.12631476,-0.16069798,-0.15132527,-0.10581381,-0.054870084,-0.038784303,-0.06213851,-0.10299737,-0.12668411,-0.1059985,-0.048382234,0.00991669,0.03287289,0.011020522,-0.032189682,-0.058886163,-0.044922758,0.0026563276
0.02162407,-0.06496828,-0.111392215,-0.0764643,0.025453996,0.12937686,0.16571487,0.11982448,0.042501986,-0.0054474897,0.026327182,0.12098393,0.20530137,0.22417529,0.16183676,0.061760772,-0.0047744308,0.0048135016,0.074068114,0.13958935,0.14302894,0.07064738,-0.03756757,-0.10906647
-0.022955123,-0.06002181,-0.11090778,-0.14606018,-0.14607932,-0.113052204,-0.07394509,-0.05651236,-0.07321862,-0.10462699,-0.120225936,-0.09887997,-0.05113003,0.0026653453,0.03138414,0.020898487,-0.0092904605,-0.025893558,-0.010908785,0.030064372,0.0713563,0.083578095,0.055065203,0.0071367463
-0.1584551,-0.083085485,-0.013114937,0.004701178,-0.04176142,-0.114452906,-0.15486524,-0.112676546,-0.021288034,0.068108454,0.099924564,0.05936854,-0.0070200553,-0.04264949,-0.009858274,0.0726055,0.1470913,0.15956818,0.10203338,0.014146431,-0.044628687,-0.035950046,0.024485927,0.07887262
-0.01896555,-0.0044725384,0.042077698,0.08451964,0.089886695,0.04799322,-0.015185145,-0.05888233,-0.056919396,-0.021202566,0.015366011,0.016325662,-0.02426139,-0.08420694,-0.12498231,-0.11561732,-0.06573886,-0.015685944,2.7838337e-07,-0.027119946,-0.07339684,-0.098203056,-0.07355804,-0.012302118
-0.04552726,-0.09431996,-0.065056294,0.029183889,0.13074712,0.17376201,0.1350158,0.058662653,0.009173713,0.026558988,0.10871619,0.1943388,0.21893491,0.16431238,0.062410895,-0.01194256,-0.01165932,0.052854683,0.12183926,0.1319511,0.06520189,-0.038900748,-0.113302395,-0.10853655
0.06061331,0.019152274,-0.043663077,-0.090351366,-0.09248981,-0.0544929,-0.0114326,-0.0058965567,-0.042685654,-0.099545896,-0.13747174,-0.12517649,-0.07802335,-0.023999723,-0.0019066075,-0.025153704,-0.07078408,-0.09675629,-0.0768122,-0.018848738,0.04111763,0.06481483,0.041609503,-0.0044507566
-0.08541046,-0.043246046,-0.0011203213,0.015380039,-0.0014141973,-0.035605364,-0.05478353,-0.031393804,0.018732123,0.069661245,0.09091581,0.07098093,0.035083227,0.012950649,0.026529707,0.06631725,0.10295869,0.10724405,0.07313749,0.021157201,-0.015595509,-0.017030383,0.009668758,0.035265256
-0.025338093,-0.09857455,-0.14092526,-0.124767944,-0.060922503,0.007147089,0.028961308,-0.00586954,-0.06251422,-0.09449918,-0.06715128,0.008226921,0.078645885,0.10176912,0.06415304,0.0011285259,-0.035598833,-0.015447473,0.046736695,0.10346124,0.110786244,0.06005992,-0.016314551,-0.065650254
-0.050809912,-0.09675165,-0.09944681,-0.0697661,-0.04103964,-0.042084694,-0.083008565,-0.144427,-0.18370979,-0.1794506,-0.13642843,-0.089455776,-0.06972222,-0.09043834,-0.13419664,-0.15573087,-0.12934037,-0.068177715,-0.0067467224,0.021069475,0.0045977165,-0.03497787,-0.057402566,-0.037895165
-0.13890418,-0.06654839,-0.0013289112,0.011843962,-0.04039262,-0.11766673,-0.16013813,-0.12304924,-0.038320955,0.043846298,0.06979627,0.024323715,-0.042727157,-0.07733725,-0.043741956,0.03856267,0.113558024,0.12827864,0.0737421,-0.008572325,-0.059701063,-0.04345028,0.021284178,0.07828679
0.00027082942,-0.054346405,-0.08866727,-0.083865255,-0.04974166,-0.019955132,-0.02258375,-0.061529078,-0.109040916,-0.13757572,-0.12233839,-0.07541543,-0.03540808,-0.024004351,-0.047699716,-0.0843065,-0.09980111,-0.07521306,-0.022542875,0.025046308,0.03946022,0.017105808,-0.021294033,-0.041116577
-0.039832532,0.025142329,0.08931911,0.113859884,0.08570744,0.02899504,-0.00784202,0.011927923,0.068611555,0.12552518,0.14055234,0.09907796,0.03277388,-0.013386718,-0.008985227,0.037155993,0.08470581,0.09253266,0.04698483,-0.023125367,-0.071548395,-0.06579203,-0.015219552,0.03846344
0.060673025,0.0074049323,-0.074227385,-0.12761235,-0.11315077,-0.03929088,0.037741713,0.06085438,0.020131005,-0.051538415,-0.09596662,-0.06977903,0.004987617,0.081759535,0.10984039,0.06893276,-0.006186396,-0.054319214,-0.037239175,0.031219797,0.10081291,0.118695006,0.06800479,-0.01609453
0.06884999,0.13624175,0.16777089,0.15539984,0.11942815,0.09987569,0.11951004,0.17285806,0.2215462,0.23433971,0.19685026,0.13460816,0.08600022,0.07760918,0.10651728,0.13545606,0.12882595,0.07679715,0.004786693,-0.0464348,-0.05079703,-0.013882246,0.028195173,0.039150205
0.15309876,0.1186966,0.060563125,0.02559663,0.04388942,0.10774507,0.16977955,0.17687424,0.12774053,0.051042322,-0.0037540812,0.0015447411,0.04906513,0.09601948,0.09890495,0.04518533,-0.034321662,-0.08591031,-0.07643799,-0.01856647,0.042126015,0.059924986,0.021786006,-0.039307162
-0.124059916,-0.075027704,-0.028625157,-0.013058544,-0.038468875,-0.079044685,-0.096696995,-0.0615357,0.003117413,0.06588723,0.09140505,0.067069456,0.030027848,0.012381916,0.03764066,0.09033765,0.13559224,0.13923763,0.09587812,0.034142163,-0.0065034293,-0.0046008797,0.025323953,0.049080256
0.053817082,0.1378468,0.16963734,0.1357521,0.06824072,0.026368182,0.04681802,0.11918601,0.18751362,0.20651242,0.15427674,0.068332426,0.009363279,0.010173775,0.06585981,0.12296992,0.12914689,0.07026817,-0.018476112,-0.078495726,-0.07338261,-0.012164903,0.055329774,0.07408643
0.027494427,-0.016319292,0.0003264756,0.06502775,0.12841925,0.14104624,0.08971499,0.0036219386,-0.05495621,-0.056932658,-0.004428942,0.049948033,0.054823626,0.0009949387,-0.08440739,-0.140357,-0.1279546,-0.063297935,0.0024950125,0.02254115,-0.014862774,-0.077497855,-0.11344714,-0.08520134
-0.06767362,-0.03002908,0.05913527,0.14683653,0.1803794,0.14735477,0.079535514,0.04555324,0.072296835,0.14449237,0.21235685,0.22203688,0.16707666,0.07956723,0.015717028,0.017357223,0.07196288,0.121859364,0.119000986,0.052452594,-0.041444544,-0.10279332,-0.094476335,-0.030529806
0.08816503,0.097685575,0.06214452,0.0060908953,-0.032963537,-0.032495324,0.0045290818,0.038590018,0.04013962,0.0011912344,-0.057922076,-0.09691838,-0.093503654,-0.053234525,-0.0063760323,0.007459563,-0.02319813,-0.07074379,-0.09679842,-0.07834625,-0.023342824,0.03324102,0.055305228,0.032861095
-0.17447934,-0.16404337,-0.109270446,-0.05163165,-0.033179484,-0.06472624,-0.11661657,-0.13557057,-0.104481965,-0.029970463,0.045429204,0.072339065,0.050940935,0.0062027555,-0.020724485,0.002106527,0.06502058,0.12275203,0.13230272,0.08634368,0.016037386,-0.034937125,-0.036697168,0.0027658658
0.03872365,0.06578458,0.029689196,-0.03811531,-0.08393809,-0.06299484,0.015378544,0.09862522,0.13298129,0.105874166,0.039084032,-0.0071976394,0.0082116285,0.07586063,0.15086511,0.17479113,0.1287988,0.047521196,-0.013765875,-0.013175946,0.040560532,0.099779375,0.11104532,0.057093997
0.16316935,0.20452951,0.18315968,0.12584282,0.084779404,0.10364333,0.17291215,0.23962386,0.25755125,0.21246372,0.12511814,0.05897196,0.04943834,0.09189239,0.14231175,0.1461378,0.08562091,-0.0072530196,-0.07464474,-0.075783096,-0.02074392,0.043450784,0.066563,0.031595
-0.01933112,-0.0087686125,0.034554727,0.07936646,0.09357642,0.06250965,0.0092145465,-0.029964989,-0.029989012,0.0029836285,0.040723883,0.046117827,0.012250103,-0.0415339,-0.08151173,-0.07956751,-0.039935842,0.003134512,0.016542416,-0.009178985,-0.053101778,-0.08130553,-0.0681934,-0.019440362
-0.013035298,-0.01535819,-0.07659064,-0.15994403,-0.2125817,-0.19747737,-0.12962107,-0.05835721,-0.037720513,-0.07255728,-0.13257647,-0.15862313,-0.12221591,-0.037248287,0.0484448,0.07942491,0.04410988,-0.015438116,-0.045647513,-0.017537264,0.052843317,0.11654975,0.12452844,0.067600705
-0.07356527,-0.13335802,-0.1707114,-0.16566694,-0.12601356,-0.08111024,-0.06646044,-0.087545134,-0.12234487,-0.13858692,-0.11277574,-0.05326723,0.008427766,0.03744221,0.024601573,-0.008412067,-0.026328685,-0.007555663,0.042019717,0.087886654,0.09850121,0.064334534,0.0073070554,-0.03496958
-0.12080588,-0.11330055,-0.067899264,-0.023848638,-0.021656303,-0.07284601,-0.14387664,-0.18131383,-0.16420746,-0.106523104,-0.04542845,-0.029469093,-0.0628608,-0.11611865,-0.14273614,-0.1139918,-0.041881103,0.02621148,0.04726252,0.012848369,-0.043487173,-0.07355493,-0.05171014,0.0070522805
-0.15264574,-0.14395422,-0.099375814,-0.052752424,-0.041077543,-0.071346335,-0.1204839,-0.1378703,-0.11052465,-0.048636053,0.013109925,0.03494918,0.016694732,-0.019746777,-0.03819966,-0.014772541,0.04033011,0.08831089,0.09864613,0.06359581,0.007898022,-0.0306464,-0.02892561,0.0052627055
0.10943432,0.12269993,0.06631605,-0.023914289,-0.08649656,-0.07891724,-0.0063234004,0.060020227,0.06856251,0.014224413,-0.07501181,-0.13376279,-0.12050659,-0.045722585,0.034140587,0.05676446,0.0075048325,-0.070433676,-0.11845917,-0.093365416,-0.0073563135,0.07728726,0.10349476,0.05926355
0.15641631,0.13999061,0.10491553,0.08535483,0.104293965,0.15345626,0.20046553,0.2058627,0.16787753,0.10751549,0.061695024,0.058680005,0.08255247,0.10735992,0.10088157,0.05306398,-0.0139967445,-0.059450764,-0.060261425,-0.024604676,0.016205223,0.029083684,0.0029978233,-0.03811938
-0.09757511,-0.044120338,0.0055664913,0.010774247,-0.039449286,-0.11307224,-0.15748358,-0.14014517,-0.0807855,-0.018557813,-0.0008560196,-0.041714136,-0.09906945,-0.12977107,-0.10436807,-0.034553505,0.03408245,0.05519353,0.019570548,-0.039429646,-0.073208496,-0.05394598,0.0076257098,0.0654095
-1.255345e-05,0.06728989,0.13507466,0.1660191,0.15011226,0.11301065,0.09416102,0.11529607,0.16604355,0.21803816,0.22800513,0.18462466,0.12199514,0.074171446,0.0659322,0.094962485,0.12646633,0.12011516,0.06510103,-0.007920219,-0.058125317,-0.06175039,-0.02317514,0.021587154
-0.1916818,-0.18532805,-0.13264748,-0.07462134,-0.057429213,-0.09494103,-0.15924005,-0.18698096,-0.15685606,-0.08109529,-0.00059808063,0.032089185,0.0115962,-0.03698699,-0.064807124,-0.03734523,0.03464487,0.102858834,0.122819364,0.081360295,0.008579563,-0.04311518,-0.041037325,0.00394942
-0.0072958767,-0.061954167,-0.1402129,-0.18979095,-0.17617679,-0.109121986,-0.03782958,-0.012686254,-0.041766044,-0.09575339,-0.12262783,-0.088492215,-0.009606363,0.06832996,0.10203076,0.07374619,0.01513366,-0.019202873,0.0002540378,0.06142088,0.1196229,0.12977268,0.07752251,-0.0059923925
0.027813762,-0.013050447,0.0047585685,0.06384688,0.11839997,0.12123639,0.06487569,-0.022266116,-0.07990841,-0.081494585,-0.034757014,0.012126245,0.015145394,-0.03764934,-0.11947754,-0.16841303,-0.15238234,-0.086780995,-0.01915773,0.004263723,-0.028231986,-0.085923865,-0.11377807,-0.07895986
0.09606542,0.099664494,0.05873503,-0.0060193306,-0.057338245,-0.06514957,-0.033185996,-0.0063307313,-0.011699041,-0.05554976,-0.12056043,-0.16405647,-0.16049239,-0.11592789,-0.065463744,-0.047705136,-0.07147142,-0.11377637,-0.13437924,-0.10658041,-0.04023789,0.02508865,0.054560695,0.039648023
-0.06215525,-0.118367724,-0.103016846,-0.034962248,0.030915022,0.037214708,-0.02505312,-0.114779785,-0.16737626,-0.15201335,-0.07651649,-0.0036437456,0.013167067,-0.0357144,-0.11586051,-0.16020547,-0.12906659,-0.043566536,0.0370861,0.05915167,0.013539423,-0.061251976,-0.103858456,-0.07605939
0.027186748,0.04844557,0.020156927,-0.02873199,-0.051801715,-0.019190669,0.05434473,0.1267536,0.15607959,0.13490361,0.08495913,0.05581738,0.074762054,0.13006945,0.18638676,0.19668585,0.14976723,0.076480545,0.023714285,0.020936603,0.058234356,0.095633276,0.092341304,0.036751978
0.15394652,0.18788767,0.15487489,0.087738335,0.044575244,0.06367985,0.13906467,0.20921306,0.22449887,0.17495511,0.08690052,0.023392536,0.021396354,0.072491236,0.13101172,0.13820356,0.07676576,-0.013809464,-0.07771533,-0.074648455,-0.012344317,0.05729015,0.079342164,0.036992546
-0.03909999,0.04919108,0.13773455,0.17379032,0.13745998,0.06333023,0.014646242,0.036764193,0.11003276,0.18581703,0.20479174,0.14576572,0.055419303,-0.009750891,-0.007984591,0.05114883,0.11401627,0.12154372,0.057825387,-0.03709001,-0.101349205,-0.09410428,-0.02678406,0.04599887
0.00972709,0.018805493,0.049778964,0.0738689,0.067061715,0.023029793,-0.03619781,-0.079967245,-0.08556897,-0.0658664,-0.045510344,-0.05125897,-0.08864971,-0.13762888,-0.1673836,-0.1555036,-0.11037588,-0.06598799,-0.04788106,-0.061546426,-0.08816253,-0.09566999,-0.06334813,-0.0046615778
0.014242962,-0.035614867,-0.017058363,0.05115104,0.113875166,0.11769304,0.05291066,-0.04588133,-0.110222004,-0.10864243,-0.04940471,0.009462024,0.014024662,-0.044509597,-0.13616864,-0.19024651,-0.16842107,-0.0898972,-0.011514617,0.014348606,-0.024570776,-0.09176586,-0.12559222,-0.086464085
0.07854429,0.15362588,0.18332046,0.15981764,0.11043318,0.082638815,0.10605453,0.1677996,0.2225605,0.23351265,0.18534888,0.10953775,0.05597539,0.05329949,0.094117545,0.13230793,0.1264808,0.06825458,-0.013132347,-0.066501446,-0.06329286,-0.013326904,0.039315313,0.051695272
-0.130176,-0.174485,-0.14767174,-0.065345675,0.020481996,0.051438708,0.013608625,-0.04261969,-0.0682806,-0.03219934,0.05803172,0.14338289,0.17074102,0.13051485,0.056653034,0.010326261,0.026823161,0.09187477,0.15241985,0.15335876,0.086893074,-0.008721665,-0.07570112,-0.075541906
0.11181424,0.122335285,0.0666952,-0.02385176,-0.08945188,-0.09365407,-0.04115763,0.009011685,0.012517422,-0.04321627,-0.1308837,-0.18758291,-0.17928083,-0.11493119,-0.039926086,-0.012963404,-0.050116107,-0.11498392,-0.14986247,-0.11893597,-0.03427171,0.05146719,0.08853101,0.05851037
0.016998,-0.05935425,-0.117548935,-0.127841,-0.09452226,-0.058765907,-0.056188293,-0.10521368,-0.17331316,-0.22233413,-0.21549058,-0.1609672,-0.10257933,-0.076797396,-0.09823167,-0.14218944,-0.16588157,-0.13638754,-0.064602874,0.008320388,0.043350887,0.027447987,-0.017134827,-0.04647224
0.056916025,0.027890062,-0.021693034,-0.04998286,-0.025581468,0.043316808,0.110889524,0.13750537,0.11379035,0.06376086,0.030597901,0.05027649,0.104704715,0.15702097,0.16939993,0.12820578,0.058700588,0.009573335,0.011491399,0.052673317,0.09280469,0.09396853,0.04637059,-0.023868427
-0.054991722,-0.101821825,-0.09836819,-0.0548109,-0.010465491,-0.006864637,-0.052578636,-0.11910665,-0.16021234,-0.1529298,-0.09976307,-0.044064194,-0.024453584,-0.05418139,-0.109001204,-0.13893764,-0.11571259,-0.049900338,0.01634678,0.040635396,0.012730174,-0.039140094,-0.07041384,-0.052740622
0.017983682,-0.05979937,-0.11054335,-0.10967829,-0.06801739,-0.029613659,-0.034815047,-0.09579517,-0.16752285,-0.21213248,-0.19668886,-0.13579732,-0.079587586,-0.06537884,-0.10051282,-0.15071902,-0.16867743,-0.13140032,-0.054908264,0.015599428,0.040111296,0.012720828,-0.03453511,-0.056988843
0.1138243,0.053450797,-0.03539436,-0.09756192,-0.09505279,-0.040734623,0.015481052,0.014201472,-0.04671815,-0.13521738,-0.19221646,-0.17539647,-0.1084499,-0.039169736,-0.017252201,-0.057793576,-0.12688047,-0.16122064,-0.12599552,-0.039520744,0.04524273,0.07731798,0.043908928,-0.019982861
-0.16468957,-0.15598957,-0.11072088,-0.059601914,-0.037050273,-0.05387783,-0.090305366,-0.09914616,-0.06816615,-0.0038557597,0.06175929,0.08932576,0.07879815,0.047166537,0.02785402,0.04443636,0.090176806,0.13115601,0.13638292,0.097785294,0.037162825,-0.010646128,-0.021910733,-0.0010223077
-0.10627652,-0.13668597,-0.12803651,-0.08917562,-0.04611078,-0.032854706,-0.056947455,-0.08871587,-0.10059516,-0.07760848,-0.023921847,0.028317684,0.050957315,0.03497256,0.0017853273,-0.015383459,0.0015951324,0.044289652,0.084679045,0.09032103,0.056128908,0.004024684,-0.031794883,-0.03328947
-0.02753565,-0.055559743,-0.027335247,0.045123484,0.11888615,0.14683925,0.11750963,0.064820096,0.033385973,0.049948905,0.109427355,0.16565332,0.17664097,0.13227539,0.05822737,0.006283953,0.006600546,0.04954742,0.09269064,0.092479564,0.04084632,-0.033623528,-0.084762335,-0.07904817
-0.069215834,-0.02169001,-0.017832309,-0.06692557,-0.1426512,-0.1944198,-0.18604745,-0.12589736,-0.063246004,-0.03624642,-0.06458717,-0.12208481,-0.15124188,-0.12372891,-0.04700018,0.029609451,0.06071886,0.034196805,-0.021285107,-0.054637697,-0.035351906,0.025318364,0.083804354,0.0951982
0.08108703,0.045848552,-0.009306297,-0.037326716,-0.008245731,0.06983251,0.14573422,0.16989,0.13693263,0.07816655,0.041372057,0.061784092,0.120672174,0.17754543,0.18709499,0.13558093,0.05657057,0.0022956827,0.0037839573,0.05069444,0.098055445,0.10003624,0.04445136,-0.03313376
-0.050705448,-0.13572273,-0.18813033,-0.17195301,-0.09854919,-0.020769814,0.004098382,-0.030145548,-0.08973834,-0.12533551,-0.09216607,-0.0036526988,0.07993032,0.112031914,0.07988737,0.013348444,-0.028914073,-0.009892376,0.059789058,0.12454537,0.13639832,0.083091736,-0.005926421,-0.07099167
0.0056279083,-0.06436956,-0.16044088,-0.22264202,-0.21027823,-0.13743591,-0.064149365,-0.045740567,-0.08898329,-0.1591542,-0.19525656,-0.15480573,-0.06332284,0.027333034,0.0653015,0.032090653,-0.035251703,-0.07201939,-0.038560092,0.04507735,0.12230036,0.13877118,0.0826518,-0.007630477
0.026109165,-0.013824598,-0.06756952,-0.096310414,-0.07582558,-0.013807162,0.047846574,0.065891445,0.03844217,-0.0055025537,-0.026839085,-0.0008202382,0.056477763,0.11120692,0.12539479,0.08958716,0.034816418,0.0019307549,0.011049363,0.054240346,0.09499034,0.095456146,0.04753181,-0.01799532
0.042098854,-0.0016607121,0.009346174,0.06294381,0.11692062,0.1238464,0.07058693,-0.016442476,-0.077776566,-0.08675109,-0.044858623,0.0037595348,0.008991444,-0.041967243,-0.123169646,-0.17451063,-0.16223313,-0.09875707,-0.029077336,-0.0015151642,-0.029998384,-0.084122926,-0.11114297,-0.07875946
0.010717544,-0.031469338,-0.055054788,-0.03751101,0.02027399,0.086072415,0.11895238,0.1077158,0.07168874,0.045474093,0.05715231,0.10636158,0.15710495,0.17451563,0.14494169,0.087626055,0.04064847,0.032262873,0.061185066,0.09420482,0.0970774,0.055853922,-0.009269113,-0.059139773
-0.04475302,0.01575103,0.03899691,0.0142222615,-0.038572785,-0.06921583,-0.047484793,0.021981036,0.08970336,0.12270002,0.099794395,0.044975586,0.011514736,0.025298402,0.081451505,0.13769712,0.1518727,0.1116891,0.041549347,-0.010509871,-0.013157696,0.026850518,0.068626255,0.07194416
-0.1189748,-0.07126088,-0.024741339,-0.009205207,-0.032547027,-0.075330056,-0.09776097,-0.06720752,-0.005480485,0.056545425,0.08356277,0.062253557,0.022731073,0.0007087486,0.021492822,0.073035546,0.11995543,0.12898803,0.090746276,0.03020182,-0.01292696,-0.013554034,0.018824333,0.048316542
0.19439387,0.15300436,0.084379606,0.043795764,0.06883608,0.14737801,0.22111641,0.2268902,0.16512378,0.07155846,0.0050642574,0.012757207,0.06832036,0.12237781,0.121166304,0.052746475,-0.045372594,-0.107688986,-0.09469825,-0.023616884,0.04841944,0.066822216,0.020359796,-0.050409995
-0.00053742627,-0.039297346,-0.09778351,-0.13755232,-0.13128856,-0.08028999,-0.022697765,-0.00013403274,-0.020246042,-0.061016213,-0.08482158,-0.063098826,-0.004935337,0.056417838,0.084399894,0.06391669,0.018916687,-0.011122244,-0.0015104716,0.043427344,0.08962331,0.100071445,0.062117588,-0.00090684055
0.0010165831,0.019716896,0.0732307,0.12297402,0.13058306,0.083285265,0.011581182,-0.038661227,-0.039210536,-0.003652943,0.03373215,0.031413596,-0.017881848,-0.08915435,-0.13832347,-0.1316227,-0.07987435,-0.025695996,-0.009011073,-0.040228397,-0.09206359,-0.117804006,-0.08895848,-0.019343873
-0.118665375,-0.1489206,-0.14149316,-0.10346252,-0.06373557,-0.04865349,-0.06754231,-0.095255725,-0.10378036,-0.07795569,-0.023653165,0.026929116,0.05240183,0.042440496,0.01411839,-0.0004515574,0.016857607,0.056273226,0.09197988,0.09709406,0.06516024,0.014707543,-0.023717253,-0.029406479
0.11892594,0.12750275,0.06706265,-0.028237842,-0.099016316,-0.102458835,-0.04256217,0.0121696545,0.0134525215,-0.04641125,-0.13938083,-0.20054698,-0.18922421,-0.11704755,-0.03723306,-0.010491446,-0.05199325,-0.120938815,-0.15856363,-0.124561094,-0.031786535,0.060096804,0.0956453,0.061160766
0.01329271,-0.078764,-0.14262009,-0.1468562,-0.102516934,-0.060451757,-0.06613375,-0.13163751,-0.21335477,-0.2668221,-0.25013158,-0.17823079,-0.113044195,-0.09117386,-0.12470217,-0.17921619,-0.200614,-0.15769133,-0.06817196,0.015553826,0.048322752,0.022287024,-0.03085873,-0.058420733
-0.009776207,0.008957907,0.07647703,0.1401739,0.14964992,0.09079657,-2.0196456e-05,-0.066444896,-0.06954821,-0.021947237,0.029096685,0.029852588,-0.029647356,-0.11755195,-0.18103932,-0.1733444,-0.10460844,-0.032659292,-0.008844799,-0.045888253,-0.110501654,-0.14637136,-0.11282348,-0.023476943
-0.06041301,-0.069593206,-0.11531182,-0.17368399,-0.21069743,-0.20289381,-0.16094135,-0.114488356,-0.09602895,-0.1104057,-0.13943967,-0.14815706,-0.11667593,-0.052681528,0.013865588,0.04423908,0.031848636,-0.0007521644,-0.016593222,0.004393695,0.052146323,0.093081854,0.09595217,0.054805323
-0.047537904,-0.07230236,-0.0538875,-0.0023557446,0.050682627,0.068252295,0.041084692,-0.00021509422,-0.020844217,-0.0034771676,0.047677375,0.095831044,0.10499173,0.072648026,0.021664467,-0.010348425,-0.0007718178,0.038088903,0.074107684,0.073969014,0.0338306,-0.022049166,-0.057757694,-0.0510975
-0.0064597013,0.011570269,0.07224349,0.1305277,0.1405425,0.09221462,0.015928475,-0.040284924,-0.041665588,0.0014059866,0.047482684,0.048363034,-0.0047042803,-0.082913645,-0.14025596,-0.13524681,-0.076085,-0.014793029,0.0024401385,-0.033759978,-0.09327942,-0.12626469,-0.098676436,-0.021654192
-0.03710867,-0.014164568,0.058451153,0.1301559,0.14750946,0.097515866,0.016773121,-0.037385043,-0.030563358,0.025908528,0.08439877,0.08875456,0.03322208,-0.050632976,-0.11193339,-0.105842434,-0.04249188,0.022875082,0.037656453,-0.008334677,-0.081178054,-0.1250859,-0.10298373,-0.025211908
-0.034517806,-0.06330207,-0.02656669,0.053187132,0.12437352,0.14308137,0.09963357,0.033427842,-0.0008270364,0.02290365,0.089007065,0.14522216,0.15063572,0.097548425,0.014881475,-0.035374176,-0.022378512,0.03250182,0.08168581,0.0819728,0.025296586,-0.054538384,-0.101269834,-0.08061317
0.0054140934,-0.033870503,-0.05053413,-0.025301903,0.033554237,0.094049,0.1177968,0.09960428,0.065125875,0.045651305,0.06420293,0.113490455,0.15751861,0.16602115,0.13084707,0.07570859,0.03648038,0.034259617,0.06362886,0.09172622,0.087240614,0.04257793,-0.019499008,-0.060851302
-0.11533422,-0.116729364,-0.08107809,-0.04483031,-0.043153815,-0.08901474,-0.15750937,-0.19937275,-0.18986292,-0.14076154,-0.08454492,-0.06382276,-0.08841726,-0.13461629,-0.1603505,-0.13544375,-0.066677324,0.0015483709,0.030547146,0.008666017,-0.039125938,-0.068439364,-0.049160313,0.0060464917
-0.038964197,-0.037263792,-0.081807815,-0.1468977,-0.19163896,-0.18737021,-0.14142923,-0.0861919,-0.06116255,-0.07771084,-0.115980186,-0.1349372,-0.11152014,-0.050086316,0.020756448,0.056116957,0.042589173,0.0036212956,-0.022106485,-0.008821839,0.038095992,0.08753135,0.1010503,0.06289158
0.101199806,0.035275936,0.00026305055,0.021452138,0.08600186,0.14279523,0.14713389,0.08561448,0.0052334317,-0.049032122,-0.041997433,0.013194574,0.058829974,0.056981638,-0.0029283483,-0.081607476,-0.12708397,-0.10933918,-0.04406671,0.018430656,0.034261856,-0.0049936096,-0.06406175,-0.0896934
-0.21368727,-0.13846098,-0.06165565,-0.040433936,-0.09499557,-0.1810127,-0.2324217,-0.19287121,-0.09268203,0.013979229,0.05937906,0.020369183,-0.046548557,-0.0839498,-0.04722256,0.049679764,0.14532831,0.17273296,0.11767935,0.023627114,-0.04289907,-0.03775652,0.027387831,0.09066797
0.04984212,0.12957636,0.15928479,0.12511875,0.05638078,0.012733149,0.03415957,0.104884215,0.17007004,0.18994771,0.1405043,0.0550801,-0.0033576011,0.0004298593,0.05703848,0.11434971,0.12220687,0.06661765,-0.021274896,-0.080039166,-0.0717621,-0.009479598,0.05625496,0.0755722
0.031106973,0.049942236,0.0064579034,-0.06304777,-0.10308025,-0.07060457,0.018272564,0.105928406,0.13686314,0.106178194,0.04084956,0.0026347716,0.027806561,0.104772,0.1819403,0.1995964,0.14587405,0.0604952,0.00040880722,0.005764115,0.06386801,0.120265156,0.120430976,0.05474551
-0.107287884,-0.031329613,0.039020628,0.058711596,0.016880631,-0.051472742,-0.088502266,-0.052871212,0.02744529,0.104846925,0.12578881,0.07723773,0.010072375,-0.028407577,-0.0035581507,0.06713911,0.12933244,0.13393079,0.07572215,-0.006639963,-0.058297966,-0.047714725,0.010446382,0.06286597
-0.0283847,-0.080424815,-0.111417726,-0.10213375,-0.059882473,-0.019008357,-0.00749671,-0.03217493,-0.070439704,-0.090734445,-0.06918969,-0.017706078,0.029770376,0.04700908,0.026071502,-0.012273346,-0.03370089,-0.016179888,0.02789652,0.06669968,0.07384021,0.042328015,-0.00808636,-0.041594777
0.08068275,0.08133146,0.04119883,-0.01867837,-0.061378375,-0.06277373,-0.028119741,-0.00023661354,-0.004928324,-0.04526938,-0.1022808,-0.13667957,-0.12871452,-0.085805856,-0.04018201,-0.02658269,-0.050671693,-0.088659585,-0.10663571,-0.08188603,-0.023802187,0.031947624,0.054221764,0.03546633
-0.16194241,-0.14781547,-0.091830306,-0.032788087,-0.0114342645,-0.03847355,-0.09097331,-0.110679656,-0.07848681,-0.0063653737,0.06603195,0.093123935,0.070014946,0.021117391,-0.008645421,0.011856415,0.07136239,0.12353563,0.1315896,0.08511844,0.012596459,-0.039136637,-0.039868195,-0.00084582885
0.02228249,-0.036258254,-0.07536758,-0.076006114,-0.045300778,-0.014563386,-0.012835636,-0.052851386,-0.107972525,-0.14439222,-0.13618056,-0.09197968,-0.04918816,-0.035364363,-0.060796876,-0.10120359,-0.1202126,-0.09576285,-0.04039262,0.01225384,0.03343608,0.014876671,-0.022635343,-0.04247007
0.015799657,-0.06233334,-0.11672741,-0.116771735,-0.06887863,-0.01965204,-0.012024863,-0.061216693,-0.13115162,-0.17949624,-0.16826156,-0.10596131,-0.04171953,-0.016862003,-0.046423946,-0.10168985,-0.13527118,-0.11181639,-0.039566107,0.03387921,0.06391362,0.035861187,-0.02240675,-0.06045876
0.036566712,0.049435277,0.09029431,0.12794863,0.13385776,0.09658859,0.041857444,-0.004176943,-0.013864365,0.0071417727,0.031433776,0.02485613,-0.017554592,-0.07669064,-0.12103751,-0.12190995,-0.08378644,-0.04090155,-0.028140433,-0.05087719,-0.08700952,-0.10447168,-0.07963051,-0.020824445
0.014632738,-0.04271377,-0.12441337,-0.1764201,-0.16020514,-0.087261155,-0.012938962,0.010280236,-0.025374133,-0.08791313,-0.12269723,-0.088935874,-0.0065510008,0.074932754,0.10692035,0.07179511,0.0031725203,-0.038960505,-0.016880032,0.0532574,0.119500935,0.13049701,0.074940935,-0.012119996
-0.12551966,-0.10719734,-0.053453706,-0.0010143929,0.015412889,-0.014455639,-0.06705151,-0.0866337,-0.05717037,0.0054642214,0.06623698,0.084943235,0.056158274,0.005031423,-0.023325393,-0.0036128114,0.05198073,0.0991916,0.10452418,0.059245307,-0.007646466,-0.050066885,-0.04237527,-0.00063648523
-0.06255157,-0.11736815,-0.15392296,-0.15012021,-0.11105532,-0.07034292,-0.059948344,-0.08077317,-0.11259206,-0.1289126,-0.10336413,-0.04577907,0.0062804595,0.029719172,0.018473271,-0.011378784,-0.027351981,-0.008852011,0.036981475,0.07745272,0.08552928,0.05585983,0.006197521,-0.03095046
0.030723153,-0.011946321,-0.072812006,-0.1071132,-0.086928196,-0.018695494,0.049406648,0.07211556,0.042427156,-0.009159738,-0.03845572,-0.01186593,0.053740717,0.11757296,0.13580349,0.09736809,0.031929806,-0.009476237,0.002354116,0.055079207,0.10445404,0.107676275,0.05523527,-0.019028032
0.06081455,0.13013205,0.14024368,0.08177885,-0.008471026,-0.06984222,-0.059252053,0.0023197397,0.05763899,0.06255877,-0.00089114584,-0.09300823,-0.14917164,-0.13528872,-0.06324288,0.0074978014,0.023885284,-0.023481924,-0.09738825,-0.13628167,-0.10431446,-0.018720932,0.064766824,0.09159369
-0.13061498,-0.081934325,-0.035646155,-0.024273138,-0.054696593,-0.10339312,-0.13001902,-0.10017495,-0.03558829,0.028656866,0.053337816,0.027949773,-0.011365284,-0.030436695,-0.002986347,0.056345858,0.108152024,0.1156642,0.07737295,0.019528693,-0.018328357,-0.013960911,0.023390956,0.054851174
0.031440567,0.045142435,0.094733655,0.14525528,0.15892465,0.116859496,0.046965525,-0.010694317,-0.021286003,0.006094645,0.041986786,0.041624952,-0.008351528,-0.08313024,-0.13913403,-0.14148791,-0.09439567,-0.039674997,-0.02065226,-0.049152676,-0.098562874,-0.12442408,-0.097913675,-0.028861064
0.05798803,0.013693744,0.023401365,0.07827292,0.1363361,0.14807104,0.10024208,0.014603504,-0.050076246,-0.06315616,-0.023187155,0.025295226,0.031177493,-0.01942827,-0.10358293,-0.16088079,-0.15557177,-0.09518912,-0.026943937,0.0006200713,-0.027151987,-0.08195776,-0.11290896,-0.084208466
0.02401312,0.06729329,0.100774474,0.096824214,0.050607778,-0.018232463,-0.064102344,-0.06862148,-0.04223464,-0.017745694,-0.024296774,-0.07151651,-0.13263848,-0.1707512,-0.16114138,-0.11435323,-0.06539071,-0.04671377,-0.06880506,-0.10655753,-0.12081481,-0.088193245,-0.021054577,0.04119835
-0.04824642,0.009567233,0.06639931,0.08823049,0.06200009,0.013934711,-0.017493986,0.0013628702,0.0545024,0.10800682,0.12260898,0.087246545,0.031464223,-0.007811617,-0.0027433706,0.040651083,0.08434728,0.08957792,0.04868649,-0.013345128,-0.057023324,-0.05327023,-0.009523458,0.036558755
0.032942235,0.002012952,-0.042877663,-0.06494886,-0.042349156,0.018019347,0.07393388,0.092986956,0.07042085,0.028762741,0.00590626,0.0290403,0.080588445,0.1269973,0.13622722,0.09997285,0.04359821,0.0076188534,0.014992974,0.053640146,0.08694014,0.084505975,0.039431624,-0.022066208
0.11894066,0.13109474,0.08270542,0.004279309,-0.053257994,-0.05117406,0.0038223641,0.054655753,0.0570898,0.0040597143,-0.07829821,-0.13169818,-0.12591606,-0.06676524,-0.0021070682,0.015371326,-0.026338851,-0.0911504,-0.12849921,-0.10300547,-0.026998311,0.05013603,0.079237044,0.04919386
0.08413959,0.04654164,-0.022536838,-0.06196615,-0.029062951,0.070625626,0.17634247,0.2234778,0.19303514,0.123279095,0.07382163,0.09505986,0.17129737,0.2518041,0.27481312,0.21611044,0.11130243,0.03269973,0.024762549,0.0786742,0.13953756,0.14528613,0.0738956,-0.03228273
-0.008368992,0.0131469965,0.08307888,0.14829093,0.15799198,0.09479121,-0.0005267532,-0.069542535,-0.071584456,-0.022607114,0.029350664,0.028098628,-0.034515128,-0.1267559,-0.19175266,-0.18209387,-0.11092533,-0.0360612,-0.011542141,-0.050541688,-0.11813123,-0.15421118,-0.1174224,-0.024615515
0.02263915,-0.035760295,-0.06494494,-0.036298167,0.04105854,0.12205579,0.1582475,0.13456246,0.08128947,0.04772932,0.069014184,0.13482055,0.19546954,0.21145163,0.16568609,0.08825405,0.03169927,0.03054814,0.07236002,0.11418124,0.11504488,0.060035355,-0.024101878,-0.08149981
-0.027549734,0.072002836,0.16989541,0.21183555,0.1799477,0.10901349,0.06114221,0.0891444,0.16989735,0.24897729,0.26654422,0.20454684,0.106426954,0.033429373,0.031614825,0.088928916,0.14784253,0.14717864,0.07454466,-0.03032847,-0.10342239,-0.099431425,-0.030359145,0.043574817
0.017595408,-0.043696463,-0.12691337,-0.17759918,-0.15978047,-0.08821291,-0.018632265,-0.0018686522,-0.041821912,-0.10516922,-0.13626829,-0.09865439,-0.017990531,0.059439637,0.0876804,0.051454905,-0.013376434,-0.04926062,-0.022528514,0.04842599,0.11338558,0.12368505,0.069276795,-0.013716087
0.126503,0.092236936,0.043807246,0.018434284,0.038370803,0.09406086,0.14470896,0.14614105,0.09929112,0.03453702,-0.007870741,0.0023235409,0.04537378,0.08458184,0.0802936,0.02931672,-0.038888708,-0.076871626,-0.061940443,-0.008828646,0.04071763,0.048943255,0.0113735,-0.038418587
0.018862147,-0.036848642,-0.06859285,-0.0607622,-0.023142485,0.007967184,0.00593997,-0.03838018,-0.09183602,-0.12211008,-0.1073808,-0.062067177,-0.023556894,-0.016102191,-0.046654157,-0.08890249,-0.10604366,-0.08086181,-0.027949737,0.019488122,0.034031995,0.008884046,-0.030877953,-0.048238736
-0.039166458,-0.015193597,0.05191103,0.11223507,0.11890015,0.0586055,-0.031022146,-0.08899292,-0.08003798,-0.025613131,0.028103258,0.028908955,-0.030172685,-0.11458062,-0.16789368,-0.15024997,-0.077646986,-0.008604745,0.009548475,-0.032886896,-0.100753926,-0.13470341,-0.09860914,-0.013354335
-0.004157245,0.024936235,0.08298318,0.13116483,0.13191402,0.0796434,0.012542635,-0.025034023,-0.01456419,0.026888622,0.06251063,0.051528975,-0.005032076,-0.0751472,-0.11646744,-0.102035485,-0.049164582,-0.00045543094,0.003521756,-0.038892422,-0.09330586,-0.112997115,-0.07873814,-0.008864636
-0.047221556,-0.10358087,-0.13830765,-0.12798384,-0.076270424,-0.021733021,-0.0048075207,-0.027372072,-0.06423959,-0.08456165,-0.059836324,0.0032878562,0.061554182,0.08325336,0.06121491,0.018121349,-0.009517688,0.0031984726,0.051112063,0.094716355,0.09930907,0.058556527,-0.0020676916,-0.045780696
0.031114161,0.004785609,0.031626355,0.09619539,0.15395325,0.15975514,0.1080818,0.033614263,-0.011291669,-0.0076136007,0.03753577,0.07848193,0.073887564,0.016709883,-0.062701106,-0.109905615,-0.099837966,-0.046980284,0.0061888765,0.016128981,-0.02455875,-0.082232855,-0.109216005,-0.078491114
0.0057275346,0.020105481,-0.013362671,-0.07066629,-0.11123767,-0.10190955,-0.048872545,0.012359231,0.03882543,0.019478276,-0.027038395,-0.05696578,-0.04329836,0.010760114,0.07388657,0.099610575,0.07446088,0.022497373,-0.016930565,-0.013334506,0.029242994,0.078010574,0.0909701,0.052851282
-0.07166764,0.014898443,0.09694858,0.12146927,0.073291324,-0.009198388,-0.06105485,-0.036652442,0.04280425,0.12285213,0.14273046,0.084157474,-0.0029916014,-0.062010475,-0.048979923,0.0244589,0.099032484,0.113152884,0.052564085,-0.040096313,-0.10154629,-0.08841491,-0.012610553,0.06317981
-0.05008762,-0.08705172,-0.05402124,0.035220403,0.12792362,0.16797882,0.13724354,0.07493564,0.0383875,0.062066846,0.13952878,0.2135527,0.23166624,0.18099196,0.09090605,0.026528781,0.027583042,0.080458395,0.1321509,0.13108309,0.06550558,-0.030236075,-0.09815257,-0.09535649
-0.046023104,-0.08041084,-0.082810566,-0.061377853,-0.040682886,-0.047092006,-0.08363939,-0.13344972,-0.16141187,-0.15518706,-0.118816614,-0.083092466,-0.07201643,-0.09077394,-0.121608086,-0.13242286,-0.1059181,-0.054994076,-0.008004246,0.0104941735,-0.0035352525,-0.031500205,-0.04362328,-0.024954049
0.17831597,0.14469188,0.092845164,0.06640364,0.09247371,0.1546549,0.21012385,0.20764199,0.15214646,0.07509457,0.024661286,0.031196784,0.06969131,0.10371771,0.0937668,0.032654658,-0.04574422,-0.09065618,-0.079122745,-0.02593513,0.027304629,0.03963009,0.0027035642,-0.049313135
0.03768737,0.084974416,0.12034205,0.1162364,0.06728244,0.0006776294,-0.041207086,-0.04249598,-0.015153261,0.0068669813,-0.006776712,-0.06092405,-0.12270419,-0.15782848,-0.14588524,-0.100516334,-0.05713639,-0.048544772,-0.07691239,-0.11369106,-0.122724295,-0.08618894,-0.019520374,0.0397552
-0.06276604,-0.015979093,-0.0077442173,-0.049002133,-0.11735171,-0.16556728,-0.16020417,-0.1045065,-0.045052182,-0.0173804,-0.04147168,-0.09364598,-0.12431845,-0.10379799,-0.03717684,0.032555804,0.06233655,0.039127655,-0.0126699945,-0.047247354,-0.034931254,0.017870095,0.07272098,0.08719197
-0.099613845,-0.103311524,-0.071056716,-0.033093717,-0.025897047,-0.063326545,-0.12219095,-0.16052683,-0.15622972,-0.11410088,-0.0623685,-0.041877955,-0.059595894,-0.10095727,-0.1296021,-0.11345913,-0.05800205,0.0036444715,0.03306398,0.015591767,-0.028245745,-0.0589434,-0.048976477,-0.0036351136
-0.064844176,-0.11918279,-0.11576321,-0.06554132,-0.0121322535,-0.006996355,-0.05993215,-0.13691619,-0.18392713,-0.17464554,-0.111396216,-0.044891328,-0.02378277,-0.058545448,-0.12155859,-0.15605696,-0.12953098,-0.053998735,0.021993576,0.049244594,0.016344108,-0.04432009,-0.08060565,-0.05987399
-0.0074060108,0.03001063,0.059621904,0.05393371,0.0063684257,-0.06078095,-0.107538246,-0.11137064,-0.08321597,-0.05621469,-0.059384782,-0.100390255,-0.15264082,-0.1832975,-0.1682652,-0.11804281,-0.066320986,-0.04628171,-0.06311247,-0.09466442,-0.10606123,-0.07507143,-0.012362111,0.04486093
-0.05457772,-0.11153899,-0.14338987,-0.12993255,-0.078769565,-0.024135605,-0.006015863,-0.029016072,-0.065541975,-0.08216472,-0.054495208,0.008243162,0.067077756,0.090070024,0.06687165,0.022924526,-0.0025428317,0.011838933,0.058012158,0.10045145,0.10387058,0.06040209,-0.003036023,-0.04615521
0.042250916,-0.0035522857,0.0044246805,0.05687321,0.11176937,0.12392438,0.08009106,-0.0013335879,-0.06342792,-0.07441891,-0.033938427,0.014298669,0.024382642,-0.019366475,-0.09804067,-0.1528624,-0.14662181,-0.08698041,-0.020557389,0.007993025,-0.017195245,-0.07113526,-0.104536586,-0.07984771
0.07508944,0.03364927,-0.025183775,-0.06589203,-0.06559403,-0.032458678,0.0018629814,-0.0009848096,-0.04312199,-0.10178587,-0.13889161,-0.12763663,-0.08424692,-0.038806114,-0.024908515,-0.051263448,-0.09550861,-0.11561197,-0.08984021,-0.031126326,0.026065825,0.048156396,0.026933234,-0.012745932
-0.03256844,0.0011240562,0.06821473,0.13251181,0.16111793,0.14320771,0.10242183,0.084865876,0.10703416,0.1577882,0.20224443,0.20540279,0.16395955,0.10070198,0.053671535,0.050831288,0.08061536,0.106556065,0.096635,0.04430707,-0.024920616,-0.0705005,-0.06690691,-0.025438651
-0.012101678,-0.051909238,-0.10321288,-0.1370244,-0.1348169,-0.10058713,-0.06365701,-0.055906925,-0.07841402,-0.11165559,-0.12696005,-0.10566917,-0.056456946,-0.006461502,0.0162479,0.0028745928,-0.025460089,-0.039312445,-0.020898683,0.023163114,0.06491739,0.07462262,0.04601951,0.0004736867
-0.051796384,-0.09725116,-0.093215555,-0.049774393,-0.0065778713,-0.0021244392,-0.047186535,-0.11384178,-0.15379114,-0.14586097,-0.09317174,-0.03903391,-0.021599637,-0.051674094,-0.105284534,-0.13449076,-0.11023559,-0.047166307,0.015330187,0.0379003,0.010699699,-0.03941528,-0.06945951,-0.05143703
-0.033125687,0.024562204,0.08816357,0.11865266,0.09678655,0.043516368,0.005140054,0.014915449,0.062472716,0.11761351,0.13742647,0.10069242,0.03766988,-0.011544518,-0.016051944,0.022682097,0.07033215,0.08397378,0.0446913,-0.021740988,-0.07071221,-0.070597626,-0.026149446,0.027905056
-0.17633785,-0.16711712,-0.121318184,-0.07373359,-0.05883363,-0.08333718,-0.1277723,-0.14060734,-0.10735805,-0.039376225,0.027467517,0.05469308,0.041529316,0.006870489,-0.011219283,0.013210378,0.0699416,0.117936365,0.12660111,0.08808265,0.02591658,-0.019902045,-0.022515858,0.0074412054
0.01946862,-0.04388905,-0.08571234,-0.08545467,-0.05158808,-0.021968093,-0.027683279,-0.07716629,-0.13634695,-0.17431828,-0.16278568,-0.11392992,-0.07027069,-0.05863684,-0.085840926,-0.12678558,-0.14262068,-0.11304454,-0.050765276,0.0071468074,0.029047865,0.009209415,-0.02829167,-0.046242915
0.00921891,0.022844417,0.06277177,0.100391224,0.104972355,0.06958806,0.017297788,-0.022147326,-0.024348734,0.001946084,0.03050889,0.027320916,-0.011967991,-0.066658996,-0.10510925,-0.10128471,-0.060775198,-0.018668385,-0.008534249,-0.03395531,-0.072993994,-0.09113449,-0.068679735,-0.01462274
0.115458705,0.12203656,0.086400546,0.028998198,-0.012470428,-0.016643666,0.015755612,0.03991395,0.0322468,-0.011632133,-0.07340016,-0.114979625,-0.11654744,-0.08135175,-0.041549545,-0.0317739,-0.05922864,-0.099622674,-0.12145508,-0.09987118,-0.042648457,0.015257542,0.042425916,0.03002155
0.03615775,-0.043156225,-0.093315735,-0.08424889,-0.02486609,0.03427876,0.045762748,-0.006705183,-0.082375646,-0.13286926,-0.11849215,-0.0507496,0.013543265,0.031030314,-0.012345688,-0.08086877,-0.12029212,-0.095746554,-0.022746215,0.047495425,0.06925596,0.030809237,-0.03515149,-0.07403699
0.147693,0.115119234,0.058702398,0.022727748,0.040453564,0.104889415,0.16946198,0.17842083,0.131801,0.058371294,0.0039569526,0.008536237,0.0559586,0.1045113,0.10783908,0.055189986,-0.023907937,-0.076595575,-0.06967931,-0.012970326,0.046624284,0.061959773,0.023707254,-0.036340434
-0.05352411,-0.01760479,-0.015235209,-0.05475542,-0.11311709,-0.1503439,-0.14059338,-0.09273762,-0.04443646,-0.023507915,-0.04574454,-0.08902213,-0.11010363,-0.08764823,-0.028632725,0.02954798,0.053311437,0.03197404,-0.011836485,-0.037950315,-0.023111766,0.022403862,0.06674677,0.0747647
-0.1209877,-0.0761676,-0.03499146,-0.02444134,-0.049439285,-0.087477684,-0.10677501,-0.07544158,-0.014264748,0.04483003,0.06950826,0.051449496,0.01636891,-0.001840726,0.020881156,0.07236192,0.11855024,0.1256931,0.08907074,0.032667883,-0.0077980952,-0.007584618,0.02440566,0.051336814
-0.11912341,-0.17090406,-0.15470995,-0.08343671,-0.0076497523,0.0145323975,-0.031940524,-0.09927092,-0.13303375,-0.105354264,-0.020327467,0.06316671,0.09033942,0.051945366,-0.01719131,-0.058034237,-0.033910144,0.0385299,0.107934095,0.11971161,0.06458461,-0.01963643,-0.07662671,-0.069829576
0.056798313,0.09336704,0.092032224,0.05084966,-0.00932307,-0.052648064,-0.052267093,-0.023951303,0.00064366753,-0.005154894,-0.048838656,-0.1074238,-0.14278509,-0.133733,-0.089081325,-0.045561433,-0.034408715,-0.05907132,-0.09699924,-0.11147337,-0.082432695,-0.021678848,0.034527205,0.05533908
0.14136292,0.16429617,0.13605782,0.08686423,0.060799398,0.088086195,0.15297456,0.2052221,0.21058488,0.16399762,0.091262184,0.04481506,0.04801362,0.09096659,0.13154317,0.12487541,0.06525682,-0.013441527,-0.06296636,-0.053483237,-0.0010379768,0.04980613,0.05753742,0.017141655
-0.20313054,-0.18920071,-0.12941399,-0.06660092,-0.04662315,-0.084618405,-0.14818394,-0.169571,-0.13036728,-0.047155395,0.037302773,0.068027064,0.042684793,-0.008741299,-0.034063246,-0.0036323555,0.06937794,0.13388856,0.14522088,0.09359223,0.013830735,-0.03996828,-0.03795401,0.005436825
-0.16614054,-0.163099,-0.13023742,-0.09151155,-0.0759651,-0.09192182,-0.12392008,-0.12794815,-0.098713346,-0.042630196,0.016091127,0.044808824,0.040679608,0.019309314,0.010030485,0.030005824,0.07323192,0.11198469,0.120528765,0.090095505,0.0400059,0.00164671,-0.0076946523,0.0072679357
0.10579977,0.030977642,-0.012102963,0.008116849,0.07764595,0.14567518,0.15915464,0.09731924,0.009365284,-0.052664395,-0.047788765,0.012792803,0.07012574,0.076967,0.015757907,-0.07202909,-0.12715507,-0.112791464,-0.04314995,0.028897768,0.051198266,0.009547865,-0.060893983,-0.097703405
0.027711412,-0.013785892,-0.0032915045,0.04775887,0.100943625,0.109992385,0.06357736,-0.015274021,-0.070341885,-0.0753785,-0.032406498,0.015532181,0.022220448,-0.023493724,-0.09822485,-0.14612372,-0.13457012,-0.07532888,-0.012236576,0.011089865,-0.017667623,-0.07132037,-0.10001192,-0.07285892
0.0023186929,0.026860885,0.07867933,0.12018676,0.12011453,0.07422726,0.013684011,-0.02394799,-0.01780556,0.017148878,0.04502157,0.033184536,-0.015109392,-0.07524539,-0.11247192,-0.10112228,-0.055790696,-0.015680304,-0.0105846375,-0.042238165,-0.085211165,-0.103007376,-0.07304503,-0.010214654
-0.088616215,-0.08732973,-0.06277485,-0.03916841,-0.039129283,-0.0712399,-0.11500443,-0.13760518,-0.12702443,-0.091351874,-0.053923286,-0.042460248,-0.057918336,-0.085127525,-0.096925154,-0.07637756,-0.031953473,0.009620702,0.02588736,0.009777321,-0.020366414,-0.038207363,-0.026187366,0.0070678312
0.005766975,-0.058460124,-0.09481066,-0.07506662,-0.007908689,0.06040478,0.08304403,0.04934016,-0.006323552,-0.041268647,-0.02043645,0.045796476,0.10836683,0.12608135,0.08652844,0.0200358,-0.024378888,-0.014404312,0.039350566,0.09135949,0.09890372,0.050958358,-0.02323597,-0.07285208
0.028205656,0.04982628,0.09008124,0.12205258,0.123462744,0.0908047,0.046927948,0.018607454,0.020875387,0.042749185,0.05977183,0.048331793,0.007446549,-0.04325819,-0.07637488,-0.07238523,-0.041846704,-0.013537867,-0.012066701,-0.03898943,-0.073459424,-0.085890286,-0.06095662,-0.0115087405
0.032071862,-0.015693335,-0.001290648,0.06315762,0.12933487,0.1437314,0.09078316,0.0009385549,-0.06235768,-0.067877494,-0.015662678,0.04280189,0.050427392,-0.003971476,-0.09329689,-0.1530881,-0.14250068,-0.07484946,-0.0026405386,0.022352453,-0.014672864,-0.08007512,-0.11775386,-0.08888671
-0.04772235,-0.09658613,-0.095781,-0.055533145,-0.014824804,-0.015135504,-0.06512121,-0.13624316,-0.18064283,-0.17584114,-0.12409463,-0.06872845,-0.051436167,-0.08269418,-0.13785888,-0.16611034,-0.13946553,-0.06990842,-0.00016729924,0.026949728,0.0016447402,-0.04676605,-0.07310853,-0.050070565
0.051806584,0.06873867,0.026810614,-0.04068573,-0.08312072,-0.057854746,0.020269334,0.095183805,0.118180566,0.08429812,0.0187497,-0.020741364,-0.0013341685,0.0662726,0.13434973,0.15013078,0.10283164,0.027738933,-0.024810491,-0.016749961,0.039973255,0.096952274,0.10388307,0.050646435
-0.13720523,-0.12145656,-0.06897122,-0.015617404,0.0030296352,-0.02167634,-0.06796887,-0.083698735,-0.05374184,0.0103035625,0.07300006,0.09444863,0.07153628,0.025914485,-0.0013974688,0.016245412,0.06860575,0.11383301,0.11842237,0.07414543,0.007853894,-0.037825603,-0.0369926,-0.001468654
0.062450856,0.08332297,0.1332485,0.1773045,0.1840696,0.14235328,0.07963814,0.029068151,0.019146865,0.03982168,0.06173295,0.05029766,-0.0027124316,-0.07438038,-0.12806061,-0.13181718,-0.09290664,-0.048747856,-0.037024617,-0.064710744,-0.1079849,-0.12686357,-0.095530055,-0.026307097
-0.053858854,-0.09069848,-0.052721873,0.037801705,0.12519485,0.15389222,0.11014299,0.037074327,-0.0016907005,0.02580205,0.10520703,0.1767647,0.19103968,0.1332243,0.038259093,-0.021309933,-0.008910333,0.054843638,0.11372861,0.11453764,0.046726257,-0.050317366,-0.11023292,-0.09418726
-0.013965644,-0.1019766,-0.155042,-0.13705738,-0.060600292,0.017024348,0.039272763,-0.006244688,-0.07779705,-0.12155365,-0.09307322,-0.0074940086,0.073796496,0.101607144,0.05991886,-0.015249634,-0.06256029,-0.04207568,0.032626033,0.10421538,0.12059904,0.06704197,-0.022055427,-0.08202436
-0.00013085481,0.018701654,0.0802912,0.13917582,0.14893161,0.09212177,0.0001069934,-0.067828424,-0.07184849,-0.031584498,0.013375488,0.014201385,-0.042260487,-0.12925895,-0.19056676,-0.18279576,-0.11836027,-0.04990538,-0.022577822,-0.053519826,-0.114727564,-0.1469331,-0.11135596,-0.02567732
0.013706182,-0.045588687,-0.070209414,-0.036290698,0.04128154,0.11414642,0.13432741,0.09917021,0.044493895,0.014453802,0.041398548,0.110493034,0.16746779,0.17357977,0.12190329,0.047522392,0.0012860659,0.010924457,0.0619705,0.10493132,0.10009564,0.041873753,-0.03692342,-0.08394004
-0.05745322,-0.014262442,0.081470534,0.17340359,0.20765513,0.17028213,0.09848619,0.06059723,0.08862718,0.16499037,0.23505658,0.24040952,0.17702454,0.08118034,0.012650718,0.015370054,0.07401274,0.12583874,0.11890502,0.045460004,-0.053796977,-0.11638355,-0.103335015,-0.03188465
0.11598876,0.09324317,0.058575235,0.040309124,0.05664648,0.10010778,0.1397501,0.13901092,0.10206407,0.05059427,0.01483896,0.017767146,0.04733808,0.07329047,0.06765859,0.026742911,-0.027283046,-0.06049494,-0.053248554,-0.015304729,0.022860177,0.030648515,0.0038716844,-0.03366509
-0.026253276,0.011809321,0.09276689,0.17460535,0.21754092,0.20712614,0.16185331,0.13798141,0.16035625,0.21761449,0.27044943,0.27883458,0.23243089,0.155562,0.0929513,0.07991126,0.10836156,0.13346162,0.12175996,0.0617236,-0.021660106,-0.0821217,-0.08542552,-0.040746395
0.0004550647,-0.039896067,-0.051937707,-0.01894003,0.047319412,0.10696418,0.12506275,0.10079498,0.06458524,0.048897147,0.07489085,0.12837793,0.17088577,0.1724993,0.1304247,0.07261763,0.035923574,0.03976969,0.07289054,0.098388806,0.087168135,0.035432022,-0.029307937,-0.067973465
-0.032742206,-0.024384666,-0.055811364,-0.109394185,-0.15278864,-0.1563717,-0.118154734,-0.0652981,-0.039014317,-0.04936223,-0.084496975,-0.10963594,-0.09582342,-0.042855166,0.02176807,0.0559385,0.044402357,0.007355261,-0.02155702,-0.0151204225,0.026136756,0.07279034,0.08748973,0.057288956
0.075024776,0.07983351,0.05152816,0.007687423,-0.025195517,-0.024522897,0.004662131,0.030491741,0.02830707,-0.0050179935,-0.05316878,-0.08354003,-0.080014035,-0.046592895,-0.0114316065,-0.004032589,-0.02848307,-0.063975446,-0.08250663,-0.06480144,-0.019579286,0.02521776,0.04129227,0.02490922
-0.16799706,-0.08801843,-0.0107911825,0.009757015,-0.038467355,-0.116043776,-0.15939192,-0.11680255,-0.020703271,0.07678716,0.11276753,0.07000697,-0.0011770886,-0.042491328,-0.011530226,0.07544942,0.15755053,0.17364632,0.11280734,0.016817149,-0.048603132,-0.04279584,0.021889603,0.08264378
-0.012825693,0.016739454,0.085910775,0.14418446,0.14715582,0.08541791,0.0010986102,-0.050712,-0.04230653,0.007914438,0.053228658,0.045388315,-0.017867621,-0.10299456,-0.1569608,-0.14120407,-0.07464348,-0.01111257,0.0014962384,-0.044136524,-0.1097523,-0.13884167,-0.09942733,-0.01322692
0.08004269,0.07894127,0.036279008,-0.023997558,-0.06519694,-0.06304846,-0.023237351,0.0077871834,0.0020993156,-0.039633688,-0.09708662,-0.1303041,-0.11915127,-0.07196998,-0.025594708,-0.014252893,-0.04323018,-0.08363051,-0.10193819,-0.075432256,-0.015323239,0.03995184,0.057841603,0.034696363
-0.11385285,-0.16801037,-0.15892331,-0.09694784,-0.027538765,-0.003428132,-0.043946948,-0.10907912,-0.14510997,-0.123054534,-0.046444163,0.03412605,0.067321666,0.037889957,-0.026439939,-0.06615538,-0.046261795,0.021320812,0.09189537,0.11224685,0.06668547,-0.0127423275,-0.069076635,-0.06523254
0.11908268,0.14179608,0.11256591,0.06044673,0.028327085,0.04954875,0.1115612,0.1676537,0.17759039,0.1349847,0.06408927,0.017401174,0.021072436,0.067519635,0.115363084,0.11672707,0.062562816,-0.013759175,-0.06261944,-0.05369113,0.00029908726,0.055065505,0.06583383,0.026034506
-0.048369765,-0.13301745,-0.18411812,-0.16845405,-0.09733697,-0.020755878,0.0037014827,-0.03391735,-0.09462009,-0.12853569,-0.09555509,-0.008516362,0.073991686,0.10571901,0.0707646,0.004354193,-0.035630576,-0.014616469,0.055289965,0.12141746,0.13308154,0.077894785,-0.009596461,-0.06959069
-0.05360826,-0.093081295,-0.09647838,-0.069626115,-0.042077072,-0.04185779,-0.07776539,-0.1283851,-0.15972541,-0.15501662,-0.11495092,-0.07051531,-0.052701958,-0.07082811,-0.10782232,-0.1256582,-0.10377747,-0.050080717,0.0042748996,0.027155878,0.009629466,-0.025959644,-0.046857476,-0.03230144
0.07751143,0.009856978,-0.08206966,-0.14349708,-0.14128146,-0.08910935,-0.036760394,-0.040515445,-0.10055309,-0.18328586,-0.2312899,-0.2072329,-0.13484251,-0.06014896,-0.033690397,-0.06955806,-0.13191709,-0.15936051,-0.11849531,-0.028317343,0.05743657,0.08732195,0.04983289,-0.015721396
-0.05431226,0.009720664,0.029680857,-0.0052487673,-0.06538754,-0.096655555,-0.06987651,0.006174133,0.08118601,0.11648618,0.09011821,0.032001972,-0.0016126274,0.016985975,0.0827286,0.14749013,0.16569968,0.1211949,0.044241745,-0.010746998,-0.011035871,0.034178928,0.082371235,0.08482802
0.11062392,0.07466636,0.021824552,-0.008027318,0.012099606,0.069891214,0.12232626,0.12421826,0.08072285,0.017805673,-0.022051582,-0.008742113,0.037631173,0.0799613,0.081200585,0.034475952,-0.030263718,-0.068186894,-0.054246336,-0.001301436,0.048431482,0.056981113,0.01966927,-0.033957966
0.041204184,0.011337177,0.017707828,0.05367462,0.0896853,0.093702175,0.057259776,-0.0028539188,-0.046944123,-0.056306757,-0.03005612,0.0013074864,0.0024635505,-0.03258412,-0.08816802,-0.12479067,-0.118239366,-0.075688586,-0.02875645,-0.009152967,-0.026372423,-0.06028013,-0.07756724,-0.0545851
0.026015941,-0.026272807,-0.015948668,0.041275654,0.09970705,0.10557796,0.046798345,-0.049121972,-0.115807235,-0.121452026,-0.07024748,-0.01358927,-0.005499831,-0.057999022,-0.1434171,-0.19615254,-0.17756134,-0.103899926,-0.02607878,0.00432524,-0.025799453,-0.0860052,-0.11684221,-0.08172936
-0.041332427,-0.12532358,-0.17591444,-0.16058646,-0.0914421,-0.021400854,-0.0017290956,-0.04193985,-0.10471271,-0.14040713,-0.109267555,-0.026040142,0.054203205,0.08343337,0.04838214,-0.01616697,-0.055080507,-0.031253435,0.04132001,0.10825303,0.12167409,0.06985115,-0.013873165,-0.07085639
0.01839017,-0.033737946,-0.019987466,0.045391094,0.11240807,0.12247598,0.064134136,-0.030243384,-0.09585421,-0.09931045,-0.04259668,0.018932018,0.028705457,-0.026031202,-0.11572531,-0.17339109,-0.15868403,-0.08434203,-0.0056189294,0.022038251,-0.014672723,-0.0818087,-0.12001594,-0.08935695
-0.20361339,-0.18119282,-0.10126462,-0.01937867,0.009090832,-0.03501413,-0.11391105,-0.14487708,-0.103438035,-0.0077656587,0.08760273,0.11976648,0.08240279,0.010142182,-0.033644397,-0.006304707,0.07459976,0.14833106,0.1619018,0.099206425,0.00019543263,-0.068468496,-0.06433264,-0.0046697757
-0.028519418,0.08265152,0.183672,0.2148801,0.165936,0.08352332,0.036916845,0.07475699,0.16656406,0.2502637,0.25855723,0.18110341,0.074697696,0.005197976,0.016402315,0.0883622,0.1535798,0.14593834,0.060866248,-0.05038323,-0.11832828,-0.10180507,-0.018044386,0.062171865
-0.073105544,-0.0044458653,0.017137324,-0.022083221,-0.094830595,-0.13941681,-0.116787806,-0.034395363,0.048206333,0.08947464,0.06279014,-0.0028789681,-0.04150859,-0.0203099,0.05562644,0.13336103,0.16016991,0.11852628,0.03783205,-0.021747453,-0.020001547,0.034354817,0.09148445,0.09891039
-0.0071536726,0.033398144,0.07340723,0.08319344,0.05258691,-0.0017977367,-0.0449897,-0.04861559,-0.019372344,0.012980405,0.0168843,-0.01731486,-0.068948664,-0.10572828,-0.10303618,-0.06481713,-0.02225552,-0.008315627,-0.028040348,-0.06472897,-0.08735448,-0.072510034,-0.022892486,0.029737387
-0.05508273,-0.037558477,0.017959822,0.07983587,0.10846982,0.09101562,0.049227804,0.023944283,0.03675849,0.08437299,0.13530019,0.14769627,0.11846417,0.06396261,0.01904773,0.015473046,0.04893167,0.085880004,0.08876673,0.04819839,-0.013636886,-0.059217993,-0.06316903,-0.02697017
-0.113113485,-0.16279657,-0.15957165,-0.10673804,-0.041031178,-0.009642814,-0.030868253,-0.07716449,-0.10530666,-0.08618489,-0.017824765,0.055351622,0.09295365,0.07715855,0.02804511,-0.0091430675,0.0006686849,0.051964812,0.10697775,0.122515485,0.08477477,0.014489441,-0.04516581,-0.057907462
-0.051387917,-0.09390864,-0.09119566,-0.053672444,-0.016146533,-0.0195478,-0.06961925,-0.1350442,-0.17201968,-0.16465683,-0.11530676,-0.06527622,-0.0527806,-0.08294183,-0.12973869,-0.15165678,-0.124187306,-0.061452754,0.0002900337,0.02255085,-0.0012466031,-0.04397018,-0.06557811,-0.043804772
0.01551493,0.0921028,0.15544122,0.16084744,0.0986019,0.0046686265,-0.0542081,-0.044374727,0.009582358,0.05728704,0.050419964,-0.02186087,-0.11382675,-0.16811202,-0.1520206,-0.084532216,-0.020275576,-0.007358466,-0.055432115,-0.12332507,-0.15376824,-0.11382073,-0.023833053,0.059644803
-0.04439281,0.029040243,0.053349484,0.015757566,-0.051241457,-0.08746057,-0.057801712,0.02835772,0.109762594,0.14554879,0.11103431,0.04164031,0.0018225799,0.022712512,0.095583685,0.16504137,0.1791869,0.124536835,0.037728384,-0.021949308,-0.018212046,0.03501089,0.08851997,0.090997525
0.09174744,0.1076476,0.057952277,-0.024572643,-0.08405156,-0.07657074,-0.013228489,0.050057154,0.06301624,0.014637375,-0.068375655,-0.12040693,-0.10790807,-0.041413836,0.03134554,0.054452118,0.0108804945,-0.061201468,-0.103711516,-0.08084795,-0.006624256,0.06937309,0.09601092,0.057255894
0.13419737,0.17060186,0.16852131,0.14070499,0.12031944,0.13528974,0.18183067,0.22544867,0.23818955,0.21140873,0.15467511,0.107311234,0.09155753,0.106524594,0.1271691,0.122472726,0.08022115,0.017261226,-0.034304224,-0.046655472,-0.022023233,0.013126345,0.02905269,0.012019178
0.035912488,-0.055351,-0.117715545,-0.11842993,-0.06658048,-0.012433221,-0.0071123135,-0.0685974,-0.15380988,-0.21327507,-0.20286305,-0.13259415,-0.062747754,-0.037027117,-0.07457062,-0.14109786,-0.17713371,-0.1461755,-0.06134495,0.024878131,0.060581136,0.030483596,-0.032802284,-0.070123196
0.012318186,0.036792617,0.004110064,-0.057949696,-0.099274434,-0.07787311,-0.004291995,0.07766719,0.11410148,0.09373593,0.035075475,-0.004109644,0.013853907,0.08022523,0.15393859,0.1791806,0.13672227,0.058426104,0.001303806,0.0013410185,0.05085852,0.103555016,0.11058318,0.056320563
0.14771351,0.1264132,0.08564524,0.059994936,0.076512426,0.123559736,0.16935089,0.17225055,0.13195254,0.069467664,0.022853129,0.021750515,0.050828733,0.07954172,0.07625213,0.03132027,-0.033301093,-0.074687935,-0.069496,-0.027874958,0.017101422,0.03136678,0.006511124,-0.03530366
0.033767402,-0.042294133,-0.077266015,-0.037341204,0.06476119,0.16041587,0.18783864,0.14063421,0.06717994,0.022675129,0.051216524,0.13780196,0.21226136,0.22244653,0.15667385,0.058580957,-0.008212906,-0.0014983304,0.06515889,0.12648939,0.12602647,0.052746534,-0.048796162,-0.1116169
-0.11430699,-0.108896665,-0.06257451,-0.017580481,-0.018099505,-0.07359548,-0.14914542,-0.19411764,-0.18185785,-0.124649346,-0.06357013,-0.049669378,-0.08393261,-0.13963495,-0.1705044,-0.14218074,-0.066074625,0.0075797294,0.032621387,0.0012930715,-0.05375291,-0.083940655,-0.059905987,0.004959654
-0.0362908,-0.10110927,-0.14312294,-0.13458166,-0.08293133,-0.027457755,-0.007975168,-0.03475504,-0.081055,-0.108567424,-0.084657066,-0.019922089,0.043311015,0.06857474,0.04462476,-0.0034150747,-0.033391446,-0.015444107,0.038443815,0.08845173,0.09872545,0.060343005,-0.0040381714,-0.050461188
0.0733337,0.115992896,0.11666385,0.070473485,0.0039029259,-0.04471869,-0.04606569,-0.017782964,0.008768945,0.0025754476,-0.04683892,-0.11286333,-0.15527713,-0.15063223,-0.10504985,-0.056849193,-0.042203285,-0.068706915,-0.111006185,-0.12919696,-0.09952189,-0.03343509,0.033023622,0.061096456
-0.025346452,0.059072483,0.14485233,0.18220496,0.15516588,0.093102045,0.050005462,0.0706037,0.13837948,0.20813769,0.2248943,0.17196077,0.087564394,0.023362359,0.019411981,0.06858643,0.12149607,0.12305239,0.062251203,-0.027307,-0.09043678,-0.0891509,-0.029762853,0.0364978
0.08708109,0.09615594,0.050288837,-0.020726258,-0.070605725,-0.06724772,-0.018208724,0.03039917,0.035966072,-0.00979659,-0.08042765,-0.12355392,-0.11486516,-0.05873993,0.003955308,0.02236099,-0.014575178,-0.073061086,-0.10514566,-0.08180724,-0.01406536,0.05466027,0.078396834,0.046612587
