0.019018242,0.069732435,0.11407062,0.11743489,0.07422893,0.010474236,-0.033620123,-0.033417333,0.00047718154,0.03201449,0.026411518,-0.021983279,-0.087078795,-0.12831472,-0.12131481,-0.07560312,-0.029472934,-0.018178992,-0.047741458,-0.09298565,-0.11431194,-0.08689603,-0.022156458,0.040310234
0.060907323,0.030051664,0.039817955,0.08116043,0.11983802,0.12104974,0.075662255,0.0071885916,-0.044302985,-0.052208178,-0.024038259,0.00580705,0.002958005,-0.042336494,-0.10516562,-0.14595783,-0.13794754,-0.08987439,-0.03839211,-0.018477906,-0.039520875,-0.077918775,-0.094315626,-0.06469017
-0.008833964,-0.0019850796,-0.03118233,-0.07825918,-0.11065604,-0.105953254,-0.06776781,-0.023784615,-0.0044885515,-0.02096805,-0.055729657,-0.076863274,-0.062074114,-0.015504548,0.03456229,0.057015833,0.040720783,0.0034080944,-0.022333628,-0.0140152965,0.023843218,0.06311872,0.07311486,0.04395105
-0.007456616,0.006051892,-0.0297007,-0.08655916,-0.11815965,-0.09470269,-0.026219008,0.04471003,0.07635724,0.05597293,0.010656581,-0.014568172,0.009257414,0.07320546,0.13600074,0.15593289,0.121342145,0.058910534,0.01349742,0.015805345,0.058503464,0.10139486,0.10297507,0.051433884
-0.1506167,-0.08183527,-0.005694429,0.02325176,-0.012295869,-0.07943441,-0.120393015,-0.09423077,-0.010187647,0.07903475,0.117336996,0.08691047,0.01933407,-0.026199704,-0.009154597,0.063117534,0.13798554,0.1588799,0.109119594,0.020839347,-0.046124585,-0.04832907,0.0068421196,0.06597141
0.043659154,0.112505235,0.13789836,0.10823458,0.052069932,0.016818428,0.033413254,0.092616715,0.15076262,0.16447127,0.12149284,0.050868087,0.0007074323,0.0033137004,0.049922027,0.0983627,0.10384321,0.05512729,-0.01858239,-0.06882817,-0.06294002,-0.009277016,0.04807783,0.064681664
0.07316325,0.1554133,0.19402273,0.17306419,0.120047964,0.085137,0.10250036,0.16454701,0.22643377,0.24205929,0.19558842,0.115783386,0.05411935,0.04656455,0.08598451,0.12979628,0.13012922,0.072960034,-0.012080609,-0.073042646,-0.07416307,-0.02297748,0.036590144,0.057433907
-0.025661452,-0.1131152,-0.1634821,-0.13816424,-0.05460119,0.02764062,0.052075014,0.0075964867,-0.06428318,-0.10165018,-0.0664434,0.02389922,0.109748885,0.13434875,0.08662511,0.007158591,-0.040272385,-0.017570626,0.05850804,0.12780048,0.13511467,0.06997839,-0.026185613,-0.08953902
0.054592833,0.027230367,0.035417803,0.070977636,0.10370903,0.10388284,0.064042605,0.004144433,-0.041191526,-0.048601486,-0.024592577,0.000778656,-0.0019979428,-0.0410678,-0.095243625,-0.13057671,-0.12349165,-0.081352055,-0.03645263,-0.018600054,-0.03579314,-0.06828326,-0.08236113,-0.056162328
0.07540633,0.07767366,0.03122718,-0.03961217,-0.09234131,-0.1001997,-0.068775326,-0.03455864,-0.033948828,-0.07689054,-0.13875587,-0.17894427,-0.17037831,-0.12064456,-0.06508214,-0.04220339,-0.06231583,-0.1017788,-0.12164944,-0.09538355,-0.030645875,0.03596415,0.066150405,0.04826584
-0.0070895697,0.067642555,0.14213628,0.17518646,0.155028,0.111470595,0.089209236,0.114902936,0.1756047,0.23096207,0.23989034,0.19323613,0.12071939,0.06973642,0.06752302,0.103488386,0.13655473,0.12722899,0.06658606,-0.014106444,-0.06695556,-0.0646507,-0.019568983,0.028459352
0.057464506,0.116667055,0.13481262,0.10539298,0.056853995,0.031216389,0.051675934,0.105329506,0.15224932,0.156828,0.11246289,0.048506387,0.0075178244,0.013913428,0.055238094,0.09260943,0.08940556,0.0400704,-0.025735306,-0.064954974,-0.053639125,-0.004137623,0.04352458,0.053136103
-0.022441594,0.07403253,0.16962102,0.21073246,0.18184868,0.12009536,0.08530701,0.115865655,0.19515207,0.2688432,0.2824137,0.22305074,0.12862521,0.062191002,0.061449468,0.11368875,0.16223654,0.15488982,0.08034673,-0.02294037,-0.091284305,-0.08632305,-0.023860944,0.041368164
-0.062097494,-0.11477611,-0.11099702,-0.06400138,-0.01884823,-0.01954359,-0.07500621,-0.15196122,-0.19862576,-0.18530414,-0.12471774,-0.06327996,-0.046070684,-0.08336398,-0.14169277,-0.17047933,-0.13897341,-0.062059086,0.012294918,0.038368486,0.00618726,-0.05055346,-0.08032121,-0.054662865
0.16257459,0.19527966,0.15186399,0.07227137,0.023642924,0.047218382,0.12791385,0.2054832,0.22044171,0.15860017,0.060308807,-0.0072401427,-0.00088259426,0.064606994,0.13038364,0.13686277,0.06914594,-0.031488128,-0.0969639,-0.08399453,-0.007865444,0.070634775,0.092851035,0.042816315
0.021654796,-0.023024129,-0.08909738,-0.1293146,-0.11331582,-0.05207666,0.01064049,0.031639464,0.0019193152,-0.05015792,-0.07783262,-0.05230685,0.015059448,0.08042559,0.10172339,0.068810515,0.011826919,-0.023436401,-0.008284826,0.046442535,0.09790203,0.10472092,0.058140367,-0.013114369
-0.07649584,-0.14062412,-0.1390021,-0.084033504,-0.027802326,-0.022997322,-0.08236795,-0.16954736,-0.22469084,-0.21079876,-0.13963872,-0.06455803,-0.039408002,-0.07843816,-0.14569737,-0.18236226,-0.15049224,-0.063545324,0.023384666,0.055769913,0.01962958,-0.048542652,-0.089619696,-0.066373974
0.029155377,0.051698036,0.10745882,0.15695792,0.16293037,0.11721884,0.048346113,0.00039833385,-0.0011464525,0.033570528,0.06540991,0.057019938,0.000709289,-0.07440372,-0.12310252,-0.118657,-0.07239662,-0.024384214,-0.0139061175,-0.04958564,-0.10135916,-0.12370052,-0.09217093,-0.021056969
0.042283896,0.08180496,0.083384104,0.03974946,-0.023839189,-0.06842122,-0.06921098,-0.036232177,-0.0047046705,-0.0073017203,-0.05080337,-0.11024527,-0.14612758,-0.13491057,-0.08717588,-0.038678825,-0.023784459,-0.04899275,-0.09011334,-0.107770815,-0.079663016,-0.01804132,0.04059779,0.063288726
-0.12855825,-0.12755474,-0.076846085,-0.02202895,-0.012315653,-0.062499505,-0.13967763,-0.18976375,-0.17851566,-0.11532032,-0.045966707,-0.020107336,-0.05341578,-0.11420364,-0.14990875,-0.12618653,-0.05276617,0.024487015,0.05547385,0.023359362,-0.04023573,-0.08132468,-0.06620945,-0.0034072099
-0.020193538,-0.08602467,-0.12488525,-0.10647491,-0.042833317,0.022386467,0.044768184,0.01356341,-0.0410349,-0.07147508,-0.047401987,0.020100296,0.08727233,0.1096712,0.075387046,0.014093927,-0.025568828,-0.012710426,0.042915765,0.09784918,0.10739852,0.059034985,-0.016308043,-0.06809497
0.12148338,0.1497692,0.13728797,0.10466135,0.086167105,0.105187364,0.1538742,0.19959387,0.20942527,0.17551266,0.118870005,0.07580467,0.070275865,0.096425824,0.12267399,0.11693988,0.07056601,0.00590564,-0.04051998,-0.043617528,-0.009567284,0.02911793,0.038861666,0.011811856
0.077989794,0.022058507,-0.059453014,-0.11484076,-0.11139593,-0.062685855,-0.015471009,-0.014438007,-0.06730558,-0.14136674,-0.18513255,-0.16785233,-0.102577195,-0.03757975,-0.01721783,-0.051091045,-0.106262855,-0.13277438,-0.1005522,-0.023332711,0.050538644,0.07581046,0.043528352,-0.015083507
0.0018155453,0.022433562,0.08867366,0.15321231,0.16677882,0.11513946,0.031885967,-0.02743046,-0.02875754,0.018415617,0.066916674,0.06764572,0.007217482,-0.080674544,-0.1397844,-0.13487488,-0.07670692,-0.012944532,0.00557997,-0.035873834,-0.10219495,-0.13716884,-0.10796513,-0.027604261
0.025445579,-0.050294917,-0.104303025,-0.107626185,-0.06881426,-0.029338824,-0.030310985,-0.08196053,-0.15380216,-0.19960964,-0.18982399,-0.13446532,-0.07542627,-0.055693004,-0.08515739,-0.13554597,-0.15965104,-0.12960064,-0.056852028,0.015745707,0.044950377,0.020588083,-0.028171023,-0.05584126
-0.029688975,-0.06816065,-0.07045208,-0.040136214,-0.00587381,-0.0007149258,-0.034735814,-0.08711365,-0.12289869,-0.11956447,-0.081436306,-0.038040027,-0.023003468,-0.046811737,-0.08795368,-0.11219746,-0.09664852,-0.04739353,0.005106754,0.026083458,0.006377272,-0.031531725,-0.054137327,-0.041528482
0.073551804,0.16069838,0.18589386,0.13948727,0.06470867,0.02582164,0.058442898,0.14170018,0.21478724,0.22377785,0.15907948,0.06461393,0.0052402704,0.018164022,0.083842404,0.14286244,0.14016306,0.0674465,-0.03183456,-0.09158162,-0.07428596,0.0004120658,0.07132854,0.08413262
-0.041489806,-0.1109552,-0.15442997,-0.14143066,-0.08242011,-0.02201354,-0.0048398203,-0.039062977,-0.093843445,-0.12317095,-0.09744271,-0.027091704,0.043767653,0.069868386,0.04041743,-0.013977513,-0.04680673,-0.028359128,0.033767033,0.09437596,0.106951855,0.061147,-0.010680353,-0.06089374
-0.00916541,-0.05358259,-0.110002175,-0.14320509,-0.13341704,-0.0916469,-0.050943658,-0.04228696,-0.068873726,-0.10697168,-0.12155316,-0.09455392,-0.03771209,0.015098725,0.033466328,0.012728092,-0.021940941,-0.03657487,-0.013886075,0.034953542,0.076854706,0.08161503,0.0456305,-0.006188948
-0.057418182,-0.03922043,0.012420519,0.06448128,0.08595206,0.06855421,0.031653874,0.009864963,0.02632111,0.0738301,0.11981654,0.132402,0.1031043,0.05223075,0.015338435,0.017070869,0.051363155,0.08484801,0.0859431,0.04642684,-0.012712598,-0.054810155,-0.053143963,-0.01670995
-0.14631405,-0.10219937,-0.052823596,-0.03581891,-0.0618021,-0.106651805,-0.1296725,-0.10432997,-0.038394086,0.030607,0.06408954,0.049908206,0.010996402,-0.011479107,0.008722363,0.065124996,0.12091779,0.13722222,0.102357924,0.039909028,-0.00795308,-0.012419566,0.020738268,0.054920517
0.03272415,0.050444923,0.00025581714,-0.07412954,-0.10920892,-0.06923236,0.026215708,0.117434576,0.14840485,0.107529916,0.037141073,0.00077028706,0.034584388,0.12012039,0.19762005,0.21133095,0.14987952,0.056686785,-0.0026647015,0.009089131,0.07379948,0.132024,0.12844941,0.053219367
-0.14976056,-0.13024923,-0.06075097,0.007375002,0.024452357,-0.019866824,-0.08888922,-0.124625236,-0.095164835,-0.01685491,0.058209818,0.081000485,0.04036871,-0.026473738,-0.06427529,-0.039259713,0.031611137,0.09685156,0.10953583,0.057742625,-0.022592615,-0.07389263,-0.062257633,-0.0029914333
-0.019987311,-0.06321108,-0.13254723,-0.18238851,-0.17943026,-0.1290165,-0.068027824,-0.039057337,-0.057000104,-0.100851,-0.12620887,-0.10222504,-0.034750134,0.038483404,0.075627245,0.060421318,0.015229245,-0.016364863,-0.0036078724,0.04750265,0.10101752,0.116342016,0.07802469,0.00781382
-0.04837462,-0.1126552,-0.15196922,-0.14167131,-0.09289601,-0.043219533,-0.028766537,-0.05769668,-0.10258204,-0.12353109,-0.096065596,-0.032138787,0.029567484,0.052414678,0.028726483,-0.015382125,-0.038061433,-0.015679536,0.039109606,0.08800677,0.095678434,0.055139318,-0.0067117447,-0.048090912
0.14201805,0.16826937,0.14207062,0.093265645,0.06653345,0.089037344,0.14886013,0.20311405,0.20997189,0.16216414,0.089933485,0.040011015,0.041205518,0.08242611,0.121482074,0.11663108,0.059533052,-0.017618958,-0.06732283,-0.0603377,-0.008117856,0.044779666,0.05588744,0.018156795
0.08817104,0.09385554,0.038647905,-0.04247948,-0.09425897,-0.08502035,-0.02795837,0.026577698,0.03213888,-0.020282213,-0.09536539,-0.13944802,-0.12047199,-0.052940894,0.013598234,0.031230569,-0.009211743,-0.07251415,-0.10589337,-0.07751319,-0.0025341522,0.069146514,0.089954115,0.05057322
-0.01728393,-0.0057184864,0.050156415,0.106153436,0.116036996,0.066277355,-0.013134677,-0.07144603,-0.075525254,-0.03238283,0.014694041,0.020239288,-0.02949007,-0.10496513,-0.15573467,-0.14839719,-0.090872705,-0.026663838,-0.0022722986,-0.03256672,-0.08893048,-0.12073723,-0.09566785,-0.022344852
0.056227196,0.032300707,0.049251296,0.100340374,0.15157968,0.16717663,0.13551696,0.07832172,0.03418645,0.030477947,0.061578337,0.094419874,0.09393468,0.048862774,-0.01743925,-0.066310935,-0.069967,-0.034388945,0.0063529056,0.016833946,-0.013153288,-0.061728485,-0.0900665,-0.07298614
-0.12939207,-0.08786284,-0.046544246,-0.045749307,-0.09491205,-0.16575006,-0.21072522,-0.19919123,-0.14173159,-0.08122182,-0.05921877,-0.08638429,-0.13503514,-0.15877728,-0.12914222,-0.056389276,0.015328928,0.043970067,0.01985561,-0.030095393,-0.060257792,-0.04124619,0.016755654,0.07057477
-0.009590399,0.007376262,0.063539006,0.11462496,0.1187818,0.06870822,-0.0044195997,-0.054472677,-0.053059455,-0.010308227,0.03093172,0.0291568,-0.023620615,-0.09629733,-0.14165379,-0.1312864,-0.07540573,-0.017945312,-0.0028067082,-0.03763663,-0.09130168,-0.11742432,-0.08810746,-0.015298846
-0.030529605,-0.012132639,0.048540276,0.10525115,0.11454803,0.06615842,-0.009629587,-0.06172048,-0.058758352,-0.011196939,0.03561884,0.038902715,-0.0113521805,-0.0851807,-0.1330403,-0.12264184,-0.065387465,-0.0069562285,0.010864742,-0.023098659,-0.081450984,-0.11469921,-0.08942152,-0.018172348
0.08076874,0.035753984,-0.03172179,-0.079619095,-0.08039784,-0.044004787,-0.0080101015,-0.009422234,-0.055178512,-0.11906391,-0.1590669,-0.14934114,-0.09950631,-0.04844301,-0.03218699,-0.059591282,-0.104130924,-0.12549151,-0.09906603,-0.03497254,0.028135668,0.05324856,0.031864937,-0.011830524
-0.18192114,-0.12257728,-0.060089275,-0.045133505,-0.08966269,-0.1574361,-0.19231863,-0.16050571,-0.07580765,0.010013845,0.045809913,0.019114334,-0.035696533,-0.062499754,-0.029418167,0.050683454,0.12627888,0.14669172,0.10108704,0.024565605,-0.0281393,-0.022898946,0.029125357,0.07881836
-0.08577853,-0.04744404,0.05193053,0.14899534,0.18168509,0.13742696,0.057955734,0.01190517,0.039718114,0.12457166,0.20328581,0.21619675,0.14981458,0.048388794,-0.019630386,-0.011404856,0.056294758,0.120336674,0.1220032,0.048554026,-0.056026705,-0.12224476,-0.10744581,-0.029489936
-0.021766195,-0.07587211,-0.15342344,-0.20485958,-0.19902587,-0.14656693,-0.08888701,-0.068434075,-0.096602224,-0.14698245,-0.17158794,-0.14099428,-0.06612156,0.010394454,0.045747247,0.026763327,-0.019259794,-0.044976324,-0.020703401,0.042267147,0.10249475,0.1178234,0.075285986,0.0027179038
0.18834905,0.15592663,0.09070018,0.05223517,0.079289205,0.15871507,0.23439968,0.2514459,0.19574612,0.10522304,0.0402573,0.04171604,0.09819467,0.15458456,0.1558135,0.087915376,-0.011788714,-0.08104587,-0.07702967,-0.011769551,0.057368528,0.07440466,0.025510477,-0.051298287
0.0059518255,-0.03521984,-0.05448976,-0.027298572,0.036391262,0.10042262,0.12814686,0.11119496,0.07340899,0.0527004,0.07308483,0.12516975,0.17361248,0.18301027,0.14538667,0.085497394,0.04248277,0.041008737,0.07257257,0.10209247,0.096074484,0.046992686,-0.020355336,-0.066806816
-0.044676892,-0.119179,-0.16455448,-0.14991996,-0.08900851,-0.028247409,-0.01173762,-0.047856487,-0.10411775,-0.13242306,-0.1026852,-0.02825545,0.04365148,0.06860269,0.037584294,-0.018231489,-0.049389597,-0.026017873,0.039260335,0.09893559,0.10916019,0.06150854,-0.012392367,-0.062426414
-0.06458098,-0.008736755,0.0025604554,-0.037363492,-0.09554898,-0.123402216,-0.09242208,-0.016765615,0.0567161,0.083559476,0.05544283,0.0043555116,-0.021340033,0.007580438,0.07666656,0.14013818,0.15319726,0.10814396,0.0377587,-0.0087958835,-0.0011137493,0.047900483,0.09169848,0.08703204
0.009176919,0.053565435,0.08876974,0.08149903,0.028552208,-0.042293735,-0.0898121,-0.09114556,-0.05874006,-0.029542921,-0.037139688,-0.08606401,-0.14824918,-0.18332377,-0.16785319,-0.11434419,-0.06135716,-0.043951668,-0.06841157,-0.107576154,-0.12071804,-0.0848162,-0.013880157,0.050984778
-0.09827559,-0.101807766,-0.07917998,-0.057169788,-0.062309578,-0.10173158,-0.15443443,-0.18671952,-0.1796726,-0.14227983,-0.10244308,-0.08747089,-0.10530416,-0.13601778,-0.14766824,-0.121681914,-0.06787343,-0.015151966,0.009795414,-0.002479034,-0.032798544,-0.047988467,-0.029658718,0.011851185
0.047026347,0.08664415,0.08880772,0.04579186,-0.018171005,-0.06509873,-0.06877449,-0.037774514,-0.0066858907,-0.00858751,-0.051052153,-0.11083554,-0.14930402,-0.14151154,-0.09556085,-0.04663084,-0.029461417,-0.051752534,-0.09191057,-0.111695044,-0.08586581,-0.024052745,0.03714079,0.06312297
-0.0023505543,0.021451937,0.09968083,0.17492577,0.19006643,0.13090266,0.035212953,-0.033849202,-0.035506472,0.019658146,0.07565297,0.076233394,0.007291141,-0.09312709,-0.16163665,-0.15634346,-0.08870905,-0.015585787,0.005284038,-0.0405696,-0.11583683,-0.15776418,-0.12531903,-0.031915404
-0.01340492,-0.01401977,-0.050324347,-0.100163706,-0.12943824,-0.11845675,-0.075711146,-0.032256976,-0.017116712,-0.03738867,-0.0715226,-0.08647762,-0.06328828,-0.0109036425,0.039575405,0.0581907,0.03830208,0.0012460211,-0.019531045,-0.004774421,0.03627901,0.07332094,0.077138625,0.041566998
-0.0091929,-0.042556256,-0.087225534,-0.11393427,-0.10466045,-0.06813837,-0.03175566,-0.021151166,-0.04017558,-0.070367,-0.082811326,-0.061045095,-0.013971357,0.030223086,0.046102103,0.02883641,-0.0019877595,-0.018062871,-0.0024458163,0.03569335,0.06845566,0.07099241,0.040192664,-0.005167034
-0.09250844,-0.043700628,0.008317662,0.02188514,-0.014978189,-0.07680682,-0.118413985,-0.108144775,-0.053452607,0.0057629007,0.02717642,-0.0019789815,-0.05635667,-0.09100321,-0.07600646,-0.01752448,0.04349757,0.06476653,0.034617778,-0.022174416,-0.061649974,-0.05258149,-0.00090444536,0.053010482
-0.062003963,-0.11517317,-0.11725452,-0.07669167,-0.03415691,-0.030084543,-0.07570109,-0.14431381,-0.18948874,-0.18133788,-0.12760636,-0.06877405,-0.0469057,-0.074294396,-0.12447124,-0.15274204,-0.12824455,-0.060312074,0.009260079,0.038706575,0.015422967,-0.03502737,-0.06721978,-0.050667394
0.09428135,0.10660659,0.06009771,-0.01373751,-0.06365851,-0.059302982,-0.00957551,0.041612945,0.04874305,0.00026183808,-0.072687596,-0.11979183,-0.109152526,-0.051080212,0.010315205,0.028641477,-0.008970758,-0.070578724,-0.10552418,-0.08328091,-0.01476516,0.055291127,0.07999924,0.047004577
0.0521706,0.07239456,0.019504895,-0.06264318,-0.10497891,-0.06719715,0.031281974,0.12591499,0.15744,0.11262799,0.034854647,-0.00863839,0.022900667,0.11076573,0.19194625,0.20733011,0.14476626,0.047640093,-0.016285414,-0.0046865884,0.064833425,0.12939097,0.13149117,0.058460608
0.07720293,0.030023776,0.0045920317,0.021940934,0.068845965,0.109064825,0.10984845,0.06655648,0.0061087357,-0.032211225,-0.026703902,0.0105272075,0.044147026,0.041104645,-0.002488767,-0.06064378,-0.093726836,-0.08007554,-0.032774244,0.012553494,0.023502555,-0.005650459,-0.049504705,-0.06905897
0.018608242,0.051757716,0.051612526,0.009366628,-0.052747868,-0.0987003,-0.10324672,-0.073990285,-0.042021792,-0.038960908,-0.073353305,-0.12464505,-0.15720172,-0.14695504,-0.10048719,-0.04979548,-0.027336814,-0.042558394,-0.07711629,-0.09531359,-0.072695665,-0.016407361,0.040626936,0.06534493
0.057950467,0.10718408,0.12429848,0.103974424,0.067377426,0.047914352,0.06487183,0.10775276,0.14460368,0.14755444,0.11142816,0.058522817,0.02278709,0.024611525,0.054552384,0.081386514,0.076412,0.03549704,-0.019487593,-0.053730413,-0.046215393,-0.0073578665,0.030221948,0.03844682
-0.1916712,-0.17805266,-0.11495014,-0.05269888,-0.03893859,-0.081725255,-0.1447505,-0.17351045,-0.1375981,-0.054023743,0.026330147,0.055670332,0.02414101,-0.03177237,-0.059376325,-0.027288845,0.048132163,0.11575105,0.129001,0.07830457,-0.0002706519,-0.05192723,-0.044047978,0.00820662
-0.08080994,-0.06360811,-0.073245995,-0.11436138,-0.16520648,-0.19562069,-0.18766053,-0.15042323,-0.11056598,-0.09502487,-0.10893674,-0.13329576,-0.13888298,-0.10942056,-0.054014787,-0.00051671,0.024799757,0.015403159,-0.010072721,-0.022160223,-0.0044395956,0.03450638,0.06867094,0.07116404
0.027598364,0.012007952,-0.016232546,-0.02406657,0.0077628884,0.07095977,0.13218369,0.16075629,0.14957254,0.119311,0.10264753,0.120419234,0.16446121,0.20346288,0.20671672,0.16794834,0.10904477,0.063975215,0.055639748,0.07703988,0.09672783,0.08475606,0.035654005,-0.027562631
0.0124240285,0.03427395,-0.003506543,-0.06709478,-0.09958675,-0.06478445,0.023444677,0.11192279,0.1499207,0.123299636,0.06543829,0.0321408,0.059173062,0.13387066,0.20464507,0.22089265,0.17018037,0.08605307,0.025068596,0.02497468,0.074077494,0.12162405,0.11890093,0.05322878
-0.06862928,-0.12738323,-0.13295329,-0.09218099,-0.046495337,-0.041521616,-0.09026457,-0.16383536,-0.21261062,-0.20439523,-0.14609857,-0.080646336,-0.05447663,-0.082240865,-0.13514297,-0.1648974,-0.13845304,-0.06457084,0.012541499,0.04524073,0.019634962,-0.034871567,-0.06960311,-0.05334707
-0.045518916,-0.021892231,0.036350764,0.09536445,0.12117045,0.10528688,0.06896021,0.04855997,0.06666429,0.115557306,0.16161077,0.1716029,0.13688952,0.08033,0.039010137,0.03730093,0.06804604,0.0979115,0.09407047,0.048276797,-0.015701493,-0.059783667,-0.059282757,-0.022539468
-0.00434914,0.0037218796,-0.025165206,-0.06529058,-0.08122842,-0.052640837,0.00915849,0.06800544,0.09174482,0.074452914,0.04108646,0.026598465,0.05064686,0.1030435,0.14913784,0.15678026,0.12124011,0.067887954,0.031152919,0.03236507,0.06349782,0.09081923,0.08160449,0.032058604
-0.028524049,-0.032778703,-0.072459415,-0.12581442,-0.15885654,-0.15134892,-0.10976964,-0.06602199,-0.04970662,-0.06804163,-0.09939886,-0.11221166,-0.08655765,-0.030408498,0.024523927,0.047614764,0.032203376,-0.00017659322,-0.018641453,-0.0028807453,0.040019188,0.07833434,0.082436495,0.04707169
-0.049748164,-0.12919521,-0.18052855,-0.16923276,-0.10580046,-0.037733708,-0.014131039,-0.047939394,-0.106711276,-0.13890794,-0.11024709,-0.03148417,0.049423378,0.082525864,0.053681727,-0.005858847,-0.042808395,-0.022978356,0.04414619,0.11033181,0.12535687,0.07558582,-0.0057171388,-0.06418647
0.0465748,-0.025862074,-0.077823624,-0.074771725,-0.023200458,0.0322525,0.043540776,-0.0030964287,-0.0775057,-0.12917647,-0.12325364,-0.06673318,-0.0033675928,0.017520567,-0.018484883,-0.082403466,-0.123200886,-0.10677479,-0.039724577,0.033047948,0.061499927,0.030313931,-0.030249223,-0.07019059
-0.06786612,-0.14966562,-0.19933054,-0.18475541,-0.11932672,-0.05100698,-0.027393783,-0.06077716,-0.11675973,-0.1431263,-0.10736806,-0.023766527,0.058934055,0.091851495,0.062507965,0.0036506983,-0.029743118,-0.0054141968,0.062409148,0.12538937,0.13539414,0.08019219,-0.0048957337,-0.06372222
-0.030676872,-0.0100324955,0.05029077,0.103954375,0.1074872,0.054525685,-0.020851215,-0.068706505,-0.06130927,-0.012204561,0.032803882,0.03134113,-0.02351039,-0.09730676,-0.14041781,-0.124498576,-0.06401925,-0.005422841,0.007715691,-0.031438205,-0.08893151,-0.11561247,-0.08455243,-0.010705114
0.040135875,0.06158864,0.014487475,-0.062169787,-0.10458069,-0.07363153,0.015546486,0.105034925,0.1382733,0.100098036,0.028649477,-0.013464619,0.013163498,0.094109006,0.17235465,0.19140115,0.13691916,0.0474516,-0.013571284,-0.005681557,0.057281643,0.11925082,0.1245601,0.058982003
0.06347666,0.13638102,0.17465289,0.16142705,0.11833404,0.086729795,0.096625455,0.14600195,0.19979222,0.21743217,0.1815912,0.11393013,0.057167146,0.043173157,0.07108193,0.10804811,0.11252963,0.06759615,-0.004493513,-0.060941447,-0.06940235,-0.030110598,0.023369225,0.047193963
-0.2042025,-0.14595985,-0.081158206,-0.062223542,-0.10529702,-0.17651065,-0.21655865,-0.18678977,-0.09968033,-0.00788748,0.035007022,0.012795395,-0.04211454,-0.07085642,-0.037556395,0.046187706,0.12737401,0.15376644,0.11149813,0.032829374,-0.024461491,-0.022185162,0.02909425,0.08003177
0.058926687,0.12100298,0.13302104,0.081138544,-0.0020270762,-0.062371008,-0.063132025,-0.01473751,0.035386328,0.03954909,-0.01582003,-0.09864326,-0.15466753,-0.14777867,-0.087567866,-0.021988481,-0.00032484593,-0.036384672,-0.09965896,-0.13586082,-0.109391764,-0.030856304,0.050473098,0.08485207
-0.13226059,-0.12933578,-0.08185396,-0.026845023,-0.005361116,-0.030011656,-0.07855655,-0.10923697,-0.09215687,-0.032750152,0.032177553,0.061941694,0.04232694,-0.0040477994,-0.036514208,-0.0245342,0.027456833,0.082437925,0.10001388,0.06684937,0.0050097513,-0.04344897,-0.04711321,-0.009141879
-0.00066694705,0.04396745,0.0926368,0.12003939,0.11658952,0.09689381,0.08469739,0.097277835,0.13091688,0.16451403,0.17313205,0.14901529,0.107029215,0.07275851,0.06361995,0.07759449,0.09342656,0.08703298,0.051580958,0.003125819,-0.03303957,-0.039977238,-0.019557288,0.00724466
-0.047133144,-0.078099,-0.051757596,0.015069211,0.074954584,0.08721456,0.046368875,-0.013776015,-0.04531057,-0.021869643,0.040664453,0.09594811,0.102614656,0.055630423,-0.011481628,-0.050279297,-0.033667658,0.022936039,0.07289949,0.07501528,0.024354272,-0.045208875,-0.0851363,-0.06731354
0.15113983,0.183166,0.15892237,0.10891578,0.0821637,0.10832278,0.17462356,0.23568074,0.24751127,0.20066987,0.12573719,0.07215208,0.071321145,0.11198649,0.15118167,0.14559798,0.085474014,0.0019927616,-0.055509236,-0.054844018,-0.0059196446,0.046697613,0.059274394,0.020155866
0.005384011,-0.04849444,-0.08805481,-0.09509468,-0.0764273,-0.05994979,-0.07018826,-0.1103523,-0.15968637,-0.18950355,-0.18199758,-0.14519963,-0.10733761,-0.094489865,-0.11036542,-0.13576771,-0.14222325,-0.11331565,-0.057986718,-0.00586132,0.01676844,0.0064999675,-0.018121447,-0.029619291
-0.046915945,-0.030466624,0.040941756,0.1095159,0.11618466,0.046237487,-0.057991553,-0.12929365,-0.12728626,-0.06566909,-0.0022880675,0.00394572,-0.061844885,-0.15763168,-0.21625826,-0.19672558,-0.11415573,-0.027614359,0.001809745,-0.041811157,-0.11556997,-0.15229754,-0.113806956,-0.016815148
-0.1377893,-0.1968741,-0.18767057,-0.12132991,-0.050103426,-0.02593836,-0.064457156,-0.13136336,-0.16833746,-0.13918918,-0.05507865,0.03212293,0.06818417,0.037789907,-0.025783524,-0.06454777,-0.040448513,0.034402043,0.10836137,0.12799941,0.077954344,-0.0071533555,-0.068135954,-0.06617877
0.0020503607,0.024016364,0.08408819,0.14076596,0.15203546,0.11089501,0.047225606,0.004574824,0.008928917,0.050985903,0.090415105,0.087184615,0.033570603,-0.039611604,-0.08744748,-0.08362034,-0.03770147,0.009828145,0.016450396,-0.024486998,-0.08127218,-0.110260926,-0.087272495,-0.02205622
-0.033837114,-0.06113322,-0.024716906,0.06114347,0.14541745,0.18024094,0.15153305,0.09356869,0.060192782,0.08437209,0.15240395,0.21587524,0.22658457,0.17261155,0.08824995,0.028697973,0.028351221,0.07402035,0.118762866,0.115171924,0.05131793,-0.038274158,-0.09722786,-0.0916831
-0.0047846623,0.0535774,0.11149373,0.13521546,0.1172272,0.08085211,0.060557563,0.07793978,0.124023736,0.16684584,0.17311993,0.13614579,0.07981868,0.03989957,0.03810302,0.06736788,0.09538607,0.0896206,0.044460773,-0.015794365,-0.056014586,-0.054273203,-0.016866567,0.0233057
0.07008683,0.036101364,-0.026652452,-0.064472966,-0.039767276,0.03822478,0.11937361,0.15221004,0.12164288,0.058485273,0.016624108,0.033708673,0.10182583,0.1709917,0.18924463,0.14150396,0.059703384,-0.0010155421,-0.0005495959,0.053120535,0.108897425,0.114971556,0.058665037,-0.027223263
0.045926306,0.08190673,0.0831593,0.042739015,-0.016603304,-0.060235303,-0.064594455,-0.037166256,-0.009254896,-0.011473922,-0.050957955,-0.10607317,-0.14181203,-0.13559122,-0.09388174,-0.04876384,-0.032054555,-0.051644806,-0.08761846,-0.105457194,-0.082040414,-0.024658324,0.033236723,0.058446407
0.026270557,0.04260818,0.07728513,0.10373668,0.09916022,0.06264397,0.01521787,-0.015807724,-0.016992092,0.0026363987,0.01721851,0.0047065546,-0.0356796,-0.082809,-0.10915865,-0.100942254,-0.06837553,-0.037791494,-0.032627277,-0.05366908,-0.07999839,-0.08539301,-0.05757029,-0.0073151737
-0.09513637,-0.09359568,-0.06587048,-0.040878765,-0.046407867,-0.08725446,-0.13956286,-0.16905633,-0.15813832,-0.11796577,-0.07836913,-0.066967145,-0.089881465,-0.123930186,-0.13592194,-0.10894449,-0.05488902,-0.0044548395,0.015142595,-0.0031183008,-0.03647026,-0.051256683,-0.030903801,0.012307765
0.0024477865,-0.066563,-0.10605344,-0.095846005,-0.053527277,-0.021385208,-0.032846805,-0.08803644,-0.15306668,-0.18539973,-0.16435647,-0.1074746,-0.057202224,-0.048985243,-0.08390003,-0.1301787,-0.14485024,-0.10765018,-0.03618895,0.025704574,0.04145496,0.009302497,-0.03812374,-0.057574484
0.1766274,0.16225395,0.1213456,0.095486924,0.112596154,0.16646093,0.21935718,0.23189631,0.19151832,0.12299198,0.0683569,0.057724956,0.0861695,0.117670864,0.11391741,0.062684044,-0.011887363,-0.06672456,-0.07188345,-0.031940434,0.016762016,0.034801234,0.007926025,-0.039788455
-0.0301284,-0.061447546,-0.027994802,0.05719684,0.14130251,0.17446736,0.14260699,0.08061136,0.043030083,0.06461798,0.132753,0.19757521,0.20913905,0.1551968,0.070198655,0.009926676,0.010147087,0.059356235,0.10865586,0.10861821,0.047217872,-0.040825456,-0.099957876,-0.09342358
-0.1081785,-0.05661766,-0.008060192,-0.005364459,-0.057307832,-0.13068885,-0.17357911,-0.15587461,-0.09163766,-0.02816649,-0.009625905,-0.04592391,-0.10552924,-0.13625725,-0.10784006,-0.03394401,0.037419908,0.060993984,0.025579398,-0.036918297,-0.073069714,-0.050941188,0.013939605,0.073142
-0.054341245,-0.01277008,-0.012043187,-0.061251923,-0.13119207,-0.17602421,-0.16546504,-0.110665575,-0.053432062,-0.034974463,-0.06484755,-0.11542046,-0.14149697,-0.11389154,-0.044689044,0.024048887,0.050246544,0.024669588,-0.025406595,-0.054546945,-0.03396008,0.024833426,0.07939942,0.09012712
-0.038698927,-0.09326632,-0.086308666,-0.029866397,0.02687849,0.035208713,-0.018113382,-0.10015401,-0.15480393,-0.14615656,-0.08496443,-0.020320022,-0.0020700907,-0.044246744,-0.11408514,-0.156421,-0.13438258,-0.060006212,0.016159281,0.04430883,0.009856593,-0.054919768,-0.094114564,-0.07143948
0.009159733,0.07376244,0.12923709,0.13134456,0.07323874,-0.010284394,-0.06588956,-0.062474657,-0.015975643,0.026276942,0.019900616,-0.04177627,-0.123286285,-0.17169867,-0.15705208,-0.09426093,-0.03361405,-0.019292125,-0.058027722,-0.11568936,-0.14068829,-0.10351936,-0.020977128,0.05662149
-0.08971149,-0.093283474,-0.070890926,-0.048110034,-0.04948748,-0.08165645,-0.12654106,-0.15494348,-0.14838168,-0.1132178,-0.07494448,-0.059392687,-0.07339339,-0.10076512,-0.11341634,-0.09354215,-0.047150537,-0.00056369975,0.020745842,0.008862416,-0.020807808,-0.039764196,-0.028403798,0.006677186
0.031410787,-0.041677102,-0.0758859,-0.03541897,0.060621303,0.1540725,0.18661292,0.1456697,0.074010015,0.034960724,0.06499264,0.14633553,0.22035554,0.23041782,0.16592653,0.069380336,0.007015903,0.015176151,0.07583433,0.1317398,0.12796617,0.0539898,-0.046581883,-0.108787745
-0.0018659662,0.020247357,0.09876182,0.17734437,0.19709638,0.14101596,0.045469448,-0.02509305,-0.027658286,0.028539179,0.08775077,0.091795884,0.023180932,-0.08045741,-0.15330163,-0.15108019,-0.0836377,-0.008338176,0.014150853,-0.033754993,-0.1136392,-0.15924916,-0.12868668,-0.035318337
-0.102194436,-0.102354914,-0.06673897,-0.030112118,-0.028037464,-0.0689271,-0.12726574,-0.16393046,-0.15468533,-0.10773804,-0.057566054,-0.039971966,-0.0645023,-0.106710285,-0.12881954,-0.10685957,-0.049187686,0.009466245,0.032765843,0.010849538,-0.0325552,-0.059135962,-0.04490082,0.0032307636
0.023515178,-0.059409186,-0.10523052,-0.06954424,0.030693136,0.13267638,0.1715558,0.13099486,0.053622458,0.0075987093,0.03678193,0.1257122,0.21136813,0.23077013,0.16911934,0.06881163,0.00036589947,0.007542295,0.074871846,0.1403606,0.14373077,0.0703401,-0.037754383,-0.11092791
-0.02283135,-0.05880555,-0.110091805,-0.14580017,-0.14542489,-0.113043495,-0.07371771,-0.05728697,-0.073165305,-0.10460943,-0.12059848,-0.10100964,-0.051037584,0.0030614,0.030934898,0.021323059,-0.008002229,-0.02546684,-0.011076802,0.030224884,0.071608335,0.08318905,0.054467347,0.0058205063
-0.15718143,-0.08482745,-0.013267867,0.0052843927,-0.04029605,-0.11102136,-0.14662,-0.11064148,-0.020492604,0.0669175,0.09782843,0.06080961,-0.00614365,-0.041792773,-0.011519677,0.06939802,0.14322664,0.15693524,0.10085037,0.013190171,-0.044934668,-0.036280874,0.023532253,0.078631714
-0.019803356,-0.006271935,0.040530566,0.08329438,0.087466076,0.045144454,-0.018393237,-0.062107638,-0.06058193,-0.02286543,0.0142573,0.015683152,-0.026594419,-0.0873876,-0.12565552,-0.115222655,-0.06573002,-0.015176952,0.00060175644,-0.027113551,-0.0736965,-0.09771509,-0.073062845,-0.011711706
-0.04647611,-0.09486472,-0.066067904,0.027638864,0.12564272,0.16591056,0.12827736,0.05102511,0.00068231067,0.022351043,0.10469628,0.18882881,0.21228194,0.15615006,0.05860736,-0.012665317,-0.010966109,0.05327274,0.12158037,0.1315278,0.064583205,-0.039715413,-0.11328336,-0.10880517
0.062195502,0.022787202,-0.0404642,-0.087106176,-0.08834922,-0.050609972,-0.008940646,-0.0011522344,-0.037625447,-0.095238596,-0.13330245,-0.12429511,-0.07447947,-0.02002083,0.0012440409,-0.022446256,-0.06775517,-0.09455649,-0.07582768,-0.018175958,0.041517433,0.065049656,0.04123825,-0.0067271627
-0.08436114,-0.043310143,4.804552e-05,0.017544508,0.00044023443,-0.031799972,-0.047475893,-0.026395632,0.023391023,0.07262721,0.09231005,0.07456508,0.03813807,0.015928999,0.02734555,0.06566161,0.10118093,0.10568906,0.07242103,0.020868734,-0.015756708,-0.017222553,0.009203271,0.035481416
-0.026215687,-0.098324224,-0.14164098,-0.12602955,-0.06304564,0.0017503743,0.022748157,-0.011393572,-0.067785986,-0.09715557,-0.06909954,0.0035185264,0.074514106,0.09780019,0.062918514,0.0017342472,-0.033925027,-0.014474694,0.04665286,0.10338058,0.11084282,0.059748974,-0.016316889,-0.066579886
-0.05277058,-0.098789684,-0.10261741,-0.074185245,-0.04584941,-0.049621366,-0.093103655,-0.15372315,-0.19234952,-0.1852961,-0.14109036,-0.093720786,-0.07617079,-0.09821954,-0.13733996,-0.15613486,-0.12946078,-0.06770031,-0.0064297775,0.021068018,0.004157823,-0.034887902,-0.05643165,-0.036643095
-0.1390722,-0.0699528,-0.0033519976,0.0097116865,-0.041379023,-0.116833635,-0.15609607,-0.124392256,-0.04013088,0.04069961,0.065922596,0.024926139,-0.043450627,-0.07830254,-0.046404492,0.03517394,0.10954956,0.12527876,0.072538786,-0.009486056,-0.059896555,-0.043789603,0.02085178,0.07953358
0.0017646091,-0.05112267,-0.08488376,-0.08006508,-0.047103047,-0.017540395,-0.019170947,-0.05559981,-0.10362168,-0.13048342,-0.11696735,-0.07348133,-0.031950958,-0.020823482,-0.044438947,-0.08056246,-0.09640436,-0.073070884,-0.021573305,0.025574299,0.039837133,0.017103663,-0.021448942,-0.04218673
-0.041421685,0.021096714,0.08611626,0.11083695,0.081865475,0.026253069,-0.009197435,0.0061760866,0.06274479,0.120195545,0.13561843,0.096613534,0.029875686,-0.016535427,-0.012414016,0.034529753,0.082791224,0.09074867,0.046322506,-0.023752868,-0.071736366,-0.065897316,-0.015602637,0.039075635
0.06165008,0.010597993,-0.071802735,-0.12503412,-0.1093628,-0.036819085,0.039555684,0.06498781,0.024583269,-0.047602586,-0.09185702,-0.06958555,0.0076498305,0.0862878,0.11300537,0.07112004,-0.0038498128,-0.052808348,-0.03708697,0.0316699,0.1015064,0.11869977,0.06764283,-0.017855225
0.069834426,0.13722682,0.16975346,0.15801144,0.12408592,0.10596498,0.1270931,0.17994897,0.2289329,0.23946089,0.20152414,0.13912854,0.091297925,0.083904445,0.11062018,0.13758183,0.1292327,0.07677346,0.005018984,-0.046203405,-0.050225276,-0.013850098,0.027595391,0.037832294
0.15354784,0.121193215,0.061626486,0.025724279,0.045219976,0.107871264,0.16705407,0.17743805,0.1280093,0.0510458,-0.002390826,0.00026088994,0.048850495,0.09667181,0.09951546,0.045479234,-0.033062607,-0.08455906,-0.07605411,-0.018268947,0.042418685,0.059767276,0.022019332,-0.03981986
-0.1244572,-0.07744023,-0.029932588,-0.01442404,-0.039375987,-0.07841696,-0.092606,-0.06072166,0.0040135686,0.06512133,0.08922124,0.069257766,0.030427748,0.0125635825,0.035782643,0.08769435,0.13178205,0.13598907,0.09436732,0.033386663,-0.006735761,-0.005133694,0.025218472,0.051227577
0.052014463,0.13412192,0.16578752,0.13202125,0.066571236,0.025528586,0.04518806,0.11477542,0.18362987,0.2005827,0.1503172,0.06704541,0.00771817,0.009822858,0.06371615,0.119934216,0.12627067,0.06823283,-0.019264417,-0.07896711,-0.07326994,-0.011910607,0.055239785,0.07491516
0.026890967,-0.014900243,0.0025258206,0.06689056,0.12833263,0.13954124,0.088047035,0.0064699333,-0.05109246,-0.049103677,0.0015462546,0.052848436,0.05682401,0.0014612895,-0.07979569,-0.13332385,-0.123030335,-0.06043095,0.0042747436,0.023552958,-0.014480155,-0.077341355,-0.1127681,-0.08527668
-0.06880577,-0.032558814,0.056904074,0.14450987,0.17662439,0.14211287,0.076944746,0.03999254,0.06576256,0.14015906,0.20861883,0.21975005,0.16198479,0.073299296,0.01230816,0.015758986,0.06981843,0.120782614,0.118536204,0.051769454,-0.04212145,-0.10319397,-0.09435258,-0.029841412
0.089885205,0.10000127,0.06451185,0.008628638,-0.029194674,-0.026384497,0.0094533395,0.045195844,0.04645019,0.005041514,-0.05447212,-0.093741365,-0.08875141,-0.04770506,-0.003946837,0.0076520815,-0.022747654,-0.07028053,-0.09647315,-0.077965856,-0.022985658,0.03344686,0.05514599,0.032576393
-0.17483127,-0.16569883,-0.11031731,-0.05238438,-0.035262976,-0.06652742,-0.11580507,-0.13826847,-0.10632454,-0.031815987,0.042150363,0.072373435,0.04901487,0.002656988,-0.02278117,0.0008296082,0.06304065,0.12094406,0.1313709,0.086001046,0.015359337,-0.035491962,-0.03689245,0.0032175707
0.03801505,0.06426069,0.027628843,-0.040607244,-0.08356356,-0.06236439,0.014432905,0.09682256,0.13170874,0.101148516,0.035812687,-0.008363086,0.00809136,0.07715149,0.14915866,0.17147416,0.1263882,0.045396876,-0.014812678,-0.013815462,0.040743068,0.09975702,0.11086003,0.057580147
0.16389015,0.2062802,0.18435727,0.12682973,0.08866086,0.107878156,0.17532583,0.24364643,0.261569,0.21310383,0.12732856,0.060559593,0.05264615,0.09605392,0.14392376,0.14618154,0.0856888,-0.006977316,-0.074207135,-0.07570104,-0.020492181,0.04369282,0.06635825,0.030439658
-0.019220496,-0.008499428,0.035586476,0.081070885,0.09351876,0.0632842,0.011001202,-0.027208129,-0.026994884,0.0069749183,0.043429784,0.049158458,0.013991943,-0.040941745,-0.07963897,-0.07723349,-0.038938846,0.0037792905,0.01716332,-0.008740784,-0.053294897,-0.08109634,-0.06789422,-0.019046374
-0.013396145,-0.016900804,-0.079532176,-0.16398686,-0.21407638,-0.19925585,-0.13304283,-0.065867305,-0.045473237,-0.08236741,-0.14015663,-0.16518782,-0.1266722,-0.04023541,0.04287963,0.07341072,0.041119535,-0.017207015,-0.047022406,-0.01834491,0.052834887,0.11616703,0.12386477,0.06719706
-0.07334159,-0.13251819,-0.17112994,-0.16688533,-0.12749547,-0.08451712,-0.06953611,-0.09077887,-0.12614593,-0.14184384,-0.115724415,-0.056215785,0.0045231213,0.033373483,0.021444198,-0.010935941,-0.028060786,-0.008192791,0.04109141,0.08749323,0.09802834,0.06373434,0.0075647677,-0.03419574
-0.12153998,-0.11536058,-0.06868691,-0.02416933,-0.02349836,-0.074184515,-0.14291899,-0.1819388,-0.16455945,-0.10457222,-0.045088384,-0.028250206,-0.06308762,-0.11691246,-0.14215884,-0.11251636,-0.041727994,0.025979677,0.047268454,0.012925937,-0.043408744,-0.07345034,-0.051589467,0.008020585
-0.15093021,-0.14307266,-0.09789187,-0.051544268,-0.04010833,-0.07002452,-0.11509476,-0.13558833,-0.1094343,-0.04801644,0.01223609,0.036243673,0.016276853,-0.021601025,-0.04006184,-0.016618097,0.037624337,0.086949684,0.09790806,0.063052095,0.007205766,-0.0314012,-0.029220313,0.0055523925
0.109547585,0.12396143,0.06694991,-0.023232104,-0.08368261,-0.07357678,-0.0049689147,0.063204035,0.07442732,0.015763609,-0.07353088,-0.1311001,-0.11570477,-0.040419478,0.0366454,0.057470962,0.008557318,-0.07037449,-0.11820097,-0.0925138,-0.0069819987,0.07759582,0.10337757,0.05868292
0.15741521,0.14316544,0.10767804,0.08807781,0.10718608,0.1563943,0.2018032,0.21010028,0.17218451,0.11171095,0.06604485,0.05957917,0.08553208,0.11102548,0.10408465,0.055727974,-0.010869488,-0.057382073,-0.05939678,-0.023939,0.016728316,0.02901997,0.0027258412,-0.039895866
-0.09768709,-0.04636743,0.004011377,0.009413555,-0.039978452,-0.11169156,-0.15520538,-0.14086969,-0.08102863,-0.020485109,-0.0033141896,-0.04001504,-0.09901084,-0.13043654,-0.105584905,-0.036506865,0.03127529,0.05335425,0.019045703,-0.03967414,-0.07355518,-0.05388429,0.007644051,0.06649408
-0.0013922235,0.064828135,0.13329013,0.16516523,0.14987491,0.11353766,0.094177976,0.11493074,0.16765958,0.2179283,0.22792433,0.18775754,0.12328065,0.07498265,0.06788374,0.09616286,0.12578551,0.11895439,0.06506434,-0.007789976,-0.058221914,-0.061435,-0.022980427,0.021820556
-0.19170618,-0.18759286,-0.13412586,-0.07615919,-0.060131833,-0.09805647,-0.15860836,-0.19030273,-0.16151845,-0.08444073,-0.0047284714,0.030601531,0.00791073,-0.04167143,-0.06855793,-0.04033065,0.03144185,0.1008418,0.12173149,0.0803873,0.007940903,-0.0435796,-0.04110987,0.0052224714
-0.008261986,-0.062350035,-0.14116408,-0.19067675,-0.1766989,-0.11099691,-0.0405424,-0.013676172,-0.042293876,-0.09629448,-0.12286498,-0.090014435,-0.0098441485,0.06996784,0.10219765,0.0733829,0.015459822,-0.019703336,-0.00051823637,0.06120654,0.12013188,0.12988678,0.077646114,-0.0052999514
0.026782826,-0.0134717785,0.00330318,0.061520517,0.11364063,0.11489315,0.05585709,-0.029221324,-0.087141104,-0.085494444,-0.03788339,0.008676891,0.0096663395,-0.045277655,-0.12232136,-0.1685376,-0.15150817,-0.08542828,-0.018328303,0.0044738855,-0.028955359,-0.085915156,-0.11282568,-0.0780461
0.09698801,0.102178976,0.06073022,-0.004435148,-0.05346806,-0.060026076,-0.03069051,-0.00079554325,-0.005012006,-0.05159275,-0.116655305,-0.16033246,-0.15587033,-0.11138252,-0.0625041,-0.04571813,-0.070326366,-0.11263279,-0.13338645,-0.10573723,-0.040015146,0.025551498,0.05488263,0.03943579
-0.06333062,-0.11843341,-0.10289168,-0.03489615,0.02750308,0.032345604,-0.029319596,-0.11696072,-0.1689416,-0.14947742,-0.07542423,-0.003931771,0.011307755,-0.039344866,-0.11560724,-0.15697815,-0.12661551,-0.04215017,0.037794843,0.059657604,0.013265508,-0.061250743,-0.10316765,-0.07513863
0.027395878,0.048638906,0.020326491,-0.027704924,-0.049009223,-0.016131883,0.057990745,0.13055284,0.1600884,0.13580255,0.08634874,0.057675496,0.0776725,0.13494778,0.18785886,0.19574052,0.14847411,0.075104736,0.022820862,0.020601224,0.05856376,0.09577274,0.09200341,0.036558457
0.1533811,0.18773304,0.15424342,0.08761762,0.045983966,0.06681658,0.13915843,0.2106347,0.22733268,0.17486602,0.08780007,0.024521278,0.02429848,0.07714698,0.13294992,0.13803296,0.07724554,-0.014078588,-0.07785921,-0.074257694,-0.0117660845,0.05760424,0.07916997,0.03665369
-0.039596878,0.046608098,0.13662878,0.17310028,0.13712528,0.06514749,0.018544443,0.038117312,0.111742236,0.1862898,0.20437844,0.14917113,0.05694678,-0.008904115,-0.0077239894,0.05070839,0.11191121,0.11967169,0.05747647,-0.037358195,-0.10147861,-0.094153866,-0.026849695,0.047094256
0.009088996,0.01786026,0.049286988,0.073815554,0.06612524,0.02174582,-0.03792197,-0.08024833,-0.08621493,-0.064314224,-0.043687046,-0.050305866,-0.088782884,-0.13825877,-0.16606836,-0.15316701,-0.10906533,-0.064550065,-0.04669739,-0.061190058,-0.08814913,-0.09484029,-0.06274974,-0.0041997028
0.014363502,-0.03388686,-0.015398568,0.05206835,0.11273335,0.11520342,0.048923098,-0.04680348,-0.11078615,-0.105740555,-0.047356036,0.009458136,0.0129446285,-0.04809464,-0.13471861,-0.18613553,-0.16480443,-0.08712125,-0.0098133795,0.0151320025,-0.024831992,-0.09178962,-0.12499726,-0.08707426
0.07762548,0.15182428,0.18236607,0.15927592,0.1112518,0.08509549,0.10853358,0.16980207,0.22527274,0.23412898,0.18623315,0.111981325,0.05890574,0.05704431,0.095476136,0.13252091,0.12594946,0.06712837,-0.01322248,-0.066598795,-0.06289752,-0.013036558,0.039128747,0.05203942
-0.12911883,-0.17309086,-0.14617786,-0.06352692,0.018770667,0.04862868,0.01490436,-0.044005185,-0.07089356,-0.032299526,0.05650513,0.1408951,0.16760251,0.1262293,0.054188445,0.009247504,0.026508402,0.09167651,0.1515547,0.15296844,0.086230054,-0.009792544,-0.07629155,-0.07639317
0.11190155,0.12308594,0.0666057,-0.023345439,-0.08784669,-0.09040942,-0.040720727,0.01140486,0.015288434,-0.04310835,-0.1295932,-0.18650243,-0.17651181,-0.11083643,-0.039186947,-0.013766214,-0.050149035,-0.114627294,-0.14957002,-0.11849482,-0.034090735,0.052329376,0.08874002,0.058812317
0.016985258,-0.058317978,-0.11703757,-0.12779683,-0.09618886,-0.06082334,-0.060382903,-0.10694096,-0.17514317,-0.22169109,-0.21528134,-0.16313407,-0.1037064,-0.07802103,-0.09824876,-0.141218,-0.16341147,-0.13473445,-0.06408349,0.008745738,0.04357658,0.027503647,-0.016824067,-0.046261467
0.057290968,0.02910197,-0.021651058,-0.049792513,-0.025122339,0.041917704,0.10914226,0.1356843,0.110819586,0.060501523,0.029188586,0.04637146,0.10262066,0.15649252,0.16778432,0.12613925,0.058505204,0.009734462,0.010931249,0.052211523,0.092832394,0.09380793,0.045915313,-0.025256522
-0.056978464,-0.10465785,-0.10210474,-0.059685178,-0.017573632,-0.015906924,-0.06305141,-0.1301322,-0.17186682,-0.16073082,-0.10655906,-0.050345164,-0.032610144,-0.063437104,-0.11456828,-0.14170806,-0.11669078,-0.0501755,0.016003372,0.040172644,0.012184146,-0.039380364,-0.069668576,-0.05079751
0.017846694,-0.058115944,-0.108943,-0.10800478,-0.06756114,-0.030808976,-0.037353598,-0.09320642,-0.16486028,-0.20663752,-0.19187804,-0.13451098,-0.07810835,-0.06381363,-0.09706153,-0.14630575,-0.16503097,-0.12889169,-0.053675696,0.01628852,0.04054172,0.013345799,-0.033762287,-0.056655575
0.113970876,0.054825127,-0.03580631,-0.09875942,-0.09594887,-0.042628814,0.009665018,0.010420781,-0.051291272,-0.13908987,-0.19409005,-0.18024534,-0.111148074,-0.04069104,-0.019123219,-0.05952245,-0.12575582,-0.15972593,-0.12572134,-0.039379183,0.045456514,0.07748452,0.044046648,-0.020466678
-0.16410159,-0.1566218,-0.11080897,-0.05963792,-0.0383503,-0.05491705,-0.08727973,-0.09943736,-0.069327764,-0.0055386955,0.058770977,0.08951772,0.077062614,0.04410663,0.024494685,0.041315645,0.086731486,0.12874047,0.13503893,0.09693712,0.036305062,-0.011406172,-0.022107286,9.881107e-05
-0.10642043,-0.13754372,-0.12935182,-0.09006312,-0.049601156,-0.037352476,-0.059277713,-0.09313369,-0.10649392,-0.08184086,-0.02795121,0.024793047,0.04622765,0.03002452,-0.0024842683,-0.018875027,-0.000661063,0.04317085,0.08353687,0.08962252,0.055412456,0.0036601464,-0.031773195,-0.03237545
-0.027058236,-0.054378483,-0.026279988,0.046021074,0.117129974,0.14435558,0.11662514,0.06358275,0.031503063,0.050100457,0.10871936,0.16432653,0.17426543,0.12861991,0.056869987,0.006138393,0.006929648,0.049792223,0.09242417,0.09240436,0.0403594,-0.034452554,-0.084855184,-0.07928494
-0.0689373,-0.023041887,-0.018577669,-0.06767145,-0.14150153,-0.19066882,-0.18156257,-0.123658925,-0.060479693,-0.03709325,-0.066126674,-0.11950975,-0.14875026,-0.121200316,-0.04800059,0.026988374,0.057659235,0.031821925,-0.022099521,-0.054986913,-0.03547421,0.02540439,0.08366526,0.09652469
0.08201074,0.049399257,-0.0061356677,-0.034147743,-0.004022992,0.072849914,0.1486101,0.1758932,0.14361586,0.083611354,0.04646242,0.063834645,0.124661185,0.18241452,0.19085175,0.13865855,0.059060954,0.0034737675,0.0040964764,0.051104847,0.098543756,0.099850394,0.04416067,-0.034788992
-0.04945287,-0.13212676,-0.18469684,-0.16860607,-0.09680627,-0.021031246,0.0071366746,-0.025701111,-0.086153425,-0.119363844,-0.08787998,-0.003641923,0.08085738,0.11368355,0.08146446,0.01560919,-0.026982717,-0.00869645,0.05945762,0.124706656,0.13670984,0.08237836,-0.0062114717,-0.07162469
0.00808143,-0.05999114,-0.15695755,-0.21883327,-0.20552984,-0.13359053,-0.0600646,-0.039745573,-0.08411118,-0.15563926,-0.1916904,-0.15457876,-0.060591716,0.031670086,0.06704713,0.03213339,-0.034401257,-0.07092123,-0.0386996,0.045151178,0.12255796,0.13878304,0.08223931,-0.009201702
0.025660489,-0.01203289,-0.06563913,-0.09394994,-0.07282417,-0.011949334,0.049207844,0.07070813,0.045503516,0.00087828096,-0.021529818,0.0021521735,0.061101966,0.11659679,0.13038903,0.09446306,0.038230848,0.00300018,0.011500389,0.054923188,0.09568649,0.09567051,0.0474778,-0.019081954
0.04119924,-0.0017879456,0.008560779,0.061642468,0.1136713,0.118462674,0.062925205,-0.021714287,-0.08340963,-0.08817139,-0.04541177,0.0008003042,0.004803876,-0.047300015,-0.123601064,-0.17249651,-0.1597937,-0.09638046,-0.027835267,-0.001084464,-0.030165534,-0.08387547,-0.11040471,-0.07880577
0.01058489,-0.030137435,-0.054887325,-0.037151027,0.01921277,0.08287304,0.11639149,0.10551242,0.069144465,0.043779265,0.056192823,0.10349682,0.15434162,0.17212567,0.14335167,0.08675939,0.04065649,0.03243159,0.060568318,0.09405182,0.09675938,0.055403445,-0.009367068,-0.05973692
-0.045715448,0.012768116,0.03606929,0.010646332,-0.03951437,-0.06918073,-0.04730258,0.018114207,0.08687984,0.117040224,0.094705194,0.0440017,0.009986458,0.024194151,0.078745216,0.13403167,0.14827731,0.10876479,0.04017583,-0.011162173,-0.013186166,0.026368678,0.06826184,0.072673865
-0.11930569,-0.07391579,-0.02620121,-0.009763017,-0.0339522,-0.07500558,-0.09418935,-0.067948416,-0.0064450507,0.054659106,0.08076261,0.0625463,0.022615012,0.0006994857,0.019499933,0.07034905,0.11727423,0.12648253,0.08948348,0.029491523,-0.0131548755,-0.013758352,0.018265205,0.049036082
0.1960862,0.15754922,0.08730323,0.046176653,0.072378375,0.14965165,0.22013679,0.22971597,0.16719352,0.072876364,0.008083091,0.011500463,0.069437936,0.124292895,0.12290505,0.053810615,-0.04282263,-0.10514802,-0.09373705,-0.02312818,0.048661385,0.06678982,0.02022317,-0.052737784
-0.0013741234,-0.039110836,-0.0979446,-0.13780409,-0.1304805,-0.080949396,-0.024217993,0.00042907055,-0.018514622,-0.05978795,-0.08353775,-0.06294801,-0.0037923416,0.05861824,0.085929394,0.0653614,0.019969283,-0.011109129,-0.0016772074,0.04350508,0.09007169,0.100259915,0.062269974,-0.00082100165
-0.00051344855,0.016652236,0.070391625,0.119992405,0.12597062,0.07835726,0.0058449646,-0.045020044,-0.046321962,-0.0076373746,0.030613989,0.028899472,-0.02225712,-0.09430156,-0.14055522,-0.13226227,-0.08013501,-0.02541815,-0.008572923,-0.040382855,-0.092288285,-0.11748008,-0.08839329,-0.018107507
-0.117792666,-0.14820266,-0.14071628,-0.1030829,-0.063988835,-0.04967439,-0.0662947,-0.09432615,-0.10377798,-0.07788471,-0.024633389,0.02746636,0.051170442,0.040165372,0.012423384,-0.0020130978,0.01484294,0.055081483,0.09121312,0.09653715,0.0645751,0.014130303,-0.02349724,-0.028292643
0.118507504,0.12779059,0.06609043,-0.029838905,-0.09834275,-0.09990234,-0.044793632,0.011564907,0.014669788,-0.048572533,-0.1404979,-0.20030366,-0.18762122,-0.1149277,-0.03736925,-0.011724906,-0.05218804,-0.12101097,-0.15838762,-0.12395893,-0.03160668,0.060471386,0.09593666,0.061670493
0.014260792,-0.07537506,-0.13886191,-0.14307097,-0.10029545,-0.059431553,-0.0654209,-0.12700588,-0.20872831,-0.258499,-0.24344324,-0.17742042,-0.10992535,-0.08790646,-0.11995112,-0.17312047,-0.19476953,-0.15389374,-0.06650221,0.016575625,0.049125157,0.022634396,-0.030874263,-0.060060292
-0.01104328,0.007082248,0.07482823,0.13855478,0.14674388,0.087182395,-0.0046949172,-0.07084693,-0.07354164,-0.02312214,0.028342647,0.029448185,-0.032398768,-0.12201987,-0.18104511,-0.1712614,-0.10355259,-0.031356417,-0.007641655,-0.04546707,-0.110841736,-0.14587092,-0.112150796,-0.023178821
-0.058161512,-0.06655392,-0.111874394,-0.16986436,-0.20485996,-0.19597219,-0.15188287,-0.1051875,-0.08674132,-0.10439437,-0.13489547,-0.14361966,-0.11073666,-0.04598893,0.016664054,0.04495155,0.03132398,-0.0011386612,-0.016863814,0.0044890866,0.05236214,0.09310972,0.09551215,0.05421911
-0.04567413,-0.068840645,-0.04935261,0.003349278,0.05439,0.07183493,0.048426278,0.008381819,-0.012627097,0.0060728365,0.054806046,0.10021369,0.109526865,0.076773405,0.026300095,-0.005803418,0.0018863906,0.039704487,0.07469064,0.074513584,0.033960868,-0.022226553,-0.05813742,-0.052610196
-0.0073439614,0.010529927,0.07197512,0.13026641,0.1400438,0.09106908,0.01405299,-0.040940255,-0.041223895,0.004164768,0.04978125,0.050450474,-0.0045136395,-0.08412232,-0.13728318,-0.13081726,-0.07381001,-0.013154376,0.0038846512,-0.03309008,-0.09316002,-0.12581193,-0.09814592,-0.02190201
-0.03836551,-0.016459402,0.056679454,0.12778397,0.1439845,0.09373004,0.012677772,-0.042198822,-0.03494958,0.023703407,0.081954196,0.08813612,0.030178502,-0.055828724,-0.11329655,-0.10513109,-0.04246041,0.022925144,0.038229153,-0.008315136,-0.081604734,-0.12515678,-0.10249014,-0.024371339
-0.033813708,-0.061312143,-0.025018062,0.054069676,0.123578265,0.14059556,0.09800013,0.03277202,-0.0019043398,0.023078008,0.08869478,0.14497174,0.14835624,0.09264688,0.013564082,-0.034751832,-0.02219979,0.0331341,0.08208463,0.08196504,0.024367439,-0.055151112,-0.10092676,-0.080875866
0.0072642006,-0.030021919,-0.04679916,-0.021329986,0.037164766,0.09634106,0.12193444,0.105988026,0.07076631,0.051187165,0.06884934,0.11583624,0.15999797,0.16846226,0.13347243,0.077775225,0.037657905,0.035190646,0.06373963,0.091836676,0.08719851,0.042157456,-0.019651214,-0.062012043
-0.11653413,-0.11900307,-0.08252457,-0.045487583,-0.04548199,-0.092188954,-0.15871842,-0.2014572,-0.1921057,-0.14029022,-0.08453454,-0.06385306,-0.0898505,-0.1364481,-0.16047984,-0.13404542,-0.06649396,0.0017607866,0.030840497,0.00862734,-0.03924584,-0.06783206,-0.048804343,0.0069094384
-0.038721815,-0.0376596,-0.08174703,-0.14621812,-0.18915732,-0.1844651,-0.13765843,-0.08320584,-0.058129303,-0.07622828,-0.114580646,-0.13394833,-0.10872792,-0.04523306,0.022306131,0.055946313,0.042203948,0.0029468262,-0.022612972,-0.009030222,0.038738873,0.08792748,0.10061828,0.06263367
0.102664255,0.03970234,0.004329687,0.0256449,0.08847616,0.14426242,0.14735512,0.09055023,0.009855455,-0.042245366,-0.035905067,0.014486535,0.061328147,0.059024595,0.0011313675,-0.07690967,-0.122382686,-0.10586593,-0.042517915,0.019391537,0.034520004,-0.0049196044,-0.063930586,-0.09148552
-0.21411043,-0.14265189,-0.06490532,-0.04373132,-0.09669221,-0.18159471,-0.22939685,-0.19620915,-0.09629685,0.008050552,0.053162094,0.020666199,-0.04912726,-0.0872043,-0.051633853,0.04451456,0.13908719,0.16855949,0.11588637,0.022386005,-0.04362086,-0.0381158,0.027208764,0.09259375
0.048957027,0.12790662,0.15811475,0.12412112,0.057827998,0.016431777,0.036706395,0.105930954,0.17357595,0.19004494,0.1405265,0.058021624,-0.00015751789,0.003934606,0.058882963,0.114875235,0.12160306,0.06538086,-0.021413388,-0.07969479,-0.07141112,-0.009382424,0.055949107,0.075335234
0.031268522,0.05070997,0.007106543,-0.06243865,-0.09931007,-0.0663355,0.02202723,0.10939936,0.14216098,0.10742585,0.042079695,0.004530331,0.03172351,0.11003447,0.18401997,0.19984919,0.14567526,0.059409246,-0.00019314565,0.005805087,0.06438887,0.12010145,0.11981773,0.05363772
-0.10689071,-0.033886537,0.0371003,0.05707033,0.015434265,-0.05055662,-0.08472382,-0.05377364,0.02530185,0.10010545,0.1208997,0.07804728,0.008591148,-0.03050322,-0.00791191,0.06134611,0.12355203,0.13031101,0.07411568,-0.00771906,-0.05914391,-0.04810083,0.01030416,0.064867415
-0.028401973,-0.07938343,-0.1104316,-0.10094248,-0.060572635,-0.020025764,-0.008133418,-0.031836748,-0.069611646,-0.088601455,-0.06822731,-0.01821652,0.030003214,0.04719084,0.026670983,-0.011069305,-0.032014046,-0.015634742,0.02774479,0.066958055,0.07394689,0.042052127,-0.008185792,-0.041787174
0.079698294,0.08115162,0.04044202,-0.019364,-0.060897052,-0.061793476,-0.030224198,-0.00042285028,-0.0033629644,-0.044897694,-0.10124413,-0.13606112,-0.12696865,-0.083388954,-0.038560577,-0.02514433,-0.04927811,-0.08790922,-0.10606197,-0.08121438,-0.023417175,0.032588903,0.05449537,0.03544552
-0.16021717,-0.14708143,-0.089990176,-0.030238248,-0.009194207,-0.036381293,-0.084168196,-0.10637912,-0.07537498,-0.003374691,0.0675074,0.0959094,0.071022585,0.021371752,-0.008021204,0.011809516,0.06950839,0.12260009,0.13106862,0.084642,0.012159705,-0.039507326,-0.040219683,-0.0011998857
0.021217052,-0.03611434,-0.07609218,-0.07728933,-0.047552124,-0.018237665,-0.018990625,-0.05772189,-0.111618884,-0.14543767,-0.13700221,-0.09523763,-0.05176489,-0.03802887,-0.06074285,-0.09936586,-0.11747171,-0.09401289,-0.039856125,0.012887972,0.03371098,0.01483692,-0.022447152,-0.043072786
0.017702844,-0.05857085,-0.11373229,-0.114095986,-0.06780599,-0.018937033,-0.011872509,-0.05854365,-0.12969479,-0.17678599,-0.16622499,-0.106615975,-0.041517787,-0.017081322,-0.04620364,-0.10129535,-0.13363217,-0.11007412,-0.039159723,0.034213655,0.06375904,0.035588194,-0.022310643,-0.060956042
0.034437142,0.047274258,0.08868825,0.12702094,0.13118401,0.09427618,0.037415445,-0.0062194224,-0.013981992,0.009189179,0.033059537,0.026699593,-0.017170306,-0.07718952,-0.1183612,-0.1179376,-0.08116837,-0.03963302,-0.026969504,-0.050012287,-0.08682995,-0.10370563,-0.07885018,-0.020017112
0.015969474,-0.03988902,-0.122825965,-0.17464691,-0.15784535,-0.08611844,-0.012080462,0.012602182,-0.023955835,-0.08790397,-0.121917635,-0.09019922,-0.0061444584,0.07672969,0.10659829,0.07025602,0.0028387872,-0.03877143,-0.017439442,0.053056534,0.11948146,0.13043745,0.07475466,-0.012845761
-0.12550625,-0.108534016,-0.05379111,-0.00034020835,0.014738011,-0.015806245,-0.06402783,-0.08601489,-0.057906628,0.0063371463,0.06651181,0.08557624,0.055161078,0.0041838903,-0.02383888,-0.0039302814,0.05038849,0.09832055,0.103955045,0.058693334,-0.00787976,-0.050042786,-0.042491112,-0.00012242918
-0.060079105,-0.11320127,-0.14875601,-0.14398816,-0.10611327,-0.06542796,-0.051369492,-0.07058174,-0.103276156,-0.118808836,-0.09582692,-0.041855365,0.01191098,0.035963133,0.023157889,-0.0075510317,-0.024662279,-0.0073304423,0.037295505,0.07782413,0.08599621,0.05573872,0.0056375763,-0.03242392
0.03176404,-0.009583374,-0.07163116,-0.10667223,-0.08493778,-0.018216992,0.048685778,0.07189487,0.04206609,-0.010882872,-0.039280154,-0.014208709,0.05304989,0.11744212,0.13514042,0.09623351,0.032089062,-0.009220108,0.0020328918,0.05489521,0.10447784,0.10720471,0.054840878,-0.020567104
0.059715834,0.12771265,0.13794126,0.07948826,-0.008850639,-0.06749587,-0.05901486,0.0010572639,0.057872877,0.060239743,-0.0026076606,-0.09196016,-0.14772426,-0.13319914,-0.06343969,0.0062014507,0.022624295,-0.024575591,-0.09749549,-0.13602342,-0.10402568,-0.018294707,0.06475552,0.09241101
-0.12879357,-0.0817992,-0.03470638,-0.022441745,-0.05282884,-0.09933075,-0.12163811,-0.09523164,-0.032071676,0.029272655,0.052800756,0.031276796,-0.009562178,-0.028967245,-0.004612652,0.052694395,0.103640676,0.11302594,0.07606575,0.018794779,-0.01904484,-0.014256304,0.023055293,0.055901885
0.030148244,0.043914177,0.09504096,0.14666758,0.15820539,0.11677344,0.04683013,-0.00785292,-0.017434351,0.0132561065,0.047666237,0.045826077,-0.0052795974,-0.08039411,-0.13383801,-0.13534385,-0.09058286,-0.037654277,-0.019124756,-0.04818147,-0.097951226,-0.12357243,-0.097297736,-0.028299598
0.056696914,0.013075141,0.022252114,0.07647568,0.13235739,0.14244959,0.09149818,0.008054627,-0.05627832,-0.06495539,-0.024402892,0.021806724,0.026946556,-0.024856338,-0.10377963,-0.15854694,-0.15235573,-0.09279318,-0.02571548,0.0011853809,-0.027129872,-0.0818704,-0.11232175,-0.08449686
0.022360418,0.06390957,0.09854436,0.09523146,0.048275813,-0.018372579,-0.06547081,-0.070236064,-0.04301583,-0.017146248,-0.024076551,-0.07032663,-0.1316613,-0.16938664,-0.1596867,-0.11291488,-0.06434083,-0.04651195,-0.068230234,-0.10614186,-0.12026341,-0.08742731,-0.020779973,0.042368423
-0.047801815,0.00798231,0.06543368,0.087051995,0.06220159,0.014721542,-0.015128826,0.0002601472,0.052469984,0.105136275,0.120142035,0.08709117,0.03023326,-0.00924783,-0.0043358263,0.03837544,0.08175674,0.08818257,0.048215885,-0.01398455,-0.05722044,-0.053530846,-0.00986686,0.036502216
0.03267985,0.0023234943,-0.043485776,-0.06616913,-0.042698067,0.015357877,0.0708706,0.09004511,0.06666653,0.02531453,0.003999621,0.02521575,0.077947564,0.12549008,0.1343819,0.09842268,0.04335337,0.007537337,0.014519156,0.053102452,0.08706873,0.08425923,0.039237734,-0.022669043
0.11860757,0.13153222,0.08245315,0.003318187,-0.051917795,-0.048969682,0.0025027278,0.05403374,0.05787053,0.0027789902,-0.07851518,-0.13251671,-0.12427301,-0.06453817,-0.0015532605,0.015697904,-0.025015434,-0.090427026,-0.127895,-0.10251589,-0.026549289,0.05042709,0.07902465,0.048187464
0.0856195,0.05018962,-0.020125628,-0.06011896,-0.025919372,0.07287096,0.17780782,0.2255579,0.1952718,0.123049505,0.074108,0.09335578,0.17228182,0.25369072,0.2748471,0.21504323,0.111907035,0.032753758,0.024109963,0.0785655,0.13966812,0.14439775,0.07307619,-0.034521025
-0.010346774,0.009434543,0.07956077,0.14482678,0.15226293,0.088784516,-0.008130987,-0.07717088,-0.079665065,-0.02736264,0.025588848,0.025846012,-0.039524514,-0.13332036,-0.19426356,-0.18256986,-0.11122081,-0.035704747,-0.010812281,-0.050605904,-0.11865081,-0.15361153,-0.11650183,-0.022935426
0.022907512,-0.032792438,-0.062232964,-0.03338936,0.04230259,0.12188847,0.1586804,0.13699362,0.085088424,0.05267986,0.072576925,0.13519612,0.19705717,0.21288154,0.16856435,0.09198581,0.03520032,0.03199215,0.07250276,0.11481078,0.11530402,0.05938167,-0.024492472,-0.08331933
-0.027064372,0.070436716,0.17009568,0.21312068,0.18142675,0.11230002,0.068441875,0.093152165,0.17285794,0.25105515,0.2680504,0.20808011,0.108794026,0.03591457,0.032629736,0.08870221,0.14588974,0.14580828,0.07426796,-0.030775636,-0.103451006,-0.099404514,-0.030861335,0.043547835
0.019838212,-0.039064176,-0.12253869,-0.1723634,-0.15375465,-0.082845904,-0.012570631,0.0071424437,-0.032967675,-0.09749905,-0.12944041,-0.095756516,-0.012573,0.06658441,0.092551745,0.054437123,-0.01091552,-0.047610056,-0.022275014,0.048934396,0.11399448,0.12384535,0.06884133,-0.015673107
0.12627307,0.093339816,0.042891774,0.01614466,0.03676523,0.09080174,0.13739593,0.13950102,0.09262557,0.027975148,-0.012018826,-0.003599101,0.04088627,0.08001476,0.077130325,0.027218694,-0.038203284,-0.07584387,-0.061736207,-0.008816442,0.04053241,0.04856077,0.011303765,-0.039749335
0.0198892,-0.033277128,-0.06472278,-0.05624912,-0.020274043,0.011016884,0.008779868,-0.03137215,-0.08373835,-0.11310495,-0.10046302,-0.057983387,-0.018625041,-0.011807879,-0.04151169,-0.08347602,-0.10184589,-0.078400776,-0.026739668,0.02061725,0.03431643,0.009126081,-0.030702012,-0.04918964
-0.039368283,-0.016619327,0.051712252,0.11271641,0.11783571,0.05752241,-0.030782107,-0.088025406,-0.08037105,-0.023383971,0.02998463,0.030954724,-0.030209757,-0.115609154,-0.1667808,-0.148366,-0.077244096,-0.007810889,0.010545377,-0.032914426,-0.10093927,-0.13398935,-0.09802152,-0.01243171
-0.006154694,0.020859892,0.079599716,0.12724693,0.1266401,0.07483499,0.006613101,-0.03275795,-0.022188647,0.022333363,0.05823537,0.0485571,-0.009218024,-0.08018976,-0.11868872,-0.10255594,-0.048963733,-0.0006207218,0.0037872014,-0.039043173,-0.09324421,-0.112977244,-0.078495294,-0.007830559
-0.04491291,-0.10002777,-0.13481091,-0.123541705,-0.073177405,-0.01986667,-0.00020665048,-0.021939397,-0.060807157,-0.08039701,-0.056259558,0.0036341278,0.06300816,0.085411094,0.062544934,0.018671121,-0.0086983405,0.0042303577,0.050989248,0.09454245,0.0992314,0.058431927,-0.0025109313,-0.047257457
0.0317907,0.0057525667,0.03224232,0.09609964,0.15158895,0.1566942,0.10478904,0.031479158,-0.015445772,-0.008887433,0.036470924,0.07647262,0.070401214,0.011738597,-0.06483804,-0.11069365,-0.09961441,-0.045911767,0.0066887653,0.015995631,-0.025097882,-0.0825911,-0.108764604,-0.077956
0.004399016,0.018114595,-0.015340824,-0.07270155,-0.111513406,-0.10240376,-0.049649764,0.010364486,0.037607767,0.01719186,-0.02855946,-0.05837926,-0.043214317,0.0126059055,0.073438846,0.09869022,0.07387947,0.021395387,-0.01758869,-0.013640804,0.02980845,0.078190096,0.09067378,0.0530204
-0.07283894,0.010429356,0.0938777,0.119141005,0.071535714,-0.009398231,-0.059807222,-0.038373508,0.040873423,0.12007364,0.14011659,0.085839555,-0.0034321467,-0.062461954,-0.049958922,0.022522915,0.095925935,0.11080366,0.0519978,-0.040775698,-0.101687334,-0.08799031,-0.012475133,0.06483133
-0.049344797,-0.08486625,-0.05131172,0.03811171,0.12826656,0.16707307,0.1387583,0.07760631,0.04114362,0.066844516,0.14237879,0.21509759,0.23215267,0.1798557,0.09271014,0.029551467,0.029558998,0.081309445,0.13236706,0.13128228,0.06521282,-0.030962016,-0.09824768,-0.09623978
-0.046105623,-0.07990602,-0.08169928,-0.05982264,-0.04025965,-0.046933245,-0.08347045,-0.13031213,-0.1577587,-0.14994387,-0.11498125,-0.07996905,-0.069870465,-0.089266434,-0.11849009,-0.12883383,-0.10393294,-0.053792693,-0.007167511,0.011035081,-0.0034009465,-0.030989224,-0.04298597,-0.02422171
0.17846723,0.1476912,0.09544814,0.069354415,0.09504208,0.15702741,0.20987514,0.21212782,0.15778112,0.08125548,0.030704957,0.032865666,0.073729746,0.10873107,0.098842725,0.037481118,-0.04088592,-0.08787274,-0.07789012,-0.024825234,0.02812071,0.039909195,0.0026758732,-0.050994847
0.037405744,0.083824605,0.119954556,0.11557013,0.06744719,0.0028404456,-0.03979144,-0.04041078,-0.012789173,0.0090040965,-0.0051543084,-0.057639167,-0.12059573,-0.15614066,-0.14443319,-0.099420875,-0.057327386,-0.048480693,-0.07623829,-0.11331764,-0.12250701,-0.08578212,-0.019020393,0.041207273
-0.06235627,-0.017250739,-0.008556239,-0.049899366,-0.11620674,-0.16256702,-0.15654024,-0.104270555,-0.04451523,-0.019664405,-0.043842964,-0.09310969,-0.123216234,-0.10253045,-0.0385219,0.030033028,0.059924316,0.037378944,-0.013303627,-0.04762209,-0.034981195,0.017850462,0.07221459,0.08719578
-0.10154164,-0.107761376,-0.07599851,-0.03899185,-0.032999117,-0.071129814,-0.13091289,-0.17273647,-0.1689573,-0.12427297,-0.07140421,-0.04816064,-0.068048395,-0.11032932,-0.13610691,-0.118095696,-0.060838304,0.0021062356,0.032195006,0.014838071,-0.028833246,-0.05924279,-0.04857644,-0.001727468
-0.064857,-0.119049035,-0.11552685,-0.06539148,-0.014858487,-0.010609178,-0.06324649,-0.13961986,-0.18739782,-0.17463088,-0.112137906,-0.04693865,-0.026444724,-0.062446088,-0.122660704,-0.155317,-0.12808813,-0.0528383,0.022433236,0.049315155,0.016051592,-0.044380344,-0.08032937,-0.059642553
-0.008071728,0.027725158,0.057844955,0.052033696,0.0047867894,-0.061105173,-0.10804235,-0.11291328,-0.08521962,-0.0574507,-0.0604003,-0.10006118,-0.1533449,-0.18390389,-0.16905668,-0.11878788,-0.067423075,-0.046575647,-0.062897824,-0.09467951,-0.10595232,-0.07463195,-0.011999454,0.046351317
-0.05326256,-0.108593725,-0.14058918,-0.12684305,-0.07647368,-0.023604056,-0.0036728503,-0.024937395,-0.062130213,-0.07849773,-0.0515971,0.009106587,0.06839954,0.0910831,0.06803798,0.024347685,-0.001540011,0.012562748,0.058085766,0.10037847,0.103647456,0.060254063,-0.0031224438,-0.04705389
0.03965906,-0.0055980966,0.001513937,0.052673586,0.10551942,0.115465164,0.067810334,-0.011468917,-0.0724784,-0.0792019,-0.037819263,0.009538053,0.018220117,-0.027310839,-0.10029389,-0.15151037,-0.14426728,-0.085445434,-0.019606024,0.008365464,-0.01741208,-0.07112119,-0.103609905,-0.07903555
0.07566202,0.03515402,-0.025019057,-0.06662899,-0.06583728,-0.033145614,-0.0016964595,-0.0039582658,-0.0465056,-0.10486961,-0.14073762,-0.13146466,-0.0863526,-0.040511128,-0.026522629,-0.052637264,-0.09462877,-0.11440046,-0.08958798,-0.030941116,0.026156496,0.048007485,0.02680943,-0.01369073
-0.03281158,-0.00041756398,0.06688674,0.13167171,0.15853554,0.14036511,0.10133233,0.081154376,0.102128245,0.15376957,0.1988478,0.20335653,0.1604586,0.09642601,0.05074262,0.048425145,0.078775324,0.10555156,0.096102625,0.043661837,-0.025577279,-0.07080407,-0.06709533,-0.025462963
-0.011729074,-0.050069466,-0.10162576,-0.1354794,-0.13237832,-0.09868079,-0.06219296,-0.05188407,-0.073395446,-0.10770293,-0.12378131,-0.10330803,-0.053529453,-0.0032329091,0.018708957,0.0049097743,-0.024367837,-0.038856145,-0.020737842,0.023546759,0.06515455,0.07477012,0.04623936,0.00050405855
-0.052145522,-0.0969163,-0.092715055,-0.049831033,-0.007889588,-0.004931177,-0.049563542,-0.113927856,-0.15403089,-0.14330707,-0.0915865,-0.038369406,-0.022601776,-0.05381865,-0.104643665,-0.13214423,-0.10900685,-0.046161085,0.015933175,0.03811709,0.010601029,-0.039396647,-0.0687221,-0.050308183
-0.034696896,0.021327823,0.08590723,0.11637195,0.094325036,0.042400688,0.0045690616,0.012174469,0.060967516,0.116039455,0.13521756,0.10156938,0.037176784,-0.012801624,-0.016702106,0.022506643,0.06933392,0.082510754,0.044389546,-0.02184422,-0.070740126,-0.07071432,-0.026119849,0.02897361
-0.17585787,-0.16817856,-0.121991515,-0.07418066,-0.05964758,-0.085098274,-0.12568894,-0.14173143,-0.10977949,-0.04185846,0.024647247,0.054362625,0.038922947,0.0034298755,-0.014201857,0.010424376,0.06636746,0.11596972,0.12553923,0.08714623,0.025122955,-0.020246882,-0.0225588,0.008252728
0.02015449,-0.041159812,-0.08268189,-0.08212208,-0.049835175,-0.020746714,-0.026444197,-0.07196664,-0.13115431,-0.16685627,-0.15678385,-0.11169952,-0.06699844,-0.055406384,-0.08193167,-0.12214386,-0.1386888,-0.11048217,-0.04956242,0.007959319,0.029493235,0.009587731,-0.02801348,-0.046672337
0.0075619356,0.020858206,0.061914407,0.099604756,0.10359808,0.068114474,0.015003704,-0.022396637,-0.023314113,0.0053094174,0.033020545,0.029726997,-0.010801502,-0.06620696,-0.10197039,-0.09692187,-0.058286976,-0.017610952,-0.007385687,-0.03340477,-0.07255144,-0.090576306,-0.06806101,-0.013849002
0.11493752,0.122605026,0.0870725,0.030332789,-0.010804371,-0.013255886,0.015913265,0.04324438,0.037469596,-0.0078100115,-0.06973794,-0.11217613,-0.111799575,-0.07616744,-0.037743777,-0.028599782,-0.056228746,-0.09822512,-0.12032753,-0.09890204,-0.04210207,0.016140807,0.042584825,0.029539077
0.035545517,-0.041996844,-0.09308611,-0.08420707,-0.02688223,0.030361932,0.0399495,-0.010039124,-0.08537102,-0.13273992,-0.11816925,-0.05402479,0.011200017,0.028777527,-0.012112718,-0.07896916,-0.117147766,-0.09367275,-0.022220658,0.04800505,0.069446675,0.03078428,-0.03493379,-0.07470127
0.14839499,0.11795446,0.06011628,0.02382637,0.042444,0.105768666,0.16695,0.1796011,0.1328979,0.058221884,0.0053944974,0.0077051152,0.056579597,0.105493754,0.10878462,0.0556458,-0.022331696,-0.07509619,-0.06900794,-0.01266662,0.046631638,0.062137887,0.023877665,-0.037584785
-0.053867646,-0.018798664,-0.016065264,-0.055018984,-0.1119247,-0.1477566,-0.13774392,-0.09117995,-0.041565552,-0.023376476,-0.045932483,-0.086634904,-0.10771921,-0.08499386,-0.02807316,0.02904399,0.051836647,0.030614855,-0.012229241,-0.037927683,-0.023118265,0.022779094,0.06666958,0.07522337
-0.120647684,-0.07776333,-0.035171166,-0.023452405,-0.048039865,-0.08552218,-0.100888446,-0.07304645,-0.012504664,0.045810156,0.0698219,0.05311135,0.017918497,0.0004472879,0.021366026,0.071738526,0.11678415,0.12415018,0.08834508,0.03204519,-0.0077240323,-0.007458273,0.023776365,0.051019568
-0.117488764,-0.16810557,-0.15087284,-0.07880459,-0.006180891,0.01523418,-0.02636985,-0.093142256,-0.12809114,-0.097617485,-0.015334427,0.06573091,0.09231483,0.05310997,-0.014952967,-0.05498442,-0.03222466,0.039575167,0.108033665,0.11985444,0.06444483,-0.020079412,-0.076833054,-0.07028336
0.05738082,0.09364598,0.09300813,0.051531024,-0.0070040026,-0.04758513,-0.04843186,-0.019485215,0.0058343634,-0.0017476432,-0.04631638,-0.10378829,-0.13844088,-0.12931827,-0.08663024,-0.04438065,-0.033865184,-0.0589016,-0.09642357,-0.11096893,-0.08195271,-0.021433337,0.03452166,0.055684064
0.14229053,0.16692658,0.13882537,0.089604735,0.0656683,0.09363591,0.15771395,0.21307126,0.21883589,0.1693957,0.09667316,0.0489505,0.053951163,0.097606845,0.13541701,0.1273255,0.06679621,-0.0127332965,-0.062252086,-0.0531099,-0.0005548328,0.050055895,0.05740647,0.016243897
-0.20289801,-0.19088869,-0.12949464,-0.06597117,-0.048261337,-0.0857075,-0.14340785,-0.168082,-0.13031253,-0.046034995,0.036307506,0.06954455,0.042189594,-0.010064553,-0.036124825,-0.0053567425,0.06655228,0.13161092,0.14403178,0.092697226,0.013293482,-0.040357955,-0.03809602,0.007201148
-0.16594239,-0.16441622,-0.13115212,-0.092687264,-0.078029044,-0.09433527,-0.12217173,-0.13083267,-0.102699846,-0.04597221,0.011955891,0.0426022,0.03729314,0.015410353,0.005877545,0.026542742,0.070036955,0.10983309,0.11906481,0.08917343,0.039467752,0.0008048264,-0.008142763,0.007990432
0.106475994,0.034529738,-0.009473342,0.009688261,0.07834961,0.14450625,0.15547338,0.098464906,0.010492634,-0.04934404,-0.04458314,0.012205637,0.07005656,0.07598605,0.017719591,-0.068656944,-0.123363666,-0.10994697,-0.041859947,0.029604917,0.051323052,0.009306654,-0.060447264,-0.09863488
0.026917132,-0.013471577,-0.0030666115,0.04818177,0.09896765,0.10664005,0.05858972,-0.017113382,-0.071766794,-0.07336822,-0.030568646,0.015160518,0.020999743,-0.025882287,-0.09654463,-0.14249153,-0.13128701,-0.07299311,-0.010915958,0.011760524,-0.017719543,-0.07090696,-0.09936441,-0.07305216
0.0020703184,0.02571611,0.07753096,0.11880174,0.11771332,0.07224269,0.010939863,-0.026919479,-0.021486467,0.014242585,0.04265282,0.032620255,-0.017571831,-0.0793838,-0.11464435,-0.10235219,-0.056841068,-0.015706403,-0.0101179825,-0.042362638,-0.08587594,-0.10283699,-0.07253762,-0.009306064
-0.08794481,-0.08749544,-0.06275598,-0.038794912,-0.039953224,-0.07125814,-0.11341194,-0.13769968,-0.12788758,-0.09193802,-0.055158563,-0.04225866,-0.058926538,-0.08684434,-0.09852141,-0.07801703,-0.033592913,0.0090036765,0.02549681,0.009603769,-0.020863349,-0.03831801,-0.026153626,0.007741285
0.0063385908,-0.05618439,-0.093039416,-0.07327302,-0.007975292,0.058803383,0.08209222,0.050561022,-0.0058374163,-0.03928459,-0.018899804,0.0448263,0.1078487,0.12555729,0.08665453,0.020759715,-0.023022998,-0.013554841,0.039262023,0.09136017,0.0988066,0.050609373,-0.023179177,-0.07312721
0.026682802,0.047310416,0.08766892,0.11963922,0.120155305,0.08720854,0.041930318,0.013219247,0.01562384,0.03957804,0.057521887,0.04632464,0.004448822,-0.046689425,-0.07735184,-0.072162434,-0.04136235,-0.013089644,-0.011572072,-0.038931236,-0.07348975,-0.08556711,-0.06063179,-0.011150751
0.030698892,-0.015684705,-0.001161597,0.062909655,0.1264569,0.13864137,0.0846677,-0.00224632,-0.06509829,-0.065635756,-0.013779616,0.041305367,0.04834975,-0.0073725623,-0.091849625,-0.1483991,-0.13823502,-0.07209293,-0.0011166164,0.023023209,-0.01452713,-0.07987251,-0.117178924,-0.08920829
-0.04889143,-0.09812007,-0.09776749,-0.0582687,-0.019407293,-0.021458728,-0.07265948,-0.14360902,-0.18845074,-0.17975861,-0.12757057,-0.07305398,-0.05689743,-0.089099735,-0.14053154,-0.16641334,-0.13874386,-0.06903428,0.00015247788,0.026888939,0.0014165197,-0.046780553,-0.072571315,-0.04930222
0.050521657,0.06754995,0.025321268,-0.04270342,-0.0816825,-0.056903597,0.018890956,0.09384311,0.11905556,0.08260173,0.017999874,-0.021063268,6.699366e-05,0.06906164,0.13569266,0.1506836,0.10322011,0.027020346,-0.025058785,-0.01671497,0.040673807,0.09705892,0.10360072,0.049894746
-0.13747211,-0.123162374,-0.070132405,-0.016346399,0.0014300349,-0.024152778,-0.06696808,-0.08570648,-0.056537732,0.008480606,0.07084182,0.09387329,0.06894793,0.022932854,-0.0034124984,0.014716368,0.066221304,0.112370506,0.11755176,0.07348198,0.007390038,-0.038104504,-0.03707248,-0.0008291622
0.059316516,0.07916694,0.12925375,0.17349918,0.17832509,0.13582888,0.070311755,0.020608507,0.011483876,0.03599092,0.059251506,0.04748421,-0.0068572257,-0.07910562,-0.12871861,-0.13008656,-0.09100194,-0.04757652,-0.035950273,-0.06438021,-0.107889116,-0.12606406,-0.09477539,-0.025449997
-0.054519903,-0.09102879,-0.0538709,0.036402836,0.1210256,0.14736824,0.10373715,0.031055454,-0.008208941,0.02159058,0.10144406,0.17370059,0.18524759,0.12540048,0.034877967,-0.022614183,-0.00971913,0.054685544,0.11346725,0.11417338,0.045685366,-0.050816156,-0.10967038,-0.093593635
-0.01212883,-0.09746734,-0.15078935,-0.13292582,-0.058365613,0.018152943,0.041973036,-0.0007007781,-0.072902754,-0.115150385,-0.088501334,-0.00649841,0.07579309,0.103358425,0.061971605,-0.0128007205,-0.060022783,-0.04045326,0.032794442,0.10459282,0.12067242,0.066435486,-0.022186065,-0.08286299
-0.0010539724,0.015757851,0.077577,0.13634337,0.1445252,0.08662319,-0.0055338545,-0.07340983,-0.08022732,-0.036077082,0.010579593,0.011521483,-0.047619957,-0.13525051,-0.19360524,-0.18441413,-0.119667515,-0.049423896,-0.021913417,-0.054101963,-0.1151596,-0.1462695,-0.11044297,-0.023817237
0.014316082,-0.042835828,-0.06807725,-0.034176275,0.041708075,0.11236152,0.13403298,0.10026728,0.045027636,0.017092127,0.04365188,0.10916793,0.16653737,0.1728806,0.12256962,0.049120616,0.0030744735,0.0121970475,0.061880905,0.105088025,0.10011994,0.04126118,-0.037102263,-0.085015014
-0.05768263,-0.015330564,0.08169422,0.17454337,0.20712243,0.16960119,0.10074316,0.0623396,0.09004003,0.16760863,0.23671955,0.24344613,0.17740576,0.080224514,0.013942128,0.017153464,0.073656276,0.1254646,0.119115695,0.045307584,-0.054204553,-0.11637119,-0.10314326,-0.03153537
0.116153315,0.09511201,0.05921743,0.040522616,0.057448775,0.10020024,0.13715173,0.13943762,0.10282503,0.050732903,0.01595408,0.017626967,0.047353987,0.073539965,0.06844686,0.027238645,-0.026398802,-0.059505764,-0.052884914,-0.0149004795,0.022885261,0.030636169,0.004250379,-0.033870377
-0.02465392,0.013611468,0.09522867,0.17820388,0.21988568,0.2086661,0.16768093,0.14293383,0.16348402,0.22094123,0.27353293,0.28149632,0.23335469,0.15563029,0.09396729,0.08072097,0.10749166,0.13359006,0.12187919,0.06140689,-0.022304567,-0.08232469,-0.085692205,-0.041884173
0.0023508773,-0.036071632,-0.04805265,-0.014256789,0.050379995,0.10954939,0.12987931,0.10808312,0.07105773,0.05531608,0.07990158,0.1314724,0.17393409,0.17549796,0.13315152,0.074440554,0.037007235,0.040470008,0.072800115,0.09855394,0.08703178,0.035039436,-0.029417062,-0.068661936
-0.032699104,-0.025032215,-0.05680488,-0.11101515,-0.15305799,-0.15555222,-0.11729535,-0.067139916,-0.04056563,-0.05303523,-0.088033006,-0.1114739,-0.0964228,-0.042944122,0.018925149,0.052568495,0.04232114,0.005702864,-0.022574766,-0.015512942,0.026114559,0.07240103,0.087020434,0.057582326
0.073984034,0.079194814,0.050248854,0.0052842353,-0.02626643,-0.025738258,0.0011799415,0.027134532,0.025747066,-0.007975014,-0.055112593,-0.08577164,-0.08106938,-0.04756136,-0.012887623,-0.004492928,-0.028035399,-0.06376864,-0.08222392,-0.06467337,-0.019380787,0.025252394,0.041343194,0.024970995
-0.16768499,-0.09077459,-0.012350747,0.009632887,-0.03798549,-0.11382743,-0.1532489,-0.116792515,-0.02075182,0.07454039,0.11004236,0.07151133,-0.0010644246,-0.042175066,-0.01278416,0.07253896,0.15351927,0.17086385,0.111471646,0.016124334,-0.048997972,-0.042848766,0.02116479,0.0825532
-0.015328203,0.011779777,0.08075334,0.13877067,0.14002314,0.07775292,-0.008590364,-0.062802285,-0.05465993,-0.0009616,0.04616041,0.040045593,-0.025555767,-0.11164452,-0.16135672,-0.14349514,-0.075718775,-0.01131088,0.0016513503,-0.04442728,-0.11017426,-0.13856703,-0.09888353,-0.012042681
0.07970424,0.07924169,0.035931967,-0.024750356,-0.06436561,-0.06115421,-0.025158217,0.0068408274,0.0030544274,-0.04050481,-0.09745172,-0.13054799,-0.1176859,-0.070315816,-0.024559598,-0.013616534,-0.041809503,-0.08296877,-0.10142897,-0.074799486,-0.014989857,0.040212773,0.05777698,0.033897754
-0.11177965,-0.16534473,-0.1562063,-0.094081156,-0.026619291,-0.003947186,-0.0416395,-0.10684763,-0.14477362,-0.12100921,-0.045446184,0.03391841,0.06614472,0.035423763,-0.027054094,-0.066176735,-0.04634205,0.021983001,0.09187741,0.11195315,0.066040605,-0.013213405,-0.06916999,-0.06594942
0.12047291,0.14461938,0.11515407,0.062452737,0.0328852,0.05498383,0.11648219,0.17378688,0.18386082,0.13826944,0.06748954,0.0199315,0.025390154,0.07247389,0.11747528,0.11745842,0.06303363,-0.013423684,-0.062334158,-0.05343918,0.00066258584,0.054856326,0.06544687,0.024956176
-0.04669232,-0.1289388,-0.18014781,-0.16450381,-0.094272345,-0.019923428,0.0064504496,-0.02864719,-0.08993314,-0.12255909,-0.09094723,-0.0076313596,0.07593182,0.10754508,0.07324612,0.007348385,-0.033131134,-0.013014978,0.055592906,0.12159685,0.133186,0.077529564,-0.00979104,-0.07101275
-0.05470244,-0.09504982,-0.099015415,-0.073365405,-0.046376444,-0.04814921,-0.08538693,-0.13688707,-0.16887753,-0.16100207,-0.119956195,-0.075836405,-0.05893717,-0.07772179,-0.111454904,-0.12722474,-0.104015276,-0.04979514,0.0043007466,0.026774993,0.009442563,-0.026124803,-0.046490647,-0.031689983
0.0796799,0.014199985,-0.07881338,-0.14114025,-0.13807572,-0.085891604,-0.03573191,-0.036566317,-0.097415745,-0.18085288,-0.22881001,-0.20772195,-0.13287012,-0.057871602,-0.03287561,-0.06928941,-0.1301042,-0.15747805,-0.11784103,-0.02789052,0.057639994,0.087240726,0.04975804,-0.016773505
-0.05498096,0.0077140336,0.028607676,-0.0051320703,-0.06271195,-0.09301147,-0.06490906,0.009774131,0.08635242,0.11814184,0.091560744,0.036265537,0.0023408227,0.02225483,0.08537656,0.14792639,0.1638881,0.119170755,0.04354405,-0.010927038,-0.010692432,0.034674197,0.08216398,0.0850921
0.11110825,0.07723143,0.02380792,-0.005731125,0.014495489,0.071318276,0.1220289,0.12823397,0.08462722,0.021325717,-0.017976101,-0.007555907,0.040263478,0.083307676,0.08394018,0.03674808,-0.027900673,-0.06656265,-0.053467594,-0.00091319886,0.04870449,0.057434868,0.019904835,-0.034718465
0.04080628,0.011875584,0.018320099,0.053806745,0.08852989,0.0914873,0.053806953,-0.0042405734,-0.048210237,-0.054471828,-0.028444173,0.0005123142,0.0015818173,-0.03441914,-0.08685954,-0.12159864,-0.115145504,-0.07349581,-0.027496798,-0.00860822,-0.026202926,-0.060156662,-0.07724404,-0.055107854
0.02576843,-0.02444204,-0.014304038,0.04335255,0.09917337,0.103719704,0.043346282,-0.048481636,-0.11416059,-0.11631729,-0.06590528,-0.01219011,-0.0051684263,-0.059248798,-0.13987477,-0.19054316,-0.17316939,-0.100587815,-0.024276068,0.005544512,-0.025871923,-0.0855266,-0.11611675,-0.08245475
-0.04070666,-0.12345794,-0.17501652,-0.16026069,-0.09302154,-0.02461039,-0.004484928,-0.043911617,-0.10769257,-0.14156228,-0.11076416,-0.02937036,0.051137432,0.08023312,0.04604719,-0.017623749,-0.05490224,-0.030972946,0.040679466,0.108011924,0.12139718,0.06914555,-0.01384949,-0.07069196
0.017182086,-0.0338926,-0.020578738,0.044479273,0.107999116,0.11666808,0.056799516,-0.035643175,-0.10096966,-0.09981916,-0.04330279,0.016083144,0.024821924,-0.031509843,-0.11646192,-0.17111929,-0.15576905,-0.08220563,-0.004634956,0.022633806,-0.014917594,-0.08182943,-0.11941549,-0.089172125
-0.20291243,-0.1832025,-0.10267371,-0.020231713,0.0057944385,-0.038447797,-0.11221025,-0.14899966,-0.11022456,-0.013378517,0.08174177,0.11692831,0.07707848,0.003595479,-0.03956771,-0.01168034,0.06989955,0.14583616,0.1603778,0.09784843,-0.0009935286,-0.06910876,-0.06471114,-0.003822994
-0.027860051,0.08131789,0.18376799,0.21644351,0.16821687,0.08782691,0.044574272,0.079434305,0.17055432,0.25188372,0.2600528,0.18567954,0.07762774,0.00800262,0.017547224,0.08775305,0.15086742,0.1443801,0.06066308,-0.050739992,-0.11865437,-0.10148081,-0.01837406,0.06213062
-0.07432164,-0.007921397,0.014086005,-0.025170514,-0.09483529,-0.13790265,-0.11509575,-0.03659617,0.047983773,0.08568739,0.059095632,-0.0018933052,-0.041094713,-0.01906644,0.054751914,0.13085946,0.15681137,0.11544712,0.0364741,-0.022161765,-0.019812737,0.03421066,0.09114854,0.099717386
-0.0051107667,0.03472993,0.07531571,0.08542403,0.055234205,0.0024949631,-0.039119966,-0.043912634,-0.016322711,0.01508691,0.018715665,-0.014767923,-0.06693593,-0.10425832,-0.10258013,-0.06544762,-0.02344901,-0.008094803,-0.027621308,-0.06476983,-0.08764778,-0.07237845,-0.023069136,0.029379832
-0.055966258,-0.039638404,0.016172644,0.077363,0.10497771,0.08762409,0.046469122,0.019522585,0.032468908,0.08091262,0.13135898,0.14662671,0.11513744,0.059134714,0.016297983,0.013694933,0.047178328,0.08437141,0.08813486,0.04774954,-0.014127683,-0.059882857,-0.062949255,-0.025636118
-0.112555325,-0.1612688,-0.15748847,-0.104228936,-0.041021027,-0.010170675,-0.028175129,-0.073197916,-0.10141647,-0.08100223,-0.015093148,0.057953276,0.094192944,0.07750465,0.029129284,-0.007547439,0.000990698,0.051683314,0.10650761,0.12253552,0.08449162,0.01400858,-0.04494505,-0.05693241
-0.050550364,-0.09217434,-0.08882446,-0.05085624,-0.015862217,-0.019488245,-0.067428164,-0.13082111,-0.16888095,-0.1587921,-0.11113153,-0.063137986,-0.051297113,-0.08219125,-0.12803501,-0.14898393,-0.12246288,-0.059969556,0.0009887015,0.022902679,-0.0013190733,-0.0437808,-0.065207236,-0.043221287
0.014280876,0.08837563,0.15277098,0.1579952,0.09526738,0.0041386946,-0.054969378,-0.048176363,0.005671829,0.05388511,0.04706513,-0.022515617,-0.114900924,-0.16980863,-0.1543269,-0.086271174,-0.021437446,-0.008292423,-0.055276297,-0.12346399,-0.15377179,-0.113580674,-0.023870029,0.06092131
-0.044279613,0.027733421,0.052153863,0.0150992125,-0.049276654,-0.08376838,-0.052992318,0.029408388,0.11194995,0.14320345,0.108980745,0.043479376,0.0034474966,0.025071792,0.09492798,0.16221832,0.17562503,0.12188514,0.036468454,-0.022307346,-0.018359482,0.034847744,0.08795123,0.090885006
0.09136594,0.10665723,0.055415098,-0.028167175,-0.08442367,-0.07729989,-0.017619409,0.04422457,0.056977455,0.00637823,-0.073576994,-0.12524123,-0.11104883,-0.04322343,0.027882177,0.050279915,0.009053354,-0.06176288,-0.10405698,-0.081258655,-0.0065301326,0.06950531,0.09580319,0.056693204
0.13281299,0.16958283,0.16698587,0.13951145,0.12052083,0.13499542,0.1788804,0.22353344,0.23751476,0.20948447,0.15463676,0.106708385,0.09185941,0.10787956,0.12843186,0.12331503,0.08116295,0.017573068,-0.03396006,-0.046440534,-0.021673586,0.013579865,0.02902636,0.011077543
0.035821434,-0.052764133,-0.11582653,-0.1171872,-0.06722726,-0.015178204,-0.011044476,-0.068911314,-0.15405117,-0.21018834,-0.2001939,-0.13456994,-0.063275,-0.038111947,-0.073651105,-0.1376298,-0.17300138,-0.14329123,-0.060149107,0.0255682,0.060764153,0.030583471,-0.03248419,-0.07081718
0.014216525,0.038724016,0.0051588276,-0.0570852,-0.09509121,-0.07301824,0.0009393311,0.08089493,0.11693195,0.09181493,0.034083057,-0.0036386743,0.015347612,0.08296489,0.15299346,0.1754914,0.13354035,0.056762848,0.00012861927,0.0008735646,0.05073078,0.103071705,0.10991126,0.05535905
0.147408,0.12737165,0.08550579,0.06011685,0.07568056,0.12251054,0.16552943,0.17084299,0.13025852,0.06814462,0.022982558,0.019560605,0.050056715,0.07975495,0.076140635,0.0309888,-0.031830426,-0.07352028,-0.06921615,-0.027594678,0.017255638,0.031592686,0.0066210623,-0.035752546
0.036625348,-0.036684897,-0.072306134,-0.03149791,0.06714188,0.16154848,0.19150577,0.14686972,0.0707535,0.027464509,0.055343214,0.13764611,0.21321118,0.22334045,0.15720728,0.05882365,-0.0067070154,0.00010400683,0.065100834,0.12642325,0.12554584,0.052177373,-0.049159963,-0.113184355
-0.11584043,-0.11204387,-0.064991035,-0.020242913,-0.021656092,-0.07708304,-0.15241984,-0.19832247,-0.1852523,-0.12603319,-0.06584701,-0.049487635,-0.08627032,-0.14326605,-0.17141722,-0.14171271,-0.06671696,0.0069435635,0.032667276,0.0012874549,-0.053937454,-0.08379394,-0.05928295,0.006805498
-0.03660364,-0.100825466,-0.1431905,-0.1349604,-0.0846061,-0.030531287,-0.011113733,-0.03724099,-0.0836142,-0.10912517,-0.08562958,-0.02260563,0.041237622,0.066883035,0.043925457,-0.0033856395,-0.032299217,-0.015149667,0.038017884,0.08834174,0.09891082,0.05994565,-0.0040781465,-0.05045362
0.07408936,0.11667453,0.11814109,0.072826415,0.007908719,-0.037922457,-0.0408128,-0.010696737,0.016897352,0.0086447075,-0.041463222,-0.10716889,-0.14892592,-0.14351079,-0.09980434,-0.053841103,-0.0407624,-0.06774733,-0.11001038,-0.12830487,-0.09886129,-0.032586537,0.03311318,0.060850754
-0.024294479,0.058851648,0.14592062,0.18453501,0.1578288,0.09754436,0.057561517,0.07602289,0.14325693,0.21126413,0.22738425,0.1765639,0.09075669,0.026293468,0.021324312,0.06890763,0.119814664,0.1221336,0.062187202,-0.02743387,-0.09066196,-0.089040555,-0.03010543,0.036129203
0.08794881,0.0978587,0.051743828,-0.019605456,-0.06770348,-0.06314298,-0.0151092205,0.033591706,0.039345156,-0.008219086,-0.07858442,-0.12315855,-0.11183145,-0.05470094,0.0050569684,0.022632822,-0.0136133265,-0.07236098,-0.104799785,-0.08145991,-0.013573885,0.054759853,0.07790227,0.04549288
