0.021371545,0.033646706,0.06829553,0.10061768,0.09760543,0.05868651,0.0010413304,-0.040051997,-0.04591485,-0.023945518,-0.0033865203,-0.008746975,-0.04996209,-0.099533305,-0.13475873,-0.12724295,-0.08968166,-0.04792327,-0.033295136,-0.051573597,-0.08284558,-0.09276926,-0.066276826,-0.012130952
-0.17701238,-0.165461,-0.10462143,-0.038310725,-0.018189192,-0.05051026,-0.10548904,-0.1345347,-0.104216255,-0.026010342,0.05158741,0.081969686,0.055944234,6.292044e-05,-0.028546352,-0.006462447,0.059425477,0.123704486,0.13620172,0.087744355,0.008027753,-0.04839751,-0.04891562,-0.0033082585
0.022320962,-0.026709208,-0.019572154,0.03807116,0.09584683,0.11236127,0.06615668,-0.017273193,-0.08089048,-0.08460855,-0.037131853,0.023404092,0.034454368,-0.0075624725,-0.09169354,-0.14553697,-0.13882832,-0.07572894,-0.002417908,0.028933818,-0.0010317847,-0.06409729,-0.105835244,-0.087067746
0.14575228,0.06742748,0.023706727,0.047547717,0.11873956,0.18510889,0.18944307,0.1151583,0.011527285,-0.056462735,-0.053952567,0.011262682,0.063110106,0.06436238,-0.018662333,-0.114415824,-0.17194709,-0.15113434,-0.06856883,0.012765059,0.035859246,-0.01138922,-0.08384836,-0.115873724
0.041753184,0.10542571,0.11377297,0.055847973,-0.032460272,-0.095592454,-0.096030794,-0.04024554,0.017117817,0.022142896,-0.035137676,-0.1230288,-0.17531167,-0.16097058,-0.088979155,-0.01618885,0.0060764737,-0.03255672,-0.099823415,-0.13598815,-0.10597039,-0.020167554,0.06651073,0.10005687
-0.0055253073,0.004458143,0.052430596,0.101725675,0.105963476,0.060963262,-0.011602977,-0.06606796,-0.0725174,-0.038746703,-0.0012251022,0.002724698,-0.042801388,-0.10607516,-0.15486747,-0.1482331,-0.09966159,-0.040476114,-0.015208587,-0.037356522,-0.08485932,-0.11079313,-0.087214194,-0.02041127
-0.044818826,0.01796571,0.044668123,0.02506194,-0.011918293,-0.030904489,-0.0007325963,0.07447522,0.14854872,0.17819116,0.15943971,0.10756546,0.07746136,0.08469924,0.14263096,0.18960054,0.19547552,0.14785323,0.07289801,0.012388497,0.00084036216,0.03389836,0.06963631,0.06831424
-0.025979692,0.07830606,0.17922422,0.21628267,0.1699588,0.08868645,0.035827756,0.05980256,0.14596596,0.22550517,0.23600589,0.16368347,0.05683946,-0.01636989,-0.0072291372,0.060491845,0.124271534,0.12829353,0.05156471,-0.05291913,-0.12525313,-0.11094775,-0.027805693,0.059185874
0.19960117,0.22966129,0.18553269,0.107103944,0.064731404,0.0905973,0.16716735,0.23822224,0.24525978,0.17459661,0.07426537,0.005626841,0.00915745,0.066779144,0.12202308,0.11947949,0.046583258,-0.053032972,-0.11312533,-0.09718153,-0.021499185,0.056347486,0.07984077,0.035297155
0.053749323,0.022509161,-0.033500127,-0.0727414,-0.051346388,0.01784888,0.090377964,0.12123257,0.09764827,0.044552516,0.010487279,0.024979066,0.08488122,0.14425768,0.16522364,0.1262912,0.0593315,0.00486275,0.0030259842,0.046469945,0.09788483,0.10394246,0.056173466,-0.020000847
0.0071494435,0.016002856,0.053918906,0.09773386,0.107531734,0.07793276,0.021393768,-0.024421165,-0.033488553,-0.006687154,0.025175007,0.032142118,-0.0043680524,-0.060547188,-0.10672704,-0.10768769,-0.07151938,-0.02249896,-0.0007505953,-0.02031221,-0.065606356,-0.0919557,-0.07610078,-0.023985652
-0.07866829,-0.050020963,0.024038896,0.09576788,0.11002755,0.06534788,-0.0040645087,-0.042690057,-0.020373452,0.047024228,0.10815687,0.11657694,0.062021986,-0.014661581,-0.061143745,-0.045590676,0.016077502,0.075048365,0.08029319,0.025713142,-0.054276668,-0.09978272,-0.08174712,-0.014709893
-0.14102742,-0.17969163,-0.15739198,-0.08697866,-0.016773326,0.009049173,-0.017041147,-0.06572817,-0.08587034,-0.046535797,0.033902243,0.112039715,0.13943045,0.105436385,0.048679847,0.015191398,0.03512437,0.09412093,0.14626312,0.14621782,0.08544611,-0.00010068589,-0.060076147,-0.06470814
0.011245313,0.05857361,0.06372589,0.016065395,-0.05740212,-0.11171711,-0.11326871,-0.067434885,-0.018860163,-0.011629692,-0.054221317,-0.1229446,-0.16191629,-0.14590836,-0.082988955,-0.020036805,0.003388367,-0.02494476,-0.07817553,-0.10688163,-0.07934824,-0.009005832,0.05956882,0.08524606
-0.12883058,-0.11582213,-0.067166835,-0.014433674,0.0026067742,-0.016662734,-0.04871038,-0.06129805,-0.033243567,0.025544683,0.082138754,0.102038495,0.081595436,0.04158404,0.021019103,0.03416607,0.07843617,0.11852732,0.119205385,0.076488286,0.015755659,-0.028024506,-0.032977086,-0.0034608361
-0.034500703,0.009672465,0.10832194,0.2048294,0.2397721,0.2061602,0.13753885,0.09710547,0.1218054,0.19256619,0.25784898,0.2637594,0.19481286,0.09487451,0.02466713,0.02213361,0.07085176,0.120747425,0.1159064,0.044284962,-0.057847533,-0.121767834,-0.11206318,-0.041243937
0.08427361,0.037081003,-0.03481238,-0.07675512,-0.044626374,0.038319573,0.12344764,0.15165451,0.10840329,0.033332534,-0.009586735,0.015799733,0.09270266,0.16341224,0.17582631,0.1191627,0.03015064,-0.029611347,-0.016477613,0.048849158,0.11222826,0.11688309,0.053638577,-0.037698403
-0.13013153,-0.06398037,0.003462505,0.028566537,-0.0036402969,-0.06210438,-0.09605993,-0.06806608,0.009774056,0.08684358,0.11496994,0.07997676,0.021875713,-0.01781196,0.008675286,0.07299662,0.1334655,0.14724147,0.09603354,0.01675432,-0.042336687,-0.040306516,0.01032592,0.061157744
-0.026395153,-0.06656669,-0.12561555,-0.16506006,-0.15408957,-0.10589734,-0.048667133,-0.022907175,-0.041521385,-0.078300685,-0.09580367,-0.06968763,-0.00600716,0.055303525,0.08514429,0.06676265,0.024963079,-0.004114053,0.008837895,0.05399231,0.09871315,0.10567003,0.0656633,0.00018657278
-0.057332907,0.013781965,0.036570236,-0.0006887045,-0.059107065,-0.09174216,-0.060232997,0.025508732,0.11024506,0.14066419,0.10759594,0.040737186,0.008190888,0.02862453,0.108359024,0.17493251,0.18490866,0.12936443,0.04314583,-0.014384101,-0.012662983,0.040232636,0.092694476,0.09317906
0.078122325,0.044917047,-0.012226101,-0.04614593,-0.013995635,0.0641537,0.14260392,0.1720139,0.14128113,0.078768216,0.039046686,0.05738497,0.12280759,0.18268879,0.19521369,0.1444549,0.061604038,0.0016943912,0.0031427068,0.05230716,0.10353494,0.10568429,0.04910012,-0.03456156
-0.03648189,-0.08796102,-0.1185438,-0.10927042,-0.065218285,-0.018622119,-0.0014026175,-0.024488097,-0.06299962,-0.08102234,-0.058917336,-0.0044246465,0.049013533,0.06638388,0.043702543,0.0038732956,-0.01915404,-0.0041014585,0.04143381,0.08127757,0.08554458,0.04715346,-0.007966264,-0.04632874
0.056462336,0.0137511715,-0.048166875,-0.09744174,-0.1031813,-0.07669601,-0.04764586,-0.04766761,-0.086239755,-0.14295463,-0.17812632,-0.16952075,-0.121993095,-0.070967495,-0.05202892,-0.069487944,-0.10671742,-0.124074645,-0.095917284,-0.03652608,0.025484663,0.052024838,0.035927825,-0.002819717
0.0878501,0.03248669,-0.00903612,-0.0145276,0.01088752,0.039128456,0.038158458,-0.0069826907,-0.07331734,-0.12286407,-0.13088076,-0.09766954,-0.06275315,-0.04918143,-0.084637016,-0.13049977,-0.15858787,-0.14404213,-0.089039676,-0.028423566,0.005855544,-0.0029078105,-0.03506301,-0.052600447
0.15062848,0.17690705,0.14723602,0.08695261,0.048796855,0.0588329,0.1093249,0.16183233,0.16999379,0.12007503,0.044271145,-0.012765289,-0.01805866,0.022671418,0.06657824,0.07094916,0.023157964,-0.050793547,-0.09900519,-0.089795515,-0.0308807,0.03340575,0.058977827,0.032622296
0.106143884,0.053803805,0.023322972,0.034672566,0.07591635,0.11532749,0.11802942,0.06926564,0.0003441518,-0.04857233,-0.05263448,-0.014701747,0.018644262,0.022521582,-0.029327523,-0.08983497,-0.1278695,-0.11621562,-0.0628705,-0.007157002,0.014964356,-0.0090744505,-0.05309657,-0.072930805
0.10210278,0.0581088,0.02496325,0.025261382,0.054517135,0.08297737,0.079909444,0.035706736,-0.027106842,-0.07407903,-0.08564577,-0.057017654,-0.028715385,-0.022437878,-0.061533965,-0.10847637,-0.14169142,-0.13164112,-0.08336021,-0.028429845,-0.002238162,-0.012734484,-0.041664016,-0.057401538
0.013243873,-0.06070536,-0.114653945,-0.1173323,-0.07746144,-0.034719255,-0.029184455,-0.07542625,-0.14322078,-0.18457708,-0.1741737,-0.11482299,-0.054729063,-0.029452378,-0.060012914,-0.10863725,-0.13410403,-0.10836799,-0.0398532,0.027956616,0.0581908,0.03358688,-0.019514915,-0.055381577
-0.02582516,0.009720466,0.08119792,0.14695692,0.17032261,0.14844252,0.10360249,0.078947514,0.100627825,0.1515913,0.19354866,0.19422056,0.14531566,0.07871593,0.033892907,0.033895276,0.064680755,0.09254643,0.08214554,0.032057762,-0.037273612,-0.0808734,-0.07350575,-0.026539166
0.13668534,0.16610476,0.1340381,0.06775476,0.028536199,0.044749632,0.10934508,0.17633738,0.19413497,0.1432582,0.06209937,0.0024186557,0.0043763816,0.055602107,0.1115592,0.118873686,0.062444884,-0.023257501,-0.0803482,-0.07365442,-0.011570813,0.05597072,0.07813609,0.040758595
0.018369311,0.062473588,0.059817,0.0037643283,-0.073083125,-0.12546897,-0.125079,-0.08009991,-0.036020417,-0.034720954,-0.08386797,-0.15364566,-0.18830134,-0.16458178,-0.09712162,-0.034060497,-0.0140620405,-0.045847103,-0.097968355,-0.11731219,-0.07970887,-0.0041274615,0.0652624,0.08681689
-0.08627652,-0.14247541,-0.14824317,-0.11370716,-0.07842711,-0.07973828,-0.12696207,-0.19637123,-0.24056746,-0.22998157,-0.17656928,-0.114302725,-0.087098256,-0.1055386,-0.15080918,-0.1699699,-0.14175527,-0.070428684,0.004365996,0.038710568,0.019895067,-0.027358549,-0.05830415,-0.044811457
-0.1338057,-0.12207507,-0.07001825,-0.021495664,-0.026850099,-0.08691426,-0.16567473,-0.20817499,-0.18865365,-0.120909385,-0.056587927,-0.04239712,-0.0833057,-0.14471105,-0.17019314,-0.13320819,-0.051970616,0.025719967,0.0491872,0.009409717,-0.056545712,-0.08709545,-0.057207245,0.012521053
-0.15750018,-0.13144162,-0.04242749,0.048284113,0.073706515,0.027412437,-0.05225806,-0.09762385,-0.06506695,0.027891321,0.11764564,0.14312166,0.09076285,0.003561151,-0.04801116,-0.02727254,0.05227868,0.12969477,0.14086579,0.07501586,-0.028586376,-0.09728481,-0.08825105,-0.016193517
0.019258756,-0.019026652,-0.006332654,0.048501395,0.10121045,0.115312636,0.074531615,0.003475364,-0.048192568,-0.047519196,-0.0030743983,0.048318125,0.054063797,0.011657624,-0.06401204,-0.11090958,-0.1038323,-0.049773768,0.010689138,0.031083412,-0.0015273512,-0.05952704,-0.09567944,-0.077562004
-0.05410072,0.0005757897,0.004219759,-0.04998578,-0.12792002,-0.17567262,-0.15974376,-0.08954126,-0.02005324,0.0021965269,-0.032445803,-0.09917272,-0.1303737,-0.10433561,-0.020920767,0.05442355,0.08266967,0.048336465,-0.017751798,-0.058854323,-0.04070222,0.025795527,0.0919466,0.106479295
-0.011733318,-0.029844543,-0.009181078,0.04394385,0.09627325,0.12193911,0.11040465,0.07791943,0.056888297,0.067633174,0.1081987,0.14900355,0.155616,0.12420785,0.07023266,0.02941558,0.025259696,0.05177294,0.07983962,0.07631158,0.03757785,-0.019254316,-0.06099791,-0.06075771
0.052201048,0.022476483,0.046233594,0.107566506,0.15824483,0.1647062,0.117221795,0.042515904,-0.008954487,-0.009068243,0.031216048,0.07339046,0.06534776,0.012011335,-0.072282106,-0.120300315,-0.11318041,-0.060556658,-0.004586187,0.009661012,-0.02681138,-0.08243583,-0.111182526,-0.0817692
0.041893616,0.019269643,0.03377314,0.07636357,0.10938712,0.11132975,0.075350195,0.020317271,-0.019077191,-0.020436985,0.0075849835,0.036718823,0.029716713,-0.008275799,-0.06909837,-0.10291496,-0.09472942,-0.05418251,-0.012517057,-0.0011523026,-0.025050987,-0.06249295,-0.08094036,-0.057581
0.18146777,0.21008074,0.16266121,0.07639525,0.02822582,0.051741093,0.13048232,0.20647599,0.21946529,0.1501814,0.047001157,-0.024693623,-0.017932065,0.050163228,0.11802052,0.12256312,0.051742204,-0.05363445,-0.11967403,-0.10200703,-0.015084751,0.07031851,0.09485282,0.045378983
-0.11662569,-0.11294059,-0.07125697,-0.028768362,-0.027608106,-0.07246501,-0.13682826,-0.17612979,-0.16365579,-0.108507566,-0.05280098,-0.03524671,-0.063661695,-0.11151233,-0.13504004,-0.108969964,-0.04415269,0.020271277,0.042894747,0.015111318,-0.036627818,-0.066393584,-0.04898692,0.004025609
-0.015739352,0.052771438,0.11397291,0.122099206,0.06500416,-0.021858513,-0.0832147,-0.07720559,-0.021493247,0.031192718,0.03222107,-0.029535433,-0.1132224,-0.16330764,-0.14508483,-0.076577015,-0.010193932,0.007030457,-0.03709041,-0.10271648,-0.13615537,-0.10025952,-0.016098106,0.06293216
0.10821665,0.07821738,0.029030053,-0.0052270335,0.0031307347,0.041357487,0.07941861,0.08473898,0.04640398,-0.013719685,-0.053886876,-0.050435834,-0.013984438,0.026374327,0.030080073,-0.004536245,-0.05806892,-0.09173657,-0.07793708,-0.029428743,0.02445283,0.043672446,0.01966144,-0.022753479
-0.13535628,-0.066743694,0.0050496543,0.03541559,0.010949339,-0.04157576,-0.070253715,-0.036328763,0.044373613,0.12391565,0.15709612,0.124932535,0.06744026,0.024902137,0.04901521,0.10894116,0.16581234,0.17453945,0.12018363,0.035766345,-0.029453337,-0.034129098,0.0099495165,0.055433024
-0.010011334,-0.0677219,-0.11677263,-0.13546626,-0.123084985,-0.10493134,-0.10759933,-0.14139666,-0.19013923,-0.22077261,-0.21655366,-0.1774366,-0.13225721,-0.10522708,-0.1128593,-0.13286519,-0.14044358,-0.11633345,-0.06154342,-0.0037921662,0.029794427,0.025657633,0.00011172054,-0.020843193
0.18199664,0.16981965,0.13188612,0.10065303,0.10338308,0.1379445,0.17505726,0.18020165,0.14100038,0.07483522,0.020018207,0.004744263,0.020286543,0.046184298,0.03881962,-0.00013912073,-0.059941407,-0.1030636,-0.102062345,-0.06269532,-0.013709836,0.01204333,0.0014794515,-0.027883317
0.09364381,0.05197134,0.021743855,0.026641905,0.061284963,0.09855254,0.10710532,0.073462345,0.016845964,-0.027048204,-0.034041077,-0.003489759,0.02634319,0.03322102,-0.0058565615,-0.05746885,-0.09423923,-0.09041799,-0.04899464,-0.0025516627,0.017945247,0.00063524884,-0.03667899,-0.05896261
0.09578412,0.025943376,-0.020144748,-0.015972685,0.03133382,0.07877588,0.0819751,0.024826536,-0.05816227,-0.11716396,-0.11966076,-0.06808363,-0.01723627,-0.0034035118,-0.055504367,-0.12221749,-0.16624314,-0.14876768,-0.07690026,-0.001261949,0.030333087,0.003135153,-0.050323714,-0.07957067
-0.031985495,-0.11752872,-0.17662193,-0.16970061,-0.10398951,-0.030837925,-0.0039379005,-0.042866398,-0.112519905,-0.15030847,-0.12439197,-0.040660992,0.043607984,0.07787637,0.04360522,-0.022179602,-0.061301466,-0.041165706,0.03132171,0.103604,0.12508345,0.07455304,-0.010520002,-0.07392621
-0.022149473,0.039367504,0.10107058,0.12625432,0.10039322,0.05073982,0.01563298,0.028786775,0.080913104,0.13056491,0.14099091,0.09916474,0.034966778,-0.011159428,-0.0069007524,0.03317521,0.07445135,0.08061838,0.03655604,-0.028779896,-0.07412028,-0.067861475,-0.019374581,0.033874404
0.11850064,0.058934715,0.021607624,0.033529148,0.09118989,0.15211223,0.17128174,0.12724164,0.04990384,-0.010186784,-0.015737839,0.032136727,0.079921685,0.091224544,0.034488223,-0.043087345,-0.10170579,-0.102755524,-0.046072654,0.019983377,0.045626838,0.01177965,-0.051122613,-0.090359166
-0.03657921,-0.06796819,-0.109852985,-0.134169,-0.12171702,-0.081983134,-0.038857,-0.021616928,-0.03506977,-0.05792343,-0.065394275,-0.04059354,0.010466012,0.05562473,0.07531094,0.059818942,0.029854735,0.011961074,0.023478525,0.057103302,0.0849481,0.081869364,0.04674999,-0.0036344822
0.07601037,0.0025654433,-0.04141509,-0.028606825,0.029001692,0.084419005,0.09412824,0.039472673,-0.041836914,-0.09604654,-0.0895583,-0.028495746,0.028096497,0.041112132,-0.014980679,-0.08708733,-0.1326722,-0.11467733,-0.0424205,0.028910074,0.052779075,0.015363819,-0.049681373,-0.086177945
0.078729436,0.034446787,-0.033363678,-0.07077225,-0.03398939,0.054010384,0.13890739,0.1662943,0.12808584,0.058949824,0.019585658,0.045589406,0.12164385,0.18912312,0.20118551,0.14317757,0.05555809,-0.0041670185,0.003579847,0.060865097,0.119164854,0.119130105,0.053188685,-0.03939025
0.05695725,0.07810724,0.04572261,-0.011056741,-0.04002124,-0.015453993,0.053220972,0.1235258,0.14807613,0.11484737,0.058381252,0.019434746,0.034663826,0.08676233,0.14412932,0.15294075,0.10767806,0.036385424,-0.012813594,-0.011889236,0.03257195,0.0793964,0.08683113,0.042462956
-0.1436373,-0.18551773,-0.17566478,-0.12019991,-0.062465496,-0.039236978,-0.058088798,-0.099635884,-0.12041261,-0.08820257,-0.01822455,0.055470005,0.08853164,0.06976976,0.025875775,-0.0012320465,0.016757032,0.070993006,0.1221913,0.13213688,0.08612412,0.012866738,-0.04259055,-0.051560488
-0.033382975,0.027263843,0.050278395,0.027131626,-0.016496716,-0.03986168,-0.014015928,0.055329937,0.12417912,0.15156288,0.1293092,0.07497874,0.04180375,0.050277736,0.107217446,0.1555479,0.16591474,0.122042745,0.049038623,-0.0062283995,-0.011903666,0.025689257,0.06640273,0.07037011
0.020465557,0.07910589,0.08501373,0.028280893,-0.0554953,-0.116666354,-0.11832145,-0.06346369,-0.0061528133,0.0028116356,-0.04741907,-0.12841631,-0.176271,-0.16019039,-0.08648949,-0.013666353,0.012369287,-0.02375544,-0.08867011,-0.12454075,-0.09416076,-0.011342554,0.070235044,0.09903715
-0.029219521,-0.028544774,0.015871758,0.06559455,0.06389191,0.008093358,-0.079411246,-0.14791162,-0.16040342,-0.11912191,-0.0704602,-0.059329715,-0.10693724,-0.1745337,-0.22636637,-0.21293649,-0.14441213,-0.06531656,-0.027923128,-0.046706613,-0.09581242,-0.12269288,-0.09365483,-0.015367852
-0.061929043,-0.011694048,0.006835142,-0.012006894,-0.044958875,-0.059524678,-0.034857944,0.027320506,0.09077837,0.12080164,0.108793475,0.06876711,0.048370622,0.058566008,0.112096034,0.15526153,0.16620493,0.13111472,0.06916589,0.019933358,0.010271404,0.035769645,0.06481015,0.061452318
0.042947277,-0.011833966,-0.0104876375,0.042220727,0.09439585,0.10677828,0.058373753,-0.031089587,-0.10306441,-0.11561118,-0.07416637,-0.015421666,-0.0033975297,-0.04398209,-0.13081634,-0.18517926,-0.17915978,-0.11204785,-0.031062702,0.008309967,-0.015181235,-0.07228953,-0.110061415,-0.08700043
-0.017759733,0.05335865,0.12171394,0.13789941,0.08560942,0.0019500264,-0.059237823,-0.053914182,0.003556288,0.059618875,0.06509314,0.0049338043,-0.08120437,-0.13577838,-0.12372047,-0.05971441,0.005343635,0.02351356,-0.021424405,-0.09062309,-0.13120785,-0.10417884,-0.024178645,0.057345085
-0.0053401873,0.09093745,0.18814245,0.2304626,0.19896822,0.12828851,0.076922104,0.09612106,0.17148568,0.24211277,0.2557522,0.19212833,0.091596335,0.014657448,0.012880498,0.066082604,0.120005846,0.123584695,0.056259543,-0.044155236,-0.1170829,-0.10979435,-0.038255766,0.04126045
-0.12341627,-0.08098706,-0.04031153,-0.035937358,-0.08245264,-0.1503878,-0.19340448,-0.17926541,-0.122464135,-0.061932873,-0.03908346,-0.06916752,-0.11593428,-0.14237247,-0.11065075,-0.042187415,0.027112281,0.056171287,0.029202616,-0.02464765,-0.05936681,-0.04159915,0.015469909,0.06901742
-0.05535199,-0.122835524,-0.16498907,-0.15375337,-0.09359994,-0.028218552,0.0032003876,-0.017726466,-0.06466763,-0.09042169,-0.063485496,0.008607112,0.08357183,0.11349575,0.0887374,0.0348449,-0.00228927,0.0096390955,0.065306775,0.117492475,0.1265683,0.077034555,-0.0009908694,-0.059998315
-0.018838191,-0.017422706,-0.05700291,-0.10963237,-0.13685817,-0.11957125,-0.065294825,-0.010086364,0.009676545,-0.009279766,-0.042921674,-0.060248844,-0.033310376,0.021261849,0.079364926,0.09624564,0.07430918,0.03001695,0.0006442948,0.008764399,0.049810786,0.08729311,0.08871991,0.04661842
0.06306877,0.08383593,0.037950132,-0.03852857,-0.07639043,-0.04698477,0.038462043,0.12412574,0.15260987,0.10853233,0.03402843,-0.013863592,0.011698332,0.0857757,0.16387314,0.17780712,0.12067304,0.028698279,-0.032469545,-0.023198558,0.04393777,0.108423136,0.116245784,0.05423471
-0.17340392,-0.10300179,-0.02856981,-0.0002853985,-0.038574275,-0.10582035,-0.14450647,-0.11262054,-0.023389243,0.06950077,0.10926226,0.074724935,0.011398487,-0.03179732,0.00029176258,0.07628294,0.15317763,0.17486994,0.119818725,0.029836988,-0.038707025,-0.03983128,0.015646607,0.07370048
-0.049581815,-0.09444257,-0.10454035,-0.07932034,-0.051147413,-0.04569367,-0.074694455,-0.12510407,-0.16366555,-0.1605185,-0.121341966,-0.07239791,-0.05036694,-0.06358942,-0.10153807,-0.12250451,-0.10451143,-0.051641587,0.006062438,0.033178423,0.019180994,-0.017836245,-0.044729564,-0.037556585
0.047344364,0.0012493143,-0.022808447,0.004326435,0.072126634,0.13934709,0.16871506,0.14376125,0.09141168,0.05643739,0.06777589,0.12328616,0.1729441,0.18013552,0.13077216,0.059963122,0.0059531364,0.0044940687,0.046310842,0.086847015,0.08529301,0.035922427,-0.035343915,-0.08262217
0.081513405,0.0030997954,-0.045854088,-0.032286417,0.028689023,0.08636175,0.09311357,0.03222135,-0.05725027,-0.11469775,-0.107670896,-0.041709367,0.01794048,0.03128477,-0.029385468,-0.106154494,-0.15262017,-0.13051254,-0.0516372,0.026553852,0.05238171,0.012891895,-0.0550369,-0.09300875
0.040428113,0.0162349,-0.020825237,-0.03436095,-0.00043209898,0.06359704,0.12634371,0.15242021,0.13242622,0.0928982,0.07423712,0.0958991,0.1447116,0.1848789,0.18785435,0.14407203,0.08259159,0.039052587,0.03897397,0.068232976,0.095268,0.084916264,0.03287943,-0.0326951
0.09975438,0.11079689,0.06408536,-0.008994792,-0.055560075,-0.04904658,0.0010064536,0.052631095,0.06005688,0.012249308,-0.05887036,-0.10672459,-0.096822076,-0.040441222,0.018667487,0.033992294,-0.0026047614,-0.06538134,-0.10334574,-0.08431502,-0.014675502,0.055577815,0.080549136,0.048541382
-0.03242612,-0.07874327,-0.05706664,0.022236016,0.101858616,0.13139045,0.09298995,0.018429628,-0.031924065,-0.017595774,0.05253677,0.12824778,0.14529173,0.095039226,0.0052307094,-0.054895163,-0.048314642,0.01573664,0.08473729,0.09769846,0.04294419,-0.044770878,-0.106212795,-0.0978206
0.17037842,0.14515853,0.09503443,0.059610765,0.07713566,0.13336958,0.18428682,0.19132179,0.14675422,0.07310817,0.019093163,0.01655754,0.05291671,0.092739716,0.089248314,0.03856247,-0.035927232,-0.088110365,-0.083476834,-0.03333657,0.025337929,0.044270307,0.013956904,-0.038505614
-0.005551425,-0.05970693,-0.09540341,-0.09618205,-0.07139311,-0.050878644,-0.05622497,-0.094157256,-0.14282279,-0.1677915,-0.15481241,-0.11098064,-0.07102016,-0.05768495,-0.080473416,-0.10862548,-0.11741473,-0.090080775,-0.034970585,0.013702839,0.031508815,0.014244035,-0.01810126,-0.03572362
0.031736113,-0.018485447,-0.009225044,0.048485886,0.098103695,0.102603436,0.04516964,-0.04651169,-0.11258233,-0.116450965,-0.06884846,-0.012746355,-0.008859436,-0.05696894,-0.14449853,-0.19345076,-0.17710967,-0.10369341,-0.02491476,0.005288931,-0.024573281,-0.082804166,-0.115163706,-0.08293935
-0.15300232,-0.09524548,-0.033351947,-0.0154443905,-0.054786578,-0.121170804,-0.16281827,-0.13942745,-0.062160388,0.017985247,0.051254068,0.018113274,-0.038447134,-0.07364351,-0.03976444,0.03282542,0.10636677,0.12701344,0.08047865,0.0047889394,-0.045178134,-0.037244264,0.017097592,0.070665084
-0.12465135,-0.069522046,-0.014380278,-0.004801468,-0.054639257,-0.12873095,-0.17566125,-0.15796311,-0.08933621,-0.019010114,0.004882829,-0.034634154,-0.09438013,-0.1277893,-0.09460808,-0.020393202,0.054148056,0.078272924,0.03780594,-0.028751308,-0.06900829,-0.05099283,0.012620099,0.073877275
0.062129147,0.014650402,-0.055957302,-0.11182796,-0.12057362,-0.088405184,-0.048886955,-0.04514589,-0.08758324,-0.1501523,-0.19178493,-0.18272795,-0.12960352,-0.06700443,-0.044105105,-0.06425154,-0.10658278,-0.13116033,-0.105843715,-0.03788311,0.03529521,0.06565242,0.045244735,-0.0015925642
-0.100744,-0.13943425,-0.115995884,-0.04160418,0.028089354,0.051423848,0.0219203,-0.03371128,-0.063597195,-0.032801323,0.04160608,0.11645163,0.13700788,0.09789128,0.02922483,-0.0119888075,0.003541625,0.0639554,0.12012003,0.124688804,0.06568414,-0.018754853,-0.076660424,-0.07381785
-0.1000867,-0.049548443,0.0028529672,0.02578762,0.007872175,-0.028748289,-0.047061916,-0.021017734,0.039116073,0.09910159,0.123924874,0.10055009,0.05824516,0.02754034,0.04538836,0.088933036,0.13174441,0.1371919,0.09432268,0.030246038,-0.018068856,-0.021977618,0.00910149,0.040959142
0.16611749,0.19703956,0.16923286,0.10707183,0.06621832,0.07377408,0.12560605,0.18248512,0.19456823,0.1415063,0.05835326,-0.006638436,-0.015343151,0.02700531,0.0747204,0.08038719,0.028745994,-0.05259649,-0.10817885,-0.10272438,-0.03844066,0.033374384,0.062047295,0.03490078
0.02371413,-0.0073950253,-0.02434185,-0.0071507674,0.043234963,0.095826395,0.1230553,0.1117052,0.07970412,0.05613947,0.062987946,0.10208698,0.1411134,0.15152211,0.12270144,0.07309221,0.030452155,0.021191506,0.044447213,0.07207286,0.0736128,0.03882467,-0.015515051,-0.057036858
-0.03560744,-0.11114546,-0.16123362,-0.1503081,-0.08539837,-0.014879249,0.018188147,-0.008469384,-0.06691884,-0.10082693,-0.07558659,0.0022710594,0.081419006,0.11245247,0.08079841,0.018463336,-0.023472996,-0.010185549,0.052927375,0.11331639,0.12674908,0.07684625,-0.006241286,-0.06901003
-0.03266379,-0.088951245,-0.12476218,-0.117306896,-0.0731969,-0.02738721,-0.007722701,-0.030895563,-0.073500335,-0.09637234,-0.07838629,-0.022243952,0.035163872,0.058420103,0.036826663,-0.004094214,-0.030466238,-0.017873343,0.029036555,0.07481176,0.086616226,0.05314222,-0.0044246824,-0.04781194
0.13471365,0.11089905,0.067769594,0.036868773,0.054310795,0.10424597,0.14952458,0.15519424,0.11661861,0.052953195,0.007210727,0.008869685,0.045277305,0.08207751,0.079932846,0.03680176,-0.030964417,-0.07618919,-0.06853343,-0.020378534,0.029187487,0.042691555,0.014071756,-0.03366877
0.010834344,-0.037999164,-0.116900206,-0.17346714,-0.1605889,-0.09369461,-0.015540703,0.017717998,-0.010988019,-0.07073962,-0.10791189,-0.08329716,-0.0019876147,0.07996309,0.117733344,0.08811068,0.021881443,-0.026382715,-0.014178851,0.04881619,0.1161847,0.13221575,0.082420416,-0.0050259973
0.07706987,0.08106285,0.022073058,-0.07024019,-0.1328762,-0.13706738,-0.089013785,-0.034303688,-0.026735777,-0.08061625,-0.15870923,-0.21026002,-0.19234301,-0.120152935,-0.043396827,-0.014315452,-0.04719557,-0.10851523,-0.13942102,-0.10617286,-0.019265082,0.06540796,0.09929197,0.06735465
0.067079544,0.050724197,0.009812148,-0.013737981,0.01429547,0.085303694,0.1647376,0.20418651,0.18922843,0.14114556,0.104575895,0.11459569,0.1652335,0.2165853,0.22938085,0.1854706,0.10944535,0.046681743,0.03160142,0.06170681,0.09867253,0.09859621,0.048203465,-0.027079502
0.025999336,-0.03380119,-0.07628523,-0.07969272,-0.04631375,-0.007428455,0.0013564692,-0.035863947,-0.093587965,-0.13256663,-0.1283155,-0.08228257,-0.03238457,-0.010428915,-0.037649114,-0.081446506,-0.109308906,-0.094361916,-0.039066106,0.020764483,0.048061173,0.026432531,-0.01892672,-0.04972878
-0.050672293,0.0048170406,0.021818915,-0.006828915,-0.048631113,-0.069198236,-0.04068492,0.030481132,0.09870712,0.12374799,0.10083458,0.050853506,0.027204815,0.044036794,0.107723564,0.1575271,0.1639613,0.11757705,0.047994774,0.00022467144,0.00059860124,0.03944663,0.07626746,0.071895935
-0.058490504,-0.023154305,0.05991134,0.14163621,0.16918856,0.1308999,0.05984934,0.020566164,0.04362328,0.1110965,0.17353162,0.18192801,0.1229363,0.03654582,-0.018463617,-0.011951092,0.041083835,0.09372571,0.09479117,0.033129852,-0.054353703,-0.1063533,-0.09324733,-0.028779604
-0.15167533,-0.16430204,-0.13683076,-0.1015395,-0.10003174,-0.14130288,-0.2028269,-0.24523245,-0.23829047,-0.18495405,-0.12466444,-0.09476453,-0.10684821,-0.14137484,-0.15796174,-0.13027719,-0.06283893,0.008218117,0.04220358,0.02714083,-0.015365108,-0.04543954,-0.03590561,0.0078116283
-0.1595886,-0.14028952,-0.07245875,0.00069901807,0.026590277,-0.0006913869,-0.05145851,-0.0763582,-0.0437143,0.034641426,0.110145696,0.1373061,0.106458016,0.046256505,0.01252567,0.0283425,0.087183304,0.14361766,0.14814325,0.093846135,0.009359809,-0.05105316,-0.054749876,-0.0111498535
-0.1024723,-0.051031698,0.00016312697,0.01852825,-0.0030013693,-0.041665986,-0.055268265,-0.023048898,0.04046398,0.097306155,0.117051244,0.09062299,0.050680686,0.02532397,0.049150504,0.09622955,0.13456683,0.13494578,0.090319544,0.027775388,-0.016762437,-0.015364847,0.01734826,0.0468499
0.056707263,0.03506343,-0.0060103377,-0.024513422,0.008276454,0.07629443,0.14166147,0.16839994,0.14842501,0.10632032,0.08067083,0.0981758,0.14706881,0.18962733,0.19620205,0.15202898,0.08745369,0.03850191,0.0323517,0.060935225,0.092668526,0.0877489,0.03781046,-0.031774264
-0.13255383,-0.081939355,-0.030953852,-0.019222539,-0.06543963,-0.14154992,-0.19345026,-0.18088008,-0.11810025,-0.0474853,-0.01949072,-0.051414713,-0.1080541,-0.14412907,-0.1147477,-0.040904354,0.0358965,0.068270944,0.03704752,-0.025734337,-0.070077196,-0.053736597,0.009282835,0.070603974
-0.08128911,-0.05317121,-0.050620146,-0.081635974,-0.12715533,-0.1589085,-0.15081084,-0.10691176,-0.059032336,-0.03597045,-0.045307294,-0.07637574,-0.089365855,-0.07167001,-0.015987178,0.036610387,0.06156734,0.048182473,0.013025068,-0.013592324,-0.008276424,0.027277866,0.064244285,0.071710624
0.06525708,-0.0030350985,-0.043361325,-0.01417179,0.07855001,0.17716004,0.22470647,0.19303675,0.12014788,0.068199836,0.08018905,0.15671454,0.23200531,0.25055158,0.18957071,0.09190163,0.014672343,0.0055165044,0.060060278,0.12007185,0.1279593,0.06433575,-0.037243675,-0.11179319
-0.05853716,-0.007825488,-0.006014094,-0.060456645,-0.13688642,-0.1855424,-0.17089419,-0.101355284,-0.031633414,-0.00977346,-0.041711587,-0.10587308,-0.13574068,-0.10977167,-0.025559185,0.050032955,0.07971006,0.04746562,-0.01585623,-0.05851609,-0.039230075,0.028736586,0.09378917,0.10801949
-0.042473413,0.02234829,0.04125647,0.007988106,-0.04188612,-0.063130766,-0.02793271,0.05403657,0.13186362,0.15891372,0.13018301,0.069564715,0.03937563,0.05796788,0.12938084,0.1838959,0.19119015,0.13667841,0.05342363,-0.0041668443,-0.0025758918,0.04295387,0.08584065,0.08245251
0.07596178,0.043090712,-0.018822957,-0.054186843,-0.020001853,0.06673291,0.15910009,0.20043248,0.17290974,0.10894232,0.06837046,0.08808837,0.15753748,0.22333339,0.23957406,0.18508674,0.09672903,0.029240247,0.024585828,0.069993734,0.1216405,0.12330684,0.060243256,-0.03286187
0.05741867,0.05550693,0.0115944985,-0.05553776,-0.10421281,-0.1122973,-0.08102925,-0.046457276,-0.045981422,-0.0868269,-0.14180897,-0.17751642,-0.16511998,-0.11434811,-0.062479377,-0.04049681,-0.060191337,-0.09827602,-0.11352759,-0.085166454,-0.021715956,0.040107682,0.06673821,0.049088195
-0.11074467,-0.13972026,-0.13150018,-0.08965706,-0.048575647,-0.034361146,-0.04970669,-0.07808222,-0.08992776,-0.062991224,-0.009050673,0.04420157,0.06573043,0.049410075,0.018463945,0.0011590574,0.018796837,0.061008558,0.096980646,0.09809979,0.061265606,0.008722134,-0.029790752,-0.034177624
0.0052661244,-0.048472855,-0.032712497,0.03617998,0.09832101,0.10530213,0.038409963,-0.063630216,-0.1325579,-0.12865406,-0.06757695,0.00064861536,0.008534113,-0.047763206,-0.14415847,-0.19647102,-0.17713779,-0.09346166,-0.0044943383,0.027322244,-0.014717574,-0.0881247,-0.12760876,-0.09462517
0.13945614,0.10865449,0.053049963,0.012202723,0.023571428,0.07438662,0.12835684,0.1399095,0.09845517,0.026154174,-0.027387267,-0.026947733,0.016264988,0.06613702,0.072111525,0.029534701,-0.041633505,-0.09187589,-0.08466188,-0.02984849,0.034240894,0.058136325,0.027980862,-0.02747961
0.056794465,0.11860259,0.12636825,0.0702215,-0.011338189,-0.06922077,-0.0689874,-0.015230075,0.03924905,0.039653033,-0.019628689,-0.106375955,-0.15701506,-0.1426398,-0.07359176,-0.0073797363,0.00798963,-0.03494751,-0.10224457,-0.13726276,-0.10381594,-0.01852155,0.063306645,0.09242329
-0.085835405,-0.12429386,-0.11228569,-0.057027582,0.0015280015,0.024677746,0.0023158991,-0.045481436,-0.073181346,-0.050881714,0.008626334,0.073334195,0.09672501,0.07166165,0.019738132,-0.014717099,-0.0035693427,0.043193553,0.09042194,0.10057685,0.06139574,-0.0046966556,-0.05564249,-0.06050312
-0.011910575,-0.042928945,-0.0009980127,0.098405585,0.1963466,0.23986977,0.20931658,0.1381264,0.0944214,0.115080245,0.18686846,0.2622606,0.27184644,0.20848362,0.10402327,0.030538777,0.02229788,0.07348603,0.12829283,0.12820669,0.054411605,-0.050367367,-0.12199781,-0.11725998
-0.13513683,-0.13352802,-0.0882964,-0.038602624,-0.036125857,-0.08526329,-0.15797324,-0.20492585,-0.19424061,-0.13118938,-0.06568666,-0.041938636,-0.072664596,-0.12709309,-0.15684037,-0.1293243,-0.05450813,0.02208228,0.050938677,0.021957994,-0.038473677,-0.07553313,-0.057913486,0.0021377306
0.17712572,0.2163113,0.17839065,0.09818936,0.051168296,0.074070275,0.15484159,0.23729175,0.25908458,0.19601184,0.09334022,0.01766478,0.019067146,0.08211958,0.14975739,0.15622044,0.08391349,-0.024870573,-0.0990249,-0.09106648,-0.014224932,0.06780609,0.09406016,0.046547864
-0.090954736,-0.13448621,-0.11075232,-0.03358259,0.03965653,0.062499408,0.02201137,-0.047028277,-0.08412521,-0.053837888,0.024371589,0.10218495,0.1214118,0.075908415,-9.3179464e-05,-0.044796616,-0.02477278,0.04399275,0.107706666,0.11489525,0.05585036,-0.03175976,-0.08945336,-0.08139487
-0.09109863,-0.10900252,-0.089808494,-0.04751048,-0.010540704,-0.0047796383,-0.02827039,-0.058718376,-0.06602272,-0.038025897,0.0100984825,0.05247464,0.06264626,0.038461745,0.0067765876,-0.005559968,0.011435144,0.049507823,0.079702385,0.07686264,0.037805505,-0.010039027,-0.037550397,-0.03227825
-0.16218497,-0.089581296,-0.013731208,0.012027954,-0.02900926,-0.10044097,-0.14365777,-0.11313272,-0.022215905,0.06940778,0.104995586,0.06447724,-0.00290019,-0.04635971,-0.01132232,0.067188494,0.14496002,0.1635525,0.10453508,0.012796918,-0.049838476,-0.044217434,0.015812479,0.075767234
0.07029983,0.00037885513,-0.09695412,-0.16745634,-0.16798565,-0.11410923,-0.05406803,-0.047882613,-0.10755016,-0.1927161,-0.24204075,-0.21877281,-0.13722338,-0.05277592,-0.026413227,-0.06095523,-0.12451126,-0.15590791,-0.114748724,-0.021730121,0.06966855,0.099979825,0.060988743,-0.010165348
-0.11386272,-0.0640078,-0.010618236,0.014247118,-0.0067167575,-0.054057453,-0.08332082,-0.06057792,0.00055095315,0.06437779,0.09463741,0.07232623,0.026479935,-0.009358658,0.008450341,0.057935644,0.10999415,0.12646812,0.090230465,0.022876712,-0.029557256,-0.031449016,0.0056404714,0.045904666
0.082076475,0.036083106,0.0061962195,0.012935645,0.045464814,0.07438636,0.07073572,0.02736423,-0.031665135,-0.071621396,-0.07379081,-0.040828176,-0.012899864,-0.008874742,-0.049315065,-0.096691705,-0.12333599,-0.10899776,-0.061482035,-0.0136610735,0.007794727,-0.00841569,-0.042200815,-0.057729654
-0.047087915,-0.12847663,-0.17858544,-0.15631731,-0.07117196,0.01852709,0.05846302,0.028090483,-0.035273705,-0.066884704,-0.03166664,0.061672356,0.15233658,0.18081559,0.13895327,0.062344007,0.012126143,0.0263648,0.09416456,0.15519597,0.1580375,0.08941011,-0.012320541,-0.08799
0.039447997,-0.03854046,-0.076137185,-0.039087687,0.05722266,0.14765209,0.1769639,0.12802665,0.048337515,0.0035615729,0.030801669,0.11876673,0.19343035,0.20323458,0.13303141,0.03676123,-0.02640298,-0.015311722,0.05606456,0.120178394,0.121438585,0.048999302,-0.052767318,-0.11614223
0.0650782,0.0346682,-0.018328719,-0.052021712,-0.028684147,0.03697197,0.10219261,0.12386571,0.09555662,0.04309039,0.008874429,0.025292622,0.080840535,0.1333465,0.14594065,0.10553396,0.039173286,-0.00906582,-0.0064293547,0.03879204,0.08485922,0.08915271,0.04445138,-0.024865504
0.038683962,-0.005612891,-0.078392245,-0.12952778,-0.11581255,-0.051304188,0.02114931,0.04953362,0.016866812,-0.04360391,-0.080209784,-0.059392437,0.011651794,0.08267856,0.11020698,0.076187104,0.011813649,-0.03461121,-0.022458375,0.036758546,0.09893451,0.11279868,0.06678885,-0.012038971
0.020797348,-0.027902713,-0.012036169,0.05930752,0.13285714,0.15595676,0.10546152,0.015519586,-0.050430067,-0.048722733,0.009249257,0.078362405,0.08814084,0.03493729,-0.061493464,-0.12425029,-0.119183764,-0.05401631,0.021725385,0.048645277,0.006797064,-0.069882385,-0.120428026,-0.103156015
0.13610007,0.09597375,0.07488252,0.09209268,0.13361104,0.16796537,0.16399458,0.114103384,0.0474351,-0.0006244428,-0.009272459,0.020328043,0.039813813,0.032771163,-0.02533043,-0.08692224,-0.12704626,-0.11804559,-0.07116484,-0.023253383,-0.0073807216,-0.029177776,-0.06515369,-0.07597275
-0.029879177,-0.033118058,-0.087447174,-0.16109915,-0.20289716,-0.18883991,-0.12804934,-0.064338274,-0.04166662,-0.067940615,-0.11242406,-0.13575572,-0.09981116,-0.02750417,0.050707657,0.07864017,0.056131553,0.006432172,-0.02382135,-0.0069299717,0.05218165,0.106009565,0.11410474,0.06584688
0.012917247,0.033505697,0.014431881,-0.025101662,-0.047669534,-0.02885494,0.029489348,0.09141919,0.12030091,0.10488102,0.06724036,0.038696464,0.05098369,0.09154691,0.13985816,0.15196958,0.12119496,0.06549117,0.020968596,0.013673809,0.039515685,0.07089268,0.07460658,0.038484395
0.21080461,0.17256711,0.0997017,0.041674566,0.048899308,0.10887586,0.17166895,0.18030696,0.12008448,0.020494867,-0.054960024,-0.061659966,-0.013112874,0.04782153,0.05216617,-0.0025926053,-0.09275416,-0.15602343,-0.14380108,-0.06772385,0.020151822,0.056685317,0.026932217,-0.035400916
-0.2070883,-0.19371396,-0.12044242,-0.04146905,-0.01644141,-0.057702985,-0.12991348,-0.16969274,-0.13676062,-0.044459064,0.04833972,0.0849112,0.05260152,-0.016746936,-0.05287533,-0.026405076,0.052765366,0.1315924,0.15046221,0.09610861,0.0017138171,-0.06531682,-0.06371003,-0.006755027
0.031063257,-0.010714054,-0.0016265931,0.050787054,0.10326637,0.11653269,0.07365914,-0.0018243167,-0.0589119,-0.06462179,-0.02514992,0.026374577,0.034436896,-0.0052431542,-0.08207125,-0.13086346,-0.12824246,-0.0739424,-0.008700872,0.019225044,-0.0075001153,-0.06233135,-0.0980925,-0.08002328
0.043448534,0.10302477,0.110042326,0.049240533,-0.04212382,-0.11111781,-0.11914527,-0.069500625,-0.015453634,-0.011680863,-0.06895284,-0.15783407,-0.21173191,-0.1965801,-0.12366192,-0.048447896,-0.021266166,-0.057532642,-0.12173096,-0.15349714,-0.11583349,-0.025451774,0.06421639,0.100959465
-0.046890564,-0.013857387,-0.019247286,-0.06401954,-0.11798223,-0.14495851,-0.12458418,-0.07025438,-0.02183054,-0.0104876235,-0.038407985,-0.08269499,-0.09438057,-0.064844355,0.0011915651,0.053437557,0.06728221,0.036554568,-0.010829507,-0.033488583,-0.012025419,0.037273005,0.07777735,0.07646743
-0.030456861,-0.013925657,0.051304985,0.12335295,0.14401096,0.10417376,0.025430003,-0.0348171,-0.036333337,0.016502952,0.07453461,0.089777336,0.03707653,-0.045600608,-0.11005439,-0.108915485,-0.05251547,0.016055226,0.040130842,0.0025565203,-0.072593816,-0.121256955,-0.10534368,-0.033508196
0.013961728,-0.030003741,-0.0059815864,0.07224702,0.14058974,0.15660344,0.10146422,0.008354213,-0.05426009,-0.04431775,0.017227218,0.083654575,0.08594294,0.026077738,-0.07478441,-0.13315374,-0.118491866,-0.04570281,0.027653268,0.048143286,-0.002512781,-0.08252288,-0.12814853,-0.10062938
0.058900926,0.12307231,0.14036576,0.10736152,0.052941114,0.02271469,0.04154613,0.100919135,0.15398628,0.16012663,0.114716664,0.042992856,-0.0029533675,0.0013934275,0.050194155,0.09267638,0.094858855,0.04559974,-0.02657327,-0.07220954,-0.06208427,-0.006240903,0.04972038,0.064663015
0.059289046,-0.010119961,-0.055924904,-0.050617702,-0.0034135673,0.041414827,0.04456362,-0.0064760596,-0.08160026,-0.1297131,-0.12246155,-0.06690435,-0.015396015,-0.0015639788,-0.04691824,-0.10658894,-0.14019133,-0.11963024,-0.051234707,0.015767157,0.042351216,0.014188407,-0.039912116,-0.07189178
-0.010906815,-0.07432712,-0.12219196,-0.13179524,-0.10962001,-0.082997255,-0.08005064,-0.11544149,-0.16926433,-0.20248044,-0.19333792,-0.14585014,-0.094506584,-0.06824504,-0.08572396,-0.11638674,-0.13052416,-0.10430847,-0.043288823,0.01700951,0.045323968,0.029578134,-0.008194422,-0.033294562
0.105421424,0.027067149,-0.027359325,-0.021718752,0.03374901,0.09219564,0.10010685,0.038016718,-0.05537805,-0.11987666,-0.12104638,-0.06024756,-0.0018108537,0.0141885,-0.04487923,-0.12220574,-0.17170428,-0.15238318,-0.07369787,0.009295013,0.04217015,0.009077981,-0.053954124,-0.09039766
0.038239628,0.082504556,0.08308359,0.027713504,-0.049863923,-0.105814256,-0.11332221,-0.07632336,-0.03680325,-0.038045067,-0.0869342,-0.15893497,-0.19929309,-0.18373933,-0.12306045,-0.061336912,-0.03945704,-0.0667297,-0.11349579,-0.13206863,-0.09668247,-0.02146989,0.05302303,0.08359327
-0.13268049,-0.07812832,-0.023723602,-0.017553095,-0.07681518,-0.16376644,-0.22133996,-0.20865238,-0.14120874,-0.06805673,-0.043383785,-0.085746266,-0.15002501,-0.18498965,-0.14929044,-0.06604624,0.020012192,0.052544136,0.015980508,-0.04852078,-0.08648385,-0.06217739,0.011175664,0.08132901
0.029095232,-0.01758679,-0.008651349,0.043619,0.08386339,0.0791753,0.018108277,-0.07110797,-0.13346091,-0.1354067,-0.08997852,-0.039680958,-0.04094543,-0.08944084,-0.17114076,-0.21129458,-0.18834452,-0.11329549,-0.03653626,-0.008893404,-0.037464272,-0.08771933,-0.110297844,-0.07205425
0.10354093,0.061143883,-0.009495375,-0.050570615,-0.016407942,0.07205119,0.16162942,0.19206633,0.14932801,0.07381027,0.028467856,0.051019263,0.12424151,0.19137974,0.20115608,0.1406707,0.048612468,-0.016228033,-0.0093900245,0.050887816,0.11127765,0.11528368,0.052069936,-0.040586267
0.05955913,0.13366789,0.1552502,0.11460635,0.045529403,0.0013334263,0.015806764,0.0816904,0.14532036,0.1540022,0.100028425,0.013338051,-0.041801903,-0.035025768,0.026061784,0.08234513,0.090206146,0.035743333,-0.047426905,-0.098768055,-0.08197326,-0.011578363,0.058877345,0.080796294
0.13331065,0.15936288,0.13997495,0.09572733,0.07028924,0.08578982,0.13518167,0.18359946,0.19341055,0.15137322,0.08641617,0.037730772,0.03415102,0.06759992,0.10126978,0.0989861,0.05090467,-0.018355792,-0.06514394,-0.061808717,-0.016028088,0.032697264,0.047481146,0.019954724
0.028822841,-0.004715534,0.008773065,0.060804263,0.10845295,0.11916794,0.07817352,0.008518995,-0.04172336,-0.04103299,-0.0016227313,0.04453368,0.045291062,0.0031578317,-0.070447534,-0.11421741,-0.106879935,-0.056124102,-0.000523091,0.019736737,-0.010894564,-0.06383466,-0.09420428,-0.073329754
-0.0012834332,0.009927419,0.05569464,0.09935181,0.093385,0.039208926,-0.040243454,-0.098240666,-0.105986245,-0.07075303,-0.035057086,-0.035871625,-0.08757734,-0.152579,-0.19894844,-0.18497665,-0.12675221,-0.062330388,-0.036509033,-0.057912264,-0.10286632,-0.12154135,-0.087343425,-0.012152598
0.021304594,0.09043808,0.15580232,0.1837567,0.16088785,0.11711147,0.089488156,0.107666835,0.15900928,0.20174894,0.2036307,0.1541632,0.08359163,0.033221774,0.03136597,0.06287835,0.09334893,0.088361345,0.035595078,-0.035091504,-0.08122181,-0.07347763,-0.025637845,0.026111133
-0.1273226,-0.110214904,-0.09313697,-0.09834431,-0.13446377,-0.1839596,-0.21368732,-0.2046197,-0.16641681,-0.12352723,-0.10451827,-0.11729114,-0.13658413,-0.14091183,-0.10770242,-0.05309385,0.00028635515,0.025548002,0.014444248,-0.011869498,-0.025372194,-0.009609767,0.02651691,0.056536756
0.050294872,0.10721369,0.11186169,0.056750238,-0.02499977,-0.08326541,-0.0831399,-0.031371184,0.017631816,0.018547565,-0.036090776,-0.11783816,-0.16744022,-0.15261418,-0.08711369,-0.022650145,-0.0029214318,-0.041404415,-0.10371963,-0.1342824,-0.100826055,-0.018690597,0.06058574,0.09005322
0.036260355,-0.017131899,-0.0416574,-0.011030632,0.06818479,0.14708473,0.183706,0.1595844,0.10556398,0.069875814,0.08715525,0.15122674,0.20951363,0.22095549,0.16966164,0.09045311,0.030330209,0.02307802,0.0656117,0.10910342,0.11004518,0.05209554,-0.033509567,-0.09224142
-0.07064783,-0.12546204,-0.124213725,-0.074550055,-0.028914656,-0.025355352,-0.07476758,-0.1494111,-0.19888417,-0.18558905,-0.12300612,-0.05502099,-0.033952083,-0.06679237,-0.12980527,-0.1604205,-0.13128972,-0.05266018,0.026135553,0.053089917,0.018838083,-0.041949395,-0.078761384,-0.059811845
-0.046042386,0.012544779,0.034573987,0.007469416,-0.042646572,-0.075530365,-0.055101693,0.011393505,0.08003288,0.1090597,0.08589852,0.030808246,-0.0023912338,0.0086381845,0.0700171,0.12667236,0.14298613,0.10219066,0.03164907,-0.01887209,-0.020295268,0.023433262,0.06994485,0.0769103
-0.02041954,0.04339598,0.0675755,0.04384551,0.0006062951,-0.02036217,0.008143761,0.07888417,0.1476369,0.17157666,0.14486533,0.087853536,0.05438234,0.062227543,0.117916435,0.1641999,0.16841689,0.1212638,0.04740061,-0.007144586,-0.014135114,0.023207527,0.06471399,0.06879598
0.01969493,0.033325125,0.008393976,-0.029623736,-0.039962873,-0.008536809,0.056632586,0.11873483,0.1411883,0.11921933,0.08190979,0.061180316,0.082714155,0.12799448,0.17321196,0.1740213,0.13238974,0.0704077,0.028535778,0.027100863,0.05781136,0.08459053,0.0753555,0.025994971
-0.105066255,-0.077031255,-0.05004074,-0.04778393,-0.08580506,-0.13476312,-0.16154899,-0.14827776,-0.105802976,-0.05918368,-0.039267723,-0.058734488,-0.09140636,-0.106466606,-0.08167419,-0.030566653,0.024163507,0.048329487,0.02917379,-0.009360191,-0.034698468,-0.02399704,0.015853124,0.05576985
0.07530541,0.01813436,-0.013353259,0.0041751773,0.060647324,0.11690469,0.127627,0.08042394,0.011041948,-0.032034583,-0.02411946,0.028519757,0.073240265,0.079058155,0.02440688,-0.044636518,-0.08702861,-0.076123364,-0.020199768,0.037189625,0.051197294,0.009918939,-0.05044838,-0.08320114
0.19258705,0.23276967,0.20787834,0.14753981,0.11176533,0.12876481,0.1886077,0.250534,0.2640252,0.20859747,0.11835423,0.04930645,0.037331063,0.077778846,0.12267693,0.12169523,0.05852781,-0.034318607,-0.099668704,-0.097296946,-0.0363431,0.033643052,0.06070894,0.028827362
-0.12422937,-0.1814398,-0.16467407,-0.083548605,0.0030481578,0.039456856,0.005639787,-0.06647634,-0.10966136,-0.07684714,0.014491764,0.1114709,0.14604336,0.10438629,0.02442777,-0.027921904,-0.009203029,0.065074556,0.1396509,0.15359053,0.08981618,-0.01209046,-0.08634109,-0.09028238
-0.130727,-0.083827205,-0.03392982,-0.023108914,-0.06813549,-0.13982138,-0.18940796,-0.17926891,-0.11924488,-0.05140165,-0.024656607,-0.055467203,-0.10846468,-0.14012462,-0.11140987,-0.041129578,0.032415893,0.06247048,0.032074735,-0.024878437,-0.06392342,-0.05006221,0.008445104,0.06702531
-0.09068744,-0.04173548,0.010944698,0.03620143,0.019240813,-0.021363702,-0.05105966,-0.034657154,0.019340798,0.07910945,0.10767507,0.08599907,0.039264657,0.0005852579,0.011499809,0.053475555,0.10155625,0.11647367,0.08177139,0.018957114,-0.032477114,-0.038253345,-0.0033454786,0.036794867
0.0017950746,0.0281248,0.05355459,0.054294594,0.014820624,-0.042831726,-0.08927145,-0.10141743,-0.08458802,-0.061486572,-0.060862303,-0.09214009,-0.13935007,-0.16715151,-0.16314141,-0.124695085,-0.07877444,-0.053696092,-0.062175114,-0.08567742,-0.09635568,-0.07230088,-0.019989356,0.03514871
0.012845883,-0.059545305,-0.10616592,-0.1024,-0.060608152,-0.02044721,-0.019564178,-0.06946919,-0.13769443,-0.1762445,-0.16159335,-0.10220384,-0.045724675,-0.026789136,-0.06354903,-0.11336319,-0.13619916,-0.10710602,-0.036767993,0.029148744,0.053777523,0.02363368,-0.029770516,-0.060529545
-0.14962138,-0.118016414,-0.0796224,-0.07111143,-0.10994839,-0.17381682,-0.2179932,-0.21112923,-0.15987673,-0.09722263,-0.06594273,-0.083180256,-0.12052082,-0.14348972,-0.11536602,-0.05033295,0.019649763,0.054491803,0.037066527,-0.007742762,-0.04233047,-0.0334432,0.0135659175,0.062204268
0.041891944,0.05862866,0.03595397,-0.003309962,-0.020332374,0.006797438,0.06906686,0.12759924,0.14833601,0.12377659,0.08066907,0.05267352,0.06742688,0.110512026,0.15310639,0.15456505,0.1142628,0.052589107,0.008657621,0.0077691376,0.041031197,0.071642995,0.06884691,0.02729129
-0.0502767,-0.11209069,-0.15122676,-0.14069197,-0.087522164,-0.03375601,-0.012475884,-0.0362405,-0.08115043,-0.10252307,-0.0765398,-0.010751093,0.054626793,0.078176685,0.054671817,0.008707232,-0.018695552,-0.0025125172,0.050352436,0.09713495,0.104797274,0.062715694,-0.0039052393,-0.05412052
0.11421355,0.13941139,0.10952873,0.049004935,0.008697666,0.017066425,0.07061603,0.12818624,0.14366475,0.100633875,0.028493082,-0.025647061,-0.0253782,0.021665681,0.07366126,0.08489907,0.04121759,-0.031164626,-0.081568986,-0.074226245,-0.016307505,0.047294162,0.070785314,0.040552486
-0.03773724,0.035998054,0.050337665,-0.00029633698,-0.07630229,-0.117729396,-0.0866456,0.004371186,0.09008816,0.116771735,0.0759797,-0.0028650055,-0.043659005,-0.020255757,0.06821155,0.1427811,0.16205323,0.10684756,0.015687153,-0.04505722,-0.03364977,0.035023063,0.10141252,0.10936365
0.030179568,0.051421177,0.016496114,-0.03944036,-0.059417248,-0.02193677,0.06261461,0.14549832,0.17711404,0.14776053,0.09329245,0.061110537,0.087142356,0.14844944,0.21328144,0.21982226,0.16618745,0.08348441,0.025591426,0.023900414,0.067135334,0.10935812,0.104399025,0.04172297
-0.0505145,-0.12644862,-0.17277871,-0.15694846,-0.0848362,-0.008096917,0.02690264,6.934779e-06,-0.055465005,-0.0847168,-0.054436173,0.027799705,0.11072331,0.14152347,0.10916889,0.044336133,0.0009705584,0.012805793,0.07388101,0.1318402,0.14145787,0.08415075,-0.0059212963,-0.073754765
-0.05378381,-0.017014327,0.07273847,0.16013241,0.18730645,0.14658348,0.07010182,0.02363675,0.04535965,0.11662991,0.18297046,0.19131541,0.12662427,0.03209816,-0.030754296,-0.02482822,0.033228613,0.09227955,0.09552561,0.0316117,-0.06318064,-0.120703965,-0.10517609,-0.03163116
0.11087752,0.038625848,0.00036439596,0.022794425,0.09064759,0.15190528,0.1564815,0.08946229,-0.002010839,-0.06020948,-0.054754708,0.008855312,0.061043654,0.06395317,-0.008795675,-0.093154386,-0.14625217,-0.12737124,-0.05096507,0.024520762,0.04280632,-0.0032824338,-0.071825676,-0.10467818
-0.025872136,-0.06660655,-0.12074413,-0.15344585,-0.14000829,-0.092491604,-0.040117856,-0.021909153,-0.042990115,-0.07647315,-0.09068781,-0.06253394,-0.0012245022,0.05548613,0.07837169,0.05775712,0.019025357,-0.0052669654,0.00928077,0.05458638,0.09549512,0.0969537,0.055503022,-0.005862206
-0.1171123,-0.07173204,-0.015062039,0.017657096,0.012012872,-0.017144546,-0.035453703,-0.014352136,0.04419904,0.10714694,0.14112462,0.12840825,0.09233818,0.05904982,0.0693996,0.10578324,0.14502113,0.15442282,0.11802965,0.05520285,-0.0005827627,-0.017977832,0.0017513129,0.030315692
-0.1348355,-0.10966166,-0.081208505,-0.07784915,-0.1141597,-0.16887127,-0.2054363,-0.1985572,-0.15432341,-0.10051213,-0.07436559,-0.08869527,-0.118322685,-0.13422391,-0.10607033,-0.047947157,0.01407899,0.045077354,0.030315341,-0.0068114875,-0.033694502,-0.023613539,0.017548574,0.05788049
-0.058058225,-0.10669237,-0.100253455,-0.046850134,0.003954485,0.011307743,-0.034556318,-0.10493505,-0.15148959,-0.13816595,-0.07792248,-0.012577328,0.004973694,-0.03017366,-0.09491754,-0.1293366,-0.10679967,-0.03717945,0.03396988,0.05656666,0.020563448,-0.04120558,-0.08023384,-0.064766996
-0.06409194,-0.12144544,-0.12976244,-0.08808589,-0.042472623,-0.02972016,-0.0668326,-0.13379858,-0.18439683,-0.17731176,-0.121267766,-0.05317287,-0.025510056,-0.047310818,-0.10372336,-0.13778079,-0.116776004,-0.048511088,0.025423596,0.05729272,0.032854043,-0.02375064,-0.06553562,-0.05814516
0.04656912,0.06685061,0.032970045,-0.022244247,-0.044378683,-0.011303113,0.06401039,0.13677435,0.16288316,0.1321453,0.076648735,0.042569015,0.06362641,0.11982662,0.17915368,0.18515758,0.13554671,0.058675557,0.00480877,0.0056976373,0.05014285,0.093594044,0.09351788,0.038819853
0.047511734,-0.021708755,-0.05747123,-0.026749916,0.05563738,0.13626708,0.16250181,0.1183624,0.044609744,0.0028330332,0.024231073,0.09924263,0.16298307,0.17338732,0.11071122,0.023567524,-0.030967973,-0.022938238,0.037764233,0.09655313,0.103196345,0.041294836,-0.04812754,-0.1041133
0.13076918,0.07815065,0.046275146,0.062169615,0.11566694,0.16995232,0.18008743,0.1311159,0.05541975,-0.00025087054,-0.0052097947,0.037645478,0.07473312,0.07568988,0.014114693,-0.060738962,-0.11216201,-0.10538739,-0.04970114,0.008423895,0.025805756,-0.007594954,-0.06124584,-0.087931484
-0.015608485,-0.076632276,-0.1191475,-0.11150308,-0.059167743,0.0008251508,0.028871944,0.004748546,-0.04586698,-0.07468603,-0.05610411,0.0068294173,0.06965568,0.09322696,0.06484698,0.012208582,-0.022267584,-0.011633497,0.03909183,0.08909624,0.099442445,0.058965836,-0.0072837677,-0.05748437
0.037902456,-0.030679205,-0.06776977,-0.03817261,0.05028369,0.13945287,0.17529011,0.13848446,0.06875861,0.025340842,0.04513917,0.12321756,0.19545524,0.21053977,0.15210241,0.063081145,-0.001781563,-0.0006434864,0.058403313,0.11718382,0.121524766,0.056880254,-0.03873039,-0.10474038
-0.09510025,-0.06464577,-0.061169717,-0.096336216,-0.15016595,-0.18975772,-0.18636107,-0.14250179,-0.08992957,-0.061309073,-0.070857964,-0.10634255,-0.12263052,-0.10329867,-0.040541153,0.021534955,0.05558452,0.04392058,0.004701121,-0.023666073,-0.015410282,0.025834832,0.07000733,0.08132962
0.07986481,0.13520615,0.15817808,0.1387269,0.10027706,0.07531929,0.0882304,0.13214897,0.17293142,0.17378733,0.13250397,0.069847204,0.025821585,0.023324076,0.0541276,0.08190425,0.07651558,0.029342365,-0.033385944,-0.07199116,-0.06227342,-0.016668625,0.027227832,0.041120186
0.0034940657,-0.06738766,-0.113428734,-0.10981891,-0.06793473,-0.024936425,-0.016343972,-0.058863215,-0.122552015,-0.16033745,-0.14573132,-0.085845605,-0.027000194,-0.004843798,-0.03869807,-0.088079214,-0.11451577,-0.0893056,-0.02186054,0.042123467,0.06451145,0.032850027,-0.023129055,-0.057151545
0.015435862,0.025103737,-0.023896864,-0.099515826,-0.14095874,-0.12185259,-0.052089494,0.02039093,0.04590398,0.011684343,-0.048851095,-0.086008556,-0.056359515,0.017088529,0.09619151,0.119171664,0.08098265,0.010374179,-0.035966583,-0.021275632,0.04370809,0.10420779,0.11424019,0.060377203
-0.06699592,0.0026030855,0.027508615,-0.0006387425,-0.05043571,-0.07472659,-0.04022033,0.04639545,0.13287608,0.16932675,0.1471548,0.087286696,0.05494652,0.06984266,0.14338203,0.20303622,0.21616839,0.16508296,0.07841279,0.0111361835,0.002954695,0.044855814,0.088642284,0.087446205
-0.04994764,-0.09608686,-0.070270725,0.015384618,0.09825111,0.12523061,0.07989009,-0.0016180697,-0.051951367,-0.030446121,0.04468766,0.12572101,0.14189123,0.08876245,-0.0043271556,-0.062778555,-0.052268293,0.017909516,0.089218356,0.10358362,0.04342154,-0.04950893,-0.111422464,-0.10006647
0.16059718,0.14987308,0.12727882,0.11576684,0.13273904,0.16641016,0.19328447,0.18978015,0.15341227,0.09956427,0.058985285,0.052344162,0.0639135,0.077568576,0.058386553,0.015404225,-0.040154226,-0.07640253,-0.074007854,-0.04259017,-0.007947396,0.0031346818,-0.015111013,-0.041003935
-0.10785309,-0.07959789,-0.05227922,-0.050730936,-0.08474759,-0.13464949,-0.16664591,-0.15692444,-0.11551204,-0.069097824,-0.049906664,-0.067796916,-0.098188505,-0.114185065,-0.088170245,-0.0356707,0.016659362,0.03999504,0.02311015,-0.012241751,-0.036952537,-0.025091274,0.015546064,0.052839845
-0.091598965,-0.1231912,-0.10773278,-0.055141702,-0.0056546917,0.007847571,-0.019965395,-0.06437132,-0.085114546,-0.057922605,0.0020123234,0.05940151,0.07549267,0.045959443,-0.0010036886,-0.0260609,-0.0061102025,0.04473161,0.08904931,0.09105019,0.047656912,-0.013334212,-0.05345996,-0.049424592
0.07652565,0.08188338,0.036986127,-0.03500497,-0.08527658,-0.08508502,-0.04272448,0.0010091856,0.0074419784,-0.03577176,-0.10049139,-0.14430965,-0.13370743,-0.07697998,-0.01864713,0.0012523044,-0.02664836,-0.079339474,-0.109686,-0.08574488,-0.01623234,0.05055529,0.07679743,0.052221213
-0.131305,-0.087932475,-0.049643643,-0.05344931,-0.107871756,-0.1781322,-0.21806176,-0.19919886,-0.13820179,-0.077528864,-0.057840392,-0.09198269,-0.13827743,-0.15898395,-0.11876245,-0.043821614,0.027196467,0.05319883,0.023165273,-0.029248014,-0.059079707,-0.035954587,0.025706695,0.07967548
-0.07967018,-0.13556632,-0.13693847,-0.09097855,-0.049221147,-0.04790105,-0.09816637,-0.17333801,-0.22186834,-0.20689388,-0.14494903,-0.07703844,-0.054930523,-0.084623404,-0.14333135,-0.16960096,-0.13710362,-0.05716067,0.02130723,0.05006197,0.01851119,-0.039252434,-0.07352174,-0.054387346
-0.04827523,-0.045732398,0.0063084727,0.06812247,0.08157803,0.03618554,-0.0453925,-0.10937572,-0.11674858,-0.06897672,-0.011644154,0.0072604665,-0.03590434,-0.106298834,-0.16228826,-0.15598261,-0.09341924,-0.018906178,0.014422803,-0.011459618,-0.07070456,-0.11066783,-0.09497642,-0.02636857
-0.029694073,0.04720036,0.0683467,0.026439408,-0.038147617,-0.073115006,-0.044181585,0.043427847,0.12927808,0.15741487,0.119366825,0.042899992,0.0014630271,0.017891888,0.09929617,0.1667255,0.18022431,0.123088695,0.030757366,-0.03422632,-0.029717617,0.031066785,0.09186771,0.09750214
0.08034815,0.012286906,-0.082586184,-0.14900677,-0.14739305,-0.09642141,-0.043804668,-0.043029953,-0.10454492,-0.18720725,-0.23455198,-0.21164955,-0.13625698,-0.05866289,-0.03691178,-0.072392985,-0.13162479,-0.15996835,-0.11948786,-0.030310467,0.058803998,0.089668386,0.05327243,-0.013939127
0.01960741,-0.061190285,-0.12034457,-0.12520474,-0.083657764,-0.03484166,-0.022243338,-0.06846745,-0.1431545,-0.19215946,-0.1830384,-0.119531736,-0.052420534,-0.022578916,-0.056477517,-0.1112473,-0.14339219,-0.11846231,-0.04298417,0.03374334,0.066893004,0.038774803,-0.020402627,-0.06005175
-0.045860264,-0.0017828664,0.008054266,-0.016556082,-0.05022417,-0.06261531,-0.032982625,0.028714519,0.08449456,0.10386851,0.08448689,0.046047606,0.031581935,0.04836267,0.101690196,0.14129257,0.1438997,0.10614556,0.04996851,0.0112460945,0.009651783,0.040041182,0.06743038,0.05981313
-0.02372279,-0.052170753,-0.021987956,0.057127878,0.13138005,0.16199744,0.13642724,0.07922786,0.043229632,0.061924662,0.12167974,0.18429764,0.19262348,0.14567624,0.06383855,0.007842789,0.0073620738,0.052999005,0.0987871,0.10107735,0.044804752,-0.037642557,-0.09481345,-0.0898512
0.06366652,0.12800711,0.14926739,0.12089872,0.0731393,0.04679903,0.066466674,0.1244619,0.17768501,0.18192948,0.13543294,0.06491876,0.020892827,0.025045238,0.07073144,0.108399265,0.10307869,0.05006645,-0.022480495,-0.06729468,-0.05741839,-0.005139354,0.045670472,0.057682063
0.12932211,0.16055816,0.13287969,0.072607204,0.035546094,0.051242266,0.11242453,0.17601928,0.19410692,0.14950168,0.073652185,0.016530039,0.01518483,0.061421692,0.11286378,0.119863026,0.068295404,-0.013203817,-0.07080601,-0.06697512,-0.011476305,0.050507862,0.07215628,0.03793857
0.0215554,0.060896832,0.07248934,0.045759156,-8.3882915e-05,-0.037496768,-0.044484742,-0.016711848,0.01819131,0.026899057,-0.0006393181,-0.050045874,-0.085166015,-0.08406784,-0.046729285,-0.005613085,0.01075904,-0.009543283,-0.04991397,-0.07616489,-0.06408101,-0.01871941,0.030951403,0.053380426
-0.13194907,-0.115159355,-0.06316384,-0.00666548,0.018453458,0.0049718414,-0.023667106,-0.0326534,-0.0026679386,0.057736658,0.1160084,0.13880286,0.11995741,0.07785971,0.055814072,0.06562538,0.103420205,0.13812894,0.13643764,0.092014275,0.02554284,-0.02346331,-0.03291951,-0.009154424
0.10874799,0.06965546,-0.0011209972,-0.04371085,-0.008633278,0.08262018,0.17593971,0.21128745,0.17213258,0.09431296,0.04325547,0.06196581,0.13643219,0.20815954,0.22253893,0.16118568,0.06266478,-0.009890559,-0.009390938,0.049834203,0.11493224,0.12219297,0.057576165,-0.04037695
-0.002814866,-0.06202311,-0.1007481,-0.1004977,-0.068919376,-0.04202605,-0.044776674,-0.0842642,-0.13799076,-0.16787271,-0.15515082,-0.10657599,-0.060116585,-0.04325373,-0.06848651,-0.10332519,-0.1191453,-0.09439799,-0.03540244,0.019662507,0.04124112,0.020537304,-0.019591063,-0.044144098
0.04668496,-0.005091345,-0.036897533,-0.017316384,0.05024161,0.12372138,0.15798551,0.13421822,0.07818644,0.03832614,0.047707524,0.104736485,0.16141897,0.17679182,0.13204378,0.058988106,0.0021253894,-0.003656914,0.03936591,0.08751094,0.095428765,0.04718461,-0.028254805,-0.08303026
0.15358652,0.10997778,0.042922787,0.0030468365,0.025771314,0.0895993,0.14829853,0.15198797,0.094385765,0.010269762,-0.044441823,-0.031762682,0.02507612,0.07966493,0.07632648,0.01940774,-0.06379072,-0.111516386,-0.09030638,-0.02002354,0.047865134,0.06458124,0.02149734,-0.044091385
0.030572493,-0.03937986,-0.0917761,-0.096089505,-0.05582545,-0.009838934,0.0025641797,-0.037670672,-0.10437704,-0.1499098,-0.14504656,-0.090563826,-0.031596918,-0.0054140817,-0.035455972,-0.08656711,-0.11904181,-0.10305615,-0.04051211,0.026245417,0.058468543,0.03603391,-0.017711138,-0.05743632
-0.039516192,-0.012815399,0.04804649,0.104539,0.12121386,0.09242343,0.040500816,0.011404199,0.028164232,0.07599012,0.12045422,0.124766715,0.0813189,0.016833019,-0.023227403,-0.016640887,0.021949627,0.062189117,0.06576018,0.02203522,-0.044080667,-0.082244664,-0.068927184,-0.017783364
-0.052199263,-0.017006153,-0.014968992,-0.05082921,-0.098626666,-0.1260775,-0.11254542,-0.063802354,-0.015018489,0.0022091246,-0.017719926,-0.05785309,-0.07350856,-0.054198336,0.0038246685,0.054092854,0.071013905,0.04720189,0.003567815,-0.02392801,-0.014233457,0.02638383,0.06631,0.07100735
-0.065616384,-0.018596303,-0.0036953792,-0.02747376,-0.05673091,-0.0653207,-0.03095593,0.03786863,0.102011666,0.1261023,0.109571226,0.07129151,0.05991759,0.079286255,0.13866687,0.18013906,0.1800154,0.1340335,0.070888855,0.027809259,0.025352582,0.053012643,0.07569746,0.06065579
-0.015333627,-0.0033148678,0.051161997,0.10522223,0.10853208,0.055692542,-0.02784832,-0.08948518,-0.095197074,-0.052931428,-0.008507763,-0.0037213631,-0.056436613,-0.12817557,-0.18059853,-0.16915703,-0.10963688,-0.043009955,-0.01664956,-0.042409025,-0.096057676,-0.124022186,-0.09522289,-0.019923566
-0.011360616,-0.05295669,-0.11292864,-0.15321274,-0.14183645,-0.09278488,-0.036245555,-0.012385945,-0.03419042,-0.07586486,-0.09655202,-0.07294198,-0.008755959,0.052811086,0.081097074,0.05966662,0.015377564,-0.015320279,-0.0016592925,0.04518471,0.09434892,0.103038676,0.06225601,-0.004051393
-0.119078934,-0.12299594,-0.08982784,-0.050814297,-0.04782992,-0.085439466,-0.14294475,-0.1820082,-0.17577824,-0.12665059,-0.072660886,-0.049724318,-0.06859476,-0.10784494,-0.13093512,-0.109960236,-0.050766353,0.012720804,0.04046732,0.022604607,-0.023036286,-0.05501598,-0.04489626,0.0005424236
0.16370265,0.13901271,0.09372855,0.06330234,0.07829359,0.12662934,0.17020114,0.17123282,0.12591067,0.056335088,0.0049259807,0.0033085537,0.035144158,0.07083151,0.06289879,0.015348493,-0.053603478,-0.0983393,-0.09014749,-0.039087683,0.015302491,0.032618187,0.0060774353,-0.037786048
0.034621105,0.097711235,0.10467084,0.042467836,-0.053792108,-0.12579422,-0.13162456,-0.07648935,-0.016037343,-0.0082308855,-0.0660185,-0.15784082,-0.21393862,-0.19769645,-0.11942665,-0.038760394,-0.007608652,-0.043765765,-0.1133947,-0.15176614,-0.11581971,-0.021564987,0.07182954,0.10969062
-0.06709284,-0.11509313,-0.109780766,-0.06138252,-0.021063587,-0.02089237,-0.067268796,-0.13568927,-0.17881615,-0.16287853,-0.10375909,-0.042742953,-0.027540632,-0.06033673,-0.11942475,-0.14560467,-0.115199655,-0.042500935,0.026907174,0.04812284,0.014049035,-0.042132445,-0.07423265,-0.05361062
0.019942323,-0.015916985,-0.007444896,0.03818352,0.08111356,0.08674739,0.04213771,-0.026297165,-0.075776026,-0.07624554,-0.03698369,0.0078110504,0.010964815,-0.028833283,-0.09577269,-0.1337685,-0.12199013,-0.06786164,-0.008818298,0.011859229,-0.01488376,-0.061683517,-0.087712795,-0.06657483
0.09994021,0.06100733,-0.0049169776,-0.038571917,0.007349699,0.10655516,0.20413166,0.24029405,0.20238352,0.12888965,0.08480476,0.11045901,0.18742123,0.25495526,0.2633885,0.1960067,0.09412955,0.020459782,0.020134356,0.074925475,0.13067314,0.12752438,0.053945437,-0.049056493
-0.037299313,-0.019618526,0.041637108,0.11218499,0.14110006,0.11865929,0.06380113,0.023458032,0.029506598,0.07958158,0.13605002,0.15378466,0.11101447,0.03846132,-0.018845234,-0.02485547,0.017158058,0.068298206,0.08119752,0.037936907,-0.036451,-0.08834626,-0.08647409,-0.03437555
0.045388494,0.09272133,0.10125835,0.05856176,-0.009372831,-0.06007891,-0.06720799,-0.031768862,0.007842226,0.01093952,-0.03142097,-0.09985535,-0.14503317,-0.13866335,-0.08898787,-0.03554148,-0.014756074,-0.041255683,-0.090402655,-0.11696981,-0.09223957,-0.027209677,0.040969357,0.072691016
0.10180275,0.066111945,-0.001513026,-0.045905516,-0.0135876825,0.074633025,0.16612726,0.20324661,0.16933985,0.09460733,0.044370946,0.060160242,0.13265963,0.20220923,0.22019483,0.16401687,0.06815141,-0.0040094373,-0.005218228,0.049751833,0.11185317,0.12044559,0.0602952,-0.034577098
0.011486714,-0.06851632,-0.12716922,-0.13257799,-0.09493919,-0.05067214,-0.042324707,-0.090748064,-0.16431555,-0.20924047,-0.19826145,-0.13510449,-0.07091272,-0.042285692,-0.07501006,-0.12538594,-0.15115389,-0.12191249,-0.046293736,0.029675832,0.061642814,0.03462288,-0.020339403,-0.055435956
0.087812476,0.09244705,0.040001433,-0.043325003,-0.102710366,-0.10992465,-0.07019375,-0.024841934,-0.01986606,-0.07002773,-0.14407918,-0.19481885,-0.18401285,-0.12133479,-0.054304816,-0.028062334,-0.05580077,-0.11095038,-0.14095798,-0.11211799,-0.030665569,0.05031059,0.08499726,0.060499504
-0.13386731,-0.06926552,-0.0033370934,0.017546454,-0.017010245,-0.0743994,-0.10433016,-0.072996706,0.0067148395,0.08309098,0.110061005,0.07349484,0.017177155,-0.017642936,0.013654192,0.079539575,0.14002074,0.14898749,0.094484515,0.016186804,-0.037181754,-0.032524295,0.017087005,0.06455009
-0.019603917,-0.016255587,0.018751785,0.054077853,0.045673095,-0.0054697455,-0.07909996,-0.13305712,-0.14066423,-0.10898755,-0.074004516,-0.07063657,-0.11174237,-0.16605552,-0.20359106,-0.18733628,-0.13052998,-0.0650555,-0.034616,-0.0507436,-0.08883907,-0.10417314,-0.07303876,-0.004579794
-0.102464534,-0.10202279,-0.06956268,-0.03496246,-0.03316652,-0.06888242,-0.11857508,-0.1503887,-0.14117004,-0.09753217,-0.054240193,-0.03762067,-0.056164093,-0.08949984,-0.10721643,-0.08621832,-0.03706386,0.013358884,0.03236114,0.0152317975,-0.023310747,-0.047481496,-0.03668578,0.0022971295
0.06551912,0.06496084,0.02660596,-0.029196067,-0.06625019,-0.071448736,-0.04776646,-0.021448156,-0.023578886,-0.06017037,-0.10973044,-0.14064792,-0.1323438,-0.09107042,-0.04896437,-0.033761743,-0.053203594,-0.0885168,-0.1040403,-0.080737375,-0.0239502,0.031472508,0.053835437,0.036435958
-0.017087756,0.055392347,0.12763196,0.15796325,0.12591426,0.06691957,0.027569177,0.04442012,0.10496713,0.16158523,0.1723254,0.12147056,0.04372816,-0.010451702,-0.0070842695,0.0384568,0.08671408,0.093275316,0.04019669,-0.037743818,-0.08996424,-0.081234135,-0.02408784,0.039865308
0.045215927,-0.0051014014,-0.034134004,-0.009243095,0.06625055,0.1455298,0.18517263,0.16557138,0.11314686,0.07500955,0.08664552,0.14653236,0.20477267,0.21822126,0.17196004,0.09509124,0.033339463,0.023139011,0.062140666,0.103676975,0.10655921,0.054923598,-0.026479347,-0.08714458
0.011886095,0.019188011,-0.03829804,-0.12355434,-0.17163637,-0.15201783,-0.077643275,-0.0017648542,0.02316192,-0.013743557,-0.078144655,-0.1158487,-0.08279979,-0.0020873449,0.08410858,0.11085855,0.073024645,0.0013556951,-0.044477228,-0.024814656,0.045991283,0.1120616,0.12511732,0.06925891
0.07055073,0.07272095,0.031736173,-0.03062846,-0.070431784,-0.06857778,-0.033391364,0.0017024878,0.0038126742,-0.036543444,-0.0932623,-0.12876244,-0.11679109,-0.06754156,-0.01849763,-0.003780353,-0.031177808,-0.07672803,-0.09952258,-0.07543795,-0.013751,0.04398356,0.06477759,0.04097237
-0.04707157,0.014224276,0.022857072,-0.029789856,-0.10594444,-0.15459609,-0.1368059,-0.061256673,0.012995216,0.036261767,-0.0014218745,-0.0723852,-0.1079199,-0.08322413,0.0018761215,0.077931054,0.10221618,0.059203845,-0.015049413,-0.060843527,-0.042886864,0.026640939,0.09393282,0.106153205
0.08666472,0.024098964,-0.06498375,-0.12726715,-0.121410854,-0.06591003,-0.0077525578,-0.00139076,-0.058802217,-0.14056362,-0.18791805,-0.16694671,-0.093477406,-0.018982692,0.00068588875,-0.038075127,-0.10255324,-0.13722418,-0.10255203,-0.019417748,0.06424299,0.09129844,0.052043073,-0.017492011
0.0541025,0.026402099,0.03923982,0.08253948,0.12229735,0.12676264,0.086640775,0.023303384,-0.023978107,-0.03185651,-0.005442087,0.028245354,0.025377672,-0.013662066,-0.080034815,-0.11934673,-0.11845261,-0.0769461,-0.026478402,-0.0062002665,-0.027887115,-0.06719299,-0.08862698,-0.066624425
-0.010555506,-0.06273424,-0.13759807,-0.18433373,-0.16485052,-0.09841347,-0.025395503,0.0020549959,-0.027989665,-0.07959985,-0.10517226,-0.071254164,0.0097300345,0.08605432,0.116794765,0.08542732,0.025989927,-0.013605686,0.0033824719,0.0644153,0.12313033,0.12965858,0.074799426,-0.010515717
0.07896996,0.047856946,-0.008098535,-0.040228494,-0.008152276,0.06771061,0.14575595,0.17713976,0.1471696,0.08551496,0.046868928,0.06527655,0.12787805,0.18492198,0.19595052,0.14566061,0.06338528,0.004567209,0.0063563357,0.05297175,0.1004085,0.10268302,0.047776856,-0.033605006
-0.06988268,-0.020151278,-0.0059381486,-0.0320288,-0.07107856,-0.08990052,-0.05877801,0.011688755,0.07911326,0.105798796,0.08719677,0.044785462,0.027699117,0.04718045,0.11021081,0.15965244,0.16652723,0.12530488,0.06098239,0.015110367,0.01250285,0.04742654,0.079109065,0.071935445
0.0033251503,-0.06318128,-0.108697705,-0.11001953,-0.080174886,-0.05022263,-0.050405264,-0.0950737,-0.15608819,-0.1908611,-0.17989887,-0.12772727,-0.076069914,-0.0557171,-0.084506616,-0.12291377,-0.13943683,-0.10901723,-0.043179672,0.018862363,0.0429582,0.020940283,-0.021708874,-0.04599955
-0.04205855,-0.09200294,-0.12543494,-0.11558186,-0.07319441,-0.028045442,-0.008913431,-0.027551986,-0.06489152,-0.080509804,-0.0574823,-0.00204792,0.04964365,0.06798326,0.046749763,0.008145753,-0.012069393,0.0040460494,0.04731698,0.084331736,0.087098725,0.05044985,-0.003896053,-0.04294249
0.10111153,0.047648482,-0.03470492,-0.09455053,-0.08487868,-0.021282623,0.04691645,0.060202,0.0077315634,-0.07412156,-0.12805897,-0.1120393,-0.040789474,0.035169866,0.05468011,0.011698291,-0.064006835,-0.113508224,-0.09169639,-0.010891014,0.071743496,0.09633695,0.053671487,-0.02189962
0.030539995,0.06748941,0.06376764,0.012092967,-0.06402152,-0.12055144,-0.1296561,-0.0973673,-0.0636153,-0.064559,-0.10851642,-0.17335372,-0.21102235,-0.19518732,-0.13940698,-0.08038294,-0.054240353,-0.072901644,-0.11239138,-0.1279718,-0.09348508,-0.021355947,0.04926204,0.080701485
-0.04342137,-0.0986877,-0.13519739,-0.12517355,-0.07171873,-0.012546629,0.016390294,0.00091576145,-0.03778089,-0.056441512,-0.03092614,0.030845737,0.091936365,0.11422288,0.092962615,0.045999166,0.017159503,0.025099874,0.067323305,0.105464414,0.1104351,0.06804616,0.001195275,-0.051545747
0.00031269973,-0.02668513,-0.008462294,0.047797218,0.110907204,0.14233407,0.12468019,0.07857337,0.044084795,0.048934497,0.093198664,0.14362839,0.15599592,0.11981943,0.054480605,0.004325732,-0.004600682,0.027375372,0.06956574,0.077250026,0.037436184,-0.027293209,-0.07530191,-0.076480456
0.01357667,-0.025646891,-0.08590014,-0.1279058,-0.11494026,-0.06106184,-0.0018008251,0.020994188,-0.0033623104,-0.050896958,-0.07901741,-0.05890106,0.004551497,0.06677681,0.09311101,0.066992626,0.014176998,-0.023046382,-0.012105095,0.03774135,0.09028927,0.10044489,0.05959991,-0.00841036
-0.13275547,-0.06377447,0.010849415,0.039689638,0.0045513823,-0.06444525,-0.110914886,-0.08968489,-0.010679405,0.07251066,0.104934625,0.06763034,0.00011469071,-0.047507975,-0.023927828,0.045548238,0.11582528,0.13568473,0.08511167,0.002465326,-0.059546445,-0.056439668,0.001436648,0.06294156
0.10684345,0.053935204,0.021805733,0.036598302,0.08754378,0.13546991,0.14134789,0.09441502,0.02379875,-0.026327267,-0.027160244,0.016803127,0.053748257,0.055957276,0.0006810999,-0.06694996,-0.111483626,-0.10128956,-0.045669,0.009309354,0.026735758,-0.0035088835,-0.054387838,-0.08015571
-0.006905269,0.022229776,0.048059188,0.04469598,0.004822591,-0.050672732,-0.09228866,-0.097890444,-0.074562,-0.05173639,-0.05563346,-0.090401635,-0.13337302,-0.15462133,-0.14175506,-0.100107566,-0.05942803,-0.04276277,-0.057670116,-0.08172687,-0.08784378,-0.06044868,-0.009143875,0.03906052
-0.13298963,-0.060568467,0.013451303,0.037878416,-0.0035169087,-0.07659044,-0.122009195,-0.095242016,-0.012482523,0.072544955,0.1050764,0.06303649,-0.008038869,-0.05769211,-0.029724611,0.045409635,0.1214339,0.14115687,0.0872571,-0.0014988931,-0.06524185,-0.057275303,0.0067945556,0.07065775
-0.049169492,0.02264376,0.048500743,0.012385935,-0.05145638,-0.09437335,-0.07440638,0.0050841602,0.088324085,0.120765075,0.09049289,0.019800792,-0.02211498,-0.009179435,0.06719175,0.1372565,0.15763053,0.109829,0.02629593,-0.034682266,-0.03339953,0.022917327,0.083438665,0.09562563
-0.15870793,-0.15898746,-0.10698999,-0.050207675,-0.043234456,-0.09561703,-0.17601445,-0.22853026,-0.21526147,-0.14489797,-0.07047416,-0.041631274,-0.072447434,-0.13092269,-0.16311856,-0.13379183,-0.053602718,0.02927462,0.061699986,0.030694772,-0.03494447,-0.078419626,-0.063239284,6.4221065e-05
0.15459977,0.1819787,0.13849966,0.060981948,0.020537455,0.045077823,0.118702516,0.19132404,0.20597921,0.14627996,0.05616768,-0.006381136,0.0015135502,0.06205222,0.12529938,0.12964897,0.06579077,-0.030005472,-0.091194905,-0.079511225,-0.005441021,0.069620356,0.09005636,0.04167923
-0.044024937,-0.109885745,-0.15251239,-0.14087573,-0.0790704,-0.009721155,0.025104541,0.0051083667,-0.042692095,-0.0689734,-0.04326664,0.02842779,0.10185686,0.13037522,0.10362454,0.046823293,0.00780084,0.016702956,0.069093525,0.119436584,0.12736727,0.07736908,-0.001514697,-0.062197868
-0.07137447,-0.11364426,-0.11358914,-0.07786111,-0.047426987,-0.050808605,-0.09074711,-0.14560649,-0.17907895,-0.16555691,-0.11672579,-0.06553629,-0.049010176,-0.07147857,-0.11336265,-0.12979098,-0.10219832,-0.039781787,0.019669237,0.03823501,0.013694598,-0.028182412,-0.053084224,-0.03777888
0.1638024,0.19078875,0.15764257,0.0907073,0.04625199,0.057956457,0.11683872,0.17546745,0.18548727,0.12973572,0.043590598,-0.020953547,-0.024938868,0.02585399,0.07661252,0.08129519,0.028115012,-0.05607119,-0.112674154,-0.10082865,-0.029660936,0.042589538,0.06817039,0.03691704
-0.15540864,-0.14350745,-0.08477528,-0.022880392,-0.0047381176,-0.03882941,-0.097324766,-0.12963681,-0.1042577,-0.033118498,0.03780455,0.06381179,0.03690168,-0.018953461,-0.048176333,-0.027160045,0.034845386,0.09716767,0.1121346,0.06931431,-0.004649261,-0.056231484,-0.05284313,-0.005860127
0.15696043,0.11028558,0.031158378,-0.025152635,-0.014104868,0.05117937,0.11792115,0.1290596,0.07159461,-0.018379679,-0.08061087,-0.073543124,-0.013710136,0.053882558,0.063311785,0.010751987,-0.071594484,-0.12628493,-0.10930206,-0.032986913,0.050433956,0.07801234,0.038704067,-0.031245768
0.04051241,-0.029987512,-0.0627915,-0.026510665,0.06823646,0.15788749,0.1928702,0.15378845,0.08146193,0.03734023,0.060272623,0.14176825,0.21389359,0.22573617,0.16073428,0.06702186,-0.0005718144,0.0001562461,0.061823055,0.12129904,0.12336634,0.054248743,-0.04635826,-0.11302017
0.17053512,0.21190362,0.18092601,0.106926404,0.057480805,0.06974625,0.13894987,0.21628487,0.24013035,0.18414074,0.08872039,0.0121999085,0.0046975035,0.057616014,0.12085465,0.1320086,0.07143515,-0.027219994,-0.09886032,-0.098541744,-0.029259013,0.052022394,0.08458967,0.048790466
0.14105755,0.17138487,0.13738476,0.070047475,0.026661381,0.038064763,0.09613735,0.15954462,0.17579028,0.12707119,0.04643277,-0.015551586,-0.018097842,0.029977502,0.08592172,0.09607519,0.047742732,-0.032546747,-0.089820474,-0.08567595,-0.02312168,0.048091892,0.07579159,0.04296641
0.17358924,0.12882265,0.05275513,0.002150436,0.023069495,0.09574805,0.16532037,0.17557645,0.116500385,0.023319935,-0.04058694,-0.031802457,0.02985369,0.09315042,0.096314624,0.036082022,-0.056090347,-0.114938416,-0.09844034,-0.024178067,0.054275706,0.0773145,0.03260845,-0.04197858
0.09495921,0.012145402,-0.045799986,-0.04063687,0.017537178,0.0808508,0.096072696,0.039134514,-0.053594608,-0.119720526,-0.119495764,-0.055126507,0.009775388,0.031898092,-0.02449834,-0.10434692,-0.15702084,-0.14087722,-0.062350385,0.021656523,0.05769981,0.023215126,-0.04700521,-0.09100574
-0.009813821,-0.07469801,-0.114371344,-0.10022795,-0.041531708,0.019807642,0.045078438,0.0132758245,-0.04383463,-0.07537303,-0.05620134,0.01147857,0.07629494,0.09849801,0.06161878,0.0028445611,-0.03654943,-0.024318539,0.03227564,0.08937327,0.09949097,0.05343794,-0.018205592,-0.0683583
-0.13003057,-0.05644266,0.018208886,0.04496534,0.009231627,-0.056011796,-0.09578837,-0.06484451,0.019766891,0.10309337,0.135509,0.094277024,0.026150478,-0.022450378,0.0048743472,0.074381225,0.14354634,0.15887406,0.102640875,0.011310024,-0.053991135,-0.050365906,0.0076183355,0.066243604
-0.09019938,-0.14093332,-0.14534633,-0.108870216,-0.07566954,-0.07633866,-0.11783254,-0.17979927,-0.2193429,-0.20327184,-0.14809208,-0.08720361,-0.06454264,-0.084421374,-0.12880236,-0.14652231,-0.1147453,-0.04558539,0.021379167,0.048007663,0.023758156,-0.024001317,-0.054036546,-0.040864438
-0.012319285,0.039230328,0.08782546,0.10483523,0.08134688,0.037312523,0.0039832103,0.012858826,0.0540592,0.09348979,0.10001046,0.06383343,0.009434198,-0.029831154,-0.024871105,0.01056248,0.045820262,0.05212783,0.017692132,-0.034413293,-0.07021889,-0.060964003,-0.01606896,0.029788973
0.07877893,0.039851066,-0.021874145,-0.05353948,-0.014563027,0.07311295,0.15818793,0.18767883,0.15229812,0.087660864,0.051221102,0.07682892,0.14768086,0.20966478,0.21801743,0.15923895,0.0725488,0.012056511,0.016072933,0.0676557,0.118559375,0.11468776,0.048907746,-0.04134332
0.099075235,0.115510285,0.06929851,-0.008747371,-0.057193253,-0.046870504,0.0112065,0.071875334,0.08524157,0.03638134,-0.040537313,-0.09330443,-0.08194894,-0.019516101,0.04706811,0.064101756,0.020807793,-0.052788794,-0.09903648,-0.08015099,-0.0071189217,0.06563419,0.09059945,0.05291619
-0.0676474,-0.13471901,-0.17707734,-0.16832514,-0.11335015,-0.05102194,-0.024406204,-0.048840024,-0.09400073,-0.11340517,-0.083631225,-0.012368974,0.059875693,0.08979937,0.068349496,0.019972306,-0.0075225374,0.008617849,0.062239993,0.113589,0.12347669,0.07470706,0.0010196668,-0.05409675
0.16729933,0.20028073,0.18333472,0.1310813,0.09751219,0.10743337,0.1516317,0.19780505,0.20847885,0.16008863,0.0819856,0.019444073,0.007732131,0.041559633,0.07925705,0.0803803,0.028479956,-0.049007766,-0.102378875,-0.09676093,-0.040473595,0.019839214,0.045680776,0.024030408
0.07618599,0.04333087,-0.016096888,-0.05311426,-0.026814587,0.04513263,0.1206182,0.15065615,0.120136894,0.058111172,0.017278338,0.033282198,0.096041076,0.15687163,0.1724001,0.12621732,0.04828621,-0.009224904,-0.007639183,0.041667953,0.09549485,0.1030194,0.05162003,-0.028758576
0.024289925,0.04868191,0.014522437,-0.04457895,-0.06948013,-0.033294618,0.055381607,0.14520389,0.18270598,0.15409462,0.09625758,0.058931213,0.0843587,0.15128072,0.22304273,0.23312466,0.1790543,0.09066685,0.025847042,0.022347338,0.070247784,0.116254285,0.11244329,0.048080824
-0.01994667,-0.11093407,-0.16795969,-0.15591235,-0.084358566,-0.010022257,0.01501246,-0.030704439,-0.10705691,-0.14952087,-0.12213629,-0.034603983,0.051556904,0.08219572,0.03899393,-0.033118814,-0.07605193,-0.053627882,0.026096394,0.102371134,0.12303294,0.06836815,-0.021420103,-0.08402579
-0.033518367,0.037757665,0.058481243,0.018672792,-0.04870154,-0.08952863,-0.06781211,0.010936427,0.09048162,0.11848644,0.08475265,0.012367171,-0.0298464,-0.016952895,0.057976846,0.12600106,0.14562112,0.10043443,0.019336546,-0.040209547,-0.03857738,0.019114682,0.08220586,0.09695251
-0.06798372,-0.0023498752,0.012035553,-0.030475354,-0.09402613,-0.12848003,-0.09784801,-0.011553241,0.07264153,0.104495585,0.07519971,0.010039808,-0.020739863,0.0020312313,0.086534,0.15669663,0.17641896,0.12770683,0.043942902,-0.016102862,-0.011368742,0.045594603,0.09991602,0.10074127
0.042311188,0.0903656,0.09643277,0.053246282,-0.013054192,-0.059814062,-0.057033427,-0.011983567,0.030214306,0.03023115,-0.014225874,-0.08185928,-0.12188874,-0.11183817,-0.059642177,-0.007686312,0.0061440957,-0.024669781,-0.0748955,-0.10332413,-0.08084792,-0.015843038,0.048477676,0.07370248
-0.20611891,-0.19234674,-0.12090271,-0.04371906,-0.020825658,-0.062468763,-0.13192442,-0.16968057,-0.13669708,-0.044350587,0.046946824,0.08314594,0.050353743,-0.017503526,-0.052331228,-0.02459213,0.054956455,0.13231948,0.1493495,0.09529922,0.0016472801,-0.06311401,-0.060327314,-0.004160013
0.14464392,0.17309663,0.13213648,0.055055466,0.008512435,0.02440775,0.09334395,0.16385515,0.17993629,0.123565644,0.03212082,-0.032668855,-0.027985966,0.034732137,0.10002759,0.11035095,0.05151207,-0.042113695,-0.10455866,-0.0902378,-0.013282533,0.0652172,0.090071365,0.046392288
0.13593934,0.11069787,0.060781844,0.023804568,0.03434455,0.07969038,0.12615085,0.13393006,0.094267175,0.028318007,-0.0231699,-0.024175398,0.01298939,0.05626882,0.06008529,0.021447776,-0.044139776,-0.09050409,-0.0849133,-0.033577487,0.024146838,0.047080588,0.022330025,-0.027327847
0.1003968,0.054697506,-0.022834504,-0.06768211,-0.026823519,0.07409666,0.1756237,0.21399298,0.17248814,0.09136825,0.042434298,0.06809738,0.15243572,0.22979389,0.24565601,0.17938916,0.075385824,0.00064958417,0.004605094,0.06752022,0.13433139,0.13780244,0.064401224,-0.043290094
0.004000119,0.042628746,0.07330872,0.0704288,0.026209382,-0.03291137,-0.076456144,-0.079715475,-0.05251924,-0.026152201,-0.03135171,-0.07236619,-0.12425833,-0.15315636,-0.14143875,-0.09632051,-0.052397106,-0.03516131,-0.05491001,-0.086566366,-0.10074509,-0.07215051,-0.01237649,0.04318703
-0.0041267197,-0.08537355,-0.13681579,-0.12010377,-0.041578725,0.04049949,0.07343486,0.035395768,-0.037345022,-0.080183186,-0.0569001,0.027785398,0.11143984,0.13938507,0.09364031,0.01580483,-0.038150195,-0.027204277,0.043021522,0.114149824,0.12894623,0.07079084,-0.022361143,-0.090906374
0.052753303,-0.021912007,-0.06047486,-0.024343843,0.07904431,0.18165356,0.22452399,0.18588702,0.10843776,0.057963096,0.079244375,0.16581322,0.24556027,0.26046184,0.19243762,0.08881719,0.010982324,0.007285982,0.07086805,0.13412364,0.1376773,0.064041585,-0.04577008,-0.12199009
0.04658754,0.009679376,0.008352927,0.037439786,0.060876474,0.0541217,0.0045033544,-0.066071674,-0.12006543,-0.1318741,-0.10870353,-0.0770942,-0.07755344,-0.10846584,-0.16640353,-0.19601576,-0.1820932,-0.12784034,-0.067195326,-0.036016293,-0.04409493,-0.07156398,-0.0823745,-0.052940335
-0.11380916,-0.14676915,-0.13517319,-0.08837631,-0.0427968,-0.028774159,-0.054121766,-0.09468218,-0.11117777,-0.08217521,-0.02203582,0.036060855,0.057556562,0.035087213,-0.0031998856,-0.02311429,-0.0018544897,0.04951066,0.093972094,0.09801167,0.05726602,-0.002631176,-0.042415034,-0.040960092
-0.15000159,-0.1538408,-0.11434597,-0.06794596,-0.06821803,-0.11774778,-0.18876778,-0.23553893,-0.22499996,-0.16141033,-0.09524785,-0.068454914,-0.09466612,-0.14228168,-0.16736022,-0.13742766,-0.059733503,0.019011086,0.04926493,0.023581425,-0.031539932,-0.06626417,-0.05026788,0.0071779
0.12890841,0.15074162,0.124989815,0.074647084,0.044923417,0.057214424,0.10320883,0.14885955,0.15643923,0.112133026,0.0463016,-0.0010707238,-0.0022936277,0.03384024,0.071015395,0.07231823,0.026788076,-0.037173346,-0.07772713,-0.06989501,-0.020605154,0.032437693,0.051199455,0.026186373
-0.055377472,-0.054196693,-0.014425695,0.029526861,0.02948744,-0.018881325,-0.09167868,-0.14666054,-0.15198055,-0.11098954,-0.06555584,-0.051591154,-0.087112255,-0.14273337,-0.18284288,-0.16634417,-0.10745043,-0.038251385,-0.0053722,-0.021881498,-0.06978072,-0.09616034,-0.07303991,-0.00910142
-0.123961836,-0.18357415,-0.17645667,-0.10907979,-0.032587912,0.0020170505,-0.026343089,-0.09198555,-0.13407342,-0.108950295,-0.02732515,0.06386537,0.104499504,0.07501302,0.0073540113,-0.039318483,-0.023798404,0.045943435,0.12020209,0.1406882,0.089583606,-0.0012265405,-0.071247265,-0.07903416
0.042162072,0.08939832,0.0943372,0.047146138,-0.024137637,-0.07483874,-0.076874875,-0.036634687,0.00451901,0.005582254,-0.04134143,-0.11139442,-0.15350977,-0.14066786,-0.08540146,-0.029526899,-0.0113937855,-0.04204841,-0.09381443,-0.11791574,-0.08845253,-0.018937606,0.049563516,0.07723481
-0.018005108,-0.06504911,-0.12593973,-0.16174355,-0.14541186,-0.092749655,-0.034444198,-0.0130180735,-0.038126256,-0.08028199,-0.09620926,-0.06561281,0.0027418388,0.06387032,0.086949125,0.060860742,0.015224207,-0.011043975,0.008812195,0.05768456,0.10332126,0.105579145,0.05851044,-0.008840921
0.095992334,0.104146734,0.05831507,-0.012985742,-0.06061688,-0.057388365,-0.01118158,0.035315383,0.038733836,-0.010558533,-0.080540545,-0.12580913,-0.114724785,-0.05915205,-0.004275273,0.010849039,-0.025627013,-0.082018726,-0.11173731,-0.08639476,-0.018672239,0.0482514,0.0737408,0.046914984
0.17373691,0.15838845,0.124786295,0.10156097,0.11828228,0.1622528,0.20175077,0.20460548,0.16536438,0.099175975,0.04759185,0.03966396,0.062099285,0.08972822,0.07845767,0.031178163,-0.038635142,-0.08684475,-0.08534341,-0.04351575,0.0049774973,0.021584557,-0.0017633876,-0.040125795
-0.1827394,-0.1729182,-0.119055524,-0.058299437,-0.031190552,-0.05086434,-0.087828085,-0.10182807,-0.06857671,0.0034421887,0.07649223,0.10974094,0.09582142,0.052000146,0.03213446,0.049753897,0.10084492,0.14867005,0.15520807,0.10923784,0.036021493,-0.018915037,-0.030432316,-0.004774403
0.06635997,0.038492262,-0.014605032,-0.048617247,-0.018114306,0.05987629,0.14426766,0.18223935,0.16053477,0.1037825,0.06397454,0.079053134,0.14222695,0.20452827,0.22340512,0.17712161,0.095278725,0.027539954,0.017853424,0.060030207,0.11091535,0.11525848,0.058810968,-0.028461833
-0.0936374,-0.07005636,-0.07730189,-0.11813443,-0.16853094,-0.19865891,-0.18496153,-0.13638027,-0.08880224,-0.06910383,-0.081550874,-0.11172125,-0.1162931,-0.088895515,-0.024014778,0.032438673,0.056773953,0.04236014,0.009198429,-0.011691714,0.0005306052,0.041009992,0.07794531,0.0791084
0.1026397,0.11251027,0.060138613,-0.021295195,-0.06921105,-0.053911917,0.009705378,0.0708145,0.07913241,0.024094913,-0.05466114,-0.105031334,-0.08708934,-0.018292781,0.04849333,0.061229,0.013897575,-0.061538704,-0.10428523,-0.07849424,0.0011900296,0.073576644,0.093103215,0.050025888
-0.0019310035,-0.044344027,-0.10930201,-0.15375395,-0.14443137,-0.09297613,-0.032608572,-0.007680961,-0.031198477,-0.077208586,-0.10343255,-0.08082507,-0.014816817,0.051224288,0.08143165,0.058912132,0.01034916,-0.022770917,-0.009605434,0.04082787,0.09432063,0.10645827,0.06619412,-0.0020056495
-0.12875059,-0.08436641,-0.042679198,-0.039276253,-0.08576009,-0.15087311,-0.19009395,-0.17342588,-0.113596186,-0.0500362,-0.028294694,-0.059294686,-0.10608664,-0.12872697,-0.09343637,-0.024059296,0.044745985,0.06744819,0.0331237,-0.020807624,-0.052440044,-0.034352534,0.02099082,0.07015775
-0.06199271,-0.02798871,-0.021470372,-0.05031947,-0.09296377,-0.12113012,-0.11069621,-0.06487293,-0.015831364,0.006055727,-0.007602592,-0.043360118,-0.060193095,-0.0446484,0.009105757,0.05794659,0.077675104,0.056388494,0.013541546,-0.01642425,-0.010849563,0.024987694,0.06131295,0.06645647
0.09069624,0.020815762,-0.023904065,-0.015665505,0.041006178,0.09953781,0.11171753,0.05896147,-0.021247808,-0.07866577,-0.07853049,-0.02223888,0.033408307,0.04847644,-0.004528797,-0.07720945,-0.12810129,-0.117259175,-0.04999625,0.022164667,0.050251342,0.016432239,-0.04661174,-0.085265875
