0.019036554,0.06975308,0.1140912,0.11746066,0.07425543,0.010511889,-0.03357726,-0.033402704,0.00052484794,0.032044478,0.026440648,-0.021965621,-0.087068714,-0.1282906,-0.12129916,-0.075594135,-0.029431589,-0.018161492,-0.047725137,-0.092982315,-0.114316106,-0.08686376,-0.022123143,0.04036287
0.06091337,0.030073209,0.039846905,0.08114712,0.11979916,0.12102169,0.0756183,0.007142182,-0.044341892,-0.052248333,-0.024067475,0.005784698,0.0029049753,-0.04234001,-0.10515678,-0.14599818,-0.1379662,-0.08992972,-0.038386963,-0.018473053,-0.03953052,-0.07792795,-0.094334185,-0.06472193
-0.008840185,-0.0019900019,-0.031195447,-0.07825821,-0.11064851,-0.10595245,-0.06775218,-0.02376076,-0.0044748625,-0.020950908,-0.055715416,-0.07686158,-0.062055,-0.015511347,0.03455719,0.057030533,0.04072183,0.0034244403,-0.022348493,-0.014015001,0.023847634,0.06312115,0.07313308,0.043967873
-0.007486965,0.006016236,-0.029744923,-0.086576276,-0.118165605,-0.09471641,-0.02621186,0.04472418,0.076352574,0.055974774,0.010652616,-0.01457943,0.009269793,0.0731743,0.13596585,0.1559375,0.121326275,0.0589252,0.0134629635,0.015785864,0.058494445,0.10137906,0.102975264,0.051430743
-0.15062389,-0.08188146,-0.005734785,0.023266546,-0.012234124,-0.07937935,-0.12033223,-0.09420548,-0.010129813,0.079074696,0.11735082,0.08695066,0.019393282,-0.026174935,-0.0091755,0.06314993,0.1380246,0.15895677,0.109134935,0.020813528,-0.04613246,-0.04831406,0.006839773,0.06601322
0.04366449,0.11250813,0.1378984,0.10826243,0.052108597,0.016856464,0.03346894,0.09265518,0.15081717,0.16451779,0.12153427,0.05089265,0.00073611643,0.0033299334,0.049926423,0.09838198,0.103878826,0.05516197,-0.018584616,-0.06883373,-0.06294076,-0.0092507,0.048116907,0.06473682
0.07317955,0.15542987,0.19403358,0.17310864,0.12009993,0.08518724,0.10256942,0.16459678,0.22650093,0.24211624,0.19564296,0.115819976,0.05415341,0.046590246,0.08599923,0.12982564,0.13017917,0.07300117,-0.012071347,-0.07304233,-0.074160434,-0.022941044,0.03663739,0.0575012
-0.025673565,-0.11312965,-0.16349293,-0.13819933,-0.05465066,0.027595436,0.052004497,0.007556151,-0.064357266,-0.10170504,-0.066488735,0.023867419,0.109719366,0.13432087,0.086614855,0.00714299,-0.04032332,-0.017605301,0.05850603,0.12780605,0.13512208,0.06993796,-0.026240034,-0.08962296
0.054598726,0.027250998,0.03544449,0.07096704,0.10367648,0.10385711,0.06400336,0.0041050143,-0.041226245,-0.048636187,-0.024618104,0.00075880246,-0.0020437199,-0.041070197,-0.095235534,-0.13061176,-0.12350772,-0.0814013,-0.036448367,-0.01859533,-0.03580144,-0.068290725,-0.08237632,-0.056189552
0.075403266,0.07769546,0.031234104,-0.039617755,-0.09235976,-0.100221924,-0.06877406,-0.034549322,-0.033945337,-0.07688538,-0.13874395,-0.17896256,-0.1703921,-0.1206583,-0.06508026,-0.042213947,-0.06232069,-0.101797864,-0.12167877,-0.0953775,-0.03065046,0.035968885,0.06618795,0.04828866
-0.0070825936,0.067631684,0.1421334,0.17521709,0.1550824,0.111520596,0.08926208,0.1149299,0.17565472,0.23100094,0.23991746,0.19327357,0.120754346,0.06976693,0.06752542,0.103508495,0.13659616,0.1272738,0.066604204,-0.014119769,-0.06695936,-0.06462733,-0.019557612,0.028501026
0.057471003,0.11667584,0.13481613,0.10541563,0.056887757,0.031244295,0.051722832,0.1053642,0.15229607,0.15686736,0.112501316,0.048525248,0.0075384695,0.013928383,0.055244204,0.09262257,0.08943534,0.040095635,-0.025740009,-0.06495937,-0.053639524,-0.004116881,0.04356173,0.05318505
-0.02242126,0.074027285,0.16962747,0.21078804,0.1819259,0.12018084,0.085389525,0.1159115,0.19523281,0.26890832,0.2824636,0.22311085,0.12868322,0.062237505,0.061465938,0.11373311,0.16230404,0.15496045,0.08038561,-0.022945,-0.0912792,-0.08627787,-0.023836661,0.04143428
-0.062104315,-0.114784665,-0.1109967,-0.06403069,-0.01888619,-0.01957435,-0.07505709,-0.15201259,-0.19867313,-0.18535195,-0.12476502,-0.06330384,-0.046105154,-0.08337569,-0.14170118,-0.17050947,-0.13900171,-0.062094774,0.012300152,0.03836635,0.006177905,-0.050574765,-0.08036171,-0.05470994
0.16258106,0.19531423,0.15187745,0.07228724,0.023645485,0.047214016,0.12794226,0.20552197,0.22046712,0.15862721,0.060351107,-0.0072398656,-0.00088500266,0.06460146,0.1303975,0.13686965,0.06915672,-0.031492006,-0.09698852,-0.08398444,-0.007861574,0.070647515,0.092904225,0.042856194
0.0216291,-0.023042558,-0.089123994,-0.12935182,-0.11335993,-0.05212515,0.010599224,0.03162117,0.0018711234,-0.050193265,-0.07785999,-0.052342396,0.015033951,0.08038478,0.10169791,0.06879085,0.011782012,-0.023464935,-0.008318589,0.046434697,0.097897224,0.10468572,0.05812001,-0.013159945
-0.07650129,-0.14063391,-0.13899948,-0.08406056,-0.027841954,-0.023027394,-0.08242596,-0.16960202,-0.22474498,-0.21084939,-0.13968998,-0.064582765,-0.039442144,-0.07845149,-0.14570561,-0.18239038,-0.15052338,-0.06358386,0.02339561,0.05577036,0.019623552,-0.048564397,-0.08966752,-0.06643082
0.029167224,0.051710103,0.10748323,0.15696673,0.16292901,0.11723465,0.04834815,0.00037303843,-0.0011387486,0.03356563,0.06540598,0.057023525,0.00068666256,-0.074386895,-0.12309222,-0.1186779,-0.07238053,-0.02439986,-0.013887659,-0.049588054,-0.10137015,-0.1236871,-0.092172965,-0.021049133
0.042295963,0.081830695,0.083403535,0.039775293,-0.023818033,-0.06840116,-0.069172636,-0.036200054,-0.0046620555,-0.0072646216,-0.050769314,-0.11023058,-0.14611167,-0.13489631,-0.08715952,-0.03866603,-0.023756677,-0.048981875,-0.09011737,-0.107761376,-0.079660945,-0.01801034,0.040646933,0.063345484
-0.12854758,-0.12756602,-0.076845005,-0.022017313,-0.012288387,-0.062470224,-0.13966744,-0.18977024,-0.17849764,-0.115309164,-0.045970358,-0.020086758,-0.05339098,-0.11417972,-0.149903,-0.12617326,-0.052745484,0.024514318,0.055505015,0.02335977,-0.040232617,-0.08131236,-0.066223755,-0.0034010862
-0.02019881,-0.08602966,-0.12488685,-0.10649392,-0.042865045,0.022356803,0.044720303,0.013542566,-0.041086156,-0.071511276,-0.04743118,0.020083124,0.08725607,0.10965329,0.07538602,0.01408967,-0.025603876,-0.012735408,0.04291874,0.097858645,0.107408844,0.059009977,-0.016345143,-0.06815145
0.12148719,0.1497883,0.13729937,0.10467241,0.08616998,0.10518957,0.15388976,0.19961329,0.20943569,0.17552452,0.11889345,0.07580176,0.070268944,0.096423574,0.12267962,0.11694061,0.07057461,0.0058989967,-0.04053078,-0.043615773,-0.009567355,0.029125033,0.038886655,0.011829572
0.0779781,0.022073954,-0.0594464,-0.11487104,-0.11145781,-0.06273908,-0.015518527,-0.014460329,-0.067353785,-0.14140363,-0.18515347,-0.1678947,-0.10262274,-0.03761621,-0.017221704,-0.051119413,-0.10630591,-0.13283011,-0.10058396,-0.023322586,0.0505377,0.075789474,0.043529797,-0.015116145
0.0018322599,0.022445114,0.088701665,0.1532279,0.16678596,0.11516447,0.03189024,-0.027453408,-0.02874542,0.018416528,0.06691397,0.067659386,0.0072049014,-0.08064744,-0.13976742,-0.13488811,-0.07668636,-0.012951124,0.0056080255,-0.03587214,-0.10220078,-0.13715059,-0.10796987,-0.027595665
0.02543824,-0.050283648,-0.10429329,-0.10766341,-0.06887622,-0.029395467,-0.03037815,-0.08200727,-0.15386586,-0.19966409,-0.18986395,-0.13451014,-0.07547954,-0.05572189,-0.08516076,-0.13558428,-0.1596966,-0.12966238,-0.05686696,0.015753614,0.044946942,0.020559015,-0.028195783,-0.05589653
-0.029694488,-0.06816745,-0.0704531,-0.040162146,-0.0059080436,-0.00073615194,-0.034774683,-0.08715459,-0.12293609,-0.11960232,-0.08147023,-0.038063347,-0.023032613,-0.046820905,-0.08796059,-0.11222019,-0.096670024,-0.047418963,0.005108812,0.026081994,0.0063704094,-0.031549107,-0.054166663,-0.041566692
0.07355389,0.16070223,0.18589005,0.13951814,0.064753816,0.025857925,0.058507904,0.14174804,0.2148489,0.22383137,0.15912715,0.0646388,0.0052707205,0.018178437,0.08384128,0.14288083,0.1402019,0.06748313,-0.03184648,-0.09159254,-0.074291214,0.00044008516,0.07137824,0.08419924
-0.041488577,-0.11095577,-0.15442772,-0.14144683,-0.08244815,-0.022034347,-0.004879834,-0.039078455,-0.09388278,-0.12319936,-0.09746379,-0.027103256,0.043757048,0.06985719,0.040423315,-0.01397493,-0.046837863,-0.028377037,0.033775125,0.09439084,0.106968954,0.061126612,-0.010711091,-0.06094149
-0.009188576,-0.053600222,-0.11002478,-0.1432368,-0.13345666,-0.09168944,-0.05098244,-0.042305205,-0.06891774,-0.10700352,-0.121582545,-0.09458495,-0.037731733,0.01506275,0.033443123,0.012712151,-0.021980498,-0.036600523,-0.013913676,0.034948185,0.07684996,0.081587285,0.045611493,-0.0062282123
-0.057421744,-0.039242737,0.012403778,0.06448157,0.085968345,0.06856688,0.03166226,0.009852975,0.02632803,0.0738267,0.11980544,0.13241753,0.103110656,0.052237038,0.015327544,0.017069165,0.051371746,0.084865466,0.085957825,0.046411518,-0.012722543,-0.05481506,-0.053168364,-0.016715277
-0.14632653,-0.10224665,-0.052866936,-0.035809502,-0.061755374,-0.106614634,-0.12963025,-0.104310095,-0.03835561,0.030636445,0.06409395,0.049938604,0.0110482555,-0.011469684,0.008696813,0.065153524,0.12094125,0.1372852,0.102366425,0.039886206,-0.007959338,-0.012413115,0.02072892,0.054943718
0.03270941,0.050431285,0.00022826002,-0.07412874,-0.1092,-0.06923235,0.026239794,0.11747521,0.14841907,0.10755294,0.03716436,0.000772344,0.0346107,0.120103136,0.1976064,0.21135515,0.14987563,0.056712467,-0.0026921215,0.009085088,0.073806375,0.13202032,0.12847097,0.053234503
-0.14974552,-0.1302674,-0.060756277,0.007397693,0.024502618,-0.019814733,-0.08885587,-0.12461491,-0.09512675,-0.016829265,0.058219764,0.08103923,0.04041344,-0.026440607,-0.06426765,-0.039227705,0.03164624,0.096904196,0.109579794,0.057740904,-0.022583967,-0.073875755,-0.06227404,-0.0029746147
-0.020011624,-0.063234024,-0.13258047,-0.18241805,-0.17946468,-0.12905282,-0.06805781,-0.03906482,-0.057037227,-0.100873746,-0.12622935,-0.102254,-0.034756213,0.038444158,0.075601146,0.060419343,0.01519393,-0.016373537,-0.0036364782,0.047498718,0.10101675,0.11631476,0.07801012,0.007777179
-0.048395786,-0.11268015,-0.15199172,-0.1417088,-0.09293846,-0.043263104,-0.028823717,-0.057733294,-0.10264369,-0.12357899,-0.09611182,-0.03217082,0.029543588,0.052383702,0.028703213,-0.015401437,-0.038106877,-0.015707593,0.039096557,0.08800087,0.09567502,0.055102836,-0.0067571285,-0.04815612
0.14203031,0.16830395,0.14209366,0.09328675,0.06654165,0.08904211,0.14888239,0.2031482,0.20999226,0.16218938,0.089971624,0.040016618,0.041207045,0.082431905,0.12150365,0.11664124,0.05954647,-0.017621735,-0.06733308,-0.06032378,-0.008108756,0.04479539,0.055929337,0.018187555
0.08816721,0.09387442,0.03864953,-0.042482123,-0.094269864,-0.08504046,-0.027951302,0.02659722,0.032146752,-0.02027002,-0.09534438,-0.13946456,-0.1204797,-0.05295838,0.0135973105,0.031225432,-0.0092163365,-0.07252733,-0.105925016,-0.07750931,-0.0025349613,0.06914821,0.08999282,0.0505953
-0.017262852,-0.005699912,0.050184123,0.10616681,0.11605225,0.06629766,-0.013129132,-0.07146121,-0.07551,-0.032379903,0.014696397,0.020250218,-0.02949639,-0.10493642,-0.1557157,-0.1484049,-0.09084942,-0.026666244,-0.0022438166,-0.032562204,-0.088932805,-0.12072132,-0.09566808,-0.0223317
0.056234606,0.03231692,0.049274024,0.10033269,0.15155344,0.16715863,0.13548185,0.078285575,0.034153104,0.030444847,0.061555963,0.09440838,0.09389609,0.04886478,-0.017428014,-0.06633765,-0.06997947,-0.034426402,0.0063646343,0.016839188,-0.013158308,-0.061737902,-0.090089194,-0.07301858
-0.12938477,-0.08787589,-0.046555117,-0.045724683,-0.09486417,-0.16570105,-0.2106714,-0.19915937,-0.14167404,-0.081177525,-0.05919545,-0.08634781,-0.13498105,-0.15875089,-0.12913892,-0.056351654,0.015368367,0.044028785,0.019874059,-0.030095944,-0.060253795,-0.041216202,0.016776837,0.07062846
-0.0095852325,0.0073805456,0.06355381,0.11462608,0.11878412,0.06871295,-0.004422864,-0.054497864,-0.053057782,-0.010318095,0.030917674,0.02915959,-0.023637613,-0.09628255,-0.14165027,-0.1313087,-0.07539536,-0.017959096,-0.0027940671,-0.03764381,-0.09131613,-0.11741736,-0.08811546,-0.015293219
-0.030504033,-0.012111753,0.04856828,0.10527115,0.11457478,0.06618787,-0.009609591,-0.061723266,-0.05872815,-0.011184385,0.035630535,0.038927138,-0.011348266,-0.085145675,-0.13301519,-0.12263966,-0.065357625,-0.0069475747,0.010898664,-0.023091651,-0.081448585,-0.11467918,-0.08941718,-0.01814651
0.08075687,0.035768438,-0.03171531,-0.07964948,-0.08045572,-0.044055637,-0.008054208,-0.0094471155,-0.05522303,-0.119100176,-0.15908848,-0.1493824,-0.09955303,-0.048474927,-0.032192245,-0.059623662,-0.10416986,-0.12554581,-0.09909784,-0.034966577,0.02813034,0.05322886,0.031867124,-0.011858556
-0.18192098,-0.12261427,-0.060126554,-0.04510801,-0.08958508,-0.15737857,-0.19224945,-0.16046149,-0.07573857,0.010068337,0.045836706,0.019162636,-0.035617962,-0.062472638,-0.029430518,0.05073291,0.1263262,0.14678009,0.10110776,0.024549438,-0.028137967,-0.02287735,0.029133776,0.078872055
-0.085769616,-0.047463607,0.051927444,0.14900762,0.18172452,0.13746794,0.057978343,0.011894832,0.039740983,0.12457662,0.20327967,0.2162276,0.14983223,0.048422936,-0.019629775,-0.011398578,0.056323703,0.120369054,0.122041054,0.04853903,-0.056033753,-0.1222369,-0.10747427,-0.029483348
-0.021787334,-0.075889006,-0.15344653,-0.20488982,-0.19906515,-0.14660434,-0.08892302,-0.06844186,-0.09664262,-0.14700606,-0.17160898,-0.14102381,-0.066129655,0.010360153,0.045729518,0.026760224,-0.019299988,-0.04499202,-0.020731436,0.04226962,0.102499925,0.11779812,0.075273484,0.0026801948
0.18836647,0.15597755,0.09073714,0.052235976,0.079260424,0.15868713,0.23437661,0.25145122,0.1957237,0.10521095,0.040278662,0.04169244,0.09815614,0.15457271,0.15583988,0.08790378,-0.011803608,-0.0810917,-0.07703807,-0.011746325,0.057383735,0.07439643,0.025529275,-0.051314835
0.005941183,-0.0352375,-0.05449965,-0.027315082,0.03636421,0.10040184,0.1281071,0.11117163,0.07336344,0.052668463,0.073057055,0.12515773,0.1735945,0.18299349,0.14537677,0.08548793,0.042449694,0.040989578,0.07257269,0.102090396,0.09607898,0.046966422,-0.020396527,-0.06686417
-0.044688474,-0.11919318,-0.16456564,-0.14995354,-0.08904847,-0.0282847,-0.011794492,-0.04788788,-0.10417689,-0.13246752,-0.102722906,-0.028283957,0.043631572,0.06858047,0.03757538,-0.018242696,-0.049431395,-0.026043143,0.03925645,0.09894013,0.109166846,0.061475307,-0.012435088,-0.06249145
-0.064593054,-0.008768798,0.0025249897,-0.037346117,-0.09550588,-0.123365596,-0.09236713,-0.016721258,0.0567649,0.08360584,0.05547026,0.004382699,-0.021285465,0.00758428,0.0766483,0.14017436,0.15322185,0.10820439,0.03774996,-0.008810317,-0.0011133723,0.04791588,0.09172016,0.08707474
0.009184214,0.053577293,0.08878389,0.08151267,0.028564451,-0.0422715,-0.08978147,-0.09114098,-0.058703482,-0.02952115,-0.03712438,-0.08605304,-0.14824688,-0.1833063,-0.1678447,-0.11434864,-0.061330725,-0.043944914,-0.068410404,-0.10757754,-0.12072792,-0.08479004,-0.013848855,0.05103186
-0.09826756,-0.10181155,-0.07917891,-0.05716743,-0.06229688,-0.101711474,-0.15442367,-0.18672197,-0.17965561,-0.14227203,-0.10244237,-0.08746056,-0.10528679,-0.1360023,-0.14766082,-0.121670194,-0.067858,-0.015131387,0.00981405,-0.0024745218,-0.03279513,-0.047978092,-0.02966032,0.011863956
0.047034383,0.086665474,0.088823535,0.045814186,-0.01815744,-0.06508146,-0.06874069,-0.037749887,-0.006648919,-0.008555205,-0.05102348,-0.110825285,-0.14929293,-0.14150216,-0.095548734,-0.046622466,-0.029436039,-0.05174437,-0.09191726,-0.11168781,-0.08586799,-0.024023414,0.037186906,0.06317447
-0.0023325146,0.02146747,0.099711366,0.17493916,0.19007686,0.13092306,0.035216875,-0.033874813,-0.03549467,0.019653047,0.07564498,0.0762468,0.007272727,-0.0930972,-0.16162142,-0.15636273,-0.08868801,-0.015598661,0.0053132144,-0.040571533,-0.11584713,-0.1577477,-0.1253262,-0.03190326
-0.013416341,-0.014029752,-0.05034585,-0.10017264,-0.12943804,-0.118465915,-0.075703636,-0.032240357,-0.017112637,-0.037381228,-0.071515866,-0.086485595,-0.06327518,-0.010918942,0.039561935,0.058200143,0.03829691,0.001258549,-0.019551104,-0.0047783973,0.036279187,0.07331479,0.07715038,0.041574262
-0.009204862,-0.042565163,-0.08724263,-0.113953814,-0.10468265,-0.068165116,-0.031777583,-0.021157311,-0.04020039,-0.07038414,-0.08282435,-0.061062854,-0.013978781,0.030200193,0.04608975,0.028833084,-0.00201144,-0.018072238,-0.0024617792,0.03569312,0.06845665,0.07097309,0.04018238,-0.0051918216
-0.092498444,-0.043710716,0.008311683,0.021912776,-0.014927523,-0.07675717,-0.11836027,-0.10811598,-0.053394675,0.0058064917,0.02720319,-0.0019407093,-0.056311034,-0.090975456,-0.07600128,-0.017494552,0.04353768,0.06481856,0.034638748,-0.022178328,-0.061647046,-0.052554134,-0.0008868454,0.053060055
-0.062011108,-0.11517958,-0.11725308,-0.07672028,-0.034191694,-0.030116016,-0.07575088,-0.14435713,-0.18953705,-0.18138388,-0.12765194,-0.06879755,-0.04693385,-0.074304305,-0.12447739,-0.15276623,-0.12827249,-0.060345136,0.009263507,0.038707063,0.015416265,-0.035047304,-0.06725692,-0.050711263
0.0942928,0.10663963,0.060115583,-0.013721424,-0.06365529,-0.059301086,-0.009553214,0.041646104,0.04876933,0.00029175793,-0.0726483,-0.11979216,-0.109146945,-0.05108001,0.010333578,0.028652985,-0.008959188,-0.07057854,-0.10553946,-0.083264254,-0.014754479,0.055308443,0.08004964,0.047041442
0.052145224,0.072374545,0.019468201,-0.062650934,-0.10498363,-0.06721382,0.03129743,0.12594381,0.15744343,0.11263943,0.034865383,-0.008645791,0.022911346,0.110733345,0.19191854,0.20733829,0.14475209,0.0476511,-0.016326036,-0.0046999454,0.06482824,0.12937964,0.13150893,0.058469363
0.07720473,0.03004301,0.004617093,0.02192331,0.06880172,0.109028876,0.109796844,0.066521965,0.0060594226,-0.03225041,-0.026729459,0.010501623,0.044100612,0.04109578,-0.002478078,-0.06067574,-0.09375916,-0.08012979,-0.03277892,0.012563778,0.02350395,-0.005667126,-0.049523022,-0.06910226
0.01860579,0.051764466,0.051612232,0.009374655,-0.05274122,-0.09869448,-0.10322225,-0.073976345,-0.041996386,-0.038941044,-0.07333858,-0.12464527,-0.1571953,-0.1469568,-0.100490816,-0.049794737,-0.027320514,-0.042552236,-0.07713044,-0.09531628,-0.07270545,-0.016389927,0.040660575,0.0653841
0.05795428,0.10719143,0.124302775,0.10399505,0.06740151,0.047935776,0.06490671,0.107779354,0.14463602,0.14758372,0.11145545,0.058538206,0.02280255,0.02462253,0.054557294,0.081397444,0.07643546,0.035514954,-0.019491259,-0.053732924,-0.046217363,-0.0073393863,0.030250577,0.038483694
-0.1916729,-0.17809226,-0.114978805,-0.05269198,-0.038895886,-0.081688635,-0.14472722,-0.17350726,-0.13757461,-0.054010343,0.026321048,0.05570115,0.024187142,-0.03175265,-0.05938874,-0.027261429,0.048153553,0.11580553,0.12903136,0.07829148,-0.0002707611,-0.051923227,-0.044077434,0.008211252
-0.08082525,-0.06363094,-0.07327762,-0.11436636,-0.16519332,-0.1956188,-0.18763831,-0.15040515,-0.11054566,-0.09500814,-0.108934715,-0.13329037,-0.13885528,-0.109428465,-0.05403497,-0.00050295,0.024803711,0.015432542,-0.010090436,-0.022171054,-0.0044461954,0.034508564,0.068684325,0.07118894
0.027587814,0.011993711,-0.016249368,-0.02407891,0.0077566076,0.07094535,0.13217033,0.16076042,0.14955196,0.11930014,0.10264381,0.12041191,0.16445954,0.20344809,0.20670615,0.16794966,0.10902427,0.06397367,0.055629186,0.07703405,0.096733764,0.08473365,0.035635617,-0.02759226
0.012396383,0.03424234,-0.0035535083,-0.067106955,-0.09958117,-0.06479783,0.023460831,0.11194941,0.1499243,0.12330942,0.06544446,0.032136094,0.05919204,0.1338424,0.20461161,0.22090335,0.17016838,0.08607597,0.025032511,0.024954716,0.074070774,0.12160714,0.11890703,0.053232167
-0.06863472,-0.12739174,-0.13295327,-0.092208974,-0.04653306,-0.041549996,-0.0903157,-0.1638832,-0.21265763,-0.20443961,-0.14614259,-0.0806699,-0.054505922,-0.082252026,-0.13514923,-0.16492164,-0.1384817,-0.06460196,0.012547684,0.045242295,0.019630376,-0.0348921,-0.06964212,-0.053395923
-0.0455166,-0.021909915,0.03634157,0.095372766,0.12119487,0.1053099,0.06897293,0.04855386,0.066675395,0.11556048,0.16160682,0.17162263,0.13690168,0.08034514,0.0390057,0.037305977,0.068061605,0.097934216,0.09409218,0.048265003,-0.015706593,-0.059782892,-0.059304696,-0.022542456
-0.004374939,0.003688979,-0.025203563,-0.06530375,-0.08123145,-0.05265267,0.0091593545,0.06801633,0.091734804,0.074453175,0.041081,0.026588863,0.050659142,0.10301809,0.1491072,0.15678562,0.1212247,0.06790157,0.031125885,0.032348152,0.06349189,0.090803295,0.08159841,0.032046705
-0.02853826,-0.032792475,-0.07248324,-0.12581562,-0.15885793,-0.15135804,-0.10976342,-0.06600373,-0.049704988,-0.06803115,-0.09939575,-0.11221517,-0.08653898,-0.030430194,0.024507824,0.0476296,0.032197118,-0.00016329398,-0.018660447,-0.0028821814,0.040019285,0.07833287,0.082447484,0.047077406
-0.049758878,-0.12920827,-0.1805406,-0.1692636,-0.105837956,-0.037773613,-0.014187563,-0.047966525,-0.10676936,-0.13895041,-0.11028335,-0.031508986,0.04940562,0.08250155,0.053673066,-0.0058676624,-0.04285264,-0.0230039,0.044142462,0.11033763,0.12536614,0.07555128,-0.0057601063,-0.06425199
0.046575934,-0.025842868,-0.07780378,-0.07479637,-0.023254396,0.0322077,0.043481715,-0.0031314383,-0.07756147,-0.12922165,-0.123282544,-0.066764385,-0.0034144025,0.017501535,-0.018475896,-0.082431145,-0.123242244,-0.10683127,-0.039730385,0.033063453,0.061506394,0.030290905,-0.030270942,-0.07024192
-0.06788611,-0.1496913,-0.19935471,-0.1847923,-0.119366854,-0.05105669,-0.027458776,-0.060810708,-0.11682828,-0.14317565,-0.10741685,-0.023794416,0.058915585,0.091819994,0.06248704,0.0036365695,-0.029795835,-0.005441158,0.062398724,0.12538742,0.13539746,0.08015012,-0.0049487734,-0.063798256
-0.030666761,-0.010028357,0.050308947,0.10396322,0.1074988,0.05454608,-0.020843884,-0.06872217,-0.06129668,-0.012204392,0.032797847,0.031352922,-0.02351491,-0.09728355,-0.1404082,-0.12450821,-0.064001344,-0.0054244357,0.0077369274,-0.03144094,-0.08893881,-0.11559791,-0.0845575,-0.010691715
0.040115505,0.06157047,0.014454976,-0.062176503,-0.10457687,-0.07364127,0.0155655965,0.1050657,0.1382843,0.10011571,0.02866667,-0.013469413,0.013179014,0.09408594,0.17233245,0.19141047,0.13690981,0.047468092,-0.013607609,-0.005694091,0.057280477,0.11924129,0.12458001,0.05899467
0.06348216,0.13638379,0.17465366,0.16145125,0.118368626,0.08676483,0.09667809,0.14603055,0.1998441,0.2174712,0.181628,0.11395564,0.057183675,0.04319058,0.07108587,0.10805669,0.11256225,0.06762371,-0.004494636,-0.060951494,-0.06940739,-0.030089485,0.023401173,0.047243744
-0.20419334,-0.1459924,-0.08118938,-0.062186692,-0.10520611,-0.1764376,-0.21647984,-0.18673415,-0.09959869,-0.007818361,0.03504649,0.012855396,-0.04201851,-0.070817545,-0.037556287,0.04625314,0.12743239,0.15387103,0.11153054,0.0328223,-0.024450043,-0.022154337,0.029108413,0.08009323
0.058933914,0.12102372,0.13303265,0.081160314,-0.002001584,-0.062349204,-0.06308321,-0.014705081,0.035438605,0.039590456,-0.015781572,-0.09863122,-0.15465267,-0.14776488,-0.08755867,-0.021982018,-0.00029081773,-0.036368545,-0.099671595,-0.135861,-0.10939847,-0.030825423,0.050529614,0.08492024
-0.13226612,-0.12936795,-0.08187492,-0.026847715,-0.0053380923,-0.02999599,-0.07855333,-0.1092459,-0.09215386,-0.032752752,0.03215896,0.061956853,0.042348303,-0.004037282,-0.03652877,-0.024526773,0.027461635,0.08246364,0.10003193,0.06683487,0.0050059785,-0.043454256,-0.047145214,-0.009151978
-0.0006619705,0.043961965,0.09263604,0.12005775,0.11662254,0.096922465,0.08472848,0.097293936,0.13094558,0.16453448,0.17314607,0.1490414,0.10704813,0.07277899,0.063622735,0.07760587,0.09344918,0.08705817,0.051593374,0.0031176598,-0.03304143,-0.039965183,-0.01955398,0.0072681075
-0.047128703,-0.07810535,-0.051752746,0.015065187,0.07494906,0.08721113,0.046340406,-0.013804301,-0.045338202,-0.02189457,0.040639732,0.095946476,0.1026041,0.055632893,-0.011480465,-0.05028628,-0.03367508,0.022925083,0.07292387,0.075016014,0.024355026,-0.045219842,-0.08517556,-0.06735228
0.15113614,0.18318184,0.1589277,0.10892213,0.082155645,0.10831522,0.17463727,0.23569885,0.24751861,0.20068012,0.12575871,0.072147734,0.07130764,0.11197634,0.15118363,0.1455917,0.08547391,0.0019807876,-0.055533458,-0.054844778,-0.0059235864,0.04670097,0.059303753,0.020173354
0.0053825434,-0.04848318,-0.08804292,-0.09511808,-0.07647122,-0.059981488,-0.07023114,-0.11038361,-0.15972504,-0.18953714,-0.18202154,-0.14523107,-0.107371755,-0.09450661,-0.11036336,-0.13579008,-0.1422501,-0.113355875,-0.057993304,-0.005851177,0.016768845,0.0064864857,-0.018132754,-0.029651185
-0.046903312,-0.03046272,0.04096564,0.109525144,0.11618988,0.04626231,-0.057990123,-0.12932222,-0.12727642,-0.065672755,-0.0023010042,0.0039565605,-0.061854944,-0.15760407,-0.21624658,-0.19674015,-0.114137106,-0.027619902,0.0018375521,-0.041812193,-0.11557878,-0.15227902,-0.1138162,-0.016805766
-0.1378046,-0.19691095,-0.18769462,-0.12136207,-0.050125256,-0.025960047,-0.06450629,-0.13140641,-0.16838983,-0.13923693,-0.055132408,0.032107387,0.06817477,0.037775632,-0.02580507,-0.064558536,-0.040479705,0.034392457,0.108374454,0.12798959,0.077950746,-0.007185499,-0.06820183,-0.06624385
0.0020544538,0.024017222,0.08410283,0.1407703,0.15204076,0.11090462,0.047222108,0.0045528524,0.00892688,0.050976757,0.09040071,0.08718889,0.033557553,-0.039593995,-0.08744499,-0.083638005,-0.037690878,0.009817996,0.016464528,-0.024494894,-0.08128487,-0.110253334,-0.08728412,-0.022055281
-0.03383603,-0.06114739,-0.024718177,0.061131354,0.14541215,0.18023552,0.15150158,0.09353697,0.060158737,0.08433824,0.15237366,0.21587658,0.22656971,0.17261796,0.088248916,0.028686874,0.028336756,0.07401069,0.11878669,0.115166165,0.05131828,-0.038296267,-0.097280905,-0.09173314
-0.0047735213,0.05357683,0.11149432,0.13524267,0.117273584,0.08089142,0.06060463,0.07796435,0.12407147,0.16688018,0.17314696,0.13618042,0.07984595,0.039926708,0.03810975,0.067385115,0.09542193,0.08965731,0.044477567,-0.015801871,-0.056016013,-0.05425328,-0.016851898,0.023346145
0.0700845,0.036110114,-0.026655719,-0.06448145,-0.039784163,0.038197555,0.11935427,0.15222031,0.12162034,0.058476124,0.016629219,0.033696137,0.10181526,0.17097244,0.18924487,0.1415052,0.0596774,-0.0010315503,-0.000565479,0.053128064,0.10891049,0.114951305,0.05866311,-0.027249431
0.045928895,0.08192152,0.08316862,0.04274877,-0.01659751,-0.06022668,-0.06456894,-0.037151854,-0.009226232,-0.011451743,-0.050937664,-0.10607118,-0.1418099,-0.1355852,-0.093876295,-0.048765887,-0.032037284,-0.05164206,-0.087631606,-0.1054563,-0.08204701,-0.02463846,0.033275515,0.05848883
0.026281219,0.042624976,0.07730963,0.10374721,0.09915985,0.062654644,0.015221536,-0.015818572,-0.01698496,0.0026355942,0.017217623,0.0047106743,-0.035693195,-0.08279448,-0.10914635,-0.10095306,-0.06836244,-0.037805162,-0.032615118,-0.053665545,-0.080004334,-0.08537738,-0.057563346,-0.007300752
-0.09512869,-0.09359884,-0.06587136,-0.040876284,-0.046392456,-0.087233976,-0.1395503,-0.16905683,-0.15812238,-0.11795929,-0.07836936,-0.06695718,-0.08986115,-0.123913094,-0.13591543,-0.10892914,-0.054869484,-0.004429684,0.015161958,-0.003114164,-0.036469247,-0.051245544,-0.030905092,0.012322459
0.0024550373,-0.06654201,-0.106033266,-0.095866024,-0.053564355,-0.021420209,-0.03289703,-0.08806547,-0.1531103,-0.18543495,-0.16437915,-0.10750058,-0.057233118,-0.04899297,-0.08388671,-0.1301964,-0.14487769,-0.10769021,-0.03618621,0.025722217,0.04146319,0.009286158,-0.038140565,-0.057614345
0.1766316,0.16228604,0.12137459,0.09547968,0.112560734,0.1664332,0.2193306,0.23188645,0.19149011,0.12297224,0.0683613,0.05769776,0.08612322,0.11765768,0.11392948,0.06265664,-0.011907695,-0.06677618,-0.071900316,-0.031931713,0.016764205,0.03479189,0.0079360055,-0.03980739
-0.030124407,-0.06145836,-0.02798825,0.057188522,0.14129725,0.17446452,0.14257255,0.08057996,0.04299572,0.06458782,0.13272524,0.19757672,0.20912448,0.15520668,0.07020263,0.009915009,0.01013186,0.059342884,0.10868128,0.10861605,0.047222484,-0.040844083,-0.100008555,-0.09347468
-0.108187795,-0.056648854,-0.008086036,-0.0053567463,-0.057273977,-0.13065277,-0.17353688,-0.15586147,-0.09159658,-0.028138194,-0.009618587,-0.045904823,-0.10549164,-0.13624595,-0.10785691,-0.033927247,0.037449393,0.061040867,0.025582746,-0.036935974,-0.07308154,-0.05092352,0.013948739,0.07318106
-0.0543433,-0.012778984,-0.012059073,-0.061230727,-0.13115545,-0.17599538,-0.16541606,-0.11062409,-0.053383242,-0.034928814,-0.06481666,-0.115399905,-0.14145142,-0.11388725,-0.044694383,0.024080075,0.05027523,0.0247137,-0.025412334,-0.05454949,-0.033958487,0.02485719,0.07943496,0.09017905
-0.03870099,-0.093267016,-0.086298384,-0.02989075,0.026842685,0.035177868,-0.01816745,-0.10020431,-0.15485457,-0.14620551,-0.08500965,-0.020342741,-0.0021081464,-0.044255562,-0.11408728,-0.15645228,-0.13441019,-0.060049098,0.016169356,0.044309832,0.009850025,-0.054940045,-0.09415652,-0.071489654
0.009188365,0.07379281,0.1292689,0.13138819,0.07328436,-0.010228385,-0.065827176,-0.062442888,-0.015904516,0.026329156,0.01994743,-0.04174073,-0.12325828,-0.17165904,-0.15702146,-0.09423803,-0.033556033,-0.019259814,-0.058002036,-0.11567781,-0.14068522,-0.10347047,-0.020927355,0.056697916
-0.089705616,-0.09328802,-0.070893474,-0.048107404,-0.04947209,-0.08164622,-0.12653476,-0.15494491,-0.14836897,-0.1132117,-0.0749485,-0.05937918,-0.07337803,-0.10074945,-0.11341339,-0.09353463,-0.04714244,-0.00054657605,0.020758778,0.008863191,-0.020805927,-0.039759297,-0.02840807,0.0066858623
0.03138838,-0.04169852,-0.07590179,-0.035465885,0.06056312,0.15401183,0.18653174,0.14561445,0.07392036,0.034888104,0.064933755,0.14629385,0.22030279,0.23038238,0.16590334,0.06934055,0.006954153,0.01512195,0.07582072,0.13172938,0.12795971,0.053935654,-0.04664906,-0.108884886
-0.0018607139,0.020246457,0.09878056,0.17734076,0.19709136,0.14102675,0.045460604,-0.025136068,-0.027661888,0.028518947,0.087727994,0.09179536,0.023149492,-0.08043862,-0.15330018,-0.15111503,-0.08362873,-0.0083601605,0.014169832,-0.033768084,-0.11365831,-0.1592445,-0.12870729,-0.035322648
-0.10218855,-0.10236329,-0.06673911,-0.03010522,-0.028018197,-0.068909176,-0.12725876,-0.16393463,-0.15467314,-0.107731424,-0.057571273,-0.039958317,-0.06448405,-0.10669517,-0.12881704,-0.10685074,-0.049173463,0.009484098,0.032786317,0.010849239,-0.03255472,-0.059126925,-0.04491036,0.0032376752
0.023490043,-0.059435066,-0.10524669,-0.06959405,0.030625785,0.13261692,0.17146888,0.13093773,0.05352593,0.0075234696,0.0367197,0.12566772,0.21131632,0.23073201,0.16909705,0.068774864,0.00029809366,0.0074873595,0.07485742,0.1403538,0.1437284,0.07028568,-0.037824728,-0.11103249
-0.02284059,-0.058811314,-0.110105984,-0.14581558,-0.14543603,-0.11306824,-0.0737369,-0.05728302,-0.07318525,-0.104616925,-0.12060319,-0.10102734,-0.051033396,0.0030414811,0.030926405,0.021326257,-0.008020968,-0.025470683,-0.011092417,0.030227752,0.07161428,0.08317319,0.054463845,0.0058012665
-0.15717849,-0.084863655,-0.013298467,0.0053180917,-0.04021822,-0.11094949,-0.14654247,-0.11059577,-0.02041577,0.0669791,0.09786279,0.060863327,-0.0060650883,-0.041761514,-0.011526716,0.069449686,0.14328058,0.15702587,0.100876085,0.013175768,-0.044931598,-0.036251083,0.023544714,0.07869055
-0.01979369,-0.006265723,0.040544298,0.08329984,0.087470904,0.045157734,-0.018388378,-0.0621252,-0.060571812,-0.022868887,0.01425174,0.01569014,-0.026604857,-0.08737266,-0.12564929,-0.11523377,-0.06571589,-0.015181627,0.0006196333,-0.027115937,-0.0737046,-0.09770541,-0.07306733,-0.011702256
-0.04647279,-0.09487814,-0.06606615,0.02762595,0.12563097,0.16589913,0.12823045,0.050982498,0.00063595746,0.022310494,0.104659855,0.18882267,0.212261,0.15615098,0.058605257,-0.012680565,-0.010986368,0.053253945,0.12160924,0.13152482,0.06458589,-0.03974159,-0.113345824,-0.10887246
0.06218886,0.0228011,-0.040458493,-0.08712483,-0.08838807,-0.05064776,-0.008971303,-0.0011623207,-0.03765567,-0.09525945,-0.13331029,-0.124325134,-0.07450871,-0.020048235,0.0012429177,-0.0224645,-0.06778318,-0.09459499,-0.075850844,-0.018167896,0.041518804,0.06503528,0.041243628,-0.0067473217
-0.08436033,-0.043332104,3.0009489e-05,0.017564328,0.0004840792,-0.031758636,-0.04743406,-0.02636945,0.023429275,0.07265882,0.09232645,0.074595995,0.038183764,0.015946958,0.027341066,0.065694086,0.101211116,0.10574163,0.072437786,0.020860944,-0.015754834,-0.017206453,0.009205598,0.035509925
-0.026236866,-0.09834766,-0.14166267,-0.12607108,-0.06309395,0.0016978227,0.022681808,-0.011437465,-0.0678557,-0.09721057,-0.069148496,0.003482597,0.074479245,0.09776486,0.0628947,0.00170578,-0.03397784,-0.014513007,0.046638194,0.10337308,0.11083897,0.05970452,-0.016368777,-0.06665671
-0.052776463,-0.09879295,-0.102616996,-0.07421049,-0.045878537,-0.049655292,-0.093146935,-0.15376234,-0.1923876,-0.18533404,-0.14112927,-0.09374123,-0.07619993,-0.098229855,-0.137348,-0.15616329,-0.12948757,-0.06773402,-0.0064316886,0.021065531,0.0041496083,-0.034907147,-0.05645993,-0.0366777
-0.13906866,-0.06998184,-0.0033749535,0.009743963,-0.04130749,-0.116768934,-0.15602556,-0.12434978,-0.04005947,0.040757976,0.0659539,0.02497473,-0.043379378,-0.078269966,-0.046408914,0.035218693,0.109599434,0.12535845,0.07255963,-0.009498223,-0.059894476,-0.043758553,0.020869123,0.079592906
0.0017618388,-0.051118378,-0.084874414,-0.08008504,-0.047139883,-0.017567916,-0.019214272,-0.055627733,-0.10366287,-0.13051522,-0.11699115,-0.073507436,-0.031978812,-0.020839006,-0.044437777,-0.08058066,-0.09643232,-0.073106565,-0.02157606,0.025582373,0.039840758,0.017087743,-0.02146903,-0.04222646
-0.04140724,0.021092724,0.086116254,0.11087113,0.08192295,0.026307601,-0.0091413995,0.0062052314,0.06280289,0.12024078,0.13565251,0.09664981,0.029917054,-0.016504655,-0.012407198,0.03455778,0.082839966,0.09079948,0.04634798,-0.023758942,-0.07173552,-0.06586869,-0.015584595,0.03912321
0.06162939,0.010593369,-0.071818426,-0.12506941,-0.109413505,-0.03687179,0.03951085,0.06497352,0.024532752,-0.047636364,-0.09187778,-0.06962302,0.007620516,0.08624983,0.11299121,0.071101226,-0.0038965004,-0.05284293,-0.037123602,0.031671457,0.10150695,0.118667185,0.06763278,-0.017899117
0.06983963,0.13723044,0.16975576,0.15803458,0.12412023,0.10599824,0.12714091,0.17998113,0.2289775,0.23949762,0.20155999,0.13915299,0.09131842,0.083923936,0.11062765,0.13759531,0.12926304,0.07680245,0.0050179833,-0.046209954,-0.05022655,-0.013830545,0.02762492,0.037876368
0.1535508,0.12122559,0.06165117,0.02571215,0.045178544,0.10783347,0.1670201,0.1774296,0.12797554,0.051023997,-0.0023908399,0.00023556832,0.04880864,0.09665804,0.09953045,0.045456026,-0.033091996,-0.08460807,-0.07607545,-0.018254222,0.042425394,0.05975379,0.02202951,-0.03984312
-0.12445953,-0.07747249,-0.02996033,-0.014402466,-0.039317865,-0.07837001,-0.09255698,-0.06068539,0.0040586907,0.06516212,0.08923894,0.06929592,0.03049111,0.012587271,0.035773452,0.08773644,0.1318146,0.13605821,0.09438271,0.0333752,-0.0067317653,-0.005116916,0.025220657,0.05126112
0.052022714,0.13412967,0.16578509,0.13205191,0.06662008,0.025569033,0.04525541,0.11482267,0.18369582,0.20063607,0.15036617,0.06707607,0.007752894,0.009845616,0.06372239,0.11995828,0.12631448,0.06827792,-0.019267665,-0.078973465,-0.07327226,-0.011882007,0.055287745,0.074983634
0.026891686,-0.014892503,0.002549006,0.06686783,0.12829348,0.1395107,0.08798995,0.0064144577,-0.05114616,-0.04915511,0.0015035574,0.052822053,0.056771535,0.0014586386,-0.07979292,-0.13336754,-0.12305794,-0.06048722,0.0042827274,0.02355211,-0.014489054,-0.07736045,-0.11280709,-0.085327946
-0.06879134,-0.03257066,0.05690428,0.14452809,0.1766711,0.14215411,0.07697081,0.0399914,0.06579118,0.14017276,0.20862421,0.21978375,0.16200726,0.073335476,0.0123144025,0.015770268,0.069850326,0.120818526,0.118574604,0.05175868,-0.042122778,-0.103185296,-0.094373815,-0.029831976
0.08989239,0.10002902,0.064532414,0.008640825,-0.02920297,-0.026383234,0.009466738,0.045217257,0.046464484,0.0050590257,-0.05444731,-0.09374326,-0.08875443,-0.04770569,-0.0039300025,0.0076575396,-0.022742247,-0.07028983,-0.096485935,-0.0779504,-0.02297865,0.03346376,0.055185128,0.032604385
-0.17483954,-0.16574135,-0.11035046,-0.05238038,-0.035225675,-0.06650385,-0.115791745,-0.13826771,-0.106314346,-0.03180983,0.04213377,0.07239771,0.049056023,0.0026661856,-0.02280088,0.00085193675,0.063054234,0.12098945,0.13139392,0.08598472,0.01535517,-0.035494003,-0.036926873,0.0032121278
0.038001686,0.06424912,0.027605675,-0.040602095,-0.08355283,-0.062363327,0.01445827,0.09685754,0.13172697,0.101173095,0.035834536,-0.008360036,0.008111511,0.07713586,0.14914298,0.17148998,0.12638727,0.045416187,-0.014839285,-0.013823059,0.04074488,0.09975728,0.11088377,0.05760002
0.16390032,0.20631242,0.18437697,0.12684944,0.08867168,0.10788511,0.17535774,0.24368203,0.26159948,0.21313271,0.12737255,0.060564354,0.05264122,0.096056916,0.14393894,0.14618394,0.08570327,-0.006982573,-0.07422356,-0.07569566,-0.020487368,0.043706916,0.06640483,0.030478505
-0.019210644,-0.00849345,0.035600476,0.081079096,0.093527935,0.063298665,0.011004673,-0.027219167,-0.026989162,0.0069722896,0.043425012,0.04916727,0.013989141,-0.040925216,-0.07963046,-0.077236526,-0.0389242,0.003779199,0.017183578,-0.008740281,-0.053299084,-0.08108664,-0.06790129,-0.019040823
-0.0134032415,-0.016903458,-0.07955249,-0.16398562,-0.21406789,-0.19926135,-0.13302375,-0.06583017,-0.04545399,-0.08233961,-0.14013107,-0.16518855,-0.12664312,-0.04025074,0.04287389,0.073434375,0.041118305,-0.017183442,-0.04704676,-0.018339742,0.052845255,0.11616828,0.12389598,0.067218855
-0.07335336,-0.1325349,-0.17114887,-0.16691108,-0.12751807,-0.08454866,-0.06957566,-0.090795055,-0.12618682,-0.14187294,-0.115754634,-0.05623076,0.00452052,0.03335695,0.021433335,-0.010937011,-0.028094066,-0.008200776,0.041085258,0.08749556,0.09803428,0.06370737,0.007532862,-0.03424092
-0.121542566,-0.11538267,-0.068698496,-0.024171568,-0.023484284,-0.07416723,-0.14291435,-0.1819526,-0.1645524,-0.10457306,-0.045104872,-0.028240021,-0.06307079,-0.11689926,-0.14216618,-0.11251203,-0.041716278,0.026001573,0.047285054,0.012917726,-0.04341598,-0.07344533,-0.051607158,0.00802296
-0.15092485,-0.1430954,-0.097905904,-0.051531706,-0.040065873,-0.06999089,-0.11507215,-0.13557474,-0.109409444,-0.047996826,0.012238424,0.036274597,0.016322304,-0.021577325,-0.04006073,-0.016588144,0.03764542,0.08699713,0.09793624,0.063049175,0.0072138635,-0.03139296,-0.029236628,0.0055625304
0.10954304,0.12398541,0.06695648,-0.023224553,-0.083692156,-0.07359439,-0.004955958,0.063234635,0.07443636,0.01578066,-0.07350736,-0.13111131,-0.11570722,-0.04043831,0.03664734,0.057473905,0.008556264,-0.07038816,-0.11823363,-0.09250541,-0.0069825565,0.07760645,0.10342435,0.058714233
0.15742178,0.14319675,0.10770592,0.08807529,0.10715587,0.15637195,0.20178083,0.21009342,0.17216145,0.111696474,0.066051215,0.059560776,0.08549479,0.11101744,0.10410133,0.055708025,-0.010885282,-0.05742361,-0.059408296,-0.023926783,0.016732816,0.02901424,0.0027362027,-0.0399116
-0.09768344,-0.046380095,0.0040005427,0.00943717,-0.03993147,-0.11165017,-0.15515447,-0.14084195,-0.08097599,-0.020445574,-0.0032947848,-0.03998159,-0.0989655,-0.1304137,-0.10558598,-0.0364795,0.031313278,0.05340371,0.019058855,-0.039680786,-0.07355863,-0.05385708,0.007663847,0.066546425
-0.0013988282,0.0648072,0.13327429,0.1651808,0.14990765,0.11356474,0.09421373,0.11493934,0.16768824,0.2179446,0.22792874,0.18778187,0.12329517,0.074993305,0.067868225,0.096165456,0.12580933,0.11898007,0.06506988,-0.007813156,-0.058238804,-0.061425243,-0.022982802,0.021845525
-0.19170944,-0.18763342,-0.13415399,-0.076155394,-0.060096364,-0.09802446,-0.1585929,-0.19030392,-0.16150184,-0.084430896,-0.004741175,0.030627389,0.0079527525,-0.04165539,-0.06857149,-0.040306497,0.031456828,0.100890316,0.12175924,0.0803753,0.0079421,-0.04357813,-0.04114159,0.0052197375
-0.008293225,-0.062378213,-0.14120007,-0.19071606,-0.17674707,-0.11104648,-0.04058833,-0.01369327,-0.042348735,-0.09633056,-0.122898616,-0.090051785,-0.009861701,0.069922335,0.10216525,0.073370874,0.015408797,-0.019725304,-0.00055508764,0.061199382,0.120129265,0.12985002,0.07762176,-0.0053528757
0.026798965,-0.013444157,0.0033398124,0.06151542,0.11361397,0.11487406,0.055815972,-0.02926236,-0.08717417,-0.085529774,-0.037908275,0.008663825,0.00962279,-0.0452713,-0.122303374,-0.16856761,-0.15152049,-0.085476875,-0.018308042,0.0044854563,-0.028956594,-0.085920334,-0.11284774,-0.07807672
0.096995346,0.102216855,0.060755048,-0.0044300915,-0.053479016,-0.06004116,-0.030683108,-0.0007768,-0.005001096,-0.051581524,-0.11663399,-0.16034307,-0.15588298,-0.111385606,-0.062487602,-0.045724068,-0.0703243,-0.1126558,-0.13340744,-0.10572287,-0.040013168,0.02556497,0.054928117,0.039469298
-0.06333,-0.11843642,-0.102883615,-0.03491849,0.027476477,0.032320496,-0.02937213,-0.11700939,-0.16899078,-0.14952438,-0.07546915,-0.0039521386,0.011278307,-0.03934791,-0.11560953,-0.15700254,-0.12663755,-0.042183038,0.03781195,0.05965856,0.01326059,-0.061270498,-0.103213884,-0.07519038
0.027377654,0.04861698,0.020294663,-0.027709022,-0.049005415,-0.016133651,0.0580075,0.13057649,0.16009432,0.13581371,0.08635852,0.057675753,0.07768827,0.13492975,0.18783775,0.19575387,0.14846778,0.07512541,0.022796951,0.02058936,0.058562152,0.09576401,0.092010364,0.036562398
0.15337928,0.18775374,0.15425076,0.087628804,0.045978095,0.06681223,0.13917817,0.21066147,0.22734614,0.174884,0.08782835,0.024517588,0.024291465,0.077137604,0.13295425,0.13803399,0.077249825,-0.014085882,-0.07788527,-0.07425403,-0.011767616,0.057614006,0.07921039,0.036680777
-0.03958392,0.04660037,0.13662964,0.17313997,0.13719176,0.06521204,0.01861247,0.038150787,0.11181013,0.18634059,0.20441228,0.14921899,0.05699316,-0.00886315,-0.0077165263,0.05073713,0.11196648,0.119728915,0.057502896,-0.03736888,-0.101481855,-0.094118305,-0.02682914,0.047155026
0.009100047,0.01787769,0.049308784,0.07381638,0.06611937,0.021750834,-0.037921444,-0.08026781,-0.08620736,-0.06432065,-0.043690555,-0.050308578,-0.08880366,-0.13824643,-0.16605791,-0.15318523,-0.10905414,-0.06456693,-0.046686992,-0.06118832,-0.088157825,-0.09482959,-0.06274343,-0.0041857176
0.014373363,-0.033867773,-0.01536483,0.052054837,0.11269868,0.115177125,0.048869785,-0.04685593,-0.11083177,-0.10578623,-0.04739271,0.009438123,0.012894046,-0.04809373,-0.13470632,-0.1861752,-0.1648257,-0.08717912,-0.009795872,0.01513894,-0.024836535,-0.09180135,-0.1250308,-0.087117754
0.077633105,0.15183258,0.1823709,0.15930592,0.111290954,0.085132964,0.10858848,0.16984051,0.22532435,0.23417248,0.18627554,0.11200486,0.058928285,0.057062134,0.09548169,0.13253774,0.12598598,0.0671579,-0.013223337,-0.06660504,-0.062899224,-0.013011072,0.039166797,0.05209237
-0.12911955,-0.17312026,-0.14619501,-0.063536234,0.018777568,0.048631884,0.014875816,-0.044028338,-0.07092382,-0.032323427,0.056475326,0.14090215,0.16761635,0.12623352,0.05418271,0.009258839,0.026498318,0.0916932,0.15158653,0.15296623,0.086237945,-0.009813425,-0.076350935,-0.07644717
0.11190932,0.12312593,0.06662464,-0.02333743,-0.087858155,-0.0904195,-0.040702052,0.011433116,0.015308525,-0.043089114,-0.12956066,-0.18651444,-0.17651899,-0.11084518,-0.03917229,-0.013762056,-0.05014064,-0.114640065,-0.14959414,-0.1184779,-0.03408776,0.052346468,0.08879723,0.05885488
0.016979892,-0.05830609,-0.11702399,-0.12782443,-0.0962489,-0.060870133,-0.060445186,-0.10698011,-0.17520218,-0.22173598,-0.21531643,-0.16317277,-0.1037495,-0.07804709,-0.09824746,-0.14124542,-0.16345339,-0.13478951,-0.06409496,0.008760196,0.043578677,0.027484074,-0.016842682,-0.046311524
0.057282414,0.029098777,-0.021663237,-0.049808037,-0.02514564,0.04189292,0.10912135,0.13568209,0.11079381,0.060485918,0.029185848,0.04635397,0.10260582,0.15646885,0.16777618,0.12613474,0.058479954,0.009720728,0.010915126,0.052212063,0.09283776,0.093785115,0.045905415,-0.025288142
-0.056974977,-0.10465724,-0.10209653,-0.059698902,-0.017594699,-0.015924083,-0.06308981,-0.13016646,-0.17189932,-0.16076064,-0.10658912,-0.050357252,-0.032629553,-0.063437685,-0.1145662,-0.14172316,-0.11670834,-0.050198253,0.016016703,0.04017809,0.012184991,-0.039392296,-0.06969821,-0.05083371
0.01783262,-0.05811372,-0.10893737,-0.10804799,-0.06763331,-0.030867675,-0.03742722,-0.09326239,-0.16493273,-0.20670047,-0.19192976,-0.13455977,-0.078167945,-0.063846104,-0.097072095,-0.14635006,-0.16508399,-0.12895891,-0.05369423,0.01629206,0.040534057,0.013314254,-0.03379459,-0.056718
0.113971986,0.05485998,-0.03578385,-0.09877919,-0.09600682,-0.042677615,0.009621124,0.010406305,-0.05133123,-0.1391163,-0.19409525,-0.18028378,-0.1111928,-0.040718433,-0.019110933,-0.05954566,-0.12579186,-0.15978196,-0.12574773,-0.03935736,0.045464203,0.07747102,0.04406222,-0.020491842
-0.16410166,-0.1566565,-0.110835314,-0.0596262,-0.038305033,-0.05488307,-0.08725845,-0.099423155,-0.06930873,-0.005521999,0.05876866,0.08954814,0.07711294,0.044123553,0.024485057,0.04135065,0.086749986,0.12879454,0.13506785,0.09692861,0.036312003,-0.011403897,-0.022134783,9.81444e-05
-0.106421836,-0.13756365,-0.12936878,-0.0900713,-0.04959842,-0.037350573,-0.059291933,-0.0931458,-0.10650892,-0.08185437,-0.027970003,0.024796603,0.046240937,0.030024605,-0.0024910353,-0.018862462,-0.0006666061,0.04318785,0.08355495,0.0896224,0.055417284,0.0036479828,-0.031806324,-0.032404024
-0.02705109,-0.054383032,-0.026272515,0.04602021,0.117129266,0.1443564,0.11659907,0.06356056,0.03147673,0.050078843,0.1086997,0.16433138,0.17425874,0.12862977,0.056877173,0.006136077,0.0069224834,0.049786277,0.09245058,0.092407234,0.04036519,-0.034464005,-0.0848949,-0.079325095
-0.06893752,-0.023049958,-0.018593045,-0.06764769,-0.1414577,-0.19063461,-0.18150693,-0.12361021,-0.060424726,-0.0370432,-0.06609324,-0.119484134,-0.14869702,-0.12118991,-0.04800392,0.027026296,0.057691872,0.031873185,-0.022103054,-0.054988325,-0.03547042,0.025431551,0.08370382,0.09658431
0.08199531,0.049394865,-0.0061459504,-0.034170747,-0.0040559247,0.07281078,0.14857481,0.17588481,0.14357279,0.08358382,0.046448365,0.06380772,0.124635495,0.18238534,0.19083929,0.13864261,0.059023872,0.003443456,0.0040709656,0.051101897,0.098545246,0.09982107,0.044145033,-0.03483135
-0.049467415,-0.13214587,-0.18471456,-0.1686459,-0.096847035,-0.021074656,0.007072553,-0.025732756,-0.08622088,-0.11941209,-0.087921195,-0.0036721095,0.08084102,0.113661796,0.081454456,0.015599814,-0.027030662,-0.008717244,0.0594505,0.12471089,0.13671872,0.08233753,-0.0062603774,-0.07170016
0.008061846,-0.059998535,-0.15697685,-0.21886818,-0.20558102,-0.13364033,-0.060108893,-0.039755788,-0.0841596,-0.15567048,-0.19171153,-0.15461472,-0.060611118,0.03162857,0.067033075,0.03212571,-0.034449104,-0.07094897,-0.038731623,0.045158572,0.12256487,0.13875219,0.08222826,-0.009245614
0.025630616,-0.012057354,-0.06566855,-0.093986295,-0.07286483,-0.011999228,0.049163412,0.07068725,0.045448776,0.000838819,-0.021563966,0.0021154706,0.061075445,0.11655434,0.13035639,0.094440155,0.03818518,0.002969044,0.011466409,0.05490898,0.09567691,0.09563329,0.047449704,-0.019133236
0.04120803,-0.0017664398,0.008591837,0.061625205,0.113629796,0.118434094,0.06287498,-0.02176702,-0.08345221,-0.08821664,-0.045444783,0.00077761256,0.0047483738,-0.047300637,-0.123588905,-0.17253846,-0.15981573,-0.09643756,-0.027824784,-0.0010775547,-0.030172035,-0.08388814,-0.11043061,-0.078845024
0.010578853,-0.03014489,-0.054898795,-0.03717016,0.01919412,0.08284639,0.11635718,0.10549685,0.06910519,0.043749765,0.056173265,0.10348234,0.15432774,0.17211114,0.1433449,0.0867538,0.040630776,0.032418963,0.060566798,0.09405155,0.09676326,0.055375163,-0.009399159,-0.059784703
-0.04572103,0.012746783,0.03604357,0.010668097,-0.039463803,-0.06914679,-0.047248714,0.018159332,0.08692968,0.117087096,0.09473492,0.04403384,0.010038942,0.024207214,0.07873573,0.13406448,0.14830574,0.108821414,0.04017137,-0.011174329,-0.013185536,0.026385242,0.068285085,0.07271942
-0.119307496,-0.07394779,-0.026229655,-0.009741366,-0.033899833,-0.07495786,-0.09414081,-0.067919,-0.006400295,0.05469683,0.08078036,0.06258001,0.022671536,0.000715549,0.019488102,0.070388064,0.11730915,0.12654777,0.08950198,0.029479472,-0.013154004,-0.013741559,0.018265545,0.04906677
0.19609243,0.15759158,0.0873363,0.046165105,0.07232774,0.14960821,0.22009794,0.22970426,0.16715539,0.07285017,0.008086555,0.011469441,0.06938258,0.12427243,0.12292403,0.053780723,-0.042855304,-0.10521156,-0.0937588,-0.023110125,0.0486691,0.066774584,0.020235265,-0.05276551
-0.0014011307,-0.039134152,-0.09797483,-0.13783725,-0.13051608,-0.08099268,-0.024253767,0.00041555834,-0.01855782,-0.059817698,-0.0835654,-0.06297946,-0.0038088986,0.058580235,0.08589984,0.0653467,0.019928183,-0.011130065,-0.0017102,0.04349464,0.09006607,0.1002284,0.062250614,-0.0008610697
-0.00049673277,0.016667277,0.07041684,0.12000439,0.12597758,0.078377336,0.0058516744,-0.045037556,-0.04630755,-0.0076363822,0.030614138,0.028909933,-0.022268869,-0.09427757,-0.1405395,-0.13227324,-0.08011539,-0.02542398,-0.008549351,-0.040380325,-0.092293404,-0.117464,-0.088392675,-0.018094031
-0.11780125,-0.14823188,-0.14073683,-0.1030934,-0.06398651,-0.04967607,-0.06631255,-0.0943374,-0.10379792,-0.07789962,-0.024659205,0.027470713,0.05118464,0.04016299,0.012410394,-0.0020043417,0.014828431,0.05509396,0.09122465,0.096531905,0.06457942,0.0141153475,-0.023535324,-0.028324792
0.11851281,0.1278317,0.06611159,-0.029828973,-0.098353624,-0.09991959,-0.044779584,0.011596444,0.014685577,-0.048551876,-0.14046752,-0.20031475,-0.18762723,-0.11493728,-0.037354194,-0.011723015,-0.052184682,-0.12102928,-0.15841752,-0.123941444,-0.03160328,0.060488705,0.09599626,0.061712775
0.014249712,-0.07536836,-0.13885117,-0.14311503,-0.10037053,-0.05949207,-0.065500446,-0.12706251,-0.20880386,-0.25856102,-0.24349147,-0.17747383,-0.10998412,-0.08794033,-0.11995559,-0.17316365,-0.19482331,-0.15396354,-0.06651904,0.016585212,0.049122535,0.02260298,-0.030904869,-0.060127027
-0.011027891,0.007097499,0.07485368,0.13856213,0.14675115,0.08719518,-0.004692433,-0.07087272,-0.07353074,-0.023129188,0.028334338,0.029456547,-0.03241762,-0.12199632,-0.18103224,-0.1712822,-0.103533395,-0.031369876,-0.0076177493,-0.045469392,-0.110853896,-0.14585797,-0.11215557,-0.023165554
-0.05817522,-0.06656961,-0.11190007,-0.16987258,-0.20485672,-0.1959784,-0.15187295,-0.10516294,-0.08673501,-0.10438204,-0.13488951,-0.143623,-0.11070994,-0.046004184,0.016651032,0.044971637,0.031317323,-0.0011173802,-0.016883612,0.0044886596,0.05236745,0.0931062,0.095524445,0.05422962
-0.045677703,-0.06885635,-0.04935885,0.0033361989,0.05438166,0.0718305,0.048402343,0.008357387,-0.012653617,0.006047743,0.05478136,0.10020957,0.10951975,0.076773316,0.026295634,-0.0058093593,0.0018756159,0.039700754,0.07470464,0.074509464,0.033959612,-0.022241767,-0.058174662,-0.052646082
-0.007340006,0.0105317,0.07198976,0.13026486,0.14004274,0.091073334,0.014047741,-0.04097073,-0.0412242,0.0041506393,0.04976331,0.05045322,-0.00453631,-0.08410767,-0.13728116,-0.13084473,-0.07380275,-0.013172191,0.003897448,-0.03309992,-0.093176134,-0.12580737,-0.09815862,-0.02189971
-0.038351804,-0.01645617,0.056697614,0.12779899,0.1440066,0.09375391,0.012686183,-0.042214006,-0.034935094,0.023705676,0.08194913,0.08815427,0.03017716,-0.05580224,-0.11328722,-0.10513892,-0.042439073,0.022926938,0.03825841,-0.008319838,-0.08161106,-0.1251433,-0.10250221,-0.024362022
-0.03380332,-0.061310634,-0.025004614,0.054069076,0.123581395,0.14059262,0.097974084,0.032747433,-0.0019278178,0.023053894,0.08867351,0.14497615,0.14834289,0.09265773,0.013571344,-0.034761794,-0.02220615,0.033118535,0.08211314,0.0819656,0.024370695,-0.05516271,-0.10096651,-0.080911145
0.007255166,-0.030034967,-0.046807855,-0.021349298,0.037141982,0.096318215,0.12189847,0.10596763,0.07072511,0.051155515,0.06882435,0.1158235,0.15998016,0.16844873,0.13346465,0.0777645,0.037628163,0.035172243,0.06373824,0.09183391,0.0872016,0.04213077,-0.019687904,-0.062061787
-0.11653712,-0.11902164,-0.08253789,-0.04549787,-0.04547581,-0.09218167,-0.15871908,-0.20147723,-0.19210292,-0.14029929,-0.08455369,-0.06385279,-0.08984476,-0.13644293,-0.16049147,-0.13404867,-0.066486716,0.00177332,0.030853283,0.008617392,-0.039256074,-0.06783345,-0.048822787,0.0069083166
-0.03874325,-0.037684474,-0.08178145,-0.14623256,-0.18916443,-0.18447375,-0.13764971,-0.08319102,-0.058125656,-0.07622011,-0.114579305,-0.13395828,-0.10871091,-0.045256246,0.022282625,0.05595652,0.042193256,0.0029647157,-0.022641491,-0.009038696,0.03873617,0.08792041,0.10062928,0.06264042
0.10266741,0.039728064,0.004360396,0.02562125,0.08841584,0.14421678,0.14728995,0.09050337,0.009792358,-0.042298593,-0.035936516,0.0144500015,0.06126434,0.05900675,0.0011432405,-0.07695065,-0.12242214,-0.10593719,-0.04252113,0.019404743,0.03452051,-0.004942297,-0.0639557,-0.09154279
-0.21411434,-0.14269982,-0.06494908,-0.043703053,-0.096608266,-0.18152812,-0.22931974,-0.19616331,-0.09622092,0.00811003,0.05318538,0.020722426,-0.04903962,-0.0871733,-0.051651284,0.044567797,0.13913794,0.1686579,0.11590817,0.02236508,-0.043622296,-0.038089722,0.027215397,0.092654005
0.048958573,0.1279097,0.15811081,0.12415004,0.057872545,0.016463758,0.036765624,0.10597537,0.17363136,0.19009273,0.1405662,0.05804843,-0.00012498484,0.0039501046,0.05888383,0.114894666,0.12164048,0.065417156,-0.021421663,-0.079703696,-0.07141716,-0.00935555,0.055992387,0.0753981
0.03124734,0.0506902,0.007073871,-0.062442526,-0.099302776,-0.066345714,0.022043783,0.10943198,0.14216746,0.10744262,0.042093694,0.004527287,0.031743784,0.110011354,0.1839974,0.1998623,0.14566647,0.059427056,-0.00022669272,0.0057932744,0.06438803,0.120092504,0.11983343,0.053646993
-0.10687583,-0.033899512,0.03709031,0.057115026,0.015512345,-0.05048392,-0.08464561,-0.053722117,0.025380304,0.10016913,0.12094157,0.078104824,0.008663687,-0.030462237,-0.007903574,0.061399866,0.12361102,0.13039237,0.07414719,-0.007722367,-0.05913613,-0.04806248,0.01032789,0.06493406
-0.028413525,-0.07939622,-0.11044229,-0.100964524,-0.060602758,-0.020055076,-0.008176132,-0.031860888,-0.06965785,-0.088634595,-0.06825806,-0.018238522,0.02998818,0.047169797,0.02665954,-0.011078356,-0.0320444,-0.015654964,0.027740145,0.06695928,0.07394792,0.042028986,-0.008217593,-0.04183579
0.07969553,0.0811732,0.040449962,-0.019369243,-0.060915366,-0.06181593,-0.030225514,-0.00041558678,-0.0033641323,-0.044897415,-0.1012355,-0.13607948,-0.12698509,-0.08340331,-0.038559448,-0.02515537,-0.04928353,-0.087931134,-0.10608756,-0.08120927,-0.02342237,0.032591682,0.054526366,0.03546304
-0.16022407,-0.14712395,-0.09002053,-0.030237226,-0.009161786,-0.036352023,-0.084151715,-0.10638088,-0.075360574,-0.0033685314,0.06749389,0.09593575,0.071058765,0.021385765,-0.008036317,0.011828887,0.06952064,0.12264534,0.13109177,0.084626056,0.012157631,-0.039509594,-0.04025326,-0.0012040135
0.021208916,-0.03610783,-0.07608701,-0.07731826,-0.047599647,-0.018284785,-0.01904514,-0.057758637,-0.11167139,-0.14547998,-0.13703574,-0.09527143,-0.051804088,-0.03805108,-0.060746282,-0.0993961,-0.11750805,-0.094059415,-0.039870225,0.012893293,0.033706572,0.014813744,-0.022467047,-0.043117344
0.017704764,-0.058553737,-0.11371403,-0.11411696,-0.06785592,-0.018975936,-0.01192893,-0.05857379,-0.1297479,-0.17682548,-0.1662518,-0.10664497,-0.041552912,-0.017098993,-0.046192955,-0.10131268,-0.13366888,-0.11012084,-0.039161697,0.034233347,0.063768804,0.035570126,-0.022330282,-0.06100469
0.034440145,0.047284696,0.08870583,0.12701918,0.13117093,0.09427159,0.03740452,-0.006248873,-0.013991266,0.009170392,0.03304197,0.026692273,-0.017200796,-0.07718439,-0.11836003,-0.11796511,-0.08116437,-0.039660323,-0.02696327,-0.05001752,-0.086847134,-0.10370071,-0.07885588,-0.020017255
0.015952911,-0.039896,-0.12284531,-0.1746749,-0.15788504,-0.086160876,-0.012116543,0.012597327,-0.02399724,-0.087929875,-0.121933654,-0.09022811,-0.00615905,0.0766936,0.10658447,0.07025252,0.0027982562,-0.038792036,-0.017466296,0.053061556,0.11948813,0.13040882,0.07474333,-0.012885426
-0.12550831,-0.1085656,-0.05381466,-0.00034013847,0.014766518,-0.015777504,-0.064010285,-0.08601883,-0.05788985,0.0063429116,0.06650417,0.08559648,0.055189293,0.0042004245,-0.023849474,-0.003914786,0.0504053,0.09836184,0.10397714,0.05867991,-0.007883255,-0.050042972,-0.042515803,-0.000121638615
-0.060094483,-0.11322411,-0.14877485,-0.1440162,-0.10614414,-0.0654523,-0.051408857,-0.07060476,-0.103319265,-0.118840545,-0.095857784,-0.04187715,0.011902654,0.03594135,0.02314371,-0.007555725,-0.024694217,-0.0073416037,0.037289657,0.07782375,0.08599942,0.05571357,0.005603189,-0.032472607
0.03174951,-0.009591208,-0.07164565,-0.106692255,-0.084966324,-0.018252794,0.04865454,0.071891,0.04203055,-0.010902963,-0.03929256,-0.014229601,0.05303552,0.11741251,0.1351283,0.09622566,0.032053176,-0.009241507,0.002010173,0.05489559,0.10448334,0.10717864,0.054827414,-0.020604437
0.059727952,0.12773855,0.1379553,0.07952026,-0.008815008,-0.06746471,-0.058954533,0.0011041755,0.05793569,0.060292743,-0.0025584549,-0.091938615,-0.14769617,-0.13317947,-0.06342379,0.0062222485,0.022666901,-0.024547098,-0.097503684,-0.13601753,-0.104026765,-0.01825615,0.06482088,0.09249009
-0.12878622,-0.08181889,-0.034725547,-0.02241259,-0.052766874,-0.09927504,-0.121577784,-0.095188625,-0.032012843,0.029320704,0.052829273,0.03132166,-0.009495264,-0.028938893,-0.004610845,0.052744944,0.10368393,0.113099866,0.0760902,0.018792033,-0.019036628,-0.0142306695,0.023067804,0.05594984
0.030152304,0.04392182,0.09506159,0.14666346,0.15818897,0.116775535,0.0468173,-0.007889696,-0.01744472,0.013234761,0.047646113,0.045818888,-0.0053125345,-0.08038294,-0.13383372,-0.13537367,-0.090578176,-0.037680715,-0.019114016,-0.048186563,-0.09796786,-0.12356653,-0.097308025,-0.028303377
0.056702934,0.013094577,0.022283584,0.07645896,0.13231114,0.14241812,0.09144258,0.007998543,-0.056327745,-0.065003455,-0.024439305,0.021781795,0.026887063,-0.024860883,-0.10376957,-0.15859236,-0.15238164,-0.09285591,-0.025707047,0.0011913528,-0.027137665,-0.08188417,-0.11235078,-0.084542766
0.022368928,0.06392378,0.09856205,0.09524735,0.048283942,-0.018349374,-0.06544457,-0.07023435,-0.042985298,-0.017127445,-0.024062812,-0.070318624,-0.1316614,-0.1693703,-0.15967694,-0.11291797,-0.06431367,-0.04650785,-0.0682259,-0.10614043,-0.12027295,-0.08739955,-0.020750625,0.042409938
-0.047793973,0.007971472,0.06542913,0.087077715,0.06224866,0.014767796,-0.015079718,0.00028460193,0.052521095,0.10517489,0.12016728,0.08712782,0.030269576,-0.009220007,-0.0043312022,0.038397115,0.08179237,0.08822747,0.04823341,-0.013992471,-0.057219803,-0.05350845,-0.0098539265,0.036543656
0.032668855,0.0023148682,-0.043499596,-0.06618779,-0.042720076,0.015331814,0.07084594,0.0900391,0.066638485,0.025297238,0.003990943,0.025197435,0.077933736,0.12546831,0.13437054,0.098414585,0.04332508,0.007522609,0.014502052,0.05309983,0.087073,0.08423499,0.03922358,-0.022702904
0.11861299,0.13156636,0.082472,0.0033269788,-0.051923715,-0.048981857,0.0025163707,0.054059573,0.0578867,0.0027987277,-0.07848396,-0.13252798,-0.124281615,-0.064547166,-0.0015413616,0.015694788,-0.025011115,-0.09044461,-0.12792014,-0.102504775,-0.026546437,0.05043956,0.079074234,0.04822131
0.08560665,0.05018536,-0.020138688,-0.06013174,-0.025942324,0.072837636,0.17777978,0.2255665,0.19523484,0.12303484,0.07410655,0.09333807,0.17227146,0.2536607,0.27483866,0.21504329,0.11187202,0.032736,0.024086794,0.07856813,0.13967946,0.14437008,0.073064275,-0.034563065
-0.010327575,0.009452144,0.07959079,0.14484084,0.15227003,0.08880611,-0.008124818,-0.077196114,-0.07965005,-0.027365858,0.025583588,0.025857287,-0.03954243,-0.13329461,-0.19424823,-0.18258627,-0.11119754,-0.03571648,-0.010782463,-0.050604917,-0.1186606,-0.1535925,-0.11650454,-0.02291989
0.02289148,-0.03280907,-0.06224636,-0.033418644,0.042266533,0.121845655,0.15862167,0.13696098,0.08502157,0.0526313,0.07253788,0.13516882,0.1970282,0.21285495,0.16854902,0.09196555,0.035157163,0.03195931,0.072495036,0.11480578,0.11530324,0.059342414,-0.024542581,-0.08339343
-0.02704648,0.07042998,0.1700972,0.21316415,0.181501,0.11237689,0.06852124,0.09318989,0.17293744,0.25111294,0.26809508,0.20813417,0.1088441,0.03596236,0.03264203,0.088735685,0.14595388,0.14587583,0.07430061,-0.030786471,-0.103451766,-0.09936679,-0.03083862,0.043614082
0.019813009,-0.03907902,-0.122562476,-0.17240244,-0.15380847,-0.08289772,-0.012617982,0.0071247267,-0.033022217,-0.09753714,-0.12946925,-0.095794626,-0.012598274,0.0665413,0.092531234,0.054421987,-0.0109654935,-0.04764084,-0.022309575,0.048934415,0.113994576,0.12381071,0.06882263,-0.015722675
0.12628053,0.09337237,0.04291627,0.016140232,0.036736045,0.09076942,0.13736731,0.13949516,0.092599705,0.027959684,-0.012014378,-0.003619111,0.040851127,0.08000092,0.077145,0.027199684,-0.03822483,-0.075887695,-0.061748408,-0.008802209,0.040540013,0.048549887,0.011311895,-0.03976982
0.019881833,-0.033271585,-0.06471493,-0.056274157,-0.020319391,0.010976834,0.008728304,-0.03140736,-0.08379113,-0.113148645,-0.10049758,-0.058015224,-0.018663215,-0.0118295755,-0.041515335,-0.08350229,-0.101878926,-0.07844718,-0.02674751,0.020622456,0.034312353,0.009105886,-0.030726116,-0.049234226
-0.039355177,-0.016615609,0.051730312,0.112725645,0.11784585,0.05754946,-0.030770857,-0.08804694,-0.08035305,-0.023384694,0.029979033,0.030967211,-0.03021857,-0.11558532,-0.16677234,-0.14837691,-0.07722238,-0.0078111785,0.010572625,-0.032918353,-0.10094801,-0.1339735,-0.09802865,-0.012417125
-0.006141568,0.020866806,0.07962038,0.12726419,0.12665434,0.074861445,0.006625232,-0.032770082,-0.022170164,0.022342268,0.05823811,0.048571885,-0.009220943,-0.08016603,-0.11867702,-0.102562934,-0.048941452,-0.0006193648,0.0038095287,-0.039044123,-0.09324951,-0.112958156,-0.0784942,-0.007814909
-0.044924624,-0.10004708,-0.13482876,-0.123568,-0.0732087,-0.01989099,-0.00024549512,-0.021963555,-0.060849495,-0.080430664,-0.056288153,0.0036151602,0.062994905,0.085388705,0.06253254,0.018666003,-0.0087307105,0.00421761,0.050987605,0.09454279,0.09923602,0.05840382,-0.0025486702,-0.04731001
0.031813275,0.0057794647,0.03228279,0.09610665,0.15157615,0.15669769,0.10476424,0.03145135,-0.015462571,-0.008906186,0.03646161,0.07647435,0.070373066,0.011758434,-0.06481007,-0.11070879,-0.09961554,-0.045941662,0.0067185746,0.016011395,-0.025090065,-0.082587354,-0.108781636,-0.07797772
0.0043842136,0.01809956,-0.015366529,-0.07270776,-0.111509584,-0.10240867,-0.0496355,0.010385291,0.03761732,0.017206036,-0.028548108,-0.058385137,-0.043198504,0.012590365,0.073421344,0.09869952,0.07387614,0.02141248,-0.017613955,-0.01364936,0.029806707,0.07818556,0.090689845,0.053032037
-0.07283569,0.010407691,0.093863934,0.119171284,0.071591824,-0.009338332,-0.05974119,-0.038348164,0.0409387,0.120118864,0.14014058,0.08588135,-0.0033888728,-0.06243271,-0.04996553,0.022547124,0.095973976,0.11086098,0.052016407,-0.040793277,-0.10169686,-0.087959394,-0.012458961,0.06488903
-0.049350232,-0.08489047,-0.051318556,0.038097627,0.12825635,0.16706273,0.13871637,0.07756829,0.041097365,0.06680492,0.14233847,0.2150941,0.23213693,0.17985371,0.09270051,0.029537791,0.02953702,0.08129506,0.13238917,0.13127315,0.065211415,-0.030988127,-0.098311216,-0.09630354
-0.046115983,-0.07991606,-0.08170215,-0.0598456,-0.04029168,-0.046957087,-0.08350626,-0.1303483,-0.15779404,-0.14997897,-0.11501884,-0.07998949,-0.06989592,-0.08927961,-0.11850182,-0.12885673,-0.10395605,-0.053820837,-0.007170456,0.01103121,-0.0034108048,-0.03100289,-0.043011922,-0.024252
0.1784649,0.14772046,0.0954724,0.069336854,0.09498835,0.15698296,0.20983085,0.21210444,0.1577337,0.08122029,0.030694185,0.032829057,0.07367255,0.10870787,0.09885026,0.037445575,-0.040918674,-0.08793552,-0.07791337,-0.024815924,0.02811828,0.0398919,0.0026775436,-0.051029358
0.037424173,0.08385306,0.119985394,0.11559514,0.06746877,0.00286981,-0.03975574,-0.0403943,-0.012746406,0.009034222,-0.0051271897,-0.057620835,-0.12058847,-0.15611027,-0.14440906,-0.09941716,-0.05729348,-0.048473075,-0.07622958,-0.11330919,-0.122508354,-0.08574774,-0.01897969,0.04126276
-0.062356032,-0.017259767,-0.0085716,-0.04987739,-0.116164014,-0.1625339,-0.15648703,-0.10422717,-0.044461403,-0.019616649,-0.04380987,-0.09308458,-0.1231677,-0.1025206,-0.038524892,0.030065792,0.059956018,0.037427586,-0.013305806,-0.047625363,-0.034978386,0.017874403,0.072249025,0.08725062
-0.10153771,-0.10777175,-0.07600118,-0.038988434,-0.03298808,-0.0711172,-0.13091245,-0.17274763,-0.16895108,-0.124271624,-0.071415536,-0.048148874,-0.068035886,-0.11031686,-0.1361068,-0.118091024,-0.060830344,0.002120244,0.032213077,0.014837509,-0.02883416,-0.059237096,-0.048589554,-0.0017273787
-0.06485606,-0.11905285,-0.115519114,-0.06540849,-0.014887204,-0.010627024,-0.06329122,-0.13966213,-0.18743795,-0.17466815,-0.1121747,-0.046955086,-0.026469389,-0.062452357,-0.122661196,-0.15533522,-0.12810902,-0.052866742,0.02244917,0.049319893,0.01605096,-0.044394337,-0.08036732,-0.059687458
-0.008056362,0.0277443,0.057864495,0.052052367,0.004807409,-0.06107684,-0.10800868,-0.112899736,-0.08517809,-0.057422508,-0.06037741,-0.10004467,-0.15333144,-0.1838775,-0.16903818,-0.11877991,-0.06739138,-0.04655926,-0.06288849,-0.09467229,-0.10595317,-0.07460225,-0.011964871,0.04640143
-0.0532776,-0.10861635,-0.14061008,-0.12687105,-0.076500736,-0.023634983,-0.0037153326,-0.024961757,-0.062176958,-0.07853452,-0.051630814,0.009084841,0.06838526,0.091057144,0.068018526,0.024338197,-0.0015757447,0.012545099,0.05808111,0.10037321,0.10364902,0.06022181,-0.0031648779,-0.047109522
0.039664302,-0.0055804173,0.0015415413,0.052657258,0.105480626,0.115431234,0.06775536,-0.011520018,-0.07252735,-0.07924801,-0.03785563,0.00951271,0.01816634,-0.027316492,-0.10028806,-0.15155289,-0.14429298,-0.08550519,-0.019598626,0.008369239,-0.017419498,-0.07113681,-0.10363961,-0.079080865
0.07566634,0.03518216,-0.024998857,-0.06663806,-0.06587212,-0.03317645,-0.0017241082,-0.003964586,-0.046528716,-0.10488289,-0.14073697,-0.13148698,-0.08637947,-0.0405258,-0.02650871,-0.052650724,-0.09464997,-0.1144373,-0.08960302,-0.030923024,0.026164308,0.04800183,0.02682358,-0.013703592
-0.03279891,-0.00042534163,0.066888444,0.13169318,0.1585716,0.14040308,0.101357505,0.0811576,0.10215333,0.15378417,0.19885753,0.20338576,0.16047642,0.096450545,0.050748277,0.048438698,0.07880296,0.10558028,0.09613547,0.04365545,-0.025576508,-0.07079386,-0.06711008,-0.025455114
-0.011747535,-0.050080873,-0.10164325,-0.1355056,-0.13240895,-0.098718,-0.06222424,-0.05189436,-0.07343092,-0.10772776,-0.12380449,-0.10333358,-0.053542525,-0.0032609294,0.01869131,0.0048991935,-0.02440056,-0.038876567,-0.020762566,0.023544228,0.06515207,0.07474818,0.046227686,0.0004757358
-0.052148446,-0.09692129,-0.092710026,-0.04985279,-0.007916257,-0.004953779,-0.049606115,-0.113966495,-0.15406983,-0.14334413,-0.091623865,-0.038386367,-0.022626821,-0.05382187,-0.104646586,-0.13216664,-0.10903059,-0.04618977,0.015939752,0.03811726,0.010597692,-0.03941313,-0.06875578,-0.05034745
-0.03469058,0.021319214,0.08590571,0.11639701,0.09436931,0.042440426,0.0046095587,0.012192284,0.061007667,0.11606989,0.13523456,0.10159891,0.037206594,-0.012776141,-0.016701095,0.022522563,0.069369234,0.08254665,0.044406842,-0.02185412,-0.07074518,-0.07069251,-0.026110934,0.0290093
-0.1758638,-0.16821963,-0.1220255,-0.07417952,-0.05961085,-0.0850713,-0.12567025,-0.1417268,-0.10976204,-0.041848883,0.024637284,0.05438774,0.038964733,0.0034414723,-0.014219055,0.010449075,0.06638025,0.11601926,0.12556097,0.08713138,0.025123194,-0.020250138,-0.022588747,0.008251437
0.020149652,-0.041149832,-0.0826697,-0.08215093,-0.049887262,-0.020787872,-0.026499204,-0.07200544,-0.13120721,-0.16690077,-0.15681686,-0.11173641,-0.06704113,-0.05542704,-0.08193166,-0.12217303,-0.13872418,-0.110532485,-0.049571607,0.007968136,0.029491782,0.009567748,-0.028033486,-0.046717092
0.0075605144,0.020856457,0.061924398,0.09960041,0.103589155,0.06811438,0.01499426,-0.022424158,-0.023321562,0.005294348,0.03300231,0.029721806,-0.010824532,-0.0662012,-0.10197423,-0.09694726,-0.05828648,-0.01763101,-0.0073813996,-0.03341446,-0.07256612,-0.09057417,-0.06807166,-0.013852443
0.114937976,0.12263343,0.087090835,0.030334199,-0.010826811,-0.013273647,0.015912708,0.04324882,0.037468407,-0.0078099705,-0.06972664,-0.11219626,-0.11182493,-0.076183215,-0.037739735,-0.028614726,-0.056230716,-0.09825695,-0.120349474,-0.098895274,-0.042108454,0.016149372,0.042618554,0.029557852
0.035536442,-0.041991234,-0.09307999,-0.08424291,-0.026944453,0.03030597,0.03987741,-0.010087484,-0.08544288,-0.13279775,-0.11821247,-0.054067228,0.011147972,0.02874782,-0.012117585,-0.07900466,-0.117196485,-0.09373187,-0.022232559,0.048012152,0.069444686,0.030751057,-0.034968697,-0.07476937
0.14839473,0.11798199,0.060135394,0.023814987,0.042402036,0.10572977,0.16691767,0.17959069,0.13286379,0.058197387,0.005391854,0.007677526,0.056534085,0.10546969,0.108790495,0.055620443,-0.02236143,-0.07514889,-0.06902893,-0.01265715,0.046634097,0.062122352,0.023883116,-0.0376101
-0.053875532,-0.018812105,-0.016087668,-0.05501068,-0.111897364,-0.14774139,-0.13770674,-0.091149904,-0.04153134,-0.023347875,-0.045915943,-0.0866226,-0.1076852,-0.08499498,-0.028086256,0.029065175,0.051855784,0.03065001,-0.01223954,-0.037936226,-0.023123171,0.022791438,0.06669293,0.07526287
-0.12065811,-0.077804804,-0.03520925,-0.023444522,-0.047998905,-0.08548456,-0.1008466,-0.07302711,-0.012467143,0.045837905,0.06983065,0.05313693,0.01796459,0.00045502814,0.02134474,0.071765624,0.11680829,0.12420843,0.0883534,0.03202538,-0.007728909,-0.007451419,0.023770433,0.051042754
-0.117493756,-0.16813208,-0.15088554,-0.078825444,-0.0061928495,0.01522664,-0.02640926,-0.0931774,-0.12813155,-0.097653225,-0.015374122,0.06572428,0.09231263,0.053109203,-0.014960818,-0.05498672,-0.03224382,0.039574627,0.10805604,0.11985196,0.06444773,-0.020102097,-0.07688985,-0.07033915
0.05739168,0.09367193,0.09303139,0.051552784,-0.0069913883,-0.04756688,-0.048400246,-0.019459214,0.005870032,-0.0017157372,-0.04628573,-0.103778236,-0.13843153,-0.12930386,-0.086611755,-0.044373006,-0.033841796,-0.058897343,-0.09642933,-0.11095848,-0.081950516,-0.021403654,0.03456869,0.05573485
0.14229506,0.16695099,0.13884144,0.08961526,0.06566809,0.09363384,0.15772887,0.2130955,0.21884775,0.16941077,0.09670219,0.048945986,0.05394081,0.0976032,0.13542609,0.12732324,0.066799305,-0.012746874,-0.062269434,-0.0531058,-0.000550766,0.050062228,0.05743863,0.016264047
-0.20289949,-0.19093254,-0.12952533,-0.06596234,-0.048215214,-0.08566396,-0.14338374,-0.16807552,-0.13028993,-0.046019103,0.036300104,0.069575,0.04224301,-0.010043699,-0.036138434,-0.0053215013,0.066575676,0.1316727,0.14406589,0.092685044,0.013297102,-0.040353023,-0.03812851,0.007201721
-0.16594365,-0.16445063,-0.1311808,-0.092681326,-0.077988066,-0.09430588,-0.1221531,-0.13081893,-0.102681376,-0.04595478,0.011955301,0.042628184,0.03734391,0.015426318,0.0058691064,0.0265766,0.07005263,0.109888464,0.11908787,0.08916658,0.039475936,0.0008048187,-0.008165723,0.007989703
0.10647783,0.034555823,-0.009441675,0.009662261,0.078286886,0.14445253,0.15539987,0.098417506,0.0104219355,-0.049400546,-0.04461819,0.012166796,0.06998998,0.07596675,0.017730787,-0.068701416,-0.123411424,-0.11002506,-0.041867048,0.029618269,0.05132573,0.0092792995,-0.060475465,-0.09869959
0.026918754,-0.013460957,-0.0030462863,0.048162136,0.0989264,0.10661047,0.058539588,-0.017165648,-0.07181349,-0.07341599,-0.030606879,0.015135529,0.020947866,-0.025890647,-0.09654291,-0.14253123,-0.13131101,-0.073046565,-0.010908414,0.011761764,-0.017729593,-0.070922844,-0.09939647,-0.07309583
0.0020923617,0.02573827,0.07756044,0.11882499,0.117734104,0.07226977,0.010959211,-0.026920281,-0.02145974,0.0142558245,0.042665392,0.032639265,-0.01757268,-0.079356834,-0.114623584,-0.10235207,-0.056813225,-0.01570552,-0.010090639,-0.04235634,-0.08587589,-0.102814235,-0.072527766,-0.009279565
-0.087938264,-0.087500006,-0.06275742,-0.03878742,-0.039936166,-0.07124001,-0.1134004,-0.13769686,-0.12787293,-0.09192928,-0.055158854,-0.042243797,-0.058905587,-0.086830266,-0.09851623,-0.07800141,-0.033577792,0.009026045,0.025515033,0.009607464,-0.020860603,-0.03830787,-0.026156945,0.0077526714
0.0063307732,-0.056190833,-0.09304298,-0.07329825,-0.008013803,0.058768235,0.08203863,0.050530422,-0.0058943755,-0.03932746,-0.018932521,0.044800717,0.107820414,0.12553601,0.086647816,0.02074429,-0.023061667,-0.013587365,0.03925999,0.09136391,0.098811515,0.050578825,-0.0232191,-0.07319055
0.026692878,0.047322016,0.08768661,0.119647995,0.120159194,0.08722033,0.041936573,0.013206374,0.015634386,0.03957849,0.057523314,0.04633046,0.0044352873,-0.046675213,-0.07734298,-0.07217529,-0.041348215,-0.013097938,-0.011559547,-0.038932692,-0.07349716,-0.08555635,-0.06062888,-0.011139451
0.03070379,-0.015671842,-0.0011361846,0.06288805,0.12641707,0.13861072,0.084610626,-0.0023036278,-0.065149896,-0.06568679,-0.013818674,0.041277673,0.048294358,-0.0073763984,-0.09184437,-0.1484431,-0.13826019,-0.07215027,-0.0011052454,0.023024725,-0.014535046,-0.07989173,-0.1172165,-0.08925997
-0.048891544,-0.09812053,-0.09775914,-0.058288194,-0.019438097,-0.021481683,-0.07270309,-0.14365117,-0.18848817,-0.17979458,-0.12760583,-0.07307209,-0.056926034,-0.08910538,-0.1405319,-0.16643745,-0.13876615,-0.06906617,0.00016086624,0.02689238,0.001413245,-0.046794552,-0.07260165,-0.04934079
0.050498247,0.06753256,0.025292791,-0.042714085,-0.08168811,-0.056923617,0.0188973,0.09386125,0.11905407,0.08260867,0.018005386,-0.0210754,6.967243e-05,0.069034494,0.1356672,0.15067989,0.1032044,0.02702094,-0.025097966,-0.016730081,0.040666495,0.097046845,0.10361502,0.049899176
-0.13747647,-0.12319793,-0.070160165,-0.016345438,0.0014623634,-0.024126997,-0.06695194,-0.085707344,-0.05652311,0.00848694,0.07083209,0.09389585,0.068980664,0.022947252,-0.0034261597,0.014734012,0.06623534,0.11241356,0.11757275,0.07346706,0.0073872576,-0.038107134,-0.037100703,-0.0008314332
0.05932875,0.07918739,0.12928191,0.17350388,0.17831664,0.13583302,0.07030735,0.020578535,0.011485291,0.035978585,0.05924478,0.047480043,-0.006892339,-0.07909278,-0.1287092,-0.13011666,-0.0909898,-0.047604904,-0.035937246,-0.0643831,-0.10790408,-0.12605423,-0.09477478,-0.025443655
-0.05451882,-0.091042876,-0.053871877,0.036392324,0.12101687,0.14735769,0.10369896,0.031016685,-0.00824806,0.021552108,0.10140585,0.17369975,0.18522823,0.12540144,0.034872282,-0.02262888,-0.009736403,0.054668505,0.11349364,0.11416739,0.045683052,-0.05083826,-0.10972804,-0.09364842
-0.0121384505,-0.09747363,-0.15079147,-0.13295855,-0.05841451,0.018107364,0.041904137,-0.00073665177,-0.072974175,-0.115202025,-0.08854268,-0.006530784,0.075762995,0.10333377,0.0619673,-0.012817141,-0.06007179,-0.04049281,0.032790534,0.10460196,0.120681174,0.0664,-0.022231769,-0.08293861
-0.0010297127,0.015780501,0.077612504,0.13635655,0.14452943,0.08665066,-0.0055244844,-0.07343312,-0.080206096,-0.036076292,0.010582154,0.01153406,-0.047638945,-0.13521872,-0.19358192,-0.1844288,-0.119644396,-0.049433682,-0.021882394,-0.054096006,-0.11516285,-0.14624901,-0.1104401,-0.023798717
0.014310099,-0.04284237,-0.06808124,-0.03420265,0.04167601,0.11232768,0.13398051,0.100236475,0.044971835,0.017049244,0.04362082,0.109146535,0.16651104,0.17286691,0.12256669,0.049104683,0.0030386716,0.012170072,0.06188143,0.10509022,0.1001248,0.041227754,-0.037145477,-0.08507974
-0.05767554,-0.015349791,0.081692025,0.17455885,0.20715861,0.16964033,0.10076484,0.062329076,0.09006025,0.16761333,0.23671405,0.24347554,0.1774181,0.08025294,0.013939912,0.01715649,0.07368312,0.12549053,0.119150765,0.045290984,-0.0542133,-0.11636333,-0.10317128,-0.031531334
0.11615539,0.095136955,0.05923647,0.040514316,0.057418052,0.100170664,0.13712594,0.1394286,0.10279835,0.050713275,0.015950264,0.017609091,0.047319908,0.07352979,0.06845693,0.027219063,-0.026419634,-0.059544846,-0.052899178,-0.0148909595,0.022886869,0.03062639,0.004255587,-0.033887353
-0.024638856,0.013603991,0.09523157,0.1782228,0.21992695,0.20870696,0.16770837,0.14293586,0.16351053,0.22095239,0.27354315,0.2815291,0.23337033,0.15566188,0.093976,0.08073248,0.10752139,0.13362068,0.12191667,0.06139769,-0.02230396,-0.08231831,-0.08571308,-0.04187767
0.0023436777,-0.036084186,-0.048059743,-0.014273016,0.05035711,0.10953076,0.12984309,0.108061716,0.07101491,0.05528327,0.07987503,0.13146158,0.17391816,0.17548615,0.1331455,0.07443429,0.03698033,0.0404542,0.072804585,0.09855371,0.087035626,0.0350153,-0.029456638,-0.06871371
-0.032700486,-0.025034234,-0.056817584,-0.11100508,-0.1530366,-0.1555432,-0.11727034,-0.06710306,-0.040540982,-0.053004704,-0.08800845,-0.11146548,-0.096386924,-0.04294597,0.018924506,0.05259702,0.042331807,0.0057331957,-0.022584653,-0.015507686,0.02612452,0.07241054,0.087046705,0.0576091
0.07399301,0.07922264,0.05026698,0.0052918033,-0.026264625,-0.025744455,0.0011881082,0.027152449,0.025759412,-0.00796029,-0.055089097,-0.08577802,-0.081073396,-0.047560554,-0.012874605,-0.0044940575,-0.028029695,-0.06377949,-0.082235664,-0.064663626,-0.019375702,0.02526136,0.041376147,0.024993578
-0.16769029,-0.09081966,-0.012393939,0.009658676,-0.037911784,-0.11376432,-0.15317391,-0.11675345,-0.020680917,0.074593216,0.110065505,0.0715624,-0.0009889374,-0.04215009,-0.012801744,0.072585724,0.15356995,0.17095535,0.11149126,0.016102443,-0.04900449,-0.042824972,0.021171076,0.082609326
-0.015311739,0.011791163,0.08077492,0.13878614,0.1400371,0.07777743,-0.008577142,-0.06282036,-0.054638468,-0.0009568482,0.046160437,0.04006207,-0.02556364,-0.11161823,-0.16134337,-0.14350581,-0.0756931,-0.01131045,0.0016777557,-0.044428393,-0.11018346,-0.13854825,-0.09888324,-0.01202329
0.07970131,0.079262,0.035941534,-0.024750372,-0.06438258,-0.061174873,-0.025159841,0.0068509,0.0030531555,-0.040500775,-0.097441584,-0.13056286,-0.1176995,-0.07033202,-0.024557386,-0.0136253955,-0.041816227,-0.08299157,-0.10145336,-0.074792825,-0.01499227,0.04021745,0.057807315,0.033913366
-0.11178358,-0.16536722,-0.15621649,-0.09409917,-0.026634164,-0.0039577135,-0.041677345,-0.10688109,-0.14481038,-0.12104281,-0.045483503,0.03391364,0.066138096,0.035418358,-0.02706145,-0.06618166,-0.04636432,0.021975664,0.09189771,0.11195205,0.06604448,-0.0132351285,-0.069222525,-0.06600151
0.12048234,0.14464734,0.11517202,0.062468853,0.03289583,0.05498824,0.11650476,0.1738218,0.18388289,0.13829577,0.06752724,0.01993574,0.025394399,0.07247916,0.117492884,0.11746716,0.063043535,-0.013424257,-0.06234768,-0.053429086,0.00067284424,0.05486823,0.06548655,0.024986072
-0.046712592,-0.12896352,-0.18016845,-0.16454561,-0.09432044,-0.01997284,0.006382405,-0.028686931,-0.09000541,-0.1226143,-0.09099629,-0.0076665897,0.07590321,0.10751056,0.07322522,0.007327716,-0.033185888,-0.013050179,0.055582073,0.12159369,0.13318846,0.07748517,-0.00984632,-0.07109324
-0.054705583,-0.09505633,-0.09901433,-0.0733826,-0.04639979,-0.048167855,-0.08542081,-0.13691911,-0.16890562,-0.16102807,-0.11998451,-0.07584978,-0.058956306,-0.07772821,-0.111458786,-0.12724343,-0.10403605,-0.049817305,0.0043041334,0.02677542,0.009440752,-0.026137875,-0.046515536,-0.031721193
0.07968139,0.014232072,-0.0787905,-0.14115754,-0.13812721,-0.08593667,-0.03577479,-0.036574334,-0.097454295,-0.1808753,-0.22881489,-0.20775667,-0.13290428,-0.057896856,-0.032861546,-0.06930496,-0.13013987,-0.15752913,-0.117863916,-0.027866121,0.05765274,0.08722948,0.04977197,-0.016797509
-0.05500296,0.0076743113,0.02856117,-0.0051278807,-0.06267707,-0.09298946,-0.06486049,0.009806354,0.086390905,0.118172616,0.09157367,0.036284175,0.0023817732,0.022249695,0.08534496,0.14794777,0.16390596,0.11922194,0.04352565,-0.0109533295,-0.010705601,0.034679204,0.082177006,0.08512929
0.11110244,0.077246994,0.023817515,-0.0057500317,0.014450889,0.07127988,0.12199273,0.12821643,0.08458789,0.02129516,-0.017988138,-0.0075877365,0.040220186,0.08328102,0.08393771,0.036722597,-0.027932737,-0.06661068,-0.053488396,-0.00090849574,0.048703752,0.05741552,0.019900946,-0.034750503
0.04081334,0.011893034,0.018346313,0.05379628,0.08850114,0.09146813,0.053771034,-0.004276886,-0.04824038,-0.054501932,-0.028464872,0.0004945194,0.0015415493,-0.034419134,-0.08684921,-0.121629715,-0.11516021,-0.07353934,-0.027489824,-0.00860275,-0.026206646,-0.06016386,-0.07725998,-0.05513496
0.02577114,-0.024425272,-0.014278763,0.043327335,0.099125125,0.10368058,0.043286733,-0.048541605,-0.11421561,-0.116374284,-0.06595076,-0.012219827,-0.005227907,-0.059256792,-0.13986947,-0.19058931,-0.17319675,-0.10065051,-0.024268579,0.0055484422,-0.025884187,-0.085544765,-0.11615084,-0.08250174
-0.040716413,-0.12346888,-0.17502509,-0.16029032,-0.093063496,-0.024650984,-0.0045466954,-0.043942794,-0.107755974,-0.14160717,-0.11080301,-0.029397026,0.051116887,0.08020945,0.046040233,-0.017633405,-0.054947395,-0.03100155,0.040677164,0.108020246,0.121406585,0.06911229,-0.013893514,-0.07076214
0.017192708,-0.033872902,-0.020548547,0.044464543,0.107963316,0.116641715,0.056745607,-0.03569474,-0.101017155,-0.09986531,-0.04333805,0.016061697,0.024774652,-0.031508707,-0.116448835,-0.17115332,-0.15578845,-0.08225659,-0.0046167555,0.022643324,-0.014921155,-0.0818423,-0.11944859,-0.08921833
-0.20290288,-0.18323809,-0.10269636,-0.020211238,0.0058529684,-0.038391463,-0.11217454,-0.14898995,-0.11018685,-0.013353819,0.08174466,0.116972715,0.07713566,0.0036271063,-0.039570544,-0.011640177,0.06993541,0.14590542,0.16042627,0.0978401,-0.0009867413,-0.06909714,-0.064741485,-0.0038133427
-0.0278421,0.08131378,0.1837672,0.21649048,0.16829738,0.08790552,0.044665188,0.07947968,0.17064479,0.25194752,0.26010272,0.18573724,0.077681586,0.008049599,0.01755769,0.08778933,0.15093808,0.14445207,0.060693316,-0.050752502,-0.1186584,-0.10143881,-0.018342193,0.0622117
-0.07433798,-0.007956128,0.014044544,-0.025155075,-0.09478602,-0.13787185,-0.115037374,-0.036550343,0.04803523,0.08573422,0.059119187,-0.0018635114,-0.04103662,-0.019061316,0.054729395,0.13089274,0.1568383,0.11551088,0.03645967,-0.022181544,-0.019819546,0.034225717,0.09117283,0.099768385
-0.005088196,0.034751613,0.07533981,0.08545313,0.055267453,0.0025358456,-0.03907713,-0.043890554,-0.01627256,0.015122217,0.018748209,-0.01473937,-0.066915184,-0.10422589,-0.102554224,-0.06543019,-0.023409856,-0.008070628,-0.027599234,-0.06475982,-0.087641895,-0.07234607,-0.023038328,0.029431043
-0.0559608,-0.039651908,0.016172636,0.07737755,0.105004534,0.08764892,0.04647785,0.019520283,0.03247748,0.08091878,0.13135411,0.14664981,0.11515407,0.059155155,0.016299343,0.013703726,0.047192093,0.08439079,0.08815998,0.047743432,-0.014126998,-0.05987699,-0.06297025,-0.025639467
-0.11256824,-0.16130121,-0.15751071,-0.10425106,-0.041034143,-0.010185987,-0.028214782,-0.073225655,-0.101461254,-0.08103761,-0.01513564,0.05794477,0.0941945,0.07749535,0.029112155,-0.0075469743,0.00096494274,0.051683407,0.10651903,0.122529626,0.08449276,0.013982749,-0.044999976,-0.056988653
-0.05054452,-0.09216918,-0.08881157,-0.050869722,-0.015883025,-0.019498367,-0.0674596,-0.13085125,-0.16890758,-0.1588193,-0.1111559,-0.06315082,-0.051314384,-0.08218813,-0.12802759,-0.1489949,-0.12247378,-0.059989035,0.0010037555,0.022911297,-0.0013172037,-0.04378731,-0.06522986,-0.043248102
0.014311598,0.088406555,0.15280528,0.15804368,0.09532211,0.004200709,-0.054902293,-0.04814096,0.0057484494,0.05394385,0.047116905,-0.022477943,-0.11486856,-0.16976328,-0.15429565,-0.086247236,-0.021373613,-0.008256126,-0.055248976,-0.12345424,-0.15376855,-0.11352825,-0.023817139,0.06100227
-0.0442849,0.027713483,0.05212293,0.015124386,-0.049217675,-0.08372916,-0.052923396,0.029465003,0.11201249,0.14325841,0.109019496,0.04351612,0.0035086393,0.025084693,0.094917834,0.16225974,0.17566302,0.12195349,0.03646287,-0.022320138,-0.018360488,0.034868367,0.08798401,0.09094566
0.09136871,0.106681034,0.055421744,-0.028159134,-0.08442478,-0.077306606,-0.017597686,0.044255678,0.057001818,0.0064041642,-0.07354302,-0.12524456,-0.11104748,-0.04323202,0.02789013,0.050284307,0.009056977,-0.06176571,-0.10408289,-0.0812501,-0.0065248073,0.06951531,0.09585099,0.056728683
0.13281165,0.1695956,0.16699028,0.13951717,0.120519966,0.13499142,0.1788949,0.22354357,0.23752475,0.20949164,0.15465471,0.10670511,0.0918425,0.10787337,0.12843,0.12330293,0.08116726,0.017561398,-0.03397691,-0.046447765,-0.021681778,0.0135809705,0.029047104,0.011092969
0.035820868,-0.052743055,-0.115806974,-0.11722193,-0.067287885,-0.015236215,-0.011117956,-0.06895572,-0.15411964,-0.21024334,-0.2002296,-0.1346179,-0.063328855,-0.038138214,-0.07364668,-0.13766551,-0.1730471,-0.14335775,-0.060158834,0.02558289,0.06076765,0.030554121,-0.032508988,-0.070878185
0.014210585,0.03871795,0.00513837,-0.057074748,-0.095067896,-0.07300911,0.0009740126,0.08094162,0.116961285,0.09184884,0.034114197,-0.0036226464,0.015383501,0.08296136,0.1529907,0.17552131,0.13354796,0.056798246,0.00011065188,0.0008739649,0.05074038,0.10307639,0.109939426,0.05538843
0.14741507,0.12740467,0.08553117,0.06011331,0.075645804,0.122485876,0.1655062,0.17083421,0.13023455,0.06812765,0.022986919,0.01953937,0.05001812,0.07974271,0.07615496,0.03097102,-0.03184606,-0.07356149,-0.06922714,-0.027580548,0.017259005,0.031587157,0.006632517,-0.035768148
0.036629763,-0.036678832,-0.07229605,-0.03151564,0.06710322,0.16152084,0.19144928,0.14683911,0.07069346,0.027418988,0.05531756,0.13762534,0.21317886,0.22332527,0.15721522,0.058814775,-0.0067422725,6.9352805e-05,0.06511528,0.12643723,0.12556043,0.05214714,-0.04920649,-0.11325811
-0.11584402,-0.11206314,-0.064998925,-0.02024585,-0.021646991,-0.07707285,-0.15242061,-0.1983411,-0.18524964,-0.12603872,-0.065869406,-0.049479634,-0.08626175,-0.14325535,-0.17142627,-0.14171636,-0.06671018,0.0069540124,0.032680903,0.0012781495,-0.053947687,-0.08378939,-0.05930099,0.0068070856
-0.03662214,-0.10084781,-0.14320882,-0.13499242,-0.08464839,-0.030570224,-0.011169216,-0.037274465,-0.08367351,-0.10916806,-0.08567094,-0.022633763,0.041215874,0.06685435,0.043907117,-0.0034013765,-0.03234364,-0.015176272,0.038006958,0.08833986,0.09891146,0.05991275,-0.0041204942,-0.050518315
0.07409306,0.116696596,0.118158035,0.07283923,0.007908154,-0.037912376,-0.040783733,-0.010681007,0.01692793,0.008666529,-0.04144131,-0.10716546,-0.14892934,-0.14350446,-0.09979365,-0.053844266,-0.040743537,-0.06775076,-0.11002457,-0.12830032,-0.0988691,-0.032560773,0.033159155,0.06090112
-0.024280377,0.05884662,0.14592125,0.18457107,0.1578904,0.097606175,0.057628367,0.07605378,0.143323,0.21131007,0.22741872,0.17661056,0.090797186,0.026332473,0.021333938,0.068934545,0.11986835,0.122188576,0.062214307,-0.027443614,-0.090665124,-0.08900905,-0.030087054,0.036186643
0.08795738,0.09788924,0.051760588,-0.019595155,-0.067702316,-0.06314482,-0.01509097,0.033622123,0.039366335,-0.00819434,-0.07854952,-0.1231634,-0.111827545,-0.05470215,0.0050737,0.02264118,-0.013604207,-0.072363764,-0.10481708,-0.08144517,-0.013564886,0.054774106,0.077949144,0.045526873
