0.072046794,0.031547993,-0.029097501,-0.07294031,-0.08750242,-0.06520066,-0.04482216,-0.052509394,-0.10079813,-0.15692185,-0.19833921,-0.18900256,-0.14609008,-0.10247923,-0.086084895,-0.10007373,-0.12628002,-0.13768676,-0.11114565,-0.048502,0.011099751,0.042889304,0.033309627,0.0007496586
-0.060163148,-0.11331019,-0.11320326,-0.060803756,-0.0126299355,-0.0067401794,-0.058800142,-0.13547683,-0.18967955,-0.18398523,-0.12310665,-0.054580107,-0.034241274,-0.06531615,-0.12557943,-0.15754896,-0.13196263,-0.051601462,0.023335677,0.05175055,0.020669846,-0.040915634,-0.07887776,-0.060582038
0.111785986,0.08257526,0.03699098,0.020034982,0.03819208,0.08903393,0.12726353,0.12747674,0.07556234,0.013992291,-0.014191337,0.0023099964,0.038129665,0.06847897,0.065709345,0.025146695,-0.032519862,-0.067378,-0.050287526,-0.0075002476,0.03360199,0.04183179,0.007976213,-0.035737798
-0.041487876,-0.09618882,-0.13016768,-0.12232475,-0.078195,-0.029386535,-0.013122743,-0.03553811,-0.07635387,-0.09703599,-0.07692064,-0.016685318,0.043480355,0.062164485,0.04375558,0.004727016,-0.01795861,-0.010401753,0.03809241,0.08404153,0.091337904,0.05515343,-0.004509758,-0.049914222
-0.16959235,-0.104226865,-0.032038476,-0.01702897,-0.05519994,-0.13312681,-0.1730386,-0.14704117,-0.04376523,0.050470874,0.08673925,0.042950053,-0.025125464,-0.060589228,-0.033197436,0.04298656,0.11936832,0.14459454,0.09510206,0.008177188,-0.052034944,-0.048367746,0.01239596,0.072347336
0.1526196,0.11499478,0.046369832,0.0019726707,0.009346659,0.07206045,0.12686881,0.13871169,0.075802,-0.008622501,-0.06712041,-0.053440664,-0.00058179663,0.0509464,0.061642334,0.014818844,-0.05964308,-0.111252435,-0.094206415,-0.028401487,0.04240405,0.0694673,0.032178454,-0.028301138
-0.014734199,-0.013602447,-0.057809763,-0.12118763,-0.15999064,-0.15153173,-0.10130417,-0.047422312,-0.020283684,-0.037937958,-0.08502904,-0.10997486,-0.08441355,-0.01967495,0.041966684,0.06703515,0.045808114,-0.00010224941,-0.03216691,-0.013855856,0.03918591,0.08659189,0.09678474,0.05561577
-0.06320718,-0.09633961,-0.08214236,-0.026853487,0.02529788,0.04402784,0.015526167,-0.03427242,-0.059893418,-0.040215194,0.013409507,0.067397825,0.08634344,0.05443554,-0.0012772948,-0.030857882,-0.012983372,0.032095425,0.07519562,0.08564853,0.042767894,-0.022250133,-0.061726406,-0.059099246
0.08719226,0.03664981,-0.042098157,-0.09188591,-0.09776277,-0.05496424,-0.019790104,-0.021585371,-0.08093916,-0.15415923,-0.19918984,-0.17642713,-0.12167722,-0.062062863,-0.04437039,-0.06912653,-0.115648404,-0.13825059,-0.106841326,-0.03311562,0.039855365,0.06746722,0.04221183,-0.0076852744
0.011649502,0.02172998,0.06490331,0.10476523,0.10683833,0.068355784,0.0002511347,-0.05025614,-0.062460463,-0.0373339,-0.0046802694,0.0013952304,-0.044110417,-0.11081456,-0.14942269,-0.1368955,-0.085600175,-0.042989623,-0.018432451,-0.03971135,-0.08563835,-0.104785584,-0.076772615,-0.015283115
0.10386553,0.11152033,0.07367783,0.01589405,-0.024476988,-0.01845707,0.019329334,0.052678745,0.048027515,0.00416403,-0.060595535,-0.09814632,-0.09107797,-0.04768967,-0.0044820243,0.0054826834,-0.028597362,-0.07749368,-0.10254324,-0.08099459,-0.02340983,0.037467867,0.059007183,0.035988607
0.027889166,-0.04538372,-0.09678885,-0.091088064,-0.055641018,-0.012384096,-0.020009967,-0.07727372,-0.15875757,-0.2092503,-0.19964132,-0.13361523,-0.07555051,-0.05998987,-0.095943585,-0.14228995,-0.16129655,-0.13100651,-0.053335484,0.019238556,0.044949345,0.020208439,-0.029142808,-0.0590209
-0.059298918,-0.018962542,-0.006561275,-0.036691703,-0.07436739,-0.102056675,-0.08487867,-0.031637713,0.031065306,0.05815913,0.043640114,0.003444826,-0.019980717,-0.0018967111,0.04780382,0.09098683,0.10169344,0.075501926,0.02701494,-0.010483868,-0.005831427,0.025735544,0.05801554,0.061848927
0.012848613,0.022936992,0.06426892,0.10551639,0.11529891,0.08401146,0.027792847,-0.0137873385,-0.025698569,-0.003272986,0.028550755,0.033505496,-0.00696317,-0.06489431,-0.10207111,-0.10298656,-0.06803917,-0.02201556,-0.002692404,-0.025722343,-0.0674042,-0.089817874,-0.07502098,-0.019466382
-0.0063593895,0.053724885,0.117566995,0.13064493,0.08598292,0.009261089,-0.046630263,-0.047509857,-5.0660612e-05,0.04929348,0.05585351,0.0012029684,-0.07677397,-0.13369861,-0.13119505,-0.077000394,-0.011062368,0.0076416875,-0.02646191,-0.0869799,-0.12618273,-0.10398884,-0.028369108,0.047955353
0.037581593,-0.028361449,-0.081527986,-0.08367432,-0.06295104,-0.03228478,-0.040025156,-0.09140468,-0.1658715,-0.21242332,-0.21268347,-0.16336106,-0.11299325,-0.09315316,-0.12058736,-0.15430523,-0.1663163,-0.13642155,-0.07405329,-0.002763386,0.028526636,0.014442974,-0.01835517,-0.041122362
-0.06350124,-0.030770727,-0.028975759,-0.072836675,-0.13132145,-0.17899221,-0.17425409,-0.1322287,-0.07434308,-0.047584847,-0.06963573,-0.11943252,-0.14240538,-0.11984082,-0.05874998,0.0025727178,0.03331753,0.019648012,-0.023774514,-0.04794083,-0.03341477,0.015705284,0.067813314,0.08132315
-0.012207684,0.053289402,0.11800115,0.12849618,0.08085959,0.0016665396,-0.05539064,-0.052002642,0.0037109882,0.05460114,0.061563812,0.0055809305,-0.08046935,-0.13492765,-0.12569866,-0.065251276,0.0006358496,0.019274676,-0.01723724,-0.08599608,-0.12658836,-0.10254397,-0.025575606,0.05407988
0.038214326,0.004127312,0.023025958,0.08678629,0.13569024,0.14125705,0.08545923,0.0044894526,-0.05963451,-0.06037587,-0.012776805,0.036395576,0.031261526,-0.026926357,-0.10094638,-0.14136294,-0.12546428,-0.06350302,-0.0031906893,0.013097144,-0.028239833,-0.0828764,-0.10782662,-0.07291595
-0.13292727,-0.11838313,-0.065679535,-0.019477164,-0.0030922538,-0.036358014,-0.07712879,-0.09714174,-0.0635718,-0.00094777293,0.058632046,0.07133658,0.046258017,0.002671171,-0.019734686,-0.003175901,0.043878388,0.09112969,0.09688068,0.05387059,-0.006657683,-0.045638,-0.039790925,-0.0027245712
0.14120436,0.15322454,0.093641505,0.0070650205,-0.054523826,-0.047441404,0.014247143,0.07168119,0.06768139,0.0045676203,-0.089354105,-0.14882854,-0.13481052,-0.063781515,0.0022973013,0.01877521,-0.03083043,-0.10366332,-0.14891545,-0.11613237,-0.02607388,0.06254924,0.09663905,0.05888844
0.02714238,-0.010776242,0.0032613252,0.064173244,0.117548056,0.13091764,0.082175545,0.0030685444,-0.061397806,-0.06760571,-0.021838313,0.03368286,0.039823197,-0.008707427,-0.08429167,-0.13014662,-0.12221195,-0.06092,0.0041510034,0.024565155,-0.010829965,-0.0681548,-0.10195909,-0.07846764
0.011770197,-0.049696982,-0.14347205,-0.19990806,-0.1861028,-0.11153955,-0.033687185,-0.0064167087,-0.047492396,-0.11687526,-0.15388279,-0.11639193,-0.024398657,0.06751037,0.103190236,0.06839561,-0.0025792106,-0.049298897,-0.025729088,0.05154755,0.12892756,0.14371635,0.083118394,-0.013885
-0.019337062,-0.01447334,0.032080024,0.08272995,0.09105826,0.043982543,-0.0344182,-0.09303736,-0.10677947,-0.07177558,-0.026238337,-0.013218983,-0.05939006,-0.12478034,-0.17294073,-0.16842052,-0.11477939,-0.036860414,-0.0065958034,-0.029398924,-0.07849144,-0.11028712,-0.089146905,-0.015145854
-0.105373226,-0.034421574,0.04426264,0.063628726,0.033864323,-0.029932326,-0.061272185,-0.031408023,0.059777927,0.14238949,0.16732539,0.118437506,0.04996204,0.0007045344,0.017962698,0.07751059,0.1400651,0.14098994,0.08579213,0.00059539644,-0.060846202,-0.057041798,-0.0009804312,0.053509895
0.0191462,-0.034413826,-0.024565345,0.050317604,0.11002678,0.119602986,0.05126471,-0.052311067,-0.1345679,-0.13975115,-0.07937851,-0.008341202,-0.00095031207,-0.05661792,-0.15161896,-0.20128317,-0.18010883,-0.09139059,-0.008522208,0.023759434,-0.015966808,-0.088001445,-0.12265428,-0.08766409
0.19448584,0.1696499,0.11432452,0.08363441,0.09494172,0.15953882,0.21759261,0.22870088,0.16721193,0.08439184,0.022257661,0.020997206,0.062179822,0.101651825,0.10014686,0.047767986,-0.032252856,-0.093394786,-0.09202086,-0.036932413,0.023878353,0.04967965,0.01832464,-0.03743401
0.028924102,-0.018263057,-0.042969316,-0.008746386,0.059731364,0.13021253,0.15679872,0.13270469,0.08093049,0.053868324,0.075693615,0.13425228,0.18300377,0.18982396,0.14658819,0.081331536,0.03254949,0.031200651,0.06532691,0.101578765,0.09603821,0.040374223,-0.03440087,-0.07937525
-0.026641378,-0.055872925,-0.038146425,0.025283188,0.08517037,0.11163567,0.08263822,0.029290048,-0.0038724095,0.008413134,0.061456926,0.1181534,0.12843001,0.09026044,0.023870368,-0.015121204,-0.00886626,0.032844163,0.07620334,0.08204693,0.036290165,-0.03366957,-0.07699476,-0.070852056
0.075288735,0.16507651,0.19490819,0.15019293,0.0776346,0.03625089,0.06672775,0.14691709,0.22932547,0.24396291,0.18088908,0.07661834,0.011715914,0.020840403,0.081374705,0.1424893,0.14330687,0.06611127,-0.036584355,-0.100226276,-0.08613634,-0.011273979,0.06841261,0.086039625
-0.09046823,-0.029188046,-0.0100053605,-0.058018822,-0.11118675,-0.14486742,-0.102555804,-0.011896044,0.088727735,0.13305405,0.106060326,0.037886996,0.012600647,0.042674273,0.12643336,0.18772662,0.19714336,0.14145225,0.057677872,0.0020319056,0.00669412,0.057080377,0.09868386,0.09096482
0.0184628,-0.045284763,-0.07872871,-0.050007164,0.02253669,0.09940771,0.11661394,0.079272844,0.012171681,-0.0266284,-0.0025360174,0.07712684,0.13944271,0.14598326,0.0992951,0.02765392,-0.018203741,-0.01254458,0.050823394,0.10252244,0.10287818,0.045653995,-0.040264484,-0.090396896
-0.13606381,-0.08857296,-0.038758557,-0.04258784,-0.0964806,-0.18418822,-0.23555325,-0.2257004,-0.1518563,-0.083333634,-0.05908312,-0.10199877,-0.16319486,-0.19032043,-0.15520696,-0.07881071,0.00026147626,0.038921267,0.013286841,-0.04783263,-0.08230055,-0.05635677,0.012903222,0.07846273
-0.052612454,-0.124106936,-0.16645434,-0.15147455,-0.09997956,-0.050579462,-0.04162669,-0.08078503,-0.13706814,-0.15795617,-0.12823015,-0.055100393,0.0139576895,0.034403943,0.006403293,-0.039409265,-0.059446722,-0.030418076,0.03164017,0.09118585,0.09885138,0.052652232,-0.014140024,-0.057182964
-0.08539832,-0.09236082,-0.06750533,-0.04183887,-0.03851136,-0.069492474,-0.11674076,-0.1527929,-0.14719607,-0.11008063,-0.07243181,-0.05589605,-0.06692464,-0.10102595,-0.11940995,-0.10117467,-0.04870159,-0.001564844,0.022882821,0.014652634,-0.02196742,-0.04538536,-0.034565587,-0.0018515574
-0.110573076,-0.14877671,-0.14335293,-0.09458733,-0.04066682,-0.02032202,-0.04428327,-0.086472444,-0.10568847,-0.08599076,-0.020740572,0.046103958,0.06828212,0.052506585,0.010696398,-0.016363593,-0.0063784304,0.047080588,0.09863626,0.104787454,0.06754708,0.0019107396,-0.04789364,-0.050249476
0.017451376,-0.040511075,-0.12343833,-0.17134884,-0.15549457,-0.08678445,-0.022604175,-0.0017715121,-0.043446377,-0.107314035,-0.13922457,-0.100469746,-0.019831192,0.057554908,0.08581779,0.048249543,-0.015299581,-0.051052544,-0.023341352,0.047296695,0.114907324,0.124836214,0.06500293,-0.017257467
-0.007872253,-0.047346357,-0.10171629,-0.13580233,-0.12160983,-0.07037178,-0.023391327,-0.003700591,-0.024589496,-0.06181422,-0.08113247,-0.05028481,0.009702911,0.06024439,0.08386473,0.061706774,0.023098374,-0.011040454,0.006957506,0.053822998,0.09380213,0.09541597,0.049737576,-0.013503187
-0.104970336,-0.06457426,-0.021448031,-0.022645423,-0.06451608,-0.13655452,-0.17841883,-0.16958547,-0.11009245,-0.051220026,-0.03290028,-0.06784543,-0.11938675,-0.14268811,-0.11776445,-0.059329223,0.0016399258,0.037644513,0.012960179,-0.037569992,-0.06610074,-0.048509534,0.0069476995,0.06393667
-0.065319106,0.021869063,0.111387394,0.13404943,0.09570727,0.017242147,-0.028036764,-9.362334e-05,0.091216035,0.1702975,0.19061303,0.1291119,0.033491023,-0.025226168,-0.012401118,0.048836175,0.11019576,0.12252629,0.062046904,-0.038620204,-0.10008443,-0.088960886,-0.018913854,0.059941143
0.10184622,0.02182641,-0.031072956,0.00048386568,0.06905962,0.14460693,0.15391241,0.08834935,-0.02090117,-0.087207876,-0.07569467,-5.5663327e-06,0.06562061,0.07524811,0.007417497,-0.07613475,-0.1292125,-0.10842463,-0.03492132,0.045093108,0.065803066,0.015954835,-0.058723707,-0.101500496
0.11643415,0.1414622,0.10284185,0.02828674,-0.02231182,-0.011250232,0.053880125,0.11906156,0.13390753,0.087919466,0.0032699732,-0.05458793,-0.047142778,0.012954269,0.07507028,0.08840277,0.03508416,-0.043198306,-0.096369095,-0.084403515,-0.01389333,0.063986845,0.09047011,0.052988548
0.099107645,0.065572776,0.0030819818,-0.037255473,-0.0471652,-0.019507749,0.007930808,0.008708161,-0.04289167,-0.10653815,-0.14692289,-0.13948618,-0.105521776,-0.059177022,-0.044847857,-0.06368412,-0.10391547,-0.1225398,-0.10544022,-0.049803972,0.013170045,0.040945277,0.029892672,-0.0024493553
0.00045036874,0.014377101,0.054975364,0.09187105,0.09183745,0.05361447,-0.0046498105,-0.044651747,-0.047504812,-0.021066032,0.008488677,0.007303355,-0.036255214,-0.09071019,-0.12333746,-0.11103164,-0.06643423,-0.022644771,-0.008443402,-0.03363191,-0.07429319,-0.09109646,-0.06484656,-0.008139388
-0.04140381,-0.09629009,-0.09508038,-0.038414333,0.0180538,0.031572443,-0.021086013,-0.09943526,-0.16195814,-0.16208583,-0.09976754,-0.024138236,-0.0051500844,-0.0414117,-0.10748446,-0.15048893,-0.13321684,-0.053466395,0.027178379,0.05589376,0.023496442,-0.04337156,-0.090410285,-0.071325466
0.046915267,0.021223225,0.039528437,0.09602482,0.13841638,0.14611442,0.09805395,0.030233745,-0.026591742,-0.034102745,0.0012003202,0.04235641,0.038301405,-0.010464047,-0.084246725,-0.12718889,-0.11836991,-0.06301459,-0.011045303,0.0029169826,-0.026690584,-0.074565604,-0.0968401,-0.067119874
-0.0036796355,0.0570414,0.11541431,0.13440186,0.11391161,0.070722304,0.05123668,0.07377856,0.12803757,0.17463918,0.18011403,0.13195843,0.0702132,0.030390594,0.03178846,0.06391419,0.094452076,0.08962042,0.03714361,-0.026490334,-0.06531444,-0.060680192,-0.015365316,0.030893039
0.02180053,-0.031056281,-0.024737917,0.050128452,0.116912596,0.13490012,0.079938926,-0.013175685,-0.09334557,-0.09934712,-0.03998999,0.03024471,0.041480925,-0.005982128,-0.096783966,-0.15398943,-0.14667572,-0.062371053,0.0115240645,0.042101648,0.004522382,-0.07205075,-0.11734774,-0.09022326
0.063662075,0.13455142,0.15866673,0.12541234,0.06990426,0.036227845,0.06722188,0.13339786,0.19644743,0.20938537,0.16055566,0.070614204,0.022361653,0.029803768,0.08037597,0.12501058,0.121873945,0.058979508,-0.028914245,-0.07876352,-0.06796741,-0.0069628893,0.05531574,0.06686655
-0.13554971,-0.18493868,-0.17243001,-0.10905479,-0.040569913,-0.018999128,-0.054507446,-0.113512814,-0.1404872,-0.1097318,-0.02589721,0.056327347,0.08456489,0.051368043,-0.000460128,-0.03079445,-0.0071957824,0.055257324,0.12172614,0.1316163,0.07536795,-0.0077457167,-0.06724109,-0.06745456
-0.10152616,-0.0942511,-0.056585323,-0.02340661,-0.016426366,-0.045140453,-0.08255943,-0.10402616,-0.07792288,-0.026791826,0.014307103,0.023118936,0.0042460896,-0.02995909,-0.047535278,-0.029152418,0.016957471,0.057453945,0.062937684,0.03624073,-0.010568979,-0.038680654,-0.029120555,0.002878404
0.0072711455,-0.041395064,-0.017310366,0.07064679,0.14243616,0.15325484,0.07913265,-0.024053967,-0.10207577,-0.09626596,-0.022373917,0.05524101,0.055688284,-0.016193563,-0.1175826,-0.17152177,-0.14611076,-0.0563684,0.026953323,0.04755522,-0.009594623,-0.09675954,-0.13920683,-0.09839209
-0.055115476,0.020472635,0.0479617,-0.0021414498,-0.071520045,-0.120352924,-0.09272928,-0.004817092,0.09823427,0.13936523,0.10030037,0.01797724,-0.027855523,-0.0050034034,0.07209441,0.14057001,0.15723534,0.10802942,0.018832797,-0.044501774,-0.03516331,0.02722539,0.09041819,0.10282578
0.02280767,0.03256592,-0.020379718,-0.097649395,-0.1475959,-0.13872181,-0.076285794,-0.009415578,0.017354878,-0.015478817,-0.08029564,-0.11949894,-0.09682915,-0.01875152,0.051678196,0.07955966,0.04503414,-0.016140256,-0.060673,-0.04191464,0.029125731,0.0920708,0.11147081,0.06480691
0.035563644,-0.03932796,-0.08078118,-0.045332342,0.038874455,0.12973067,0.15719233,0.113892354,0.03146363,-0.01735719,0.004758284,0.089640476,0.16815571,0.18226257,0.121478856,0.03075528,-0.030117707,-0.02089432,0.04577066,0.11115283,0.11863815,0.054248497,-0.04433491,-0.10649262
-0.030999962,-0.06627268,-0.115092605,-0.14946413,-0.14656605,-0.11283583,-0.07794452,-0.061058488,-0.07373449,-0.0997532,-0.111273594,-0.08829466,-0.038195565,0.0039187837,0.035337064,0.031959686,0.015669512,-0.01542523,0.0006147177,0.041219406,0.07348266,0.08072631,0.05166077,-0.00024837235
0.024114814,0.05065402,0.018647226,-0.043347124,-0.07246904,-0.040494826,0.047303155,0.13514018,0.18346274,0.16309595,0.099734746,0.05623958,0.07866497,0.1505103,0.21603109,0.22677553,0.16826594,0.08022802,0.013278254,0.009428587,0.060974304,0.11141078,0.111059,0.04870946
0.11607538,0.12418667,0.070081584,-0.0071520815,-0.06300806,-0.0588145,-0.009645898,0.0377038,0.0356887,-0.018537078,-0.10079943,-0.15044726,-0.13922425,-0.07535086,-0.016138764,0.00043082802,-0.039028015,-0.095330715,-0.13096906,-0.101213515,-0.022235572,0.05520712,0.084286526,0.054459974
0.13066545,0.041363962,-0.0190491,0.00545335,0.07571183,0.15542912,0.15991749,0.08764626,-0.040577408,-0.121893175,-0.1183238,-0.03266499,0.037751354,0.047644623,-0.023194088,-0.12005897,-0.18265003,-0.15410094,-0.06415577,0.0286491,0.06111678,0.014731531,-0.06805052,-0.10837389
0.021889014,-0.020082021,-0.013180715,0.04888298,0.10537837,0.12283373,0.08191435,0.0072629186,-0.058398154,-0.06412787,-0.01813155,0.038127445,0.050426,0.012445369,-0.06497914,-0.11602031,-0.11479322,-0.048113104,0.010278941,0.035531092,0.0059211655,-0.05688667,-0.095513806,-0.076628126
0.10363037,0.11177111,0.070289575,0.010366966,-0.034416202,-0.035437655,-0.0036102855,0.030316714,0.022730716,-0.02436852,-0.08664447,-0.123932995,-0.12323066,-0.0768721,-0.0319642,-0.019684723,-0.05210615,-0.0909661,-0.11415128,-0.09356628,-0.030073805,0.03200021,0.05751758,0.04249027
0.12931086,0.08251945,-4.3020216e-05,-0.055299934,-0.061923277,-0.010997577,0.038226634,0.04305066,-0.023445064,-0.11128881,-0.16791406,-0.15547557,-0.09685243,-0.035300523,-0.014216544,-0.043397617,-0.1026659,-0.14943796,-0.12482878,-0.047955442,0.032827586,0.070742816,0.047157347,-0.014544269
0.083450764,0.1789416,0.21301332,0.1737329,0.10073232,0.053746566,0.08208911,0.16154696,0.24523854,0.26541173,0.20494156,0.09517815,0.02205763,0.026632715,0.08373438,0.14952374,0.15322968,0.07685884,-0.03515628,-0.10400433,-0.09474615,-0.023530735,0.06376058,0.08797863
-0.15305248,-0.09846323,-0.03645356,-0.034295857,-0.08583264,-0.17850262,-0.23710898,-0.22438228,-0.14142369,-0.06234494,-0.031865723,-0.07453489,-0.1413908,-0.17954272,-0.14802551,-0.069322586,0.020385802,0.06150026,0.03365067,-0.036855623,-0.08204782,-0.06441456,0.0051857717,0.076907314
0.14927128,0.16418916,0.10167883,0.009311353,-0.06003952,-0.059484184,-0.001761382,0.059911396,0.05672397,-0.009641889,-0.10831615,-0.17311083,-0.1656944,-0.091780156,-0.020545999,-0.0011918229,-0.04835749,-0.115975745,-0.16347459,-0.13149168,-0.034764845,0.059437666,0.09843456,0.06785419
0.006911308,-0.043699037,-0.024540005,0.056464188,0.121612564,0.13369064,0.062279202,-0.03958619,-0.11532692,-0.113069445,-0.04795903,0.025806885,0.033248223,-0.032923236,-0.13208939,-0.18252888,-0.15307353,-0.06900142,0.013956074,0.04134942,-0.009424961,-0.089948684,-0.12880126,-0.09458563
0.03854452,-0.013537987,-0.08826185,-0.12859152,-0.10881575,-0.03465973,0.028423673,0.046402544,0.0035733434,-0.063288085,-0.09657678,-0.059713494,0.019351153,0.08509154,0.10106349,0.062110484,0.0020090183,-0.048485957,-0.022200024,0.045675047,0.10640831,0.11207065,0.05544862,-0.030307768
0.1166822,0.09375762,0.047663946,0.01712568,0.015793595,0.053602632,0.091851264,0.096888594,0.05369415,-0.0033593494,-0.050838407,-0.05015871,-0.015395751,0.023476401,0.02574565,-0.0057260073,-0.059203506,-0.08932727,-0.08436069,-0.037753124,0.015607896,0.040571656,0.02465458,-0.012991661
0.13562065,0.06411387,0.009023395,0.023729855,0.079423286,0.14920168,0.15638335,0.09921505,-0.012687008,-0.094738655,-0.096451655,-0.028484102,0.0263009,0.0360791,-0.017037626,-0.09663387,-0.15517186,-0.14521925,-0.06814326,0.007987128,0.04124795,0.011397511,-0.055681217,-0.09300952
0.07146702,0.027007902,-0.04150841,-0.06947061,-0.034067936,0.053456403,0.13669509,0.16306043,0.11960978,0.056013063,0.018971376,0.050462674,0.12825586,0.1979709,0.20291202,0.14376174,0.05257054,-0.0010170788,0.003917832,0.06424976,0.1221855,0.11786238,0.049867205,-0.040167734
-0.054178324,-0.1172868,-0.112523094,-0.041949812,0.026169784,0.042105455,-0.01499311,-0.10584811,-0.17481527,-0.16633564,-0.09089212,-0.006434986,0.016789021,-0.02802821,-0.10495642,-0.15284806,-0.13107604,-0.04225766,0.04367004,0.07549148,0.030756736,-0.049869966,-0.103223555,-0.08283666
0.09834003,0.09383492,0.039950497,-0.026130095,-0.07158481,-0.06209648,-0.021002047,0.008068687,-0.00395214,-0.05790066,-0.12678982,-0.16130456,-0.1410458,-0.0845375,-0.03787975,-0.025263896,-0.057464723,-0.10680442,-0.12408569,-0.08712091,-0.017132139,0.049838323,0.07176469,0.038413636
0.14871818,0.114932895,0.054689053,0.019183554,0.032746255,0.09822154,0.15261678,0.1623918,0.10099371,0.017504238,-0.036112558,-0.020779049,0.032499686,0.07886123,0.07876512,0.026734214,-0.049173396,-0.101160616,-0.08275628,-0.022496238,0.042844776,0.063894205,0.024381852,-0.03785632
0.014512206,0.023719586,-0.015236352,-0.07890293,-0.120144956,-0.109382145,-0.05648383,0.00014257795,0.029034512,0.006837288,-0.049188666,-0.08385922,-0.06234921,-0.003906789,0.056090415,0.08164757,0.05990553,-0.0015377268,-0.04001264,-0.025129782,0.026293881,0.07911036,0.09446525,0.051342055
-0.11946237,-0.1613924,-0.1517691,-0.10283245,-0.04497113,-0.025494294,-0.051814787,-0.0954578,-0.11649048,-0.09056532,-0.02343323,0.046467274,0.07457133,0.050383892,0.009932558,-0.019709209,-0.0035985988,0.05021275,0.10547761,0.115336664,0.072070375,0.0025805172,-0.052273687,-0.054903176
0.059873853,0.08311072,0.03967138,-0.038944248,-0.0750366,-0.037838735,0.05779977,0.15346427,0.19269559,0.15510848,0.0745654,0.025236502,0.053759933,0.13166781,0.20995656,0.2161951,0.14970772,0.047268197,-0.017627526,-0.010340348,0.056746054,0.122646056,0.12008828,0.05031085
-0.09921288,-0.09258435,-0.047392886,-0.0063724495,-0.00489838,-0.052821632,-0.117934264,-0.16030289,-0.14463645,-0.09271824,-0.041692782,-0.030724302,-0.06328314,-0.113840625,-0.14257072,-0.11794462,-0.05228333,0.011866129,0.033150684,0.0048510227,-0.047556862,-0.07619058,-0.05314231,0.001987567
0.015897365,0.02503904,-0.030018734,-0.11126857,-0.16309577,-0.15182024,-0.083920896,-0.0109856175,0.021297991,-0.008467193,-0.07525707,-0.117632076,-0.09141931,-0.0120562725,0.066602215,0.09886096,0.06796065,-0.0035041056,-0.05301265,-0.03292426,0.036630366,0.10194435,0.12090736,0.06831603
-0.02118988,-0.040585175,0.0018607919,0.08548967,0.1627293,0.19246954,0.16226028,0.108053565,0.0762541,0.099332094,0.1629593,0.22085883,0.22509074,0.16557357,0.08272786,0.02594049,0.024339562,0.068387985,0.109249815,0.09957842,0.03467035,-0.048908647,-0.102386005,-0.08979916
0.16642952,0.19639885,0.16352955,0.10495776,0.06721926,0.08863678,0.15857062,0.22039264,0.22570461,0.17448571,0.09046257,0.027819512,0.028630992,0.07770403,0.12449759,0.12576017,0.062195845,-0.02635468,-0.08900878,-0.08096555,-0.01906984,0.04842653,0.07093771,0.033272218
-0.16844505,-0.15630929,-0.09639705,-0.046467576,-0.02969401,-0.06879208,-0.12523742,-0.1515967,-0.110154405,-0.034413625,0.03545788,0.057568334,0.029090026,-0.026105002,-0.04862366,-0.023669511,0.044135496,0.10017426,0.11574212,0.06945116,-0.004612178,-0.051695023,-0.0465858,-0.0014491278
0.0059949346,0.05506516,0.06621745,0.024864532,-0.03701282,-0.08450299,-0.084089085,-0.040274575,0.010408875,0.021105649,-0.011844705,-0.073083214,-0.114904255,-0.106235385,-0.054541703,0.0023249974,0.026031882,-0.0036564732,-0.0516297,-0.0856707,-0.0691042,-0.012326518,0.0503053,0.072761536
-0.012853497,-0.035883658,-0.0083513325,0.058659688,0.1286808,0.16097364,0.14181365,0.09662338,0.06315002,0.07629836,0.12890315,0.1839532,0.19319378,0.15060748,0.084838316,0.030182695,0.017099774,0.05512996,0.09394194,0.09113402,0.04180543,-0.029058497,-0.08411026,-0.078997
-0.019566072,0.003610753,0.08476373,0.15757813,0.16919312,0.11212178,0.01615955,-0.049368344,-0.047457326,0.010679651,0.06541036,0.06814101,0.0029668813,-0.09931739,-0.16402364,-0.15386236,-0.07581387,-0.0027418442,0.01931225,-0.025056979,-0.10703986,-0.1483542,-0.11559603,-0.02441007
-0.12037767,-0.16598849,-0.14601104,-0.07503573,-0.003473171,0.020107742,-0.012318514,-0.07039014,-0.09689175,-0.061771598,0.016460653,0.090827115,0.12235357,0.083539836,0.019067777,-0.019391833,0.0045941463,0.06588965,0.12190574,0.1333284,0.07413815,-0.014067109,-0.07258876,-0.073556446
0.07454074,0.1447272,0.16972134,0.14115691,0.08684031,0.052620083,0.079503596,0.13763712,0.19780004,0.21419573,0.1642671,0.0760963,0.02466817,0.029464833,0.071619615,0.1173951,0.11522259,0.05727247,-0.032515097,-0.08047203,-0.07292168,-0.01669804,0.049280696,0.06568887
-0.049272064,-0.09646748,-0.1276093,-0.12439345,-0.088015765,-0.045245603,-0.029685013,-0.043998547,-0.07424026,-0.093223594,-0.0739206,-0.02101504,0.03008812,0.05060476,0.04262186,0.009887074,-0.011098933,-0.0045639225,0.039834887,0.07607834,0.08401367,0.056669716,0.0017939864,-0.03867794
-0.019104326,-0.09511083,-0.14101367,-0.12290633,-0.05834357,0.013777956,0.0324892,-0.0064472477,-0.072422504,-0.10912426,-0.08555512,-0.0042445664,0.07351658,0.09352158,0.057123207,-0.0066263964,-0.042879038,-0.029613812,0.039504338,0.10468887,0.11398743,0.062960915,-0.021457741,-0.07907867
-0.047567308,-0.09808271,-0.09958434,-0.049385913,-0.0054258406,-0.0015963386,-0.053278267,-0.12767626,-0.18059945,-0.17581274,-0.11968593,-0.05781027,-0.041006763,-0.07185456,-0.12932003,-0.15739429,-0.12910607,-0.052471727,0.016310304,0.04480071,0.014979044,-0.043730658,-0.07692896,-0.057047892
0.09240986,0.014637161,-0.038867805,-0.017708804,0.050151996,0.12698506,0.13772139,0.081866585,-0.02422653,-0.09465207,-0.08366223,-0.002024654,0.06300685,0.07410085,0.0188537,-0.06400637,-0.12156272,-0.10739099,-0.027305396,0.048525598,0.07280654,0.027132612,-0.05372543,-0.09891362
-0.054478146,0.0055005276,0.023415647,-0.011928773,-0.06488247,-0.097419366,-0.069155805,0.0028916167,0.09325543,0.13164997,0.10328005,0.03652877,0.00281538,0.024918512,0.08516589,0.1489191,0.16899796,0.11838574,0.0367243,-0.013614479,-0.012442149,0.02866079,0.080532074,0.080972634
0.20889936,0.1745681,0.107757926,0.07391756,0.093309395,0.17292207,0.24011226,0.25192764,0.17736791,0.081516445,0.014250755,0.02489184,0.079966605,0.1293393,0.12108283,0.05486507,-0.040662255,-0.10490674,-0.09695319,-0.028721672,0.04401001,0.06451627,0.020617133,-0.04773542
0.01642561,0.03394475,0.081543766,0.12504837,0.13097255,0.09463029,0.03489043,-0.007749859,-0.014907322,0.010040319,0.0414228,0.0417613,-0.006654732,-0.06793699,-0.10835441,-0.10428413,-0.067219295,-0.02162202,-0.006025008,-0.036165785,-0.08044715,-0.100420155,-0.077087775,-0.016128065
-0.1536806,-0.07434516,0.014475159,0.038605463,0.0027572936,-0.076690376,-0.11417939,-0.08248854,0.02879023,0.13045193,0.16533317,0.10958375,0.03264597,-0.015032946,0.005698052,0.07815735,0.15280055,0.16997132,0.1067593,0.0068649845,-0.0634246,-0.06081476,0.0042081056,0.06860492
-0.0027771967,-0.050148137,-0.11869939,-0.16257158,-0.15376617,-0.09854894,-0.042453095,-0.020208897,-0.046047494,-0.09169649,-0.12033877,-0.09227642,-0.020532431,0.04432418,0.07364729,0.050918035,0.007793783,-0.029693007,-0.012830618,0.04728681,0.1011503,0.11065298,0.06500878,-0.008309244
0.06682008,0.10034961,0.09971158,0.07046922,0.019061044,-0.021477425,-0.025415054,-0.0038392297,0.012905246,0.0073116836,-0.02815725,-0.084168896,-0.122935265,-0.11462406,-0.08535138,-0.0501182,-0.040014006,-0.049845353,-0.08947311,-0.10428762,-0.07972746,-0.030841123,0.02537171,0.054390527
-0.14199443,-0.1357695,-0.09292458,-0.056676045,-0.04213261,-0.07271708,-0.11479907,-0.13348839,-0.10570465,-0.050706748,0.006526676,0.029284963,0.012139277,-0.024329394,-0.04180911,-0.027200568,0.019137388,0.0695064,0.08688974,0.053418025,0.0032683653,-0.03382796,-0.03375546,-0.0006125539
-0.02345588,0.017527243,0.05889891,0.07221005,0.05825089,0.0297305,0.01425141,0.030403346,0.074309826,0.11032032,0.11896713,0.089606024,0.048251756,0.018926427,0.022860209,0.05067788,0.07989368,0.07242208,0.039621975,-0.006330765,-0.038452554,-0.037370313,-0.0073543806,0.02152461
0.030317223,-0.01467876,-0.0784815,-0.11227697,-0.09655449,-0.037054177,0.015960522,0.028320558,-0.007510655,-0.06115316,-0.089811735,-0.060342565,0.0055399695,0.06426684,0.07851927,0.04570822,-0.007274153,-0.041653793,-0.020865265,0.036544334,0.08827996,0.09429421,0.04716558,-0.021974469
0.20837861,0.24869715,0.20664544,0.13053846,0.08100988,0.11031023,0.19799425,0.27945969,0.28886506,0.22246552,0.11413836,0.03898494,0.038933326,0.103411004,0.15909061,0.16189672,0.08092527,-0.033393964,-0.11242636,-0.10302306,-0.021170802,0.0627971,0.093044214,0.044612776
-0.16233794,-0.10125584,-0.034269992,-0.024190951,-0.055682052,-0.118316494,-0.14171325,-0.10577908,-0.0044924417,0.08285856,0.114941694,0.07360322,0.015939929,-0.013363123,0.022494938,0.087146744,0.14675559,0.15647861,0.1069522,0.02363327,-0.032517716,-0.024838632,0.021420272,0.06663895
0.016283173,0.038905255,0.107348084,0.17261644,0.18276413,0.12963526,0.044121046,-0.018173983,-0.029884545,0.007623849,0.056513876,0.055948608,-0.009944553,-0.09928729,-0.1581131,-0.15323973,-0.096331805,-0.029371535,-0.0068137953,-0.0481364,-0.11342381,-0.14407775,-0.11146748,-0.025427634
0.06694305,0.027686696,0.036578048,0.097250246,0.14504486,0.1573514,0.10606319,0.02301738,-0.051334348,-0.06334335,-0.026706949,0.02085426,0.023777543,-0.028314928,-0.10911687,-0.15423459,-0.14176716,-0.08477191,-0.0259116,0.0036102955,-0.027175006,-0.081215285,-0.10544624,-0.07766445
0.06180547,0.02351949,-0.04301949,-0.078818426,-0.059878193,0.011692963,0.08456678,0.112960376,0.07983214,0.020826707,-0.01981376,-1.3305252e-05,0.067388475,0.13511583,0.1512225,0.108465105,0.03510383,-0.01520266,-0.013187426,0.042376563,0.100908026,0.108727455,0.056239337,-0.022826206
-0.061366215,-0.10237801,-0.06971829,0.019608937,0.101760276,0.12584864,0.07767444,-0.002271237,-0.04895186,-0.025704412,0.058301646,0.13775165,0.14856912,0.09001164,0.0033597487,-0.05101336,-0.0407204,0.033128794,0.10342165,0.105123326,0.037263367,-0.0539286,-0.113358796,-0.094568215
-0.10517106,-0.15430304,-0.1296153,-0.051625285,0.021932995,0.03851051,-0.009630347,-0.08672264,-0.12788986,-0.09724677,-0.013351545,0.067762546,0.091812156,0.043073215,-0.03278967,-0.07681928,-0.053467423,0.026387196,0.09889996,0.11077144,0.04944585,-0.038183037,-0.09424539,-0.08062682
-0.018178353,-0.054981187,-0.11548962,-0.15688542,-0.15582985,-0.116414964,-0.06576598,-0.042209573,-0.057672393,-0.094207786,-0.11546787,-0.09749314,-0.040899195,0.022316022,0.057634592,0.046802018,0.0087087555,-0.02072248,-0.011337345,0.03367585,0.08264003,0.098048605,0.06559661,0.005001879
0.061396204,0.030387012,-0.019824672,-0.04116587,-0.014816279,0.05262587,0.109160505,0.130262,0.09888527,0.047560986,0.019048952,0.044538468,0.09821982,0.14434445,0.14778154,0.1055732,0.044511795,-0.001326138,0.0057237013,0.04896613,0.08972608,0.08382459,0.031870984,-0.034138367
0.04067473,0.008900462,0.027691284,0.089509174,0.13284661,0.13109516,0.0718676,-0.0084224325,-0.0738118,-0.07598111,-0.031329673,0.013030572,0.0065384395,-0.049753025,-0.12632349,-0.165921,-0.14711076,-0.07781581,-0.019511964,-0.0019998965,-0.03710782,-0.08922138,-0.10762306,-0.06791655
0.026277464,0.032302104,-0.0148156695,-0.08648861,-0.13423137,-0.13026068,-0.07801763,-0.02147164,-0.002401354,-0.032283083,-0.09047833,-0.12793879,-0.10740574,-0.044098195,0.023507984,0.050646327,0.025930706,-0.031644598,-0.06762784,-0.047169443,0.015078785,0.07706613,0.097715594,0.058423772
-0.052729614,-0.107431345,-0.111715205,-0.06886996,-0.029365243,-0.026600001,-0.08649943,-0.16303343,-0.21983872,-0.21958345,-0.16369511,-0.09332054,-0.07568828,-0.11013272,-0.16421252,-0.18861449,-0.15280715,-0.07831156,0.003461338,0.036849774,0.010319436,-0.04444156,-0.076343045,-0.054931745
0.03366698,-0.04660477,-0.10134167,-0.09637154,-0.04825408,0.007068066,0.008333051,-0.044025484,-0.13348034,-0.18773492,-0.17719163,-0.1017355,-0.034985565,-0.018276632,-0.050829392,-0.11323276,-0.14743741,-0.11878249,-0.036436394,0.040682796,0.06723092,0.03637057,-0.032738157,-0.06972052
-0.15505004,-0.07424304,0.016839696,0.03318621,-0.011188145,-0.098682106,-0.14208503,-0.11026645,0.0026342734,0.10448084,0.13826548,0.07830698,-0.0037416287,-0.057967827,-0.024579203,0.056111418,0.13909361,0.1514273,0.093417235,-0.0085716415,-0.08025667,-0.06528691,0.0061912416,0.07591822
-0.15272328,-0.14272837,-0.08182384,-0.022524895,0.0023501676,-0.03512936,-0.09559514,-0.12871954,-0.0970174,-0.023851959,0.05216873,0.0781728,0.04575034,-0.014822852,-0.04627943,-0.02913461,0.03498849,0.09893219,0.117386535,0.070859596,-0.006767069,-0.062420074,-0.061982326,-0.011470499
0.0043513915,0.021680027,0.077729985,0.13764049,0.15396273,0.11904787,0.050643,0.00014853106,-0.006962159,0.026970174,0.07305225,0.08087517,0.029312925,-0.04572745,-0.10040287,-0.09583097,-0.04669482,0.0014088808,0.01862976,-0.01580118,-0.07600783,-0.11423176,-0.09278652,-0.028514685
0.05641844,0.021905145,-0.036302976,-0.068670705,-0.04655949,0.0245564,0.09358208,0.12310656,0.09285867,0.03877758,0.0056763045,0.028431436,0.089807495,0.14541425,0.16396166,0.12391849,0.055386394,-0.0029155985,0.0014793682,0.0493259,0.09739332,0.10297899,0.050021086,-0.026121862
0.073610574,0.032860156,-0.030161098,-0.056625735,-0.01955038,0.0744405,0.16542171,0.19559532,0.16068533,0.1002241,0.059703194,0.08384382,0.16523066,0.23004353,0.23837492,0.18111804,0.09245091,0.020247558,0.01885505,0.075937524,0.1253345,0.12354347,0.054104798,-0.04561291
0.15254538,0.18840252,0.14899914,0.0753771,0.02676261,0.047185726,0.12770447,0.20657945,0.22514315,0.17311198,0.08162883,0.012948892,0.013267881,0.07686714,0.14143635,0.15320069,0.08530172,-0.015154773,-0.08736697,-0.08328772,-0.0112954285,0.067981854,0.09551659,0.05125958
0.030365653,-0.0014369428,-0.04517127,-0.057055015,-0.024461145,0.048912514,0.11309446,0.13497655,0.11437813,0.0755837,0.05540202,0.07968779,0.1427221,0.18572669,0.18586117,0.1460402,0.09189206,0.03572614,0.03659976,0.07739496,0.10526211,0.09261317,0.03825153,-0.03941192
0.05400617,0.008784465,0.02557336,0.1038193,0.16760471,0.1813002,0.11584865,0.015807226,-0.06979565,-0.08149194,-0.02688248,0.03922229,0.04075795,-0.021393307,-0.12249569,-0.1815225,-0.17074493,-0.08953967,-0.011049251,0.015487038,-0.024615662,-0.09655496,-0.1331236,-0.0967073
-0.0046546087,-0.049201947,-0.11642359,-0.15823218,-0.15028165,-0.09799567,-0.042986196,-0.02104561,-0.045103446,-0.087543845,-0.1133488,-0.086476,-0.018418135,0.04504872,0.07320284,0.055997647,0.01589755,-0.02319644,-0.010493224,0.046783824,0.0981495,0.105428934,0.06514546,-0.0063176863
-0.062146876,-0.0276899,0.05985372,0.14467025,0.1811129,0.14759907,0.08812225,0.051701713,0.077626914,0.14852555,0.21496595,0.2226516,0.16677533,0.08406014,0.019323066,0.014147026,0.056686692,0.11684908,0.113289095,0.047705546,-0.041539006,-0.10488919,-0.09882494,-0.032642506
0.0096262535,0.01601021,-0.031204978,-0.10728721,-0.15423521,-0.14747213,-0.092296906,-0.03051217,-0.0046603056,-0.032973625,-0.091910176,-0.12446161,-0.10282352,-0.03317327,0.04017199,0.06506511,0.033452835,-0.020692615,-0.053944305,-0.03713334,0.02686025,0.09009606,0.103537604,0.062495284
-0.04443283,-0.009562026,0.065575495,0.13332382,0.1609615,0.1326103,0.08227525,0.05883989,0.082670875,0.13719204,0.19059838,0.19581254,0.1431334,0.07337092,0.02121152,0.016232964,0.049040765,0.0950775,0.091732815,0.031510197,-0.039441712,-0.088887215,-0.082440026,-0.024834972
-0.116652735,-0.07250103,-0.031287152,-0.040274538,-0.09617733,-0.17992003,-0.22726557,-0.217288,-0.15028839,-0.09010322,-0.07508565,-0.11811024,-0.17446652,-0.19382603,-0.16109838,-0.08798379,-0.0151169505,0.0224871,-0.004267068,-0.056415446,-0.080441535,-0.052452374,0.017074525,0.07868507
-0.16204138,-0.15218173,-0.100149594,-0.051417265,-0.02639794,-0.05346698,-0.089774996,-0.1061954,-0.06714601,0.0008023875,0.067242794,0.087445475,0.06982109,0.030517759,0.011109674,0.022478431,0.067183174,0.11938706,0.12781349,0.083724365,0.018764513,-0.029026764,-0.037622873,-0.006953722
0.026396425,-0.04767249,-0.10276638,-0.099656984,-0.062165707,-0.013341659,-0.016036974,-0.06709687,-0.14711758,-0.19850738,-0.18892825,-0.119923145,-0.05983721,-0.041838173,-0.07360653,-0.11942147,-0.14038663,-0.11839105,-0.043028347,0.030365331,0.056755953,0.029447677,-0.023915645,-0.059199076
-0.0016824963,0.008839568,-0.016546842,-0.05456947,-0.07057337,-0.0498788,0.00552412,0.056022074,0.08551315,0.07391044,0.042326123,0.02018659,0.035823815,0.084761284,0.13145064,0.14255676,0.10650368,0.053975318,0.017048672,0.015298408,0.044885296,0.07543639,0.072273605,0.030914828
0.06386645,0.039500277,0.06289861,0.13065256,0.1798942,0.18853165,0.13960658,0.06336271,0.0018969381,-0.0026492903,0.034695193,0.073527746,0.06773028,0.01229402,-0.073847055,-0.120205455,-0.1122607,-0.054829504,-0.007686216,0.005539328,-0.031665377,-0.0879564,-0.10916187,-0.07738522
0.10061476,0.074226044,0.09160996,0.15728216,0.21287176,0.23486964,0.19222698,0.120656066,0.046694174,0.025919864,0.060811765,0.10543472,0.09841956,0.04173719,-0.042950664,-0.1005068,-0.10765193,-0.06499898,-0.012766709,0.0028904972,-0.028762901,-0.083548255,-0.11419672,-0.08769825
-0.036133338,-0.07299616,-0.035633937,0.06352505,0.15592901,0.19404022,0.1549837,0.077767916,0.03235218,0.056950323,0.136337,0.21361524,0.22786005,0.16319732,0.063312285,0.0025320074,0.009202858,0.0653307,0.123052955,0.12485674,0.048970196,-0.05457557,-0.11847214,-0.10955866
-0.09838442,-0.07295483,-0.046375882,-0.046087105,-0.07584955,-0.124318816,-0.15655273,-0.15345776,-0.107937194,-0.0686267,-0.05000463,-0.06728647,-0.099891216,-0.11050274,-0.096473455,-0.050281856,-0.0016815702,0.025683751,0.015737627,-0.019406417,-0.038394976,-0.029540658,0.009320854,0.044216014
0.072191425,0.03543419,-0.021970158,-0.04499957,-0.011321081,0.07266299,0.15006469,0.17601286,0.13922957,0.07895785,0.042347062,0.06733713,0.14047572,0.1985307,0.19880454,0.14312996,0.063451126,0.00380357,0.0071717645,0.060572483,0.11008754,0.105637826,0.04316639,-0.044318344
-0.1490514,-0.07345905,0.013326803,0.026893843,-0.017427268,-0.10870072,-0.15911864,-0.13224678,-0.029416429,0.067352176,0.09984554,0.046489395,-0.03605103,-0.08717779,-0.0565568,0.016709452,0.09480393,0.12580769,0.077036336,-0.019489206,-0.08303208,-0.06875171,-0.001152551,0.0769161
0.2137503,0.17253423,0.09778826,0.05920588,0.07887402,0.16534524,0.24053843,0.24964304,0.17036489,0.0686187,-0.0032500385,0.00887368,0.07324487,0.13009003,0.12550433,0.057691604,-0.045181874,-0.11599178,-0.1047704,-0.028467627,0.04933045,0.07573457,0.028792687,-0.049450867
0.09159351,0.04917925,-0.022427425,-0.06887713,-0.070344344,-0.018321278,0.030497506,0.036720503,-0.011857001,-0.08180512,-0.13107558,-0.11510094,-0.05846921,0.0017577991,0.01899311,-0.008478888,-0.064672925,-0.10429885,-0.08467098,-0.019003162,0.04817649,0.07641429,0.048152488,-0.01222812
-0.075564474,-0.021433217,-0.019008968,-0.08368597,-0.16621083,-0.22743249,-0.21549143,-0.14386302,-0.059301026,-0.03283238,-0.06798104,-0.13932116,-0.17725658,-0.13988306,-0.053034753,0.026291614,0.057107247,0.031857904,-0.03106488,-0.072957434,-0.04426016,0.028054764,0.09712657,0.114115395
0.0849799,0.033101473,-0.0428645,-0.09374779,-0.10119092,-0.061573222,-0.027176982,-0.031788055,-0.093341716,-0.16482507,-0.21149243,-0.19092223,-0.1312143,-0.07507721,-0.05833429,-0.08356312,-0.12680522,-0.1495718,-0.116250195,-0.038911693,0.033949513,0.06480046,0.04220492,-0.008442223
-0.022488901,-0.023802003,-0.07571588,-0.14798224,-0.1907534,-0.18399437,-0.12882417,-0.06850279,-0.04227295,-0.06590878,-0.11249309,-0.13976455,-0.11063208,-0.038787603,0.036716327,0.06540759,0.043128666,-0.007671334,-0.037842542,-0.017567577,0.042501643,0.09757709,0.10688003,0.060493905
-0.046225663,-0.09654506,-0.09250887,-0.03680148,0.014207859,0.019132689,-0.038083475,-0.11663312,-0.17619824,-0.17359112,-0.11073416,-0.039037954,-0.025149673,-0.062143452,-0.12807341,-0.16478518,-0.14257255,-0.05855237,0.019746235,0.044783928,0.013107741,-0.051395644,-0.08996052,-0.06501697
0.027714485,-0.04717579,-0.08884417,-0.05113707,0.038244255,0.13210186,0.16426203,0.12606488,0.045767743,0.0011510972,0.02746096,0.114362754,0.19433762,0.20928253,0.15008083,0.058147527,-0.0048964466,0.0020870036,0.063713394,0.12742174,0.13191095,0.060678523,-0.04284055,-0.10792386
-0.037560873,0.038968604,0.06836399,0.026825078,-0.03618829,-0.08077828,-0.050671525,0.03308791,0.1317571,0.17079175,0.13603419,0.050257802,0.003251082,0.018776944,0.09137764,0.16000743,0.17797503,0.117708474,0.025036082,-0.039786506,-0.038483348,0.018948805,0.08228491,0.09072716
-0.15432882,-0.1406982,-0.07629423,-0.018877054,-0.0035506303,-0.049435616,-0.113811195,-0.14986372,-0.116341606,-0.041944344,0.032061264,0.050371625,0.017005153,-0.04743267,-0.08021409,-0.05353873,0.021092553,0.0797922,0.0968042,0.050669458,-0.026076345,-0.073197335,-0.057649337,-0.0055847997
0.012030632,-0.058455147,-0.105918095,-0.09764033,-0.05457296,-0.011197197,-0.017218173,-0.066650234,-0.1456792,-0.19282916,-0.17350513,-0.101824306,-0.047161814,-0.03237414,-0.064196825,-0.11602713,-0.14193583,-0.10657773,-0.028441781,0.035235055,0.057735804,0.025800114,-0.033359114,-0.060883354
-0.18824993,-0.116486736,-0.040613074,-0.028280392,-0.06628919,-0.14111657,-0.16828278,-0.1277696,-0.0108871935,0.0901024,0.12607321,0.07649412,0.011596909,-0.019389741,0.016979912,0.09522861,0.16718678,0.17961003,0.11849241,0.024245767,-0.038001545,-0.03219522,0.026547296,0.07753871
-0.025788827,0.04893783,0.12325616,0.14410783,0.114146486,0.054049835,0.022562796,0.04443478,0.11427224,0.17336656,0.18393989,0.12865709,0.050811786,0.002026944,0.00547707,0.051574714,0.093888305,0.095304795,0.04041225,-0.040949345,-0.08901131,-0.07832998,-0.017836597,0.043099657
0.055239502,0.073758654,0.028605621,-0.04307241,-0.082191214,-0.055548556,0.022849772,0.10005528,0.1292451,0.090692066,0.021136554,-0.02246385,0.00070307683,0.07201556,0.13942064,0.15632722,0.10607501,0.015535746,-0.03840762,-0.027471153,0.036853023,0.098185964,0.108524986,0.04850991
-0.11618715,-0.15515111,-0.1338375,-0.070615776,-0.011551058,0.0011774555,-0.039630875,-0.09808435,-0.121346414,-0.09083663,-0.01767424,0.05143101,0.07275424,0.035136897,-0.024495838,-0.054514725,-0.026928194,0.03864357,0.098227575,0.10437183,0.051592894,-0.023999142,-0.07071566,-0.06234455
0.032272562,-0.04584193,-0.09064777,-0.055727873,0.026865244,0.11556846,0.13738988,0.090287104,0.006633365,-0.040246032,-0.015819125,0.07242046,0.14873666,0.16126241,0.101730146,0.017107498,-0.035928223,-0.02456327,0.04429537,0.1123912,0.1179416,0.050944787,-0.04520038,-0.104101956
-0.005996131,0.008283173,0.06011013,0.11533995,0.12408775,0.07992085,0.00800324,-0.042497028,-0.048597485,-0.010630616,0.03373457,0.035675094,-0.01425061,-0.08629866,-0.13499118,-0.12415342,-0.0646469,-0.008282117,0.0062150354,-0.022929555,-0.079682745,-0.114331804,-0.08702811,-0.018682742
0.056429144,0.07120656,0.030995833,-0.028755061,-0.05753115,-0.029747868,0.045960937,0.11733695,0.14072748,0.10865545,0.047270164,0.006093634,0.030618347,0.09254661,0.15134081,0.16014236,0.11232408,0.029367771,-0.025016313,-0.012931264,0.041635316,0.09081191,0.09439607,0.037757937
0.17142586,0.2079532,0.18251482,0.12806949,0.090574555,0.114657424,0.18425687,0.24958472,0.26121745,0.20982534,0.12242171,0.055937547,0.05393882,0.09988595,0.13963644,0.13594075,0.07199755,-0.018201642,-0.08374535,-0.0814321,-0.021370644,0.04563327,0.06752049,0.03041869
-0.08323348,-0.14041606,-0.14173862,-0.08826429,-0.042141095,-0.04612622,-0.10808166,-0.19037735,-0.2462441,-0.23292844,-0.1616586,-0.08756759,-0.06993713,-0.10388722,-0.16262616,-0.18523508,-0.14718278,-0.056017425,0.022958133,0.052696716,0.018312579,-0.04821807,-0.08059478,-0.05446033
0.15857257,0.18864003,0.16494167,0.11491991,0.08551747,0.109635204,0.16820914,0.22493096,0.22814754,0.17786513,0.1052209,0.055229712,0.05066736,0.08538826,0.12437025,0.120593436,0.06206262,-0.02373182,-0.07279412,-0.07098894,-0.019580444,0.03858866,0.05387368,0.021903085
-0.11834229,-0.08597583,-0.04819155,-0.043337606,-0.078155115,-0.14142813,-0.18476906,-0.18116169,-0.12568726,-0.06975921,-0.042367887,-0.06649181,-0.10999658,-0.13466395,-0.11697002,-0.057193145,0.012428622,0.042359143,0.025443569,-0.01884296,-0.051342785,-0.045243375,0.0051081427,0.05254814
-0.035837635,-0.119709626,-0.17585348,-0.15726195,-0.08200473,0.0019355473,0.034106728,0.0009286585,-0.067628175,-0.10745849,-0.07790662,0.014188204,0.10149319,0.13768534,0.1039757,0.02941779,-0.026043879,-0.00752767,0.06262393,0.1304073,0.14588694,0.087504104,-0.013736454,-0.081977196
-0.070405774,-0.12020223,-0.1291911,-0.10037786,-0.072058596,-0.07287964,-0.11651883,-0.17557234,-0.21801627,-0.21360283,-0.16850902,-0.11325434,-0.08760944,-0.10655946,-0.14325589,-0.15930286,-0.12600283,-0.0624628,0.002588398,0.036178574,0.01938442,-0.022186415,-0.04801242,-0.037378985
-0.028215475,-0.0651966,-0.03748504,0.045810696,0.1256297,0.1585232,0.12169627,0.052503258,0.0067977468,0.02174093,0.08955086,0.1591094,0.17425635,0.12027264,0.03447551,-0.022653306,-0.017074797,0.038344983,0.095971964,0.102780886,0.04231621,-0.04600742,-0.10544754,-0.096828826
0.13430198,0.14047761,0.07432143,-0.015426655,-0.08218372,-0.08082564,-0.026802652,0.023540087,0.015289782,-0.049347527,-0.14059998,-0.19769515,-0.18342277,-0.11192055,-0.04288339,-0.017292447,-0.055560693,-0.12430206,-0.16298226,-0.12412827,-0.032391097,0.057807565,0.09775454,0.06260338
-0.0036434715,-0.0413865,-0.09346482,-0.124747366,-0.11526243,-0.074272424,-0.032780454,-0.020671498,-0.04535673,-0.08153663,-0.09662903,-0.07068327,-0.01883608,0.029757852,0.052857056,0.03477737,-0.0036640083,-0.02885832,-0.010218587,0.033067226,0.07278779,0.08094381,0.045362093,-0.007952015
0.049923785,-0.03335465,-0.09107066,-0.076168574,-0.019655561,0.045833543,0.051481944,-0.0072123455,-0.10320755,-0.16321525,-0.15260737,-0.07384976,-0.0032882092,0.017729072,-0.03049983,-0.10254629,-0.14617409,-0.11495774,-0.03368338,0.047005273,0.074656285,0.035035744,-0.03916125,-0.08142374
0.14288138,0.16207662,0.13696545,0.09832535,0.074120134,0.09316606,0.14117396,0.1802661,0.174063,0.1298038,0.06578959,0.023257183,0.024632275,0.05884753,0.08127823,0.07295578,0.02209655,-0.036702313,-0.07819262,-0.06710581,-0.018182859,0.02759049,0.041894272,0.01663463
0.073115155,0.09568973,0.05397726,-0.015493232,-0.04630129,-0.008522232,0.08856948,0.17642212,0.21005423,0.17374681,0.09619429,0.04417772,0.07204717,0.14746642,0.21734968,0.22063962,0.15056771,0.05084851,-0.01796586,-0.0104421675,0.05210008,0.113448486,0.11215438,0.043244913
0.00062895694,0.020274747,0.08893781,0.15563992,0.1676535,0.11688501,0.03176609,-0.029445339,-0.034731913,0.011952763,0.06067651,0.061007097,0.0009680493,-0.08992997,-0.14890654,-0.14103247,-0.07408004,-0.008653736,0.009670111,-0.027979072,-0.099523656,-0.13759398,-0.10795036,-0.025729312
0.11313437,0.050492093,-0.048197903,-0.11090022,-0.11106675,-0.046615522,0.010589594,0.015854854,-0.059036355,-0.15852964,-0.21723191,-0.18868327,-0.11148817,-0.031056764,-0.0083767045,-0.051747862,-0.12587193,-0.16264236,-0.12303137,-0.031894367,0.06360855,0.099400476,0.05602067,-0.01893022
0.04483655,0.00558993,-0.055004075,-0.09021594,-0.07647567,-0.019145085,0.036333203,0.05423867,0.019366791,-0.034515683,-0.06598038,-0.04342168,0.016933804,0.07251606,0.09087829,0.05797367,0.0019453459,-0.038348112,-0.024072073,0.028899686,0.08051893,0.09091178,0.046793345,-0.0195559
0.050045602,0.0978946,0.09577309,0.04204077,-0.03408456,-0.08424516,-0.081193194,-0.03699332,0.007154571,0.005268408,-0.044682004,-0.12113097,-0.16613534,-0.15155025,-0.08885745,-0.023626382,0.0023972006,-0.03864236,-0.093527965,-0.11762875,-0.08922969,-0.015296518,0.059579566,0.08204445
-0.039737184,-0.11248026,-0.15722103,-0.13776857,-0.07893055,-0.01893386,-0.005462241,-0.044117052,-0.10315265,-0.12924118,-0.09989452,-0.022956427,0.048510335,0.06978139,0.035669178,-0.016248902,-0.041894875,-0.01922022,0.0422206,0.103076756,0.109772384,0.056347262,-0.017805079,-0.06735294
-0.041470952,-0.023672227,0.03187762,0.08822717,0.11264992,0.09237289,0.051842794,0.022973023,0.035655327,0.08001696,0.12462086,0.13255827,0.0996369,0.044562157,-4.726448e-05,-0.005017143,0.024375726,0.06456822,0.06804054,0.029626327,-0.028509194,-0.0690463,-0.06590375,-0.024071194
0.025506267,-0.07016945,-0.14705281,-0.15043202,-0.109730706,-0.05861947,-0.060833495,-0.11990636,-0.22418539,-0.29155895,-0.281322,-0.2008231,-0.12239081,-0.08844178,-0.120891064,-0.18013941,-0.20856008,-0.16496329,-0.07256091,0.024375781,0.07082839,0.042036034,-0.023355499,-0.06366446
-0.07452033,-0.043475915,0.04404619,0.124518484,0.15716383,0.117278695,0.04997248,0.010149939,0.03456308,0.10573449,0.17638238,0.1868086,0.129115,0.042155474,-0.014177446,-0.015049307,0.035057813,0.099526234,0.10636778,0.04106465,-0.0494872,-0.107123785,-0.10030318,-0.028987424
0.025309611,-0.047828797,-0.15535887,-0.2207684,-0.2051321,-0.11471493,-0.027005466,-0.0008971658,-0.049150787,-0.12909862,-0.17881839,-0.1339332,-0.025460787,0.07705563,0.113435,0.07239092,-0.006983318,-0.06423872,-0.034844622,0.059373297,0.14657426,0.16386375,0.09385284,-0.019180331
0.03713164,-0.01556399,-0.043406624,-0.0069895815,0.067345984,0.14522481,0.17648974,0.14719614,0.08667379,0.05210025,0.07300302,0.13588254,0.19374159,0.20358042,0.15341784,0.07918337,0.0217515,0.019758223,0.060003914,0.10266938,0.100822926,0.043911017,-0.03696214,-0.08967531
-0.13229579,-0.17739017,-0.16117997,-0.09667876,-0.033149753,-0.018330295,-0.055636454,-0.11626885,-0.14128086,-0.10833102,-0.029250722,0.046935048,0.071402796,0.042276017,-0.015652718,-0.04887712,-0.029957112,0.04606584,0.10819856,0.1156748,0.064353295,-0.014385781,-0.06766846,-0.06021244
0.033173636,0.06892183,0.066247605,0.019523289,-0.049822032,-0.104671076,-0.114816144,-0.0866369,-0.056553252,-0.056583636,-0.09457423,-0.15538292,-0.19726442,-0.18587789,-0.13378513,-0.077807456,-0.05102388,-0.06369861,-0.10022768,-0.11744868,-0.08953793,-0.024117121,0.044088356,0.076811045
0.020845853,-0.03039401,-0.07448149,-0.07933813,-0.06479468,-0.041141126,-0.047108706,-0.08657996,-0.14474143,-0.1861654,-0.18290594,-0.13996571,-0.102989644,-0.08201556,-0.09954709,-0.12442474,-0.13968289,-0.11494348,-0.05985437,-0.00775367,0.021173906,0.014838539,-0.010848365,-0.028845737
-0.0034063833,-0.0012156542,0.028449364,0.0632422,0.061691813,0.01980869,-0.04474619,-0.09402945,-0.10847737,-0.08633185,-0.05462284,-0.04980589,-0.088276334,-0.1370373,-0.1707452,-0.1591796,-0.11086837,-0.05118552,-0.027562276,-0.040683985,-0.0740198,-0.09194814,-0.06642927,-0.0064674555
0.06392714,0.114557534,0.12456982,0.0890473,0.032107744,-0.0053572627,0.0015116973,0.042615104,0.08138177,0.08083497,0.03885085,-0.029660564,-0.0741183,-0.07036183,-0.02779075,0.01861958,0.031038936,-0.011402253,-0.0663024,-0.09672223,-0.07934121,-0.021938134,0.039935138,0.05992483
0.0844956,0.048969857,-0.010511802,-0.054446742,-0.06386791,-0.03552218,-0.010665293,-0.011814915,-0.06267962,-0.12594967,-0.164115,-0.15030733,-0.112043574,-0.0704368,-0.05250184,-0.069418155,-0.10598101,-0.1297739,-0.10235115,-0.046401564,0.013616036,0.043919776,0.030527826,-0.0051885727
0.095645376,0.0959995,0.04657763,-0.022002656,-0.07727883,-0.089269795,-0.06743459,-0.041010335,-0.058082882,-0.11074485,-0.17289475,-0.20896968,-0.20376167,-0.15647846,-0.10782174,-0.08714103,-0.1059509,-0.13816871,-0.14974009,-0.117690615,-0.044980533,0.02534025,0.061052904,0.049369976
0.05779874,0.104377665,0.112942405,0.0715155,0.00676619,-0.039734636,-0.04233423,-0.01052726,0.024244068,0.021940254,-0.02405261,-0.09055916,-0.1342761,-0.12766401,-0.08558866,-0.0380283,-0.023033403,-0.04885182,-0.09261468,-0.1179203,-0.093576215,-0.027650231,0.03929107,0.067078814
-0.056419015,-0.008594595,0.0045070974,-0.025711954,-0.06404045,-0.083950505,-0.052516703,0.012999088,0.088637084,0.11927429,0.09812435,0.047768425,0.027302636,0.049907994,0.101650424,0.1497821,0.1594944,0.111925945,0.04498228,0.0038600215,0.0062428494,0.037111923,0.07194871,0.063154444
0.024666637,-0.016789999,0.00067652954,0.06607114,0.11712093,0.11905339,0.05313771,-0.03741398,-0.10799474,-0.10770284,-0.05350634,0.005536801,0.0020461155,-0.058892593,-0.13621008,-0.17732246,-0.15543537,-0.079386584,-0.006556211,0.014253691,-0.028348513,-0.08782033,-0.11563411,-0.075288005
-0.0677763,-0.037639923,0.047551256,0.1331545,0.17096998,0.13882323,0.073873796,0.032722395,0.05533912,0.1236849,0.19530036,0.21059366,0.15363231,0.06917796,0.004270931,-9.3167815e-05,0.04542402,0.10807728,0.11385447,0.04941688,-0.041131545,-0.10609951,-0.10248879,-0.03486732
-0.15369922,-0.14508852,-0.08651834,-0.03285385,-0.008501266,-0.039152775,-0.08838084,-0.117731236,-0.083542295,-0.013746166,0.05325855,0.07752702,0.055205315,0.004496886,-0.024918556,-0.014089379,0.037864283,0.09751997,0.11516214,0.07223364,0.0016331809,-0.046621446,-0.050880186,-0.010642157
0.032828894,-0.0064498372,0.012561206,0.08452713,0.14617255,0.16740158,0.115884416,0.031935338,-0.03292065,-0.03683813,0.012966496,0.072743565,0.07777589,0.020991646,-0.06522304,-0.11776006,-0.10769934,-0.046907812,0.0198847,0.03900158,-0.006033749,-0.07282766,-0.11321695,-0.08952936
0.047415063,0.014378589,0.0214595,0.07388341,0.11780423,0.12950529,0.08596287,0.017390354,-0.044573575,-0.0551664,-0.020639507,0.025349712,0.026625663,-0.013252184,-0.08288105,-0.1247515,-0.12008982,-0.06420006,-0.011844053,0.009894316,-0.014584782,-0.06471718,-0.090770535,-0.066028744
-0.0024834552,-0.054185465,-0.12688966,-0.1669602,-0.15050738,-0.089060664,-0.028821371,-0.009982932,-0.042109493,-0.09234516,-0.115984,-0.08078516,-0.0054382486,0.06430725,0.08977165,0.06116522,0.007937025,-0.026941083,-0.005908337,0.055611376,0.11083126,0.11507232,0.062247884,-0.015696248
-0.12684575,-0.16926312,-0.15031357,-0.0854183,-0.02773486,-0.017946588,-0.062351935,-0.12594812,-0.1483825,-0.11294906,-0.037245367,0.032895923,0.055440404,0.018431533,-0.04270053,-0.0666287,-0.03074721,0.03945156,0.0985867,0.1080489,0.052772976,-0.026240002,-0.06942946,-0.059865925
-0.014206393,-0.0044034524,0.0439306,0.09315182,0.100180954,0.060654443,-0.007981122,-0.060990345,-0.067573555,-0.03408475,0.0056507285,0.01243465,-0.02832855,-0.09424261,-0.14209242,-0.1321654,-0.076751545,-0.023515917,-0.00087765756,-0.024474483,-0.07579589,-0.10435008,-0.07905663,-0.018863486
-0.006607655,-0.050677635,-0.12079902,-0.17066567,-0.16097683,-0.10046118,-0.031791452,0.0006260043,-0.020365316,-0.0706165,-0.10449715,-0.07792945,-0.0017569122,0.07521377,0.110522285,0.08114037,0.02056393,-0.019774847,-0.005838292,0.05049479,0.11249995,0.12792122,0.075462215,-0.005848168
0.11818764,0.06577102,0.02602106,0.043882534,0.08626592,0.13760693,0.13950308,0.09375133,0.005632061,-0.05689595,-0.059206944,-0.0124333,0.026505224,0.029657481,-0.021224143,-0.084269196,-0.12392176,-0.11299234,-0.05971405,-0.00045223255,0.02424285,-0.0031571472,-0.049715433,-0.07382914
0.07041032,0.035249155,-0.020401135,-0.040235754,-0.0022225708,0.08333681,0.16171658,0.18974803,0.15584953,0.10140505,0.06883288,0.09672313,0.1643767,0.22112434,0.22311868,0.16739644,0.08398455,0.025539588,0.024661124,0.072900295,0.11682282,0.10683521,0.040832065,-0.043349084
0.14349769,0.09580655,0.068278015,0.09400522,0.14451313,0.19562943,0.19547394,0.14409333,0.049307153,-0.011718352,-0.012654978,0.033867136,0.065344706,0.055627137,-0.0015238301,-0.07573113,-0.12675259,-0.11267845,-0.057801053,-0.0057318844,0.010767224,-0.017708937,-0.06828921,-0.0839075
-0.03553819,-0.08264978,-0.08657259,-0.046417177,-0.011127063,-0.007798697,-0.05535514,-0.12446565,-0.17475857,-0.17418453,-0.12839413,-0.07224095,-0.05645502,-0.08334448,-0.13314049,-0.15673499,-0.13168162,-0.06533131,0.00030135532,0.029625693,0.0067287683,-0.039635293,-0.06636577,-0.048582707
-0.04531913,-0.115002595,-0.16195625,-0.14981665,-0.09288309,-0.027988596,-0.002172757,-0.028397672,-0.08010924,-0.108454555,-0.08359151,-0.010647336,0.06411648,0.09421978,0.071157016,0.01808076,-0.017788313,-0.0057737823,0.05030569,0.107829444,0.11971214,0.074230656,-0.0036489277,-0.06185283
0.027419943,0.04346259,0.08291156,0.120475106,0.11874631,0.0809068,0.019526243,-0.021846414,-0.030896692,-0.012159245,0.014177209,0.010586344,-0.039130908,-0.09703466,-0.13321665,-0.12223484,-0.07835392,-0.0378049,-0.0235303,-0.04830284,-0.08624652,-0.10118614,-0.07124729,-0.010669144
-0.03158345,0.023852933,0.032964896,-0.018958256,-0.08756191,-0.13457966,-0.117292315,-0.05243267,0.02180333,0.044992257,0.005002612,-0.064016804,-0.09991564,-0.072722554,-0.006061637,0.057911236,0.076084696,0.04114301,-0.025962435,-0.06545756,-0.04363047,0.017771818,0.08028618,0.09293087
0.050424248,0.12614366,0.1477607,0.104000285,0.03491053,-0.010529446,0.01765332,0.09011753,0.16324711,0.18062435,0.12749338,0.029390449,-0.025023576,-0.012049223,0.051779825,0.11131035,0.11720235,0.055613868,-0.038505044,-0.091489546,-0.076285064,-0.0056552114,0.06828885,0.085318655
-0.15823334,-0.14306097,-0.07993189,-0.023809273,0.000116742514,-0.03457597,-0.08742317,-0.11362606,-0.07364814,0.0008099919,0.07474313,0.09824759,0.06496396,0.008434542,-0.016828768,0.0022462008,0.05912576,0.11428349,0.12814415,0.07509262,-0.0028004313,-0.053474247,-0.053466763,-0.0077572
-0.09790227,-0.09289263,-0.054147184,-0.02260426,-0.027899265,-0.07971409,-0.1387979,-0.17563522,-0.1594185,-0.10734775,-0.06309877,-0.05958227,-0.088549,-0.1318898,-0.14890842,-0.12039432,-0.055821914,0.0061775455,0.021204356,-0.0020916723,-0.047529355,-0.0674829,-0.041089594,0.011975424
-0.051289648,-0.025381811,-0.030821403,-0.07426737,-0.12422969,-0.15620595,-0.14550814,-0.102551736,-0.052401815,-0.036294986,-0.06083643,-0.10140089,-0.11341205,-0.088669814,-0.033778768,0.018474888,0.044257022,0.019546848,-0.018145254,-0.033109706,-0.015080281,0.026404178,0.06683426,0.06704226
0.018685466,0.022591714,-0.03394106,-0.11571933,-0.16457479,-0.15151474,-0.08107318,-0.013214414,0.012297567,-0.021487728,-0.08733716,-0.1276822,-0.09745839,-0.016381156,0.06486603,0.09013417,0.050072994,-0.017128015,-0.05896848,-0.036374032,0.03482784,0.105445646,0.118605025,0.06462027
0.083136715,0.030133288,-0.046999883,-0.0921982,-0.1000701,-0.06712284,-0.035630677,-0.046403293,-0.110048175,-0.18067089,-0.22376882,-0.20924021,-0.15070753,-0.09199818,-0.078984044,-0.103510864,-0.14330584,-0.15302008,-0.122003995,-0.044506557,0.028184712,0.057073347,0.03754596,-0.008839587
-0.0068355086,0.0016962914,0.042326204,0.07600344,0.07634275,0.037416663,-0.020222949,-0.063418135,-0.071522415,-0.04603945,-0.017731871,-0.01647677,-0.05041708,-0.105171084,-0.13758379,-0.13002811,-0.086414784,-0.03987351,-0.018236533,-0.036692183,-0.07427162,-0.08739475,-0.06378448,-0.010378269
0.003226297,0.030631717,0.101855434,0.17153329,0.18676104,0.14002421,0.061593182,0.009509451,0.0095721595,0.054930657,0.10495714,0.10444109,0.039009485,-0.047034778,-0.10822423,-0.10456957,-0.04945021,0.013557795,0.024272086,-0.022847788,-0.09266738,-0.13359441,-0.10644911,-0.025291564
0.029788094,0.044663608,0.08975075,0.13635829,0.14676689,0.1177808,0.067123644,0.025431797,0.016681759,0.04268937,0.06843525,0.06471949,0.023296088,-0.03485187,-0.0793941,-0.08184829,-0.05040232,-0.008491652,-0.0017095964,-0.026060754,-0.07039173,-0.09397489,-0.0750662,-0.020806307
0.08271497,0.081943095,0.0428192,-0.010547227,-0.049547333,-0.052438993,-0.03188837,-0.00853906,-0.022464417,-0.06562479,-0.116883405,-0.14403951,-0.1371608,-0.101070315,-0.062935546,-0.05217002,-0.069996275,-0.099833444,-0.109304436,-0.08280276,-0.027010236,0.02531276,0.046125025,0.032970224
0.047119603,0.010031153,0.01713797,0.07354616,0.12495534,0.14080559,0.091942675,0.01970526,-0.049670137,-0.06439612,-0.02054955,0.035801582,0.03676915,-0.011428921,-0.08300194,-0.12737955,-0.11942424,-0.06667119,-0.0034077258,0.018699482,-0.010923698,-0.06850492,-0.101385966,-0.07716167
-0.18391481,-0.16339861,-0.07947478,0.00018950879,0.02474176,-0.02836619,-0.10543493,-0.14944315,-0.101528764,-0.00204709,0.08836028,0.107677005,0.06109911,-0.018236307,-0.06458517,-0.036538053,0.050652184,0.12970397,0.1400954,0.0772648,-0.024690723,-0.09105174,-0.07669471,-0.008679021
-0.12385791,-0.123753235,-0.08749798,-0.053040147,-0.054461986,-0.10398958,-0.17005524,-0.21061057,-0.19594453,-0.14562495,-0.08979561,-0.071382545,-0.09868011,-0.14144841,-0.16339079,-0.13338527,-0.06362863,0.0037311474,0.031589605,0.008488448,-0.037578333,-0.065991476,-0.043590218,0.008379438
0.13618818,0.1589069,0.12619843,0.073581204,0.042445198,0.06615751,0.12869282,0.18172358,0.18740962,0.13959377,0.06708422,0.01902042,0.02171411,0.0714815,0.113644615,0.11228022,0.05061387,-0.022898242,-0.07139938,-0.0642498,-0.007661972,0.051541902,0.06484929,0.029028974
0.043815862,0.07108207,0.07033562,0.04221888,-0.0036925585,-0.04016295,-0.046343908,-0.030311806,-0.014662961,-0.019493554,-0.047125537,-0.09120861,-0.12350522,-0.11667053,-0.087638,-0.052436255,-0.040325955,-0.049863003,-0.07686334,-0.09008382,-0.06988212,-0.025083283,0.024170035,0.04802503
-0.1059693,-0.055085026,-0.0019603572,0.0070089805,-0.012474842,-0.051811554,-0.061934877,-0.028994488,0.050125327,0.11541715,0.13298649,0.099537425,0.057604082,0.034952514,0.057652473,0.10197959,0.1404785,0.13683091,0.09093256,0.026733425,-0.016786162,-0.015234369,0.016372673,0.044431858
-0.11360445,-0.068770744,-0.015274971,-0.00379891,-0.023557458,-0.0674863,-0.087201975,-0.06386115,0.009653697,0.0765376,0.09991578,0.069944255,0.029531948,-0.00082984025,0.01999534,0.06728161,0.118171185,0.11978426,0.083187245,0.023806103,-0.024193723,-0.024139602,0.009399341,0.041276224
0.12257282,0.07374134,0.04533274,0.07064054,0.12126648,0.17592771,0.17967904,0.13031572,0.04440666,-0.011462079,-0.012511204,0.035722908,0.07192932,0.06826496,0.012367292,-0.059393108,-0.1095743,-0.09584576,-0.042878672,0.00875335,0.023707608,-0.0062814113,-0.059497386,-0.08082815
0.1594039,0.19286592,0.15216343,0.0758758,0.024216305,0.040648215,0.11816161,0.19811495,0.21202324,0.15678295,0.06149537,-0.011922298,-0.008938048,0.0530216,0.11873048,0.12581813,0.062433314,-0.03227148,-0.10277017,-0.09321094,-0.016459981,0.06598434,0.09293085,0.05166371
0.009675839,-0.028499905,-0.084155105,-0.11974444,-0.11244581,-0.06803776,-0.025698807,-0.011731537,-0.03814929,-0.08117707,-0.10306998,-0.077995636,-0.024797728,0.025779113,0.0495806,0.029856682,-0.009596988,-0.03926397,-0.019225387,0.027525946,0.07222606,0.08348098,0.046902232,-0.009004185
0.09621556,0.044624582,0.010538223,0.034030005,0.082334,0.13589376,0.1384087,0.09020586,0.008858148,-0.045477614,-0.04130687,0.010906558,0.05136879,0.053328358,-0.00079047435,-0.06288533,-0.10282905,-0.09007892,-0.035887808,0.017976547,0.03413033,-0.00019685013,-0.050812077,-0.077338055
-0.009996791,-0.009201027,-0.059514616,-0.1347873,-0.18501803,-0.17990239,-0.12481165,-0.07007597,-0.04195233,-0.064957835,-0.120748565,-0.15419248,-0.12507284,-0.054350022,0.019202994,0.054678142,0.035185322,-0.023168117,-0.055963535,-0.033104744,0.027231766,0.0914327,0.111819744,0.06456085
0.10765552,0.085807726,0.04558685,0.022268578,0.026059398,0.06086729,0.091236115,0.09485315,0.050781455,-0.0040432024,-0.04059558,-0.036529277,-0.0066523394,0.02250047,0.02225239,-0.010616821,-0.05661635,-0.081898846,-0.07190301,-0.03096434,0.014565995,0.03181755,0.01242685,-0.01959437
-0.018264338,0.00124785,0.06327151,0.1171857,0.11893173,0.060571548,-0.02865406,-0.08594775,-0.08985538,-0.049327716,0.00012565775,0.0039845183,-0.05746787,-0.14034657,-0.1878704,-0.17011245,-0.10000353,-0.032837857,-0.00583676,-0.04366674,-0.10442899,-0.1326502,-0.096862756,-0.013471172
0.17422706,0.12663004,0.0416995,-0.009700164,0.0005202596,0.080347635,0.15310438,0.16675723,0.094389796,-0.003326146,-0.07424932,-0.05893192,0.0128212,0.07918245,0.08910203,0.035846565,-0.052027386,-0.120503835,-0.105805695,-0.022576183,0.061088175,0.09053334,0.046893712,-0.035163425
0.023775691,-0.010170259,-0.06331863,-0.091912724,-0.082337074,-0.03805425,0.004775625,0.017068395,-0.010201885,-0.0542465,-0.07649813,-0.055601906,-0.007296675,0.04409023,0.059079535,0.03519976,-0.00951227,-0.033735752,-0.019659553,0.023255805,0.067825116,0.07546686,0.040430166,-0.01197141
-0.04611046,0.009474935,0.019791251,-0.039347917,-0.11706977,-0.1715355,-0.15547441,-0.088719636,-0.008962676,0.017589124,-0.023388622,-0.100769475,-0.13364784,-0.11065587,-0.031427387,0.044148948,0.07696395,0.031916335,-0.034737766,-0.07298363,-0.05341786,0.01899372,0.0896426,0.099697106
-0.0064602992,-0.0554187,-0.1257194,-0.16769332,-0.15495291,-0.096576214,-0.039200995,-0.019644441,-0.04861576,-0.09894179,-0.122016475,-0.08849624,-0.016268449,0.050881214,0.07946195,0.055424273,0.006612388,-0.031413417,-0.008531834,0.049694292,0.103816524,0.11225519,0.063299246,-0.013107523
0.05363965,0.08098329,0.07562285,0.041043624,-0.010773341,-0.05011508,-0.057915512,-0.03855457,-0.026030729,-0.036165964,-0.07061228,-0.115684584,-0.14950745,-0.13707225,-0.10734682,-0.07445541,-0.065526016,-0.06866793,-0.09556765,-0.10513381,-0.07420818,-0.024680309,0.027095558,0.055282846
-0.12193553,-0.048159365,0.027265988,0.046180584,0.012428326,-0.057413246,-0.085399464,-0.05169366,0.046817277,0.13226642,0.15939501,0.10467966,0.032979697,-0.0038837465,0.017823676,0.08149803,0.14043139,0.15252788,0.0899492,-0.0006148686,-0.057607424,-0.05182227,0.0072734505,0.0639864
0.031904787,-0.027579622,-0.11743071,-0.16910811,-0.15490194,-0.07818375,-0.0071383487,0.0147373825,-0.027616654,-0.09686271,-0.13444172,-0.09763332,-0.012017217,0.06691186,0.09756038,0.06758828,0.0072326832,-0.050476648,-0.02690152,0.049816806,0.118080154,0.12982057,0.07385378,-0.02040547
-0.050778203,-0.10268107,-0.11194673,-0.07713212,-0.039594665,-0.033626795,-0.08019426,-0.14680418,-0.20013508,-0.20403078,-0.15464018,-0.087845325,-0.06802401,-0.08826074,-0.13333587,-0.16052713,-0.14247458,-0.0714223,0.0038757352,0.03497263,0.018308898,-0.028261608,-0.06280182,-0.047594473
0.005436444,-0.043844074,-0.019522812,0.068761,0.14405443,0.160725,0.09681506,-0.0024283049,-0.078116655,-0.07252534,-0.005152036,0.06958914,0.07972487,0.016420208,-0.0887794,-0.15387452,-0.1401692,-0.04669816,0.032171723,0.055215046,0.0029369555,-0.08414658,-0.13422382,-0.1008391
0.07161063,0.1703009,0.2070298,0.15564735,0.07308371,0.016050247,0.047901705,0.13661785,0.22741793,0.2516385,0.18430726,0.06401184,-0.0088448245,-9.235171e-05,0.074621655,0.14078248,0.1412577,0.06971209,-0.04496074,-0.11677346,-0.101812,-0.014067044,0.074753635,0.10295487
0.038931448,5.7657e-05,0.013505705,0.080457754,0.13517885,0.15164639,0.10247739,0.02037645,-0.045755044,-0.052054144,-0.0077674473,0.045287225,0.051358778,0.0014979017,-0.082571216,-0.13085416,-0.12035812,-0.058652315,0.0021655676,0.025479177,-0.011379066,-0.07294766,-0.10555326,-0.081938915
-0.11595273,-0.07351435,-0.030124266,-0.029549973,-0.07134084,-0.14316073,-0.18711066,-0.17623508,-0.11230267,-0.05242345,-0.027731739,-0.06084711,-0.11548184,-0.14127655,-0.11469836,-0.04869091,0.020187821,0.049083266,0.024330903,-0.03039653,-0.06340474,-0.04952251,0.008093278,0.06334503
0.013969137,0.07708023,0.131185,0.13106157,0.07846071,0.0008600211,-0.053223096,-0.046132937,-0.002519218,0.031206988,0.03070803,-0.024785792,-0.110102504,-0.15698843,-0.1427173,-0.08658677,-0.03135157,-0.016413083,-0.047524244,-0.1095235,-0.1336782,-0.09943324,-0.021669913,0.05638652
0.07897532,0.036968317,-0.032537196,-0.06466571,-0.02981305,0.06448104,0.15340218,0.18854095,0.1507383,0.085991696,0.043620687,0.07228606,0.15079172,0.21917786,0.23087257,0.17398767,0.08451825,0.013983395,0.0136028845,0.07334535,0.12951455,0.12655088,0.056090355,-0.04073188
0.02299549,-0.027600626,-0.10252788,-0.14794819,-0.13285361,-0.068397395,-0.00764376,0.0150782885,-0.023522671,-0.08353175,-0.11257249,-0.07773703,-0.0050808834,0.061698426,0.090781435,0.058696672,0.0011132607,-0.04295737,-0.01920048,0.043918148,0.10411467,0.11369064,0.059897546,-0.017959291
-0.025219195,-0.10081114,-0.15125152,-0.1315267,-0.06633825,0.0025908293,0.024626015,-0.010803015,-0.07769065,-0.11236563,-0.08365528,-0.0026533948,0.07274416,0.10024043,0.06428347,0.0020382828,-0.03884996,-0.018841883,0.042969067,0.10675472,0.1199048,0.064570464,-0.017806489,-0.073349394
0.026554406,0.01202366,-0.0125466725,-0.026180668,-0.010750125,0.032820027,0.07628,0.09534475,0.08731979,0.0667913,0.045667198,0.055133235,0.09348957,0.11956161,0.12414836,0.103561714,0.06914,0.025922693,0.01857619,0.04315135,0.061479416,0.05871646,0.030368378,-0.018296422
0.03133181,0.028157612,-0.034478527,-0.11630031,-0.15916601,-0.1376183,-0.06951926,-0.0038174924,0.011255863,-0.031356715,-0.09752826,-0.1286496,-0.09176946,-0.014220611,0.061809745,0.08176271,0.045106787,-0.027554343,-0.061025023,-0.028754605,0.044323616,0.10659166,0.11194844,0.052304685
0.052518126,0.12090039,0.12828623,0.06376595,-0.029178644,-0.09528108,-0.08644524,-0.023054581,0.03953477,0.04602398,-0.015195801,-0.113837995,-0.173325,-0.15453734,-0.07777001,-0.0018977891,0.0202575,-0.02543333,-0.1030115,-0.14307263,-0.10882864,-0.017529937,0.0753184,0.107328646
0.024633605,-0.020372536,-0.040377207,-0.012295363,0.045458358,0.10508749,0.12010602,0.092853636,0.040993575,0.01288341,0.030081982,0.08589253,0.13401738,0.13439934,0.089850985,0.029948512,-0.005351478,-0.0032346644,0.038586088,0.07727133,0.07568567,0.02861231,-0.035267808,-0.073714525
-0.08038375,-0.05068661,0.041950352,0.12846908,0.16034183,0.11301383,0.03400954,-0.015183335,0.007784281,0.0873415,0.16441245,0.17631574,0.11377571,0.015592225,-0.04575731,-0.040530186,0.023908133,0.094821535,0.10420639,0.03907553,-0.06059627,-0.122891724,-0.109514974,-0.0289166
0.07668041,0.07430257,0.02908798,-0.028735554,-0.07469707,-0.079111755,-0.053358447,-0.03201829,-0.041824576,-0.08272397,-0.13694812,-0.16898037,-0.16013719,-0.115794376,-0.07140979,-0.049495783,-0.066156164,-0.101742,-0.11659798,-0.087404884,-0.029531505,0.030565389,0.060223736,0.04245378
0.04739941,0.028650573,-0.0026349588,-0.01674725,0.008638774,0.06965851,0.12608264,0.15021507,0.13420498,0.09871749,0.071833834,0.08756922,0.13446656,0.1708834,0.17160286,0.13084877,0.07226331,0.026078515,0.023049133,0.051727347,0.07991505,0.07606798,0.029909613,-0.030207621
-0.12847875,-0.08505934,-0.03563339,-0.033180088,-0.062198482,-0.11696739,-0.14110386,-0.11669454,-0.042004265,0.026237367,0.047550816,0.01649863,-0.025503771,-0.048171084,-0.019076824,0.032575354,0.0847281,0.10087854,0.0670007,0.009215974,-0.030005354,-0.021813309,0.016630542,0.05603255
-0.07516482,-0.1250485,-0.15481912,-0.14718942,-0.10991346,-0.069369674,-0.052337203,-0.069145195,-0.09331018,-0.09958154,-0.0777482,-0.025214784,0.033665992,0.056787692,0.04320341,0.014207268,0.00077216455,0.013519755,0.051276032,0.091118395,0.09483759,0.060088355,0.007638903,-0.03571439
-0.024633063,0.012911193,0.09249291,0.1647952,0.19748612,0.18123895,0.14180623,0.11866473,0.14655419,0.2031503,0.25199175,0.25012764,0.20235984,0.12342078,0.07072147,0.06925266,0.10445624,0.119575545,0.10662617,0.04645812,-0.037006523,-0.086999714,-0.080152124,-0.036970753
-0.033607505,-0.024888307,0.025084157,0.07948903,0.08886528,0.044283114,-0.028612895,-0.08524028,-0.09048381,-0.052004274,-0.0024515456,0.0074775247,-0.037074406,-0.10172547,-0.14998613,-0.1398946,-0.08433521,-0.016761368,0.00876673,-0.019781278,-0.07442832,-0.10676515,-0.08316406,-0.016769938
-0.084896676,-0.032989167,-0.026052672,-0.089241065,-0.17395379,-0.24085297,-0.22947843,-0.16518466,-0.08029905,-0.0444076,-0.07754974,-0.1538463,-0.18678363,-0.15704285,-0.06866649,0.018628996,0.059774414,0.02895181,-0.03569663,-0.07419257,-0.053617354,0.02209947,0.09932257,0.11468713
0.100288,0.19117345,0.2308146,0.19945703,0.13996878,0.100278296,0.12440352,0.19537242,0.26561016,0.27874795,0.22278638,0.12526736,0.051022734,0.048565727,0.096075185,0.13949536,0.12619275,0.063927114,-0.031747043,-0.10195393,-0.094887145,-0.028321454,0.04165091,0.0718125
-0.023344267,-0.044403747,-0.0048320633,0.07748116,0.15640728,0.18457101,0.15236153,0.09966317,0.06417498,0.08481691,0.15249349,0.21563958,0.2154392,0.15948784,0.08028844,0.018991774,0.010036603,0.06494024,0.110263966,0.098451026,0.03736449,-0.04676523,-0.105496764,-0.08689083
-0.024861332,-0.011438455,0.04176916,0.092348434,0.100886375,0.058210637,-0.010031835,-0.056959346,-0.05887595,-0.020255886,0.022877207,0.027677735,-0.015298535,-0.08306,-0.12820114,-0.120385736,-0.06499899,-0.008024268,0.0110625755,-0.01817382,-0.0720112,-0.1028121,-0.08017906,-0.016978089
-0.04658258,0.03854782,0.12680577,0.14660126,0.10848228,0.035482544,-0.0071222624,0.01986424,0.10548603,0.17711511,0.19298935,0.13137898,0.037524246,-0.023821594,-0.008594929,0.04814642,0.10431846,0.10727579,0.05164376,-0.04592137,-0.1056087,-0.08748318,-0.019861992,0.055525873
-0.057872802,-0.0071999696,0.017819867,-0.0037565192,-0.036645766,-0.06388918,-0.03870563,0.02148839,0.09512239,0.13342543,0.11773564,0.0676412,0.039924555,0.055830143,0.10126716,0.13757513,0.1391262,0.11413135,0.049576562,0.00039800486,-0.0027661463,0.025621379,0.055866446,0.06173983
0.12291219,0.06746574,-0.024475846,-0.08190669,-0.078553595,-0.011559475,0.04995679,0.060162876,-0.009993911,-0.103097886,-0.1623202,-0.13782708,-0.06415557,0.010128505,0.028470455,-0.013965755,-0.08851728,-0.13603292,-0.10867798,-0.022873238,0.065556146,0.095240444,0.054302774,-0.021680525
-0.031681187,-0.020664498,0.032834154,0.094117895,0.106505916,0.06302091,-0.010056714,-0.06710436,-0.070650674,-0.027239136,0.024964118,0.034574654,-0.012964403,-0.080552995,-0.13581635,-0.12669608,-0.070567496,-0.0021641955,0.017492797,-0.013659885,-0.0729082,-0.11163971,-0.086821236,-0.018256892
-0.026058497,0.036572523,0.11015245,0.14090662,0.12523574,0.07696583,0.04586685,0.05847704,0.11709269,0.17571934,0.1934167,0.14995396,0.08365567,0.028107412,0.021198845,0.054077953,0.09532771,0.09813137,0.053360514,-0.018644359,-0.07378229,-0.0752298,-0.029394783,0.024907658
-0.111617275,-0.058997545,0.005712101,0.02182172,0.0014547133,-0.05262999,-0.08620953,-0.06682294,0.005688643,0.07399023,0.10531757,0.07759905,0.022059713,-0.020856366,-0.003546555,0.04519708,0.09977801,0.1100441,0.080247305,0.009049159,-0.044746738,-0.04521391,-0.0065040193,0.04090464
-0.08170652,-0.07787419,-0.042679638,-0.015806472,-0.016362667,-0.056228194,-0.11076948,-0.14249928,-0.1319574,-0.09370142,-0.051534954,-0.04064793,-0.067116685,-0.11116872,-0.12475701,-0.10316442,-0.047671903,-0.0010147966,0.02312746,0.00066917256,-0.040853936,-0.058855407,-0.042291865,0.002099938
0.037165765,0.01305639,0.032904457,0.09129225,0.13794,0.14861886,0.106189534,0.041875273,-0.00925088,-0.010265508,0.030923177,0.072552465,0.06740112,0.016580619,-0.050273225,-0.087518126,-0.07874252,-0.034321908,0.012180105,0.020810852,-0.017568855,-0.06885348,-0.0931885,-0.06806085
0.08192965,0.14508194,0.16846232,0.14406323,0.10280379,0.07753413,0.101945445,0.15539102,0.20141788,0.20593521,0.16424826,0.09105614,0.04227608,0.043640707,0.0815908,0.11140662,0.09777638,0.045561828,-0.026015373,-0.07267354,-0.06453012,-0.0151062785,0.033355184,0.048500646
0.023810485,0.030624855,0.064466335,0.096789815,0.096936435,0.061582517,0.0014819045,-0.041817233,-0.059076022,-0.04352081,-0.019972026,-0.01825852,-0.055279948,-0.111478746,-0.14643215,-0.1408611,-0.09652682,-0.054191977,-0.032325692,-0.045033008,-0.077744484,-0.09300546,-0.06938007,-0.014569794
0.047868613,-0.0036740452,-0.0023973235,0.058391012,0.10920507,0.11855116,0.050630383,-0.046393573,-0.13272159,-0.15184025,-0.099622205,-0.032486007,-0.03287037,-0.08718519,-0.16530386,-0.20810653,-0.18891361,-0.11552375,-0.029995082,0.0026527436,-0.028715812,-0.08651232,-0.11721536,-0.08165366
0.03607665,-0.040423878,-0.08491032,-0.050305657,0.032887455,0.11790756,0.14000973,0.09419147,0.007290163,-0.04026466,-0.012555955,0.07529871,0.14698507,0.15956664,0.10347371,0.017829072,-0.04094819,-0.026175154,0.042127524,0.10678084,0.11358536,0.048087504,-0.047623158,-0.10203007
0.071904965,0.081461325,0.042965163,-0.015356147,-0.062469397,-0.06896101,-0.036221597,-0.0002848459,0.0009441533,-0.03678969,-0.09030156,-0.13036384,-0.12815964,-0.08247372,-0.032403413,-0.009726784,-0.03215358,-0.07459508,-0.10131914,-0.08509442,-0.027679512,0.0344532,0.06562437,0.04791216
0.027122524,0.037656963,0.07586799,0.12122292,0.124810144,0.086077556,0.018681724,-0.03442985,-0.05233815,-0.034455575,-0.0022681023,0.0021468673,-0.04833304,-0.104230426,-0.15221635,-0.14848101,-0.11013432,-0.04982267,-0.028074713,-0.050412256,-0.087407164,-0.10904375,-0.082196794,-0.015005348
0.11550644,0.048829466,0.0023744258,0.028907655,0.088604964,0.15315056,0.15779279,0.101865724,-0.00208793,-0.06860168,-0.05818499,0.0076798457,0.05638298,0.058937825,0.0007219439,-0.073903896,-0.1233983,-0.10965303,-0.04332738,0.024233112,0.044859573,0.0033065374,-0.05985117,-0.091473654
-0.16635075,-0.10552877,-0.034755148,-0.023135176,-0.055892438,-0.12483356,-0.15877971,-0.12876278,-0.03072726,0.059550278,0.095449984,0.05674074,-0.0010716963,-0.04176392,-0.010771049,0.061235514,0.13729662,0.14524053,0.10035043,0.019793373,-0.04150105,-0.038949788,0.014260598,0.06290341
0.041877456,0.0082767885,0.0308897,0.10465469,0.16263385,0.17243335,0.1182347,0.035211638,-0.032352444,-0.03174409,0.017213235,0.07082284,0.06787983,0.012154782,-0.07882407,-0.13331553,-0.1283456,-0.052394304,0.005385112,0.021277746,-0.018899847,-0.08529543,-0.1170711,-0.08047668
0.13488476,0.103829354,0.08216908,0.098321125,0.13125311,0.17237371,0.17126799,0.13537426,0.06384026,0.01046984,0.0009786217,0.03173683,0.04990746,0.04051722,-0.0040779654,-0.057784356,-0.09506267,-0.09555452,-0.05713481,-0.017989883,-0.0020484042,-0.018959727,-0.05136892,-0.062730394
-0.046000767,0.0017151978,0.013134451,-0.031153193,-0.09138264,-0.13937584,-0.12993097,-0.07448457,-0.008312505,0.016969845,-0.009725355,-0.069129914,-0.10288773,-0.084080644,-0.020785699,0.038119815,0.061018616,0.03653878,-0.01762465,-0.05562242,-0.041378606,0.012331196,0.06702433,0.08325697
0.10964358,0.041546743,-0.0072185406,0.003933645,0.054725405,0.121060364,0.12740739,0.07396394,-0.02502078,-0.09630246,-0.101833604,-0.03513473,0.023461124,0.03321595,-0.019085154,-0.093234845,-0.14388582,-0.13382144,-0.05978552,0.014627846,0.045393653,0.01679473,-0.046748,-0.085263185
0.027326439,-0.02092719,-0.008268837,0.0632551,0.12740958,0.14791234,0.09240255,0.0024187726,-0.0746649,-0.083590135,-0.029451592,0.038932666,0.05234896,-0.0033991835,-0.09472535,-0.15045585,-0.13750567,-0.069434166,0.007315507,0.036925707,-0.002408404,-0.07406555,-0.116536416,-0.09447973
-0.11201718,-0.05903105,-0.006300711,-0.0059304317,-0.052834753,-0.13517396,-0.18060696,-0.16628219,-0.095781215,-0.028914215,-0.005664243,-0.04857568,-0.11426016,-0.14382811,-0.1135856,-0.043716244,0.023177437,0.055388726,0.021808771,-0.04372884,-0.0794753,-0.05951773,0.006716582,0.07216578
0.06118372,0.10624987,0.103922784,0.0578018,-0.014346392,-0.06523304,-0.06541878,-0.030068092,0.0057366774,0.0033971411,-0.04531455,-0.11905796,-0.1650733,-0.14926367,-0.09967467,-0.042310372,-0.02240941,-0.0479619,-0.102058664,-0.123119526,-0.09286098,-0.024727624,0.04982541,0.07843371
0.21208505,0.15933293,0.071114376,0.027594913,0.05277134,0.14801167,0.22731145,0.23446749,0.14289069,0.027501086,-0.04340024,-0.018937295,0.05724647,0.12530752,0.12121578,0.04487117,-0.06796357,-0.1350183,-0.11058402,-0.02329503,0.06594391,0.09003699,0.030993609,-0.05679641
-0.20315887,-0.17863181,-0.09008452,-0.013756612,0.012848283,-0.036094338,-0.10656006,-0.14314203,-0.088199995,0.012285589,0.10461847,0.12768683,0.08655213,0.0075779217,-0.03527456,-0.0058464454,0.07789252,0.14377902,0.1557529,0.08791669,-0.01525793,-0.080548145,-0.06877082,-0.010575345
-0.045891248,-0.12690373,-0.18575963,-0.18051718,-0.1284644,-0.064671986,-0.043588806,-0.07898164,-0.14027077,-0.1753916,-0.15463457,-0.076870136,0.007336107,0.042866357,0.019773036,-0.029271154,-0.057317484,-0.040792577,0.025405506,0.098352134,0.118602395,0.07573075,0.00038273237,-0.06105963
0.0692911,0.003509386,-0.034333665,-0.0001566025,0.08434633,0.18006398,0.21694861,0.17999732,0.09964547,0.045154843,0.058182016,0.13371232,0.20457114,0.2196924,0.16261275,0.06643031,-0.011410778,-0.012981109,0.044840857,0.10192187,0.11056449,0.054637354,-0.04481315,-0.10751748
0.09624754,0.09572769,0.03453558,-0.048520267,-0.107416086,-0.104163274,-0.06119919,-0.01693642,-0.024076086,-0.08207162,-0.16062275,-0.19965892,-0.18157041,-0.115449436,-0.054789014,-0.034969773,-0.066165365,-0.11920518,-0.14154777,-0.10299738,-0.01814087,0.059674013,0.088679805,0.056816787
0.08094723,0.17589998,0.21836294,0.18594293,0.121757954,0.07508142,0.099317044,0.17482689,0.25484034,0.278599,0.22443677,0.121197395,0.04602606,0.042863082,0.094906755,0.14939092,0.14677209,0.081671834,-0.023403,-0.096716434,-0.09382266,-0.028242704,0.049583446,0.080282435
-0.08686095,-0.051181808,-0.012391717,-0.013855266,-0.05134809,-0.114942886,-0.14952788,-0.14277112,-0.09265302,-0.043449443,-0.028304549,-0.06273825,-0.10583419,-0.12784435,-0.10491315,-0.05396835,-0.001065954,0.025648829,0.0044956575,-0.039121963,-0.06389727,-0.043993175,0.006455804,0.053834625
-0.10747061,-0.097107805,-0.039301362,0.008268051,0.009561842,-0.04713385,-0.1281768,-0.1770439,-0.15924422,-0.09891016,-0.03985441,-0.026053637,-0.069308534,-0.13675721,-0.16980925,-0.14239307,-0.063466236,0.008768996,0.036963098,0.0009935055,-0.06325891,-0.095132835,-0.06828276,0.0011069111
-0.085062005,-0.025986189,-0.017639846,-0.07937587,-0.16420127,-0.2295461,-0.21517387,-0.14451872,-0.05047092,-0.01139008,-0.04439229,-0.1216717,-0.16422957,-0.12957692,-0.0397626,0.049880337,0.084001586,0.053299576,-0.019933185,-0.06837001,-0.049081665,0.024829313,0.102430545,0.12091095
0.023990678,-0.044755645,-0.10088381,-0.10405731,-0.07493335,-0.036172483,-0.038852647,-0.082157314,-0.15855019,-0.20892508,-0.20227987,-0.14257295,-0.08581768,-0.064470045,-0.08907732,-0.12813462,-0.14456193,-0.12130295,-0.0539564,0.017545594,0.04988138,0.0277181,-0.017060349,-0.048538603
0.019054689,0.030281588,0.00045807895,-0.043431967,-0.055088095,-0.022679402,0.049372975,0.113658115,0.1404158,0.11996682,0.079805896,0.05393996,0.07768058,0.13241585,0.18528508,0.18535304,0.13349354,0.06446829,0.02069972,0.022072632,0.059225608,0.09300156,0.07995274,0.025776744
-0.0482628,-0.0011111391,0.017126229,-0.010586394,-0.04977155,-0.07715686,-0.054759316,0.003513707,0.07343491,0.10591591,0.08468135,0.032281097,0.009199177,0.02305704,0.07070443,0.116051964,0.1313421,0.09408914,0.031405386,-0.008123761,-0.008212346,0.023181498,0.060466055,0.06108784
0.099213675,0.12357739,0.10607264,0.0643872,0.03346137,0.043255508,0.088816784,0.1340463,0.14688477,0.11796163,0.059269067,0.012043801,0.010894655,0.04324935,0.078108884,0.083355285,0.046465777,-0.012790265,-0.05797661,-0.056524593,-0.016366232,0.033470333,0.052780334,0.02946717
-0.0400237,-0.12374683,-0.18035494,-0.16846699,-0.108166166,-0.042486303,-0.024001757,-0.06559185,-0.13681738,-0.17519534,-0.14934322,-0.063457504,0.021087514,0.054960128,0.021423131,-0.039853286,-0.07807873,-0.049113344,0.024668703,0.0979113,0.11914128,0.06998773,-0.012281632,-0.06978601
0.0074567036,0.011925072,-0.043153048,-0.12833723,-0.18228193,-0.17694423,-0.110584795,-0.042342965,-0.014839834,-0.045003735,-0.11280728,-0.1565168,-0.12304179,-0.043212257,0.03850696,0.068458125,0.03854914,-0.024924155,-0.06740378,-0.041894853,0.031006161,0.1024425,0.121121936,0.06873507
0.0647397,0.14101309,0.17436482,0.14660753,0.091041766,0.05130131,0.07074647,0.13100035,0.19600472,0.21401869,0.16932991,0.082099706,0.022227654,0.01990908,0.06429865,0.11131697,0.11282882,0.05786698,-0.026774622,-0.08475329,-0.08138115,-0.023537712,0.043090887,0.06695068
-0.10922435,-0.16353336,-0.15074101,-0.07407237,0.0075618955,0.031915873,-0.01006365,-0.08121536,-0.1286109,-0.10730071,-0.017242884,0.07469246,0.10117101,0.06523884,-0.0076193665,-0.05863419,-0.048867114,0.036291007,0.11239606,0.12554473,0.07260884,-0.023516318,-0.092808664,-0.08435417
-0.014137723,-0.028050631,0.0031122174,0.070662096,0.13515979,0.16512994,0.15199664,0.11543018,0.09340818,0.11116727,0.16077021,0.20351425,0.20901293,0.16838983,0.10466579,0.057035837,0.046814106,0.074992605,0.09886913,0.089259066,0.038705185,-0.028607134,-0.07477814,-0.071904086
0.04948581,-0.01694776,-0.057320006,-0.025691494,0.05716647,0.1480751,0.17681281,0.14596057,0.06887072,0.019149136,0.03860965,0.11995518,0.1877952,0.19988686,0.14710853,0.058876634,-0.00372107,-0.0028867973,0.05532658,0.1126192,0.11983816,0.054822236,-0.044145048,-0.10239523
-0.06784868,-0.024517726,-0.007358332,-0.026574383,-0.05551449,-0.07337006,-0.044240747,0.01170055,0.086260214,0.124971546,0.111963555,0.06814424,0.048109625,0.06868387,0.112334214,0.15377481,0.15966049,0.12669952,0.06288975,0.020092847,0.013514228,0.03500192,0.062062662,0.056975797
0.11295612,0.039576452,-0.00840068,0.013522046,0.07861215,0.15223637,0.16420305,0.10889985,0.0019872247,-0.06849122,-0.06493282,0.0056838305,0.068846345,0.0756849,0.018574944,-0.06902433,-0.12864931,-0.11469799,-0.04060704,0.034517445,0.059244115,0.019844048,-0.057330925,-0.098924175
-0.10631135,-0.054834127,-0.0037509706,-0.005082144,-0.051161166,-0.13003172,-0.17148454,-0.1540104,-0.083833896,-0.016819613,0.0024280609,-0.04197778,-0.10393739,-0.13300253,-0.10119573,-0.03402702,0.031753805,0.05979025,0.023007357,-0.038946666,-0.07387167,-0.05405018,0.009318813,0.07145532
-0.12155145,-0.15050513,-0.1371794,-0.09022029,-0.040760092,-0.024369385,-0.048084985,-0.08193349,-0.08845024,-0.062177174,0.0020935652,0.06206948,0.080216326,0.059708953,0.022761075,0.0037016459,0.021780923,0.065298736,0.10951707,0.10715654,0.06472127,0.001318913,-0.042775545,-0.045358576
0.07400498,0.05066557,0.06775163,0.12632887,0.17112301,0.18099251,0.13450548,0.06662456,0.0024406826,-0.011885662,0.02169665,0.060991436,0.05314622,0.0023753038,-0.07535371,-0.12144759,-0.11836499,-0.06791373,-0.018914511,-0.004976763,-0.032539338,-0.08196783,-0.10311004,-0.07270632
