-0.12705033,-0.12186417,-0.06391398,-0.008118598,-0.008744848,-0.06209451,-0.14895055,-0.20122626,-0.19208083,-0.12576778,-0.058775708,-0.04061333,-0.08279797,-0.15176159,-0.18722467,-0.15957041,-0.07189902,0.009059014,0.036370635,-0.0031542536,-0.070433445,-0.10731731,-0.079498746,-0.0088527445
0.05154048,0.023197886,-0.019513084,-0.043025844,-0.014132388,0.044855766,0.0989607,0.11448633,0.08788209,0.041989457,0.016657311,0.034302544,0.08702682,0.13066815,0.13135791,0.09251423,0.034903422,-0.0071061817,-0.0055858246,0.030719053,0.067246795,0.0696844,0.025487587,-0.033571273
-0.099274,-0.14383197,-0.14624521,-0.10169685,-0.051864076,-0.029413044,-0.05242848,-0.09566857,-0.12612098,-0.117514834,-0.06773653,-0.010118517,0.014745556,-0.007156868,-0.056446414,-0.09797097,-0.097397335,-0.054346494,-0.00878324,0.0024706938,-0.033247434,-0.09462183,-0.1431031,-0.15530078
0.01995645,0.06266831,0.102427736,0.10793878,0.06552555,0.0028845684,-0.041468553,-0.043773256,-0.013194227,0.023005713,0.026588298,-0.008782847,-0.06700636,-0.10095413,-0.08612963,-0.03587452,0.01796899,0.044795483,0.032872666,-0.0011953065,-0.017112141,0.0072284783,0.06881075,0.13226531
-0.0053083966,-0.005502933,-0.066247426,-0.15152116,-0.20374903,-0.19179235,-0.121663176,-0.057773862,-0.035307977,-0.07768826,-0.13771668,-0.17336163,-0.14128983,-0.059078563,0.021796163,0.05070096,0.012689801,-0.050674275,-0.09012049,-0.06524902,0.005295413,0.06662001,0.07354428,0.02140016
-0.08280248,-0.025792316,0.037487265,0.06646853,0.037344817,-0.0060726497,-0.038775995,-0.02255949,0.036569603,0.09556129,0.11709813,0.08099752,0.02078161,-0.02480129,-0.023059724,0.019811172,0.06726008,0.06845441,0.014670662,-0.05749378,-0.114310056,-0.11992303,-0.077229366,-0.033782654
-0.035503484,0.015002297,0.03404336,0.009762618,-0.044416282,-0.075378954,-0.060990375,-0.011354971,0.04700123,0.067808926,0.04750188,-0.0064731147,-0.039394055,-0.031750437,0.013412054,0.062162995,0.0803898,0.046833236,-0.019872293,-0.062990464,-0.06511463,-0.032184944,0.009115809,0.0206305
0.06024506,0.07980006,0.051756892,0.0021561442,-0.02018875,0.004487604,0.070456095,0.13176985,0.15574057,0.12730591,0.07629837,0.041123237,0.056614958,0.1106824,0.16372964,0.1742593,0.12695935,0.05837221,0.0074370233,0.010676034,0.05601886,0.09790084,0.100501336,0.055892784
0.13533431,0.076794446,0.036289964,0.049899813,0.11874526,0.1731108,0.18320824,0.14108837,0.062383123,0.011424721,0.005160593,0.05890583,0.104049705,0.11538853,0.07266822,-0.001193591,-0.06121112,-0.04698576,0.024831764,0.09170843,0.12152193,0.09737388,0.045988,0.012552067
0.12403586,0.20921429,0.24475174,0.21958001,0.1661052,0.1316033,0.15300494,0.21532603,0.27854455,0.29127157,0.24165656,0.16118483,0.100742936,0.09955503,0.1487403,0.20141421,0.19721866,0.13692324,0.056830876,0.007425251,0.01730673,0.0761875,0.13862205,0.16205595
0.056275707,0.025934892,0.032898165,0.07244748,0.11398651,0.1159898,0.07975825,0.023582103,-0.02275152,-0.022389874,0.009571081,0.05221523,0.057902623,0.026009433,-0.023631657,-0.058339596,-0.04447195,0.013605415,0.078021765,0.10228388,0.08996063,0.055692486,0.036437437,0.060859628
0.047123015,-0.00837606,-0.09112283,-0.1419623,-0.11672979,-0.048624147,0.024166698,0.042082716,-0.0002464086,-0.06874673,-0.103996344,-0.07356017,0.008684695,0.085719414,0.10629934,0.06605009,-0.009248811,-0.05087697,-0.025172994,0.04658131,0.11708416,0.1321915,0.07465704,-0.006535015
0.09137485,0.05144802,-0.020535814,-0.07913813,-0.08081359,-0.049827974,-0.007020069,-0.0006688051,-0.04288726,-0.10998885,-0.15852387,-0.15035494,-0.099547,-0.036269903,-0.006606184,-0.023739792,-0.07707854,-0.10533398,-0.071483314,-0.0014721397,0.07345316,0.113344714,0.09381635,0.04825202
-0.014813724,0.005493995,0.06617279,0.13197105,0.16035321,0.14466958,0.09702488,0.067098096,0.0729991,0.1191644,0.16310962,0.17249522,0.13485791,0.07010742,0.019903407,0.0107497545,0.044255253,0.07995351,0.08134513,0.04045191,-0.022616182,-0.06650599,-0.06118115,-0.019088358
0.16713345,0.19881314,0.1664738,0.0993391,0.0645744,0.07839692,0.14112268,0.20289555,0.21846098,0.17330298,0.09430234,0.04119401,0.043995257,0.1000241,0.16070573,0.18043621,0.1262779,0.04688036,0.0004301798,0.015985724,0.08534864,0.15965182,0.18629701,0.15579146
0.010483167,0.061911643,0.11175527,0.11868702,0.073907904,0.011787233,-0.03281439,-0.03143853,0.006388156,0.047974963,0.05258163,0.01130647,-0.0492031,-0.08732485,-0.07452333,-0.019195033,0.042680096,0.062003415,0.03758665,-0.0071923574,-0.030095635,-0.0043427353,0.060254812,0.1266451
0.013649103,0.01850677,-0.028603096,-0.10511098,-0.15225959,-0.14534461,-0.08818152,-0.03532918,-0.017139342,-0.054642078,-0.11154183,-0.14823191,-0.12410633,-0.056021575,0.013979365,0.04459574,0.014277364,-0.046130072,-0.08028401,-0.05833503,0.003932492,0.06449359,0.07532377,0.03557695
0.033195753,-0.020377371,-0.105751224,-0.1589579,-0.13218793,-0.05420421,0.030502746,0.060882382,0.027164858,-0.039936274,-0.07510237,-0.04391643,0.043539714,0.12831542,0.15534632,0.11482752,0.033803746,-0.016245913,-0.0037945246,0.061051533,0.1320775,0.1458514,0.084317505,-0.008753941
0.04944539,0.019054728,-0.025014957,-0.040696,-0.0012089558,0.06493809,0.1264435,0.14394595,0.117265016,0.06868108,0.043975044,0.06568618,0.11836277,0.15902586,0.15189527,0.09988969,0.023389751,-0.025894228,-0.026146065,0.010965206,0.040996403,0.030308781,-0.028455967,-0.098858126
0.083434835,0.035061058,-0.047035772,-0.11378597,-0.115573086,-0.082228065,-0.028995696,-0.020483466,-0.0620716,-0.12979569,-0.17240019,-0.15451561,-0.08936004,-0.01628217,0.019820817,0.007327442,-0.042774774,-0.06594003,-0.02451494,0.054736458,0.13995834,0.18015726,0.14970358,0.09819771
-0.0007022223,-0.0386153,-0.0057420083,0.08490146,0.17419805,0.204898,0.16088048,0.088680804,0.036806665,0.056947123,0.12404597,0.19477291,0.20447545,0.14138402,0.04281307,-0.029567244,-0.024853732,0.038528547,0.10067387,0.10498815,0.04440271,-0.04455061,-0.09881283,-0.08534487
0.023612652,0.033138093,-0.010596114,-0.0806193,-0.12752013,-0.12251105,-0.063830145,-0.007921195,0.014693915,-0.017702458,-0.07022415,-0.10684065,-0.0867412,-0.023169495,0.04277729,0.07065064,0.042725354,-0.012215511,-0.049737863,-0.03270478,0.026580777,0.082486875,0.09476642,0.06003903
0.033848424,-0.04676197,-0.109230354,-0.113059714,-0.058763657,-0.008356516,0.0030887257,-0.043828692,-0.121239886,-0.17325658,-0.16417028,-0.09372695,-0.022492401,0.0048698927,-0.029652977,-0.09051364,-0.12818667,-0.099714324,-0.013783201,0.065340675,0.101631336,0.07717026,0.0132203335,-0.027110996
0.09046725,0.06166454,0.08524328,0.1503939,0.21849877,0.23113078,0.18305664,0.11302526,0.056885116,0.061730064,0.10252684,0.15611653,0.15396406,0.09922568,0.021292545,-0.032149184,-0.025902357,0.035507623,0.10429993,0.12159588,0.090891376,0.038415525,0.0114740785,0.039614554
0.21450678,0.25772116,0.21562015,0.13255389,0.08461098,0.10377118,0.19129005,0.2730624,0.29222658,0.22386414,0.112666875,0.034896314,0.032456994,0.10346646,0.17467217,0.18280247,0.099757574,-0.012253133,-0.08043066,-0.06163862,0.0218941,0.10906935,0.137821,0.09338009
0.046807144,-0.019212712,-0.11786141,-0.17710324,-0.14950083,-0.069785684,0.0130842505,0.033037487,-0.016886057,-0.09976465,-0.14268337,-0.107285894,-0.013603715,0.075966835,0.09837224,0.047808718,-0.041657697,-0.09002059,-0.061103247,0.021292664,0.10162053,0.117850415,0.052087355,-0.04389851
-0.12713613,-0.06745638,0.0011247678,0.023768716,-0.025173377,-0.08897372,-0.1345329,-0.1181721,-0.04743579,0.024784276,0.05324492,0.011145057,-0.057968307,-0.10395503,-0.08605346,-0.021804282,0.05398917,0.07312466,0.015401023,-0.06683876,-0.1256265,-0.12590395,-0.066590756,-0.008911091
0.079039514,0.098215505,0.05505019,-0.0100599965,-0.041445117,-0.013316706,0.064292744,0.13405763,0.15498216,0.110961966,0.04177794,-0.0022468076,0.017520016,0.08514405,0.14539859,0.15387997,0.09096313,0.0055245166,-0.04805253,-0.033697236,0.026786186,0.08298084,0.08891037,0.036155388
0.028062055,-0.038820654,-0.08990421,-0.09102764,-0.0414561,0.001870742,0.011667797,-0.02595184,-0.088673964,-0.12640257,-0.11435053,-0.05227609,0.008778212,0.03274772,0.008009688,-0.037935298,-0.07021453,-0.04485952,0.029909965,0.09559398,0.12616272,0.10633918,0.05254106,0.017814882
0.08167223,0.047222607,-0.013429429,-0.06018222,-0.05724277,-0.028199194,0.010715563,0.017527431,-0.01647258,-0.0684554,-0.104209095,-0.091781594,-0.046653822,0.006163377,0.029563831,0.0151071325,-0.029360214,-0.04968037,-0.019836422,0.038908,0.10271563,0.13373135,0.11513657,0.07666096
0.09137793,0.044459764,-0.032523513,-0.07534993,-0.03933135,0.043090086,0.12802945,0.15003681,0.10413803,0.022978837,-0.02435856,-0.0012038385,0.078276716,0.14896461,0.15134452,0.088329,-0.008660838,-0.07309767,-0.061437584,0.007100993,0.07154967,0.07941281,0.011212574,-0.078405455
0.02737171,-0.009212247,0.020070648,0.0972869,0.17282623,0.18542925,0.12560154,0.044849,-0.011898464,0.004081608,0.064170696,0.12991388,0.13342984,0.07025289,-0.017922916,-0.07098793,-0.05258164,0.019956114,0.09605241,0.10891892,0.061265685,-0.006251211,-0.042659666,-0.013543293
0.07932101,0.05568941,0.0074134967,-0.020720318,0.0059014414,0.06576026,0.13108732,0.15412095,0.1298714,0.07496763,0.03952106,0.05114315,0.10191279,0.15111403,0.15715273,0.11473182,0.041282564,-0.011705549,-0.01255589,0.027533852,0.07054495,0.07688667,0.028809274,-0.037230704
0.08075656,0.038006023,-0.029268887,-0.07994042,-0.07633175,-0.043019366,-0.005958503,-0.0052320026,-0.048359953,-0.10710566,-0.1440599,-0.12672494,-0.07392695,-0.017632434,0.00167222,-0.017229406,-0.05865039,-0.07576751,-0.03904141,0.027056959,0.09584945,0.12875052,0.10941158,0.070394024
-0.09568291,-0.05347222,-0.011739729,-0.012251956,-0.07195204,-0.14124481,-0.18635662,-0.17849721,-0.12770967,-0.07398987,-0.05739852,-0.09561412,-0.14952543,-0.1772608,-0.14909755,-0.08009752,-0.0037935104,0.024426969,-0.0051464885,-0.054954506,-0.08258396,-0.061463326,0.0037176502,0.06469078
-0.02184953,0.019311279,0.024106547,-0.014753556,-0.0769763,-0.11540167,-0.10483414,-0.058214013,-0.006699776,0.008167479,-0.018508542,-0.07048227,-0.10162338,-0.080794096,-0.01601413,0.043168176,0.062116805,0.040022712,-0.009884309,-0.039033607,-0.022382144,0.024972368,0.07599983,0.0883622
-0.14040795,-0.08722821,-0.030514482,-0.02849479,-0.1003796,-0.1849523,-0.24357457,-0.23291776,-0.16499852,-0.092898116,-0.065997556,-0.11042765,-0.17633282,-0.21456428,-0.18154351,-0.09282882,0.008624845,0.04467724,0.0006086424,-0.069390915,-0.11053755,-0.08894451,-0.01032791,0.0639997
0.008859456,-0.07680955,-0.13573582,-0.13569315,-0.080891065,-0.037260722,-0.03976965,-0.094608314,-0.1736536,-0.21393493,-0.19383651,-0.11715953,-0.04710763,-0.023495639,-0.055609085,-0.10706308,-0.13027477,-0.08546442,0.010233832,0.088540465,0.121356174,0.09597334,0.03928746,0.007930765
0.024175687,0.07561985,0.125782,0.14372535,0.11738214,0.077737585,0.053988576,0.0646409,0.1019595,0.1387006,0.14190611,0.10408583,0.050557345,0.016051492,0.020420143,0.05229115,0.08819326,0.0916894,0.05734669,0.01031316,-0.017864326,-0.008243702,0.03619886,0.08259256
-0.056719888,-0.009545215,-0.01480201,-0.07916173,-0.17012595,-0.2204428,-0.19811375,-0.13442221,-0.06721031,-0.054927763,-0.09467524,-0.16389242,-0.19446856,-0.15810697,-0.071184106,0.008389642,0.03264229,-0.004661016,-0.07063538,-0.09931188,-0.07021586,-0.0038154381,0.057410706,0.06767603
-0.041121952,-0.10087912,-0.13907889,-0.1285756,-0.075712495,-0.02244947,-0.0026636594,-0.02758865,-0.07321623,-0.09956163,-0.07938062,-0.021657886,0.038392726,0.05815825,0.027694196,-0.025680445,-0.06036127,-0.04974386,-0.003992631,0.03922865,0.046428848,0.0067567783,-0.05874898,-0.106093995
0.016263511,-0.0330305,-0.10700293,-0.15088215,-0.13103047,-0.07006209,-0.00011264236,0.019799937,-0.013771966,-0.07345112,-0.10477287,-0.0809201,-0.008260744,0.062071916,0.08091503,0.0415153,-0.030076593,-0.07189377,-0.054093935,0.007849762,0.06590311,0.07370134,0.018464498,-0.05822228
0.115921915,0.06815968,-0.017852502,-0.08230991,-0.071885005,-0.016973212,0.048597626,0.06453798,0.014582196,-0.06993768,-0.12967306,-0.11743399,-0.050236106,0.028628001,0.05851913,0.022314575,-0.056782093,-0.10245315,-0.07468909,0.00440868,0.09074597,0.12816355,0.092028685,0.022093687
-0.05295172,-0.114569336,-0.105299786,-0.037644107,0.032171134,0.045401704,-0.014567709,-0.10023267,-0.16224729,-0.14789104,-0.07715972,0.0039405143,0.02562762,-0.022146186,-0.100836925,-0.15383205,-0.1257432,-0.034343924,0.05438919,0.07853674,0.03667772,-0.038581565,-0.08393751,-0.064975716
0.07728569,0.057283305,0.0722457,0.11231124,0.14881237,0.14335361,0.09574499,0.03983146,-0.004352694,-0.0005140213,0.024683714,0.05710648,0.04856664,0.010545247,-0.035980146,-0.06248808,-0.045741793,0.010204791,0.06982669,0.08698179,0.07310791,0.04950551,0.04886172,0.0837088
0.021393353,-0.05338582,-0.10083706,-0.07880024,0.0046662553,0.08027642,0.107545845,0.07155879,0.0040075835,-0.03692231,-0.015534947,0.063728675,0.1359991,0.15456234,0.105166115,0.022844892,-0.037780315,-0.0238299,0.04208694,0.10208799,0.11495991,0.060919534,-0.027459482,-0.08869706
0.035572767,0.05152629,0.027429797,-0.0064814915,-0.013096658,0.021746572,0.08586723,0.13997413,0.15986852,0.12943451,0.085146375,0.05825009,0.07510499,0.11872199,0.15190966,0.14516643,0.08399942,0.008422239,-0.040767178,-0.040147737,-0.012839546,0.010151427,-0.005169688,-0.059439667
0.08777785,0.061338935,0.008264454,-0.024055926,0.0029004954,0.06447003,0.1326618,0.15675762,0.12922685,0.071209505,0.03303366,0.045093942,0.1004295,0.15398802,0.16228831,0.120127864,0.044091552,-0.010161256,-0.008869663,0.03687664,0.086233296,0.09617595,0.047646873,-0.020353535
-0.0094391415,0.05536428,0.11485654,0.11869121,0.051414963,-0.03846356,-0.10047497,-0.09651375,-0.043110322,0.015481274,0.023689987,-0.0307337,-0.111067966,-0.15556887,-0.12669371,-0.04417948,0.041883696,0.07541887,0.047231562,-0.010024513,-0.036157973,0.0020228587,0.09337836,0.18224858
0.018292353,0.038076587,0.08182695,0.11975208,0.12309108,0.090535134,0.03959537,0.011919313,0.015341185,0.05270389,0.08067247,0.08035729,0.04177807,-0.005887287,-0.029813837,-0.015204426,0.028315738,0.06975193,0.08402965,0.058913175,0.025293209,0.015255086,0.045587935,0.099073045
-0.10862691,-0.0446184,0.023731371,0.036190957,-0.03138739,-0.11994198,-0.1833859,-0.17320082,-0.10337549,-0.026047427,-0.0017838248,-0.053213548,-0.13427874,-0.18232869,-0.15218921,-0.06505031,0.028890142,0.062122095,0.017219042,-0.058705937,-0.106688,-0.085944995,-0.0006762488,0.08051204
0.037507843,-0.0092044,-0.040525906,-0.026387766,0.028880766,0.079705015,0.09671044,0.070999295,0.021501066,-0.01500264,-0.010580102,0.035937324,0.079016104,0.08983518,0.05407166,-0.0069725225,-0.0556671,-0.05382618,-0.011062444,0.030210674,0.03926549,0.006254976,-0.050824326,-0.092304185
0.100345664,0.11426915,0.07002493,-0.0003520015,-0.045862928,-0.04605676,0.0014625408,0.05032435,0.060004793,0.018066794,-0.048935965,-0.09228332,-0.084554404,-0.025185257,0.039971508,0.06538204,0.02875744,-0.024147315,-0.05063648,-0.025585199,0.043843437,0.11373509,0.14280596,0.11898514
0.17880724,0.14365812,0.06873854,0.014563919,0.032934356,0.089951485,0.15407911,0.16709606,0.11273812,0.019637773,-0.05157875,-0.048343606,0.0047024763,0.068036534,0.079185985,0.028131658,-0.06629184,-0.1261235,-0.10493199,-0.029563399,0.049569596,0.0845728,0.048245955,-0.017273363
-0.028639076,-0.0083276685,0.067675516,0.1419184,0.15441632,0.10295439,0.012859348,-0.044503447,-0.041892175,0.023363737,0.0863238,0.09891584,0.041448563,-0.04557391,-0.09987324,-0.08804556,-0.004746528,0.07825875,0.10426363,0.058466405,-0.013612045,-0.054622926,-0.02176257,0.06376408
-0.087728575,-0.094653696,-0.06839933,-0.035735995,-0.0321326,-0.0593284,-0.10844414,-0.1420736,-0.14156416,-0.10624958,-0.06279524,-0.043087065,-0.05981177,-0.09798455,-0.12294715,-0.11358103,-0.063475095,-0.00981575,0.0110859545,-0.0064931363,-0.04436938,-0.07302273,-0.06532872,-0.029271184
-0.028109202,-0.09104936,-0.1397579,-0.13841161,-0.09078627,-0.03848169,-0.016207041,-0.03865185,-0.08661349,-0.11873433,-0.10381284,-0.045821846,0.017602123,0.04670149,0.025655784,-0.024070986,-0.060676012,-0.047688536,0.0034946539,0.053911608,0.07320759,0.043035716,-0.017516294,-0.066317014
-0.068840556,-0.0092645995,0.010105571,-0.023864586,-0.08990534,-0.12268619,-0.09962714,-0.034202017,0.0394289,0.06480432,0.036490194,-0.030886179,-0.06819279,-0.052110087,0.009074216,0.070662394,0.0824687,0.029411232,-0.05449135,-0.10538266,-0.10795576,-0.065939866,-0.018174097,-0.014156021
-0.13442072,-0.120656244,-0.06530594,-0.007976932,-0.0025055136,-0.03466541,-0.09648616,-0.12536705,-0.10283803,-0.040919337,0.01868209,0.03172628,-0.00666628,-0.06512214,-0.09645112,-0.081387766,-0.019130288,0.035281878,0.035348672,-0.01706802,-0.08833315,-0.13133639,-0.114294305,-0.068488374
0.113332815,0.03301343,-0.01669958,0.0040492853,0.09281302,0.16257185,0.17471755,0.11911446,0.025662286,-0.029368855,-0.019808905,0.05981599,0.12707506,0.13888223,0.07978461,-0.009810768,-0.07076895,-0.044407524,0.045732684,0.12524146,0.1533402,0.110873476,0.03385268,-0.010625671
-0.14844735,-0.1449288,-0.092727184,-0.03390738,-0.022378853,-0.053390115,-0.115743056,-0.15123098,-0.13604416,-0.074680895,-0.009693374,0.010688476,-0.019588752,-0.07834127,-0.11437856,-0.10344562,-0.04127074,0.018583026,0.027237276,-0.01664839,-0.08789535,-0.13849281,-0.13195778,-0.08880407
-0.038769796,0.013248647,0.017689366,-0.038065508,-0.12295781,-0.17454931,-0.16222619,-0.1041108,-0.039432067,-0.021828067,-0.05723316,-0.1257486,-0.1606448,-0.1344486,-0.055753257,0.025074394,0.05580224,0.022608476,-0.04181953,-0.07512972,-0.051946823,0.014286331,0.080541775,0.09993825
0.057314992,0.018810272,-7.2659896e-05,0.02857594,0.092633806,0.14912832,0.17217894,0.15087758,0.105464414,0.077844456,0.08810484,0.13336027,0.172604,0.1745693,0.12701052,0.05589769,0.006773556,0.008214789,0.040850945,0.072682224,0.072782606,0.028428525,-0.031548694,-0.06892433
0.08170719,0.0485688,-0.00934296,-0.055769805,-0.056564312,-0.033122625,0.0013459686,0.0049124393,-0.029673938,-0.0826203,-0.11840833,-0.10888147,-0.06661405,-0.016468933,0.0067266184,-0.006759756,-0.04512776,-0.061465487,-0.03106384,0.026421519,0.0885381,0.11943473,0.102524646,0.068736725
0.15164016,0.17808133,0.14612629,0.08897875,0.05902971,0.07265396,0.13159548,0.18552446,0.19555788,0.14804912,0.073252596,0.023701683,0.024706399,0.075515255,0.12671918,0.13335699,0.07442396,0.00086400483,-0.03860102,-0.021343797,0.03889671,0.09974595,0.11802591,0.086319424
0.10063717,0.10570094,0.0467242,-0.043891132,-0.105363674,-0.11508176,-0.066522256,-0.019961327,-0.016647395,-0.069872074,-0.14726126,-0.19473614,-0.18127859,-0.109431244,-0.031581867,0.0018653665,-0.029165093,-0.07862559,-0.0961413,-0.05531328,0.03236822,0.11636487,0.15074478,0.12892914
0.018220654,-0.042005103,-0.12570506,-0.17504597,-0.15352379,-0.08650451,-0.015231889,-0.00084972964,-0.04313931,-0.112594426,-0.14330031,-0.11009733,-0.026126858,0.049347565,0.06444997,0.018497558,-0.048746176,-0.08360782,-0.059369966,0.010042708,0.07529572,0.0821438,0.020760939,-0.05981144
0.10995771,0.07177349,0.0026192858,-0.033702943,0.00090606435,0.07654829,0.15536727,0.17887215,0.13731991,0.06207351,0.012951641,0.029625216,0.09410087,0.15874046,0.16441216,0.1033266,0.0044882414,-0.0565919,-0.04731768,0.013682165,0.07391868,0.08262736,0.025462592,-0.05690535
-0.08431083,-0.12269606,-0.11078492,-0.059083663,-0.0082108,0.0058206744,-0.025300171,-0.073957466,-0.10222128,-0.078645,-0.018571043,0.039347503,0.059515543,0.026995502,-0.0264607,-0.057951603,-0.03860295,0.015891697,0.06556692,0.07264045,0.033136692,-0.02770931,-0.069252975,-0.06380465
0.014415161,0.098035045,0.1862246,0.22108631,0.18522416,0.12323447,0.07675735,0.09217566,0.15451138,0.21798895,0.22668529,0.16739199,0.07767938,0.012928273,0.013417164,0.0650521,0.12228273,0.123774074,0.059380747,-0.02549234,-0.08307016,-0.07449056,-0.0052534794,0.06615302
-0.015763137,0.02986215,0.128071,0.21897773,0.24308582,0.2010965,0.12499164,0.0871146,0.110920876,0.18781929,0.24850883,0.24795201,0.17505749,0.07637074,0.017132763,0.024626128,0.08525282,0.13790731,0.13264145,0.06213786,-0.03057944,-0.08189683,-0.05583655,0.019607427
-0.013577591,-0.028841902,0.0010349675,0.06464936,0.12222262,0.13992369,0.11551505,0.07448234,0.05085677,0.069741815,0.11451587,0.15398091,0.15476339,0.10864432,0.0434239,-0.0011292425,-0.002695042,0.027365142,0.057980396,0.052843638,0.003758059,-0.058332518,-0.098222084,-0.091233626
0.19638242,0.23321675,0.1886904,0.10704354,0.060982894,0.07986386,0.16473088,0.24032332,0.25604054,0.19283055,0.09274613,0.02399065,0.031737864,0.10408991,0.17279871,0.18522887,0.11301352,0.010739162,-0.04446646,-0.01963471,0.06467286,0.15098037,0.17597063,0.13563028
-0.0115957735,-0.06384673,-0.09595974,-0.08480321,-0.035451908,0.008924295,0.022239164,-0.0031503395,-0.047279797,-0.07085529,-0.05462381,-0.003478325,0.045320906,0.058553588,0.029221399,-0.018631155,-0.05061583,-0.037701797,0.0067269164,0.04733546,0.05563497,0.021799888,-0.032866716,-0.070001245
-0.109856755,-0.16232812,-0.14497592,-0.06768608,0.008834462,0.03809787,-0.001587103,-0.06771489,-0.10799819,-0.07896038,0.0039854874,0.08664642,0.115482934,0.06970368,-0.011227804,-0.066293,-0.044321947,0.028637713,0.09223713,0.09702493,0.038299363,-0.05179239,-0.11264472,-0.11002555
0.030018935,0.08306389,0.12944914,0.13112989,0.07615419,0.0026221848,-0.045657594,-0.045383304,-0.010563839,0.025600571,0.020940425,-0.029565202,-0.09812118,-0.13569161,-0.11828384,-0.061738208,-0.00095490826,0.021243673,-7.6104066e-06,-0.039042056,-0.055344205,-0.022667836,0.05133628,0.1251521
-0.13628687,-0.13341533,-0.09121078,-0.045813743,-0.036650605,-0.056189403,-0.09688681,-0.1220821,-0.10686809,-0.058201715,-0.004202676,0.012325157,-0.0036500609,-0.04874245,-0.082049124,-0.07507132,-0.024076188,0.015132833,0.0162323,-0.01915086,-0.07832266,-0.122090645,-0.12656318,-0.096790016
-0.022851244,-0.097867936,-0.14150877,-0.11963705,-0.043389726,0.02463693,0.046103477,0.007171709,-0.056290366,-0.09131017,-0.06426317,0.012431542,0.08444698,0.10157789,0.054463193,-0.020243762,-0.069652885,-0.053279743,0.012910877,0.06971446,0.0753164,0.019627089,-0.06831905,-0.12582503
-0.026242185,-0.008772622,0.049554322,0.111519,0.13468471,0.11442757,0.06427293,0.03156301,0.037085675,0.08118059,0.12457861,0.13391253,0.09569931,0.03139036,-0.017402107,-0.024758974,0.012899836,0.051825035,0.055295665,0.01615726,-0.046053838,-0.08951653,-0.08386545,-0.040439352
-0.10927953,-0.16322821,-0.15014681,-0.0737361,0.00429558,0.035250384,-0.0048078536,-0.06997286,-0.112574376,-0.091688454,-0.016877687,0.06306772,0.087569945,0.042723034,-0.036974154,-0.098511875,-0.09131085,-0.025350424,0.035625488,0.04135119,-0.01830462,-0.10990535,-0.17258653,-0.17836332
0.03626085,-0.026249344,-0.070976496,-0.07078887,-0.027110368,0.010886593,0.020295274,-0.018027218,-0.07945437,-0.116370246,-0.10601317,-0.050586924,0.0049453075,0.023743132,-0.005942319,-0.054631174,-0.07862364,-0.051022984,0.017483197,0.07951334,0.107794054,0.08598992,0.03588672,0.009702899
-0.04277217,0.015351351,0.028775176,-0.020810816,-0.10276638,-0.15230474,-0.14130919,-0.07893105,-0.007761924,0.015952863,-0.018672967,-0.09012182,-0.13310225,-0.11242672,-0.034652278,0.04497441,0.074627064,0.038560346,-0.038314655,-0.08382442,-0.06910114,-0.007853515,0.06148152,0.08000068
-0.062128097,-0.013342793,-0.01213269,-0.07186219,-0.15907432,-0.20802967,-0.19459966,-0.1340177,-0.06648731,-0.046693064,-0.079222485,-0.1444321,-0.17450294,-0.14375477,-0.061198544,0.023541963,0.059478942,0.027617937,-0.039582495,-0.07484856,-0.050589032,0.016686348,0.08374952,0.10008805
-0.037748154,0.024204992,0.045705352,0.012129426,-0.05189722,-0.08318983,-0.059329428,0.00386643,0.07445571,0.09391475,0.06200999,-0.005968501,-0.0446845,-0.031505216,0.024999367,0.081698105,0.093446836,0.039964113,-0.04463691,-0.09562737,-0.09634504,-0.05387187,-0.007476565,-0.0017246692
0.0950419,0.1672838,0.19857039,0.17293221,0.12161933,0.089592434,0.1008632,0.15149698,0.20231646,0.20990928,0.1618105,0.087111466,0.03331922,0.030930268,0.07137597,0.11747172,0.11903401,0.06469664,-0.008921963,-0.052275777,-0.044744257,0.0099029895,0.07073406,0.0939353
0.04551578,0.012198252,0.018737473,0.054758854,0.096088804,0.09608484,0.055364937,-0.004963349,-0.054716058,-0.054164987,-0.022382643,0.020590346,0.02949048,-0.003259198,-0.053958047,-0.08312279,-0.066857666,-0.011550059,0.0567452,0.08576332,0.07412752,0.043602396,0.024262963,0.04990334
-0.0175744,0.058486525,0.13474217,0.15517136,0.107114084,0.038033534,-0.007775565,0.010291661,0.07495988,0.13915966,0.14854316,0.090581074,0.008298536,-0.0441299,-0.027530191,0.038286336,0.10389132,0.11158181,0.052768324,-0.024650702,-0.07118728,-0.053264033,0.020128539,0.09041835
0.025440108,-0.06629008,-0.13804953,-0.14512843,-0.08945992,-0.039622016,-0.027944408,-0.079083845,-0.16154873,-0.21346381,-0.19797677,-0.11738357,-0.037283435,-0.0022985206,-0.029850923,-0.088455826,-0.12269785,-0.08059244,0.020339426,0.10921223,0.15340684,0.12823792,0.060037795,0.01779523
0.1922308,0.16113697,0.09309672,0.047228508,0.07350224,0.13389523,0.20261943,0.21633835,0.1633529,0.07741692,0.010816468,0.015295173,0.067762814,0.127105,0.13317426,0.07999345,-0.018891443,-0.08177315,-0.05814925,0.016901195,0.09216002,0.12278332,0.08202172,0.018100092
-0.02608799,-0.009328299,0.0623191,0.13479427,0.14798005,0.09510801,0.005874791,-0.05322083,-0.055217005,0.0084786825,0.06933122,0.08193427,0.026802586,-0.05950323,-0.11594429,-0.10480482,-0.027378565,0.053177565,0.0853687,0.048539404,-0.019985722,-0.059568573,-0.028400147,0.05731664
0.039895613,-0.041197125,-0.103889935,-0.10884722,-0.053022407,-0.0013025092,0.009980588,-0.035323557,-0.114287935,-0.16529551,-0.15756886,-0.08806885,-0.015635787,0.014010984,-0.016951589,-0.07598373,-0.11434562,-0.085936785,-0.00085095706,0.07916766,0.11851026,0.09683341,0.035860762,-0.004912575
0.12871507,0.056238744,0.0023930299,0.006055468,0.07339629,0.13017327,0.14369847,0.09223018,0.0021682591,-0.05999249,-0.06387288,4.3924207e-05,0.06390975,0.08336487,0.037047997,-0.038512915,-0.0913504,-0.07169521,0.016955027,0.101026006,0.14164943,0.12001385,0.056754403,0.021100905
0.01924676,0.022484664,-0.0204114,-0.08100385,-0.118985,-0.110450044,-0.060804706,-0.016328366,-0.0032398736,-0.03575366,-0.0826395,-0.111305214,-0.090513915,-0.03180505,0.024554446,0.044241574,0.015276946,-0.03216017,-0.05645013,-0.036128026,0.017114762,0.066502474,0.07648504,0.043558713
0.00084460806,-0.0017699666,-0.051102765,-0.11386535,-0.14576225,-0.12569648,-0.06878461,-0.01936902,-0.0045112344,-0.039603814,-0.08450834,-0.10496089,-0.07544959,-0.011582717,0.044490382,0.059886653,0.024548477,-0.027449438,-0.057884924,-0.039143,0.014372381,0.05887301,0.05980875,0.013400371
0.11799187,0.04803862,-0.0021277769,0.010689924,0.0864789,0.15086114,0.16594362,0.12220981,0.040426034,-0.010985116,-0.0070835007,0.06290132,0.12361961,0.14081474,0.094738245,0.01746738,-0.039262716,-0.017047655,0.062183145,0.13419856,0.16771172,0.13818848,0.076146804,0.0354562
-0.042372186,-0.10016198,-0.14001103,-0.13470164,-0.09107643,-0.04680459,-0.031647462,-0.056298174,-0.09930966,-0.125765,-0.10883303,-0.055622146,-0.0015366306,0.01885214,-0.005034244,-0.051243987,-0.0816132,-0.06766112,-0.021294793,0.021705175,0.031862553,-0.0014722365,-0.05848774,-0.10073045
-0.15418084,-0.15832947,-0.110145375,-0.061378364,-0.06986707,-0.12779987,-0.21415776,-0.26994267,-0.2648335,-0.20300123,-0.13390881,-0.11320123,-0.14620228,-0.20949367,-0.24428645,-0.21630037,-0.12081778,-0.03285496,0.0011106282,-0.029331287,-0.0916173,-0.12883028,-0.10499083,-0.033750623
-0.044650164,-0.12542042,-0.17453553,-0.1547134,-0.08177397,-0.012738636,0.0064193294,-0.030676229,-0.095374376,-0.12725125,-0.09857427,-0.020145278,0.054458957,0.07664152,0.033150893,-0.04115947,-0.085890196,-0.06243662,0.0026858265,0.059811007,0.06814869,0.013299173,-0.066968,-0.123853825
0.1609792,0.13043606,0.06445605,0.018993707,0.038981177,0.09465994,0.15943295,0.17732383,0.13318077,0.05867953,0.0016495599,0.00820375,0.060001157,0.1202956,0.13348566,0.08947702,0.007067819,-0.043031313,-0.025510393,0.039904904,0.11256996,0.14194325,0.10888423,0.049861785
0.101935446,0.067184485,0.044184238,0.04805142,0.08331467,0.10833921,0.10705706,0.07506837,0.023419823,-0.008861936,-0.013404867,0.017550305,0.043716263,0.048620097,0.023137012,-0.015316613,-0.037035152,-0.01932953,0.030370705,0.07371861,0.09741241,0.09074502,0.06777297,0.059497874
-0.012930294,0.0606299,0.12897922,0.13369477,0.05982248,-0.035940632,-0.1011926,-0.09589409,-0.037561197,0.020594811,0.023790665,-0.041806977,-0.13142343,-0.18213849,-0.15511258,-0.07175253,0.017679231,0.044485483,0.0044809394,-0.06157161,-0.09504122,-0.05670451,0.03890039,0.13194141
-0.03548248,-0.08221778,-0.07965848,-0.036041893,0.010526574,0.016540905,-0.026518963,-0.08792823,-0.13275391,-0.12242214,-0.07268335,-0.013886489,0.0017843293,-0.027941555,-0.07660664,-0.10974227,-0.08839729,-0.018333917,0.05052609,0.071913764,0.04810571,-0.0015480286,-0.031011872,-0.016620468
0.10324403,0.026523912,-0.03206133,-0.02459568,0.047214504,0.1083238,0.122474514,0.072802275,-0.014552912,-0.072625555,-0.06969436,0.002301343,0.068910465,0.09057274,0.04529628,-0.03129236,-0.08930592,-0.06680456,0.024928069,0.107825674,0.14499399,0.11797148,0.050962716,0.008742023
0.11858951,0.08226817,0.053089965,0.057946686,0.099659376,0.128518,0.1303714,0.09502393,0.038268957,-0.0021338882,-0.009583043,0.025594354,0.05472461,0.058856256,0.026310438,-0.017725835,-0.05522257,-0.04629881,0.0140226055,0.06681592,0.09177256,0.085396536,0.05284117,0.03881937
0.013763197,-0.055588346,-0.10407186,-0.10144185,-0.050617725,-0.0068234233,0.000686762,-0.039105557,-0.102976404,-0.14013521,-0.12658463,-0.06430379,-0.0049631726,0.015551511,-0.013860552,-0.065698884,-0.0965546,-0.06869232,0.0021953764,0.06485491,0.08985015,0.06251467,0.0067881616,-0.028350918
0.087918885,0.18275672,0.22079636,0.18164927,0.10021605,0.046256553,0.060867902,0.13332988,0.21020918,0.22948897,0.170288,0.068635024,-0.005637951,-0.0038472929,0.062572785,0.13507399,0.14676422,0.08408452,-0.014700156,-0.07406681,-0.06248882,0.011340742,0.09912699,0.13406953
0.049436644,0.0099461675,0.028040152,0.093199976,0.16495395,0.18421485,0.13616025,0.063119754,0.0044651916,0.009265686,0.05941617,0.123659424,0.13458024,0.084455416,0.0050790496,-0.05076796,-0.03776515,0.030204544,0.10171549,0.119927704,0.08684911,0.027092526,-0.009280096,0.011621472
-0.017163768,0.032601308,0.049094655,0.021848436,-0.028517986,-0.05242808,-0.030676235,0.021823386,0.078487605,0.09265274,0.06688128,0.013180822,-0.016991515,-0.00436755,0.043787543,0.08779022,0.097567596,0.05799506,-0.01093237,-0.052488886,-0.050017495,-0.016414056,0.020006692,0.023508301
-0.013274128,0.04535443,0.06270228,0.026484894,-0.03292663,-0.062099736,-0.037597902,0.023743251,0.089578435,0.107940756,0.07719125,0.015104375,-0.018013181,-0.0009960791,0.05921192,0.11928747,0.13087712,0.082173064,0.0072027384,-0.03679545,-0.028736617,0.018984493,0.06497928,0.070828795
-0.010870563,-0.05461477,-0.11052744,-0.14228928,-0.12830196,-0.08726327,-0.047452066,-0.04077788,-0.067319326,-0.10722349,-0.121290125,-0.09394082,-0.039580453,0.008461222,0.020206664,-0.0047589694,-0.04347223,-0.05826485,-0.038904693,0.005264418,0.045791652,0.048646376,0.010995987,-0.04047343
0.019260116,0.03418847,0.07721094,0.114114456,0.11923806,0.08649618,0.036180496,0.0040820227,0.00390166,0.03768855,0.06806266,0.071806364,0.03813851,-0.010506,-0.037714392,-0.026061796,0.02193644,0.068118155,0.08484583,0.06286858,0.03025739,0.0155903725,0.037926324,0.0906128
0.023624526,-0.04384834,-0.09506108,-0.09730976,-0.050235044,-0.0080575785,-0.0016266523,-0.039419614,-0.102949195,-0.14237939,-0.1339063,-0.07465887,-0.01743857,0.0061789006,-0.017563889,-0.064958006,-0.09735912,-0.071675554,-0.000687747,0.06290995,0.09275804,0.073272705,0.024121355,-0.010469587
0.07039816,0.0324844,0.044094115,0.09839171,0.15843947,0.1635206,0.10548738,0.031274,-0.027814109,-0.02345792,0.019719373,0.079267435,0.0817177,0.036706455,-0.025319174,-0.0642007,-0.048081465,0.02770156,0.11087179,0.13541356,0.11519775,0.07417463,0.056515936,0.08647249
0.1305932,0.15596472,0.12732542,0.07465318,0.044740368,0.05414862,0.106836036,0.15702523,0.17029567,0.13229626,0.068955965,0.025955744,0.027617063,0.07195923,0.1175312,0.1294892,0.08293073,0.019090584,-0.017324556,-0.0031986632,0.05138387,0.108047985,0.12666628,0.10205752
0.031549968,0.0054985574,-0.04205193,-0.07113407,-0.05832328,-0.012455986,0.04220046,0.06285981,0.045014497,0.0030529024,-0.021651754,-0.009457879,0.037779126,0.08622937,0.09852794,0.06836191,0.017982855,-0.015895447,-0.013937487,0.021549199,0.061447795,0.06788963,0.03201067,-0.021046927
0.21933606,0.19052015,0.12492188,0.08195995,0.11556688,0.18220441,0.25364447,0.2694173,0.21594329,0.12996002,0.06383737,0.070937544,0.124250256,0.18537399,0.19479853,0.14002909,0.03847978,-0.02306278,0.0002587697,0.072445065,0.15007925,0.18114711,0.13965668,0.072863385
0.08042114,0.09466703,0.034960736,-0.048497327,-0.0855939,-0.04878937,0.044020016,0.12600248,0.14799222,0.09208104,0.010013637,-0.036259536,-0.006605246,0.0827293,0.1633914,0.17504665,0.09943487,0.002405274,-0.055463552,-0.03411548,0.043768805,0.112312436,0.11760987,0.047582816
0.07527314,0.04909559,-1.804112e-05,-0.026124513,-0.0020424472,0.04955735,0.10571557,0.12362202,0.0959285,0.04217183,0.0063426327,0.016842566,0.060777698,0.105459936,0.110139586,0.06761978,-0.00571592,-0.051370315,-0.046664324,-0.0037437708,0.037829977,0.043052174,0.0007185035,-0.059332136
-0.124009386,-0.12154368,-0.06788529,-0.014618363,-0.018740602,-0.07162804,-0.15609126,-0.20726411,-0.19901429,-0.1343772,-0.06696095,-0.04731871,-0.08676438,-0.15097384,-0.18351981,-0.15780021,-0.06502392,0.02320412,0.051340677,0.012906225,-0.049280748,-0.085498415,-0.05531319,0.01653309
-0.11354247,-0.086279616,-0.051946167,-0.049298517,-0.09639957,-0.15455282,-0.19685987,-0.19487937,-0.15420383,-0.10233459,-0.079832986,-0.104780376,-0.1464277,-0.16997929,-0.14698324,-0.08820963,-0.019471344,0.012655863,-0.0061231214,-0.04621648,-0.07312811,-0.061913814,-0.009648352,0.041247677
-0.03989459,0.00050327816,0.01426219,-0.01181936,-0.062596686,-0.09303437,-0.08609452,-0.04644194,0.00082739926,0.016319381,-0.0061374246,-0.0553788,-0.0865694,-0.077181555,-0.031912867,0.014092494,0.028451798,-0.0009970248,-0.054354146,-0.08806252,-0.08749478,-0.05394804,-0.013038244,-0.0033748616
0.12851304,0.08319776,0.054898333,0.06643563,0.12720412,0.17604844,0.18275554,0.14265512,0.07348512,0.026284786,0.018997349,0.06305987,0.10331296,0.10695396,0.06075976,-0.0019316955,-0.0491131,-0.045967784,0.012797182,0.068321556,0.090515755,0.07301759,0.02655468,0.0007634709
-0.09363742,-0.091683365,-0.05745225,-0.025078183,-0.034023136,-0.07534338,-0.13437603,-0.16976817,-0.16339882,-0.1184369,-0.072931215,-0.06185843,-0.08816282,-0.13068023,-0.15108997,-0.12758397,-0.061066948,-0.0016094218,0.021132985,-0.001437817,-0.04172346,-0.061238166,-0.03742848,0.015387369
0.011754671,-0.06055739,-0.11418383,-0.11790038,-0.07738627,-0.043426435,-0.045859918,-0.09019502,-0.15789108,-0.19658275,-0.18648115,-0.1269887,-0.07178138,-0.049309183,-0.07309126,-0.11856221,-0.14124463,-0.103892334,-0.025785673,0.041440032,0.07256852,0.05415454,0.011916937,-0.014321378
-0.09138749,-0.13193318,-0.12030396,-0.060843904,-0.00365702,0.01915309,-0.00842818,-0.058834027,-0.09084596,-0.07473678,-0.016888421,0.04186247,0.061426375,0.026995864,-0.036588483,-0.086156815,-0.07891689,-0.030120047,0.016551854,0.0215815,-0.026266221,-0.09888618,-0.14976245,-0.15278618
0.15886387,0.14555083,0.11254994,0.08858543,0.10988559,0.14499587,0.18309395,0.18678014,0.15245484,0.09970003,0.060245555,0.063904904,0.092809826,0.119687155,0.11588614,0.08384047,0.029247707,-0.006255148,0.008837301,0.052331038,0.09767932,0.11693116,0.09135139,0.059908666
-0.13855603,-0.13212073,-0.08707269,-0.03811819,-0.028960822,-0.0505022,-0.09650842,-0.12024831,-0.10188178,-0.05156867,0.00011957177,0.013568082,-0.012330405,-0.059775352,-0.08893981,-0.08189196,-0.036245946,0.0029403842,0.00050564477,-0.04165871,-0.10566039,-0.15021786,-0.1486388,-0.119940594
0.02930823,0.08594165,0.14196934,0.16382104,0.14159125,0.10235804,0.078395315,0.09055265,0.1310992,0.16996571,0.1739596,0.13490315,0.07883135,0.037197378,0.035237856,0.067351535,0.100414954,0.097269334,0.056403846,0.0049110097,-0.028993016,-0.022054672,0.01896183,0.065100536
0.06697206,-0.006972945,-0.05114269,-0.014644908,0.09254711,0.19020139,0.22241583,0.18388489,0.103358686,0.05114387,0.06492489,0.14724725,0.22082058,0.23030187,0.15514909,0.045057874,-0.04280336,-0.047503866,0.013637709,0.07494637,0.08031147,0.015881158,-0.08391305,-0.1557375
-0.046323065,0.0001199713,-7.896939e-05,-0.055320326,-0.1371428,-0.18326062,-0.1697232,-0.11355548,-0.052227575,-0.038187817,-0.07291226,-0.13610885,-0.16743504,-0.13936773,-0.06406832,0.010206613,0.03754243,0.005441952,-0.05652081,-0.087722816,-0.06462546,-0.0021951427,0.060142517,0.07479849
0.12746274,0.21648529,0.25053543,0.21400052,0.14707066,0.106834985,0.13151236,0.19950897,0.26516053,0.27307418,0.21085592,0.11712888,0.052135866,0.055433463,0.11150998,0.16818772,0.16534352,0.096718006,0.006243762,-0.04270092,-0.026280554,0.042137362,0.1139392,0.1398285
0.035047032,-0.025497852,-0.067490995,-0.06569843,-0.019644251,0.020447154,0.025826603,-0.013187477,-0.07473659,-0.112354554,-0.103598,-0.049214523,0.0037389973,0.020919899,-0.008592383,-0.056935966,-0.08305392,-0.058976818,0.007078865,0.06506611,0.08985471,0.06910526,0.021070514,-0.007026817
-0.04352225,-0.09076771,-0.15393385,-0.19359072,-0.18448016,-0.14170007,-0.093557306,-0.08297376,-0.10634596,-0.14878015,-0.16165717,-0.13365473,-0.06799133,-0.0103490185,0.0077256686,-0.012298271,-0.05102766,-0.07270336,-0.05257136,-0.0037901436,0.03964499,0.044723764,-0.0015803037,-0.061181635
-0.044936396,-0.0999075,-0.13418286,-0.12267743,-0.0726746,-0.021638745,-0.00036674985,-0.024353547,-0.06610441,-0.09387489,-0.07513559,-0.021894533,0.034836147,0.05146712,0.018588629,-0.035834923,-0.07073046,-0.06540983,-0.024815513,0.014383311,0.0166897,-0.025082847,-0.09351998,-0.14086503
0.14240421,0.09462083,0.06100127,0.07139991,0.13275747,0.18019637,0.19229546,0.1524012,0.08078178,0.028755208,0.018862903,0.06350637,0.10463117,0.11007623,0.06376249,-0.0036012484,-0.059304543,-0.056284633,0.0075724027,0.070521764,0.09714516,0.07759338,0.025073355,-0.0032869678
0.081090465,0.05263149,0.063647084,0.104748316,0.15177897,0.1575108,0.11627319,0.055242628,0.0023581507,-0.00054797844,0.026423406,0.06793103,0.07156585,0.033656966,-0.025214713,-0.062751226,-0.051735785,-0.00026114524,0.064412676,0.08996542,0.07698392,0.046542026,0.030622635,0.05809374
-0.09126132,-0.004879096,0.092601724,0.12758557,0.07405029,-0.007565783,-0.0692366,-0.052553296,0.032593656,0.124431975,0.15698811,0.10075246,0.006411798,-0.06391965,-0.052452546,0.02927691,0.12304588,0.14280492,0.072762035,-0.030543413,-0.103829734,-0.097844094,-0.018264595,0.06608961
-0.12419222,-0.08087678,-0.02978032,-0.023204692,-0.08132652,-0.15813611,-0.2157595,-0.21391192,-0.15856408,-0.09295545,-0.06575774,-0.10023332,-0.16046602,-0.19936918,-0.17509538,-0.09800306,-0.011562245,0.024076287,-0.00418664,-0.061327286,-0.10074692,-0.08539683,-0.018768271,0.048959754
-0.06440129,-0.11413489,-0.1254099,-0.10569875,-0.081045665,-0.08673162,-0.12783337,-0.18092214,-0.2181568,-0.20974346,-0.16607971,-0.11273643,-0.092109576,-0.10678583,-0.13283849,-0.1438654,-0.110967115,-0.040024832,0.026033401,0.052637633,0.044935457,0.013815977,-0.0047336365,0.009686515
-0.0032623843,-0.051715586,-0.11501059,-0.14867255,-0.1311448,-0.07919014,-0.025848316,-0.01859461,-0.05113256,-0.0995395,-0.11516651,-0.08449331,-0.016654795,0.039146706,0.04483513,0.009083377,-0.03617548,-0.05808634,-0.03380423,0.019985262,0.06599935,0.06727842,0.01777678,-0.040586356
0.08651883,0.04851327,0.066711314,0.13334653,0.2060574,0.22112127,0.17471908,0.09851114,0.032583136,0.03347157,0.07575265,0.13367961,0.13921513,0.08731067,0.0052911746,-0.05590397,-0.05399044,0.010623544,0.09095447,0.119611636,0.09131552,0.03398226,-0.0011274364,0.024699226
0.13171662,0.08535139,0.053731855,0.062274616,0.11268209,0.14467429,0.14392556,0.09906698,0.030767955,-0.010011587,-0.011451028,0.033755694,0.070438854,0.074058354,0.03543889,-0.014602047,-0.04865222,-0.027353128,0.04729236,0.10978379,0.13871758,0.12760302,0.089980215,0.07872575
-0.00783394,0.04761061,0.10384003,0.111306354,0.057354644,-0.021303408,-0.081931815,-0.08534857,-0.043321338,0.0057321955,0.012260387,-0.034586027,-0.1078665,-0.15451485,-0.13813306,-0.07041646,0.0024544997,0.029646458,0.0061739204,-0.043835927,-0.072819665,-0.04383403,0.032876574,0.11118977
0.06964655,0.03296196,0.04339525,0.09576003,0.15894452,0.17572814,0.13616845,0.06872218,0.009443259,0.0050225738,0.04074031,0.09480464,0.1059357,0.06574847,-0.0030448483,-0.05420606,-0.05255909,0.0012664973,0.07428739,0.10221334,0.08127474,0.035427503,0.00207479,0.019472787
0.11539781,0.07854758,0.056880444,0.071000874,0.12031435,0.1557827,0.15842794,0.12153919,0.063282646,0.026574519,0.024613505,0.0624169,0.09295042,0.09139622,0.04840777,-0.0054546976,-0.039205562,-0.027692912,0.02623326,0.073012024,0.090149485,0.07269385,0.035469577,0.021899078
-0.054465443,-0.115890905,-0.11602919,-0.06429549,-0.008136506,0.00016655847,-0.050334938,-0.12776189,-0.18445131,-0.17126386,-0.10511282,-0.028282482,-0.00028536454,-0.035478763,-0.09999053,-0.14010774,-0.10666748,-0.01780883,0.07082159,0.10174322,0.07446061,0.012860885,-0.027760554,-0.008206222
0.02412781,0.038390964,0.082054175,0.12273878,0.12209966,0.07626491,0.009556089,-0.035016198,-0.040266473,-0.003037442,0.031629056,0.037266333,-0.0047180634,-0.0612332,-0.09341732,-0.077180654,-0.018218797,0.04350961,0.077784285,0.06018248,0.026279194,0.01565338,0.04983005,0.11963318
0.15295665,0.108550996,0.073637664,0.08217936,0.14446788,0.19658434,0.21298426,0.17925313,0.111516416,0.061309975,0.052061554,0.09793031,0.14211036,0.15283012,0.1128604,0.05004419,-0.0053132204,-0.0036807396,0.057752404,0.11773551,0.14862491,0.13471061,0.08521514,0.05454907
0.019907856,0.02187952,-0.040964242,-0.13043995,-0.17899792,-0.16097665,-0.084424034,-0.017248,0.0030918391,-0.0466693,-0.11586717,-0.15454313,-0.12131755,-0.035655715,0.04684017,0.07367155,0.022626493,-0.05410417,-0.095603876,-0.0671343,0.008403114,0.0751001,0.07917808,0.019861717
-0.061360598,-0.020552734,-0.015950872,-0.063969344,-0.13973068,-0.18649259,-0.18323258,-0.1362405,-0.07926746,-0.05996114,-0.08526814,-0.14102726,-0.17207712,-0.14840138,-0.075057566,-0.0013559354,0.035087436,0.016591012,-0.037860937,-0.07137221,-0.054435752,0.00075747346,0.06199383,0.07971088
0.12041265,0.04083395,-0.014390381,-0.0083547775,0.067512766,0.13044383,0.13870673,0.082288995,-0.013435919,-0.07875053,-0.08098334,-0.009621951,0.05693245,0.07395264,0.022720339,-0.058456883,-0.11425222,-0.09249924,-0.0034933381,0.08014678,0.11759063,0.0901409,0.022172334,-0.019686503
0.20114802,0.24066475,0.20612903,0.1342809,0.09524144,0.110798106,0.18571085,0.25555405,0.27126488,0.2125848,0.115715526,0.048040025,0.04539282,0.10570111,0.16848001,0.17898671,0.1054254,0.0067632315,-0.04899974,-0.030875478,0.043062896,0.121717885,0.14652209,0.10929752
0.15457042,0.14300068,0.103483625,0.07671876,0.0964335,0.13931252,0.18647183,0.20018826,0.16770081,0.10918843,0.058982432,0.055537358,0.082838915,0.1195408,0.123162486,0.08464529,0.011713323,-0.037758302,-0.0302577,0.012721101,0.060374804,0.08262478,0.059771284,0.016830292
0.0778995,0.09579279,0.05497887,-0.008167272,-0.034574147,-0.0036692333,0.0705728,0.1396512,0.16142438,0.12134446,0.05627073,0.017311959,0.036955707,0.10437712,0.16822326,0.17959371,0.11932349,0.0389118,-0.014453058,-0.0043395255,0.055051576,0.1101426,0.11712151,0.06262681
-0.12893665,-0.091730095,-0.04148005,-0.019196436,-0.04645618,-0.08691971,-0.115688615,-0.10291911,-0.050424945,0.008061217,0.037993345,0.01413537,-0.02819153,-0.061148424,-0.050934497,-0.007865079,0.043725453,0.057099514,0.014439399,-0.045397993,-0.095093936,-0.10748925,-0.077360176,-0.043932665
0.027830109,-0.04711347,-0.107935555,-0.11955222,-0.07694239,-0.035692886,-0.024911527,-0.06519174,-0.13508908,-0.18430828,-0.18031584,-0.12010096,-0.054941457,-0.023608735,-0.043903295,-0.09291503,-0.12497519,-0.09757001,-0.019827267,0.054774977,0.09466196,0.07857965,0.02468472,-0.012613831
-0.046411745,0.005096364,0.017973803,-0.026130581,-0.106328614,-0.15775092,-0.15150881,-0.10085459,-0.038861774,-0.0190043,-0.048734896,-0.11528369,-0.15501532,-0.13895401,-0.07290679,-0.0028410107,0.032539252,0.006188951,-0.05883416,-0.097960934,-0.086615145,-0.033226922,0.029686926,0.053571727
-0.013212523,0.07676578,0.17074078,0.20154548,0.15075815,0.073151834,0.018850211,0.03446595,0.10873966,0.18384932,0.20125902,0.13912621,0.045081228,-0.02271564,-0.014686547,0.056798566,0.13867056,0.15068628,0.08507863,-0.0077506597,-0.0679127,-0.05314904,0.025822392,0.11086879
-0.095349215,-0.0918197,-0.054106064,-0.0170544,-0.019432323,-0.05621952,-0.11506345,-0.15030254,-0.14389181,-0.10327192,-0.061546396,-0.051956046,-0.08260684,-0.12997457,-0.15561418,-0.14013511,-0.08595682,-0.036159452,-0.020447856,-0.047518987,-0.09577525,-0.12240723,-0.10562258,-0.06105012
-0.035760403,-0.08219503,-0.07236375,-0.019380659,0.034852553,0.041448154,-0.0066193333,-0.075436294,-0.12346668,-0.10835315,-0.05043625,0.013162525,0.03044016,-0.009784991,-0.07306178,-0.10915699,-0.08310384,-0.010975726,0.062376603,0.08365429,0.05155407,-0.004936643,-0.04006565,-0.019829255
-0.031940084,0.018806363,0.025237365,-0.024842592,-0.10286488,-0.14887188,-0.13757361,-0.081724584,-0.019746132,-0.0038166323,-0.038843993,-0.10405637,-0.14091034,-0.11766061,-0.044054262,0.028443633,0.05438856,0.022008767,-0.04308335,-0.07915257,-0.059943654,0.0002478742,0.06386422,0.0801891
0.056383107,0.0774026,0.03395942,-0.037318397,-0.075852446,-0.05217629,0.031084515,0.105328195,0.13519402,0.09440031,0.029077679,-0.015644789,0.008236385,0.07960621,0.14714585,0.16569869,0.1102685,0.023241095,-0.03347717,-0.020952161,0.04025664,0.097938746,0.098865196,0.04453609
0.028486904,0.1077946,0.19147015,0.23424853,0.2112593,0.15964846,0.11295461,0.12522283,0.18154675,0.24052343,0.251387,0.20228253,0.11475049,0.04810037,0.03976665,0.079355575,0.12366343,0.12602548,0.0683023,-0.014515037,-0.07434513,-0.07224232,-0.009438291,0.05495341
-0.026751451,0.012658605,0.018129356,-0.021596637,-0.08081156,-0.11208,-0.09750536,-0.053767182,-0.0059246174,0.004168304,-0.02230328,-0.07233801,-0.0945619,-0.07489746,-0.021037076,0.033087768,0.054066222,0.02365592,-0.02807722,-0.054938495,-0.04025247,0.0053316588,0.04771911,0.057602014
0.015274735,0.09125628,0.1676437,0.19431846,0.16040911,0.10392831,0.06640619,0.08067068,0.1362935,0.18905987,0.19247857,0.13655338,0.05827879,0.002289997,0.0033456138,0.052028567,0.096707776,0.08816999,0.03351066,-0.036588103,-0.08567088,-0.07366961,-0.016011221,0.045231335
-0.00621927,-0.0031227572,-0.051061768,-0.12307847,-0.16915166,-0.15995236,-0.10732391,-0.05213317,-0.030471072,-0.059787046,-0.10882731,-0.13946395,-0.11559242,-0.048444804,0.02068888,0.052150406,0.028478988,-0.022250393,-0.059702195,-0.04470632,0.014201856,0.071635514,0.08928312,0.05145531
-0.0048157754,-0.04105035,-0.0020596057,0.092637934,0.18478094,0.21520977,0.16602159,0.09127553,0.04113972,0.06722951,0.13939217,0.21263163,0.22003596,0.15227796,0.051966548,-0.017013963,-0.0063306284,0.060435805,0.12259403,0.12181778,0.056431632,-0.033997264,-0.08631575,-0.06951025
0.05459595,-0.007083064,-0.045066338,-0.022487069,0.058543753,0.13054457,0.158274,0.12637621,0.06193036,0.021314738,0.032916736,0.098669164,0.16039176,0.17327288,0.12263397,0.043090213,-0.022740195,-0.022293994,0.034763966,0.090723075,0.102399215,0.055805873,-0.024683433,-0.080049165
-0.052885123,-0.101639755,-0.09658198,-0.046609465,0.0048953784,0.013109209,-0.033753354,-0.101948135,-0.14970453,-0.1390646,-0.08354651,-0.020207103,-0.001476778,-0.036879554,-0.096469276,-0.13383095,-0.111661926,-0.042693082,0.031233495,0.05312339,0.020866843,-0.035098065,-0.071901895,-0.057473656
-0.0575022,-0.1066076,-0.10556048,-0.065216385,-0.023470005,-0.020853003,-0.066776544,-0.12886266,-0.17104861,-0.1562209,-0.10007312,-0.037867248,-0.017488288,-0.04578673,-0.092138045,-0.11737737,-0.0830678,-0.005936315,0.06410987,0.084677875,0.0617448,0.014019616,-0.013448586,0.0046140063
-0.026242068,0.044399016,0.1175035,0.14402162,0.09943018,0.031143574,-0.016190184,-0.004873512,0.054771792,0.11368508,0.12582545,0.0731333,-0.008713544,-0.06534255,-0.05939123,-0.0056343963,0.055089567,0.066711,0.014609866,-0.0593551,-0.1114596,-0.103951,-0.03958912,0.02872872
-0.09113444,-0.12781073,-0.11975153,-0.072845615,-0.025097068,-0.005249202,-0.028026583,-0.06630786,-0.08903295,-0.068177424,-0.01364182,0.040382497,0.06124627,0.037382357,-0.0068330355,-0.039633468,-0.02614995,0.021700807,0.059613064,0.06147449,0.024889013,-0.034053233,-0.07382703,-0.07751561
0.08230967,0.14420597,0.15760502,0.108867384,0.037563223,-0.0061649494,0.0064756307,0.057153434,0.10625759,0.11049256,0.06052727,-0.012925578,-0.055712286,-0.03918909,0.023661474,0.08861285,0.107668,0.067685924,0.008825499,-0.01903812,0.011693861,0.08505788,0.15566942,0.18428436
0.02649598,-0.04335373,-0.09095833,-0.0895991,-0.04229448,-0.006600388,-0.007946894,-0.056150153,-0.12331202,-0.15967977,-0.14308052,-0.07805282,-0.020401306,-0.0045819385,-0.036762994,-0.08240474,-0.10158906,-0.063788965,0.017789414,0.08417858,0.11170695,0.089269586,0.038525667,0.014618055
0.07586389,0.12886259,0.13839367,0.09909143,0.03222353,-0.016707253,-0.018373836,0.019492371,0.059765667,0.06486781,0.022549594,-0.040929295,-0.08817915,-0.07774276,-0.021264462,0.037068088,0.05676091,0.03629065,-0.0042674625,-0.02722754,-0.00070960773,0.0647976,0.13720174,0.171667
-0.03499868,0.000676008,0.09650893,0.19223894,0.22304884,0.18725616,0.105335034,0.05930352,0.07545061,0.15032223,0.21771194,0.2272928,0.16075858,0.06067398,-0.006549674,-0.007780387,0.057622854,0.11991899,0.119807094,0.049942385,-0.046961542,-0.10700173,-0.085995205,-0.012986169
-0.13087337,-0.14457056,-0.11448717,-0.07798098,-0.0804824,-0.12224649,-0.19130524,-0.2373789,-0.23715013,-0.18685785,-0.12745865,-0.10034997,-0.12055286,-0.16389693,-0.18501803,-0.16225106,-0.08668814,-0.006279775,0.029717082,0.010606896,-0.032673433,-0.0631745,-0.044914477,0.006810758
0.035249997,-0.0049158493,-0.064988725,-0.10074028,-0.08155129,-0.029256763,0.026231244,0.040011205,0.008952813,-0.041803155,-0.06734521,-0.04513127,0.016152555,0.07279737,0.08568957,0.05293884,-0.0022960873,-0.033571582,-0.016294355,0.035258375,0.08592618,0.09525194,0.051824283,-0.008191193
-0.15289977,-0.14537212,-0.077890806,-0.0045920843,0.010985885,-0.027902229,-0.10398066,-0.1488144,-0.13120183,-0.05761955,0.019997215,0.044004235,0.0032417078,-0.07209936,-0.11849223,-0.10696635,-0.030304687,0.044409674,0.055195402,0.00085532485,-0.084819436,-0.14626852,-0.1375612,-0.081082225
0.029106503,0.12620197,0.22784172,0.27326357,0.23988515,0.17734435,0.12943317,0.14578459,0.21282801,0.28078714,0.28847647,0.22128792,0.12155721,0.042941503,0.028201824,0.0758769,0.13010858,0.11960287,0.045793783,-0.04797567,-0.117995776,-0.11233573,-0.041267402,0.03739235
-0.02539246,-0.02514632,-0.0724192,-0.13784206,-0.18090303,-0.17374718,-0.1255501,-0.07528867,-0.054181345,-0.082891665,-0.12611654,-0.15262151,-0.13017529,-0.06656985,-0.00017695449,0.027399205,0.0022784327,-0.042903274,-0.07487779,-0.060978882,-0.009683129,0.03896021,0.050141662,0.010461826
0.13145642,0.09504361,0.06409105,0.06352303,0.09871582,0.12601097,0.1293877,0.09813847,0.04145046,0.0021086738,-0.006663436,0.025938835,0.057213716,0.06611293,0.038855884,-0.0024550005,-0.027950903,-0.010569056,0.044303287,0.096111536,0.12973097,0.12886286,0.10593989,0.09806242
0.052843615,-0.030086415,-0.09387029,-0.096996516,-0.03149715,0.02968689,0.048267018,0.0040860646,-0.07673373,-0.13280037,-0.12765932,-0.054135863,0.020603314,0.05083726,0.01658548,-0.050788656,-0.103146814,-0.08306921,0.0009486458,0.08247657,0.1213343,0.09438155,0.022677474,-0.028736835
-0.017254068,0.057303112,0.082884975,0.042071715,-0.0334647,-0.07373384,-0.046052523,0.027435178,0.108863235,0.13435125,0.09737398,0.017698187,-0.027906554,-0.011582916,0.05835829,0.13068786,0.14799826,0.090182684,-0.002045665,-0.057524957,-0.051433433,0.004895829,0.064146906,0.07758344
0.022115326,0.020147555,-0.030789824,-0.095221385,-0.12917164,-0.113082014,-0.053754866,-0.0046016923,0.0064225057,-0.032190636,-0.08330013,-0.10958493,-0.082782045,-0.015642634,0.04562077,0.059674863,0.017774265,-0.03508535,-0.0596883,-0.033965237,0.025196787,0.07310054,0.07554531,0.030674325
0.11083397,0.06523067,0.04374335,0.071144216,0.13966884,0.18641636,0.18821114,0.14452986,0.08017661,0.0465791,0.05584291,0.11002987,0.14571713,0.13833652,0.08261583,0.01637699,-0.026361944,-0.008965894,0.054073505,0.102643214,0.1120356,0.07877393,0.027511055,0.0067088776
0.0609685,0.103473574,0.103743374,0.05852794,-0.00057785894,-0.036018573,-0.024278646,0.0193597,0.05750686,0.0602119,0.019617805,-0.03530028,-0.0661109,-0.043339122,0.018835759,0.07421537,0.08657784,0.061744537,0.019858101,0.0032798168,0.037286438,0.09955022,0.15907168,0.1775876
0.06281252,0.11257479,0.12333819,0.0843219,0.021637326,-0.024713906,-0.026406756,0.00889648,0.046902962,0.048776712,0.0062326556,-0.05597042,-0.10010678,-0.092639655,-0.041684896,0.013029967,0.029666768,0.0036384764,-0.04023294,-0.062630996,-0.040471535,0.01941347,0.082791574,0.1117222
-0.008756244,-0.09732935,-0.1540062,-0.13516963,-0.05331247,0.018358333,0.03742523,-0.010393039,-0.088612296,-0.13314998,-0.10779847,-0.021116711,0.059149478,0.07912279,0.025520237,-0.057256132,-0.113080636,-0.0901953,-0.0077713067,0.065262996,0.08010634,0.024785182,-0.06711998,-0.12661725
0.09735903,0.081567936,0.10467035,0.15592451,0.20683466,0.20791613,0.16518664,0.11051915,0.06793115,0.07492137,0.1039083,0.13981082,0.12946577,0.08302349,0.027137144,-0.006963055,-0.001683315,0.048073642,0.1040635,0.11735726,0.095670104,0.061324615,0.048722573,0.07863051
-0.11362851,-0.12176777,-0.082359605,-0.0418816,-0.0415225,-0.083883345,-0.15266778,-0.20163816,-0.20133094,-0.15122958,-0.091092214,-0.06640849,-0.08786802,-0.13997926,-0.17137013,-0.15088381,-0.07108475,0.0050983736,0.036792234,0.014677726,-0.033656158,-0.06736319,-0.054295268,0.002033887
-0.12541619,-0.11948786,-0.0641061,-0.0122577185,-0.018553006,-0.07409481,-0.15520088,-0.20178409,-0.18943772,-0.12252851,-0.057239406,-0.042635165,-0.08431119,-0.14739878,-0.17503406,-0.14564408,-0.056173638,0.027100295,0.051161665,0.0118780425,-0.050094645,-0.08501711,-0.054735173,0.016001495
-0.012262055,-0.014923638,-0.062102128,-0.12671636,-0.16443646,-0.15311886,-0.1009852,-0.053693555,-0.037280153,-0.0678784,-0.11045994,-0.1336478,-0.1063548,-0.04271048,0.019154126,0.04247929,0.015397807,-0.030782191,-0.058099777,-0.038892027,0.014570052,0.06103093,0.06570201,0.02493223
0.046794746,-0.020943467,-0.0657416,-0.059763636,-0.00049887336,0.049255792,0.0555791,0.012656395,-0.05692069,-0.09747093,-0.08637505,-0.02256842,0.036890298,0.05386858,0.018423527,-0.038188186,-0.07251897,-0.047346428,0.024615422,0.08766397,0.11337635,0.08699689,0.030549979,-0.004313309
0.12202095,0.053090807,0.0070026224,0.021981979,0.09794849,0.15860136,0.17383645,0.12452368,0.039399043,-0.015927576,-0.0130865555,0.053414706,0.11399839,0.12656024,0.0740309,-0.007001883,-0.06439272,-0.04581332,0.036927734,0.11270962,0.1425125,0.109241866,0.03918347,0.0005652497
0.05764938,0.13331755,0.15991195,0.12031321,0.04944307,0.0072439457,0.026678631,0.088879064,0.1530712,0.16465825,0.11496231,0.03095391,-0.020658353,-0.01283073,0.043862116,0.10551584,0.117171265,0.059506394,-0.023738462,-0.068813965,-0.055526827,0.0074162367,0.072733894,0.09645268
0.024421714,0.013289427,0.044912796,0.11179572,0.177941,0.2031581,0.18245836,0.14375669,0.11882623,0.13460629,0.17464995,0.21487394,0.2124235,0.16512543,0.09801914,0.04810413,0.034488816,0.05809213,0.08743638,0.08105444,0.033586476,-0.027348906,-0.067771144,-0.06479829
-0.14962211,-0.20426714,-0.20422399,-0.15452558,-0.101973906,-0.08049901,-0.11213112,-0.16370405,-0.19500144,-0.17650154,-0.11164474,-0.04270819,-0.012888839,-0.039549828,-0.094806686,-0.1350673,-0.1188955,-0.06102011,-0.011052209,-0.0022747102,-0.04665323,-0.11943729,-0.17204455,-0.18138659
0.053639438,0.08480098,0.08380814,0.04392089,-0.014960547,-0.061508544,-0.071038775,-0.052262563,-0.031637806,-0.035190023,-0.07192052,-0.12025982,-0.1536207,-0.14376257,-0.0998511,-0.051339302,-0.030304532,-0.03966269,-0.057582393,-0.061538666,-0.033044703,0.023956457,0.0824895,0.11454191
0.11035602,0.054092146,-0.035420753,-0.09590746,-0.07785768,-0.01800505,0.046265226,0.057626702,0.004526679,-0.073103264,-0.1204719,-0.09316827,-0.017986882,0.061461035,0.087832496,0.051542893,-0.020698918,-0.052241795,-0.013009943,0.06973046,0.15804219,0.19094539,0.15197387,0.083587036
-0.06036159,-0.1181897,-0.15680782,-0.15496239,-0.11222885,-0.063841365,-0.0449707,-0.06464683,-0.10264357,-0.12534212,-0.105350986,-0.051236928,0.008336891,0.034665443,0.018853536,-0.021469427,-0.04508278,-0.03170309,0.008016976,0.045588095,0.056462523,0.02448262,-0.03294996,-0.07959448
-0.061828088,-0.03184294,0.06441659,0.16249113,0.18969004,0.1449946,0.057758916,0.001835185,0.014326756,0.09315845,0.16838905,0.18099946,0.117074266,0.010642311,-0.06679012,-0.06739492,0.0077148243,0.07739931,0.088442326,0.026247086,-0.07512122,-0.14089574,-0.12481208,-0.042698164
0.049444012,0.08083129,0.076160364,0.030488184,-0.03157999,-0.07599395,-0.076955386,-0.051257256,-0.026165044,-0.029095829,-0.066318534,-0.11519884,-0.14335014,-0.12624058,-0.07531708,-0.022881068,-0.001492155,-0.013879732,-0.035628937,-0.038949914,-0.0049972003,0.055170603,0.11221073,0.14027382
0.10569604,0.08338466,0.033186577,0.0033044575,0.03028941,0.092235446,0.16005132,0.18376732,0.15623476,0.09760147,0.057932504,0.06821845,0.11994861,0.17099051,0.1762159,0.13175331,0.056200664,0.0017443142,0.0025384221,0.04607926,0.09486385,0.10606677,0.060796283,-0.003481818
0.03658273,0.111878514,0.18514301,0.214505,0.1893321,0.14127603,0.107846744,0.12502025,0.17926455,0.2306974,0.23548985,0.18584473,0.11149145,0.058343038,0.05999279,0.104972705,0.14247379,0.13456738,0.0815751,0.0117564285,-0.03394518,-0.022401376,0.03235432,0.08789849
0.10189757,0.055705428,0.02236808,0.027437534,0.07129273,0.10207467,0.105227984,0.06678124,0.006367897,-0.032323923,-0.031995453,0.011559523,0.049263313,0.0576727,0.026539158,-0.020279378,-0.050179172,-0.02830178,0.037734736,0.09428381,0.12176668,0.10865993,0.07040739,0.0548859
0.0957092,0.049970478,-0.025370805,-0.08232166,-0.07778427,-0.04080721,0.008576732,0.016739544,-0.025885567,-0.09172408,-0.13452508,-0.117508195,-0.060548753,0.006263847,0.037004758,0.014889573,-0.03857658,-0.058599286,-0.023559384,0.047429,0.12571494,0.15850265,0.13171679,0.08112285
0.034633715,0.0008067326,0.008523393,0.05285239,0.10098605,0.11038505,0.07049478,0.010378824,-0.037991654,-0.037285827,-0.0010182553,0.04778889,0.056422986,0.023520442,-0.030633338,-0.06913425,-0.05686778,-4.846394e-05,0.0664627,0.08776649,0.0684222,0.029492058,0.0064175962,0.025563907
0.16212623,0.13961793,0.087623544,0.053716127,0.076949775,0.12915505,0.18457165,0.19900489,0.1603686,0.0954851,0.048244957,0.0562302,0.100468636,0.14801191,0.15362859,0.11186353,0.04238738,0.00029754447,0.013430697,0.065237485,0.12557018,0.14890929,0.11884499,0.069313586
0.15438494,0.10571084,0.07090339,0.08879138,0.15908031,0.21617056,0.23371726,0.19802052,0.12621053,0.07659936,0.07016305,0.12024529,0.16275348,0.17189273,0.127014,0.051278766,-0.011947186,-0.0047027515,0.05956913,0.11972032,0.14642245,0.121222965,0.06728381,0.03345752
0.014347707,0.08619355,0.15317762,0.16073552,0.09488181,0.00435914,-0.05853698,-0.054708518,-0.0016763266,0.0539237,0.05598332,-0.005528457,-0.09354288,-0.14639793,-0.12612662,-0.04934545,0.032622036,0.058446594,0.021861942,-0.03956606,-0.0702666,-0.033610817,0.058691554,0.15061365
0.1915088,0.17975867,0.14275104,0.11274191,0.13351059,0.17066897,0.21100186,0.21793938,0.17930903,0.12038841,0.06987588,0.06805308,0.095538445,0.12773843,0.12979667,0.098144636,0.034692332,-0.0074346005,0.0074744956,0.056056246,0.111110516,0.14066812,0.12228432,0.08945614
0.016312296,-0.026059354,-0.08395284,-0.11445775,-0.09432419,-0.04393299,0.008646034,0.019791257,-0.010275765,-0.056478944,-0.07648103,-0.051587563,0.0074895164,0.060464174,0.0700826,0.034865372,-0.018035967,-0.043600075,-0.02498838,0.024360398,0.06894289,0.07077621,0.025505342,-0.03306371
-0.15203163,-0.102484226,-0.044305667,-0.037968345,-0.10856737,-0.19491525,-0.25686228,-0.2528292,-0.1870048,-0.11293235,-0.07898007,-0.11810546,-0.18232252,-0.2243033,-0.19726895,-0.111106195,-0.0028962013,0.041262884,0.0039345985,-0.06503405,-0.11034894,-0.095081426,-0.020953178,0.056931477
0.04535435,-0.045635205,-0.113896206,-0.11954882,-0.058036316,-0.0029533263,0.010793573,-0.040795267,-0.12831317,-0.18260299,-0.17335601,-0.09619403,-0.017333964,0.015409148,-0.017436972,-0.082022004,-0.12437043,-0.09103226,0.0066142567,0.09761889,0.14208525,0.11679163,0.0481394,0.0044443114
0.14257374,0.08665752,0.04415181,0.049881704,0.10378752,0.14396767,0.14516418,0.09996943,0.02295081,-0.024268087,-0.028662805,0.022749955,0.06557431,0.07739051,0.04045563,-0.01804968,-0.05686041,-0.029105427,0.05034608,0.11951408,0.15764098,0.14742489,0.1122051,0.09606292
0.07123649,0.052643724,0.07641532,0.13274896,0.184135,0.18656312,0.14210306,0.08402619,0.04097373,0.04679638,0.08074037,0.11933957,0.11104696,0.06161165,-0.0018603716,-0.043239307,-0.034520827,0.018182483,0.07289681,0.08300969,0.053150695,0.009528034,-0.009311157,0.019148754
0.10086896,0.0839489,0.10226714,0.15181786,0.20496918,0.21487297,0.18038745,0.13171363,0.089826606,0.0929642,0.11879155,0.15605584,0.14952879,0.10834945,0.05254546,0.012185602,0.0101927,0.054532457,0.104502685,0.11711442,0.09829968,0.06310003,0.04810867,0.07027969
0.07369354,0.03790772,0.058418497,0.12505524,0.19157362,0.2004319,0.14487109,0.06678144,0.004438565,0.009912616,0.056179296,0.11430014,0.11567521,0.05987378,-0.022157725,-0.07648941,-0.061558858,0.011013383,0.089868285,0.11231336,0.081059754,0.02652178,0.0006273846,0.034491587
-0.13460799,-0.13003923,-0.0707058,-0.0035635722,0.016158776,-0.010593175,-0.07376478,-0.11342234,-0.09887275,-0.034967702,0.03616299,0.062370732,0.031040171,-0.033587772,-0.076315686,-0.070882015,-0.005490087,0.05982141,0.06999273,0.021214103,-0.055414107,-0.11358375,-0.11203764,-0.06750899
0.18237251,0.21294844,0.17236349,0.09879819,0.06437365,0.0877212,0.16716711,0.23739693,0.25211388,0.19317396,0.102439195,0.04522033,0.05291731,0.118676886,0.1821735,0.1899651,0.11847123,0.024991458,-0.029711653,-0.010149235,0.06594337,0.13912004,0.15583014,0.11067699
0.1224861,0.2100743,0.24542944,0.21784273,0.15903649,0.12399427,0.1420499,0.20545283,0.2669693,0.27362874,0.21442746,0.12531109,0.059243754,0.05732381,0.104727335,0.15335278,0.14591661,0.07850686,-0.010018069,-0.062128764,-0.053717,0.008513444,0.07851645,0.10217075
0.07039088,0.04256055,-0.004481896,-0.028296338,0.004959514,0.07021757,0.1343898,0.15401457,0.12496171,0.07034313,0.03677339,0.05163416,0.10543785,0.15163426,0.14931656,0.100313246,0.024195315,-0.030566318,-0.031330884,0.010086881,0.048899982,0.049335714,-0.0030565069,-0.07128665
-0.05940584,-0.034866095,0.054386817,0.14409803,0.17289124,0.13338152,0.04876439,-0.0048947483,0.005955334,0.08079089,0.15396976,0.17144036,0.11469745,0.016495772,-0.052281126,-0.048716146,0.025509465,0.09526737,0.10668043,0.047479466,-0.04523894,-0.105624795,-0.09048492,-0.015903113
0.048694335,-0.034545656,-0.09440181,-0.0909096,-0.024039164,0.032469545,0.043785617,-0.006428537,-0.08870021,-0.13879405,-0.12483101,-0.047581546,0.026978685,0.052111957,0.0139882825,-0.051442474,-0.09397801,-0.06264461,0.029185712,0.11016069,0.14491446,0.11485591,0.044210084,0.0010396272
0.070160806,0.12710439,0.13488114,0.08285938,0.0060825585,-0.048057728,-0.047309145,-0.0023719044,0.04452033,0.049013276,-0.0013891346,-0.07303621,-0.12229405,-0.1067477,-0.03835596,0.033222444,0.053273764,0.022834495,-0.026006792,-0.049547214,-0.01683839,0.06029539,0.1388942,0.17165862
0.10113315,0.17032509,0.19814932,0.17492782,0.12777357,0.10017037,0.11669144,0.16963252,0.21995516,0.2293203,0.18481085,0.11541364,0.06523384,0.06645518,0.108092725,0.15019353,0.14899857,0.09991885,0.029344726,-0.01208363,-0.0015009121,0.049636014,0.10774763,0.12837613
0.02159258,-0.036285657,-0.08454026,-0.097022586,-0.07175367,-0.04945942,-0.05153381,-0.08337423,-0.13405468,-0.16043846,-0.15147667,-0.10183043,-0.056153666,-0.030792674,-0.036361527,-0.058060788,-0.06673735,-0.02835298,0.03924535,0.095827416,0.13331322,0.13148665,0.10883456,0.09337993
0.086585864,0.117795296,0.07008257,-0.01166898,-0.06038058,-0.03586527,0.053501517,0.14175858,0.17513473,0.12227683,0.033586483,-0.030125698,-0.01703239,0.06258285,0.14257185,0.15954883,0.08742363,-0.018290631,-0.09342548,-0.0851505,-0.015709218,0.05606448,0.071572974,0.011005671
0.008958461,-0.07171676,-0.13082367,-0.13939364,-0.099331126,-0.06549619,-0.066724285,-0.11447802,-0.18590707,-0.22125663,-0.20307331,-0.13441758,-0.06751121,-0.038955435,-0.05905276,-0.09851235,-0.107820734,-0.057235908,0.03184488,0.10698595,0.14730379,0.13148394,0.08786052,0.065366946
0.1188927,0.078573294,0.0039291214,-0.03574249,0.00898855,0.100988954,0.19647603,0.22651102,0.18403327,0.10373857,0.052841272,0.074622914,0.15348636,0.22777902,0.2342294,0.16919544,0.056168307,-0.020780308,-0.011938426,0.05485044,0.12066958,0.1303074,0.05876209,-0.03905098
-5.454258e-05,0.028343678,0.09423232,0.1620839,0.19074626,0.1752285,0.13011475,0.10235126,0.11202141,0.15760955,0.198147,0.2026144,0.15994921,0.09142263,0.03830559,0.029044906,0.05740072,0.08346229,0.08100852,0.036639467,-0.029832736,-0.07209375,-0.067330256,-0.024725579
0.11031214,0.12674849,0.10010062,0.057277314,0.036749575,0.048986036,0.093357906,0.13188744,0.13728066,0.10162184,0.048529945,0.015965099,0.021194637,0.060199857,0.096380726,0.10075617,0.057997048,0.005365597,-0.0199413,-0.0040725106,0.04229779,0.0872319,0.09855924,0.07438215
0.11679826,0.09801166,0.11892279,0.17349193,0.23138747,0.24220005,0.20564383,0.14810291,0.09838986,0.09727252,0.1246385,0.16433449,0.15979253,0.11428755,0.04909848,0.0012338284,0.00045609658,0.047680277,0.10669746,0.12405999,0.10328686,0.064091064,0.043085963,0.06877581
-0.085992046,-0.056376144,-0.02180079,-0.016190337,-0.05259841,-0.09764486,-0.1333523,-0.12764837,-0.088800475,-0.043545146,-0.024777666,-0.04715398,-0.08548669,-0.10847804,-0.090204366,-0.04058101,0.016762655,0.039524384,0.014389276,-0.028682593,-0.055522893,-0.04609142,-0.00022368628,0.04121694
0.015736852,-0.00011384271,0.04118678,0.12501405,0.20260417,0.23075816,0.19615315,0.14310217,0.110025905,0.12974869,0.18254688,0.23282099,0.22936393,0.16744278,0.08034469,0.017744731,0.015705474,0.05493104,0.089063875,0.076535955,0.014342264,-0.06273671,-0.10713259,-0.09670016
0.017483402,-0.02722666,-0.08758952,-0.120422274,-0.10007401,-0.052430816,-0.006892002,0.00028790755,-0.033018745,-0.084194034,-0.10729325,-0.08162748,-0.025038736,0.026820773,0.03847756,0.004840869,-0.05067353,-0.07520877,-0.053511,-0.0027308173,0.04236413,0.046393827,0.0021975343,-0.058151383
0.030020118,0.09196246,0.15345801,0.18186274,0.16061726,0.120841175,0.09469015,0.11015908,0.154165,0.19924276,0.20310806,0.15978104,0.09543338,0.050285295,0.048209812,0.07894758,0.10870139,0.104862474,0.058755983,0.0007134794,-0.038542215,-0.033514537,0.014484169,0.063271046
-0.14019328,-0.13941205,-0.094861016,-0.040097415,-0.022951469,-0.040754482,-0.084059596,-0.11319008,-0.099638894,-0.048163313,0.0117841195,0.034104552,0.016394682,-0.035088673,-0.076555416,-0.07641084,-0.029875727,0.013244312,0.018191572,-0.018017838,-0.08438022,-0.13804898,-0.14851037,-0.11954382
0.05452428,0.12249035,0.1295618,0.0646307,-0.03355039,-0.09859769,-0.08948287,-0.03075069,0.031673316,0.037723377,-0.019048922,-0.10572328,-0.15851241,-0.13614166,-0.05402896,0.031695582,0.060762387,0.022218194,-0.042270873,-0.07214874,-0.034779094,0.05357961,0.14073469,0.1770349
0.073106185,0.03630417,0.06076445,0.13379206,0.2102808,0.22201574,0.16343038,0.08252476,0.020382138,0.031617325,0.085522704,0.15099052,0.15328522,0.095751315,0.016209494,-0.0352634,-0.022173623,0.05451234,0.14006314,0.16061325,0.12550268,0.067056514,0.03625269,0.06703364
0.09592049,0.008672064,-0.04453137,-0.021212334,0.06858336,0.1372336,0.14606044,0.08300489,-0.014921166,-0.06945811,-0.053484134,0.03318956,0.10455207,0.11517635,0.050302643,-0.042031907,-0.099564746,-0.06570765,0.035891812,0.12118082,0.14737344,0.100235276,0.018717159,-0.023687446
-0.01238769,0.0030368883,0.05509909,0.10005504,0.09859169,0.04668786,-0.026981788,-0.0734028,-0.073002316,-0.028893186,0.011609466,0.0157038,-0.031137373,-0.09483823,-0.12736842,-0.10686939,-0.041616186,0.021755667,0.049303606,0.02305236,-0.022694081,-0.041344598,-0.010060139,0.06013096
0.021216141,0.07190869,0.07730378,0.022485826,-0.06513768,-0.12719575,-0.13542834,-0.09607398,-0.05011135,-0.04420836,-0.089942485,-0.16205277,-0.20923036,-0.19371538,-0.12623902,-0.051850233,-0.015395669,-0.035810314,-0.08372094,-0.10777321,-0.07899745,-0.0038657193,0.07886509,0.11759127
0.09353079,0.047813125,0.015656333,0.020930292,0.067857176,0.10232412,0.10433526,0.06808553,0.008986192,-0.029098582,-0.030058868,0.013332492,0.050488837,0.058386426,0.027737793,-0.018418586,-0.05230158,-0.035948493,0.024220852,0.07703995,0.10175326,0.08846863,0.050511617,0.030256985
-0.17587395,-0.16110195,-0.077466995,0.012101489,0.031727545,-0.011998065,-0.09792028,-0.15070683,-0.12912221,-0.044108108,0.04532012,0.06946713,0.021358082,-0.072171815,-0.1369657,-0.12694341,-0.041825093,0.03337753,0.043892756,-0.019988118,-0.12628962,-0.1992701,-0.19393516,-0.12684275
-0.035512555,0.021690976,0.044077687,0.012345537,-0.050881512,-0.09005347,-0.08009904,-0.025382955,0.040011495,0.06542838,0.03850799,-0.024939297,-0.0677894,-0.05757931,0.0031133438,0.06688263,0.08719341,0.050058052,-0.022122907,-0.070209645,-0.069107525,-0.024252,0.031285405,0.046003748
-0.010586796,0.07655,0.1674358,0.2035545,0.15909132,0.086735696,0.03339312,0.048590235,0.118232556,0.18897563,0.20290416,0.14123867,0.044827998,-0.021395598,-0.014167376,0.046569664,0.11314135,0.12253788,0.059847713,-0.030864704,-0.09327442,-0.08380532,-0.007740833,0.07007187
-0.015969567,-0.055268604,-0.031500045,0.040103443,0.11843042,0.14724353,0.10984956,0.046258163,-0.00060794625,0.016050328,0.074938916,0.14076535,0.15702921,0.106741376,0.02467929,-0.03243775,-0.02727555,0.025566041,0.082074545,0.09104994,0.042859238,-0.031303026,-0.08216213,-0.075385295
-0.0765048,-0.02999887,0.017382218,0.020555116,-0.033604432,-0.10042995,-0.1507984,-0.14417467,-0.09435063,-0.044651944,-0.033055566,-0.073381916,-0.13487041,-0.16909876,-0.14442408,-0.07945957,-0.009278392,0.014110796,-0.022177828,-0.07876891,-0.11131927,-0.09143224,-0.02495942,0.033638448
0.10226893,0.10755101,0.06209606,-0.0067952923,-0.049507055,-0.052042805,-0.01630903,0.021206139,0.020589013,-0.021074258,-0.08476105,-0.12156742,-0.113297276,-0.057093836,0.0040247985,0.028339786,-0.0003617117,-0.039510597,-0.054215886,-0.02355925,0.047575217,0.11694606,0.1507211,0.13375948
0.094326004,0.10066205,0.052474983,-0.019968763,-0.063885,-0.0605261,-0.014747322,0.027989907,0.029821929,-0.015645996,-0.082814805,-0.12205785,-0.108570434,-0.04676245,0.015004341,0.036839012,0.0019404201,-0.048832327,-0.06810705,-0.0364005,0.03568846,0.10581172,0.13360435,0.10934673
-0.03579366,-0.037935782,-0.08553433,-0.1528014,-0.19793496,-0.19194604,-0.14269666,-0.09177951,-0.06952522,-0.09304429,-0.13194105,-0.15642545,-0.13016339,-0.06491276,0.0028354593,0.034488264,0.017385306,-0.02289055,-0.054449,-0.03947465,0.014056088,0.06297265,0.075436145,0.038874272
0.06193721,0.028161822,0.031940933,0.06777837,0.1090011,0.10710348,0.0626063,0.0013770158,-0.049861122,-0.05169928,-0.022048857,0.022240764,0.026493968,-0.0058387415,-0.052822974,-0.08247902,-0.06843193,-0.0070171338,0.064611875,0.09367293,0.08525627,0.056833442,0.04252765,0.069062516
0.03439631,0.07550982,0.11188234,0.110856995,0.069370404,0.013095644,-0.025854515,-0.025977617,0.0012168365,0.030066947,0.028112754,-0.007862566,-0.059124697,-0.08723412,-0.07033668,-0.02160301,0.031209014,0.05252224,0.036908347,0.005448976,-0.0035611426,0.02546669,0.08485912,0.14319062
0.099584095,0.1856245,0.21911882,0.18275777,0.113229774,0.06964432,0.093363434,0.15975794,0.22708347,0.23965152,0.18448941,0.09327687,0.03290521,0.037087753,0.09400652,0.15489127,0.15969776,0.0959668,0.009085094,-0.038696732,-0.024501793,0.04132979,0.110012956,0.13753515
0.0793828,0.038250715,-0.03629007,-0.09448852,-0.09505112,-0.05858515,-0.008472967,0.004534851,-0.033447888,-0.09513122,-0.13883285,-0.12701802,-0.07041551,-0.0030341444,0.02723829,0.009825048,-0.042247836,-0.06974005,-0.040471952,0.027816754,0.10405087,0.14162654,0.12087746,0.07254737
0.09146404,0.07121661,0.08462263,0.12593102,0.16973296,0.17314114,0.1362092,0.082183,0.036612414,0.032261435,0.05452582,0.08918437,0.08578469,0.047130477,-0.007989963,-0.04547498,-0.040828083,0.004059361,0.05977347,0.079177044,0.06435076,0.034315232,0.018885624,0.04406496
0.114370555,0.052309614,-0.046946667,-0.11362101,-0.09824247,-0.040040012,0.023758518,0.030193424,-0.031277914,-0.12044397,-0.17406206,-0.14691995,-0.06696318,0.016300447,0.04122961,0.0018318617,-0.076578096,-0.11103036,-0.06222772,0.032468762,0.12690568,0.16405529,0.12143567,0.05066192
-0.0401827,-0.0033111444,0.08944907,0.17617592,0.19795853,0.1574031,0.078956105,0.03529745,0.05261479,0.123875394,0.18406026,0.18607564,0.119836725,0.023897776,-0.03872462,-0.034837466,0.029602194,0.08359005,0.08191186,0.01688315,-0.075201705,-0.12795196,-0.105068296,-0.03172922
0.05859514,0.020385932,0.045876935,0.120977834,0.19770598,0.21369682,0.16367097,0.08576135,0.025827171,0.039844487,0.09833658,0.16497897,0.17341559,0.11748222,0.033619322,-0.023187732,-0.0062810034,0.07033839,0.15107982,0.1705509,0.13338588,0.06778752,0.030184744,0.059544254
0.10817387,0.06842985,-0.0011716135,-0.04858537,-0.031819247,0.018184502,0.07313412,0.08342839,0.039934624,-0.029358963,-0.074594624,-0.058278948,-0.0005616107,0.059322957,0.0738293,0.03892547,-0.029551027,-0.067772835,-0.04127967,0.025281312,0.09380531,0.12017028,0.08419804,0.026374912
0.06439574,0.027937118,-0.032001555,-0.08041711,-0.08360689,-0.060907796,-0.030709118,-0.02973388,-0.065267175,-0.118702956,-0.15314317,-0.1414269,-0.09766074,-0.0483513,-0.027619328,-0.040058497,-0.07328829,-0.08736755,-0.057152238,8.284968e-05,0.060995553,0.091943465,0.07656111,0.043660868
0.061560113,0.034731917,0.054498695,0.10598231,0.15712169,0.15787451,0.10750016,0.04218767,-0.008865094,-0.0046486403,0.02809962,0.06924808,0.06455924,0.01703741,-0.04561409,-0.0839947,-0.073257476,-0.01802256,0.04618326,0.065221444,0.039505713,-0.00041677806,-0.017513907,0.012240454
0.025333665,-0.03228375,-0.026875857,0.032508977,0.100993976,0.10937031,0.049604036,-0.04123338,-0.11410718,-0.11265674,-0.05643427,0.018706283,0.037871387,-0.009365995,-0.08802679,-0.1390313,-0.11886427,-0.03325016,0.06919904,0.10882866,0.08306415,0.024834497,-0.01519076,0.011452136
-0.033430777,-0.12010616,-0.17317413,-0.15541923,-0.07744019,-0.0039289547,0.017294906,-0.02806325,-0.099388726,-0.13970798,-0.10729407,-0.018924749,0.06678574,0.088836774,0.037299927,-0.04061999,-0.08165247,-0.05611479,0.019575352,0.084169,0.09550539,0.03895481,-0.054673247,-0.11395799
-0.071626246,-0.11389623,-0.102289416,-0.041856866,0.022136524,0.049577814,0.025706511,-0.025745584,-0.06051045,-0.045361448,0.014014141,0.07785899,0.10157499,0.06624215,-0.001251767,-0.05353331,-0.048438214,0.0004995435,0.049644418,0.057783026,0.0127466,-0.061648395,-0.11833434,-0.12299728
0.027177883,-0.020146389,-0.05691688,-0.061313316,-0.030942783,-0.0037663793,0.00058191485,-0.027629202,-0.07398811,-0.10296145,-0.0986006,-0.058022983,-0.017571682,-0.00016856744,-0.016087623,-0.047351625,-0.06722627,-0.04782119,0.00567935,0.05373927,0.078619674,0.06886094,0.036525708,0.015897939
0.20919906,0.25158435,0.21176995,0.13540871,0.09454391,0.11350616,0.19842516,0.27691153,0.29598254,0.23421542,0.13110612,0.059304927,0.058069434,0.1260872,0.1958563,0.20662673,0.12160405,0.012854139,-0.046003066,-0.025510056,0.05396893,0.1375479,0.1617281,0.117698826
0.10347668,0.07323255,0.013764287,-0.017821146,0.0166605,0.090036735,0.168995,0.19470038,0.1603591,0.09304039,0.04761226,0.06066783,0.12096693,0.17880625,0.18039943,0.123540565,0.028395087,-0.037909225,-0.03520751,0.018538944,0.07086234,0.07757961,0.020252619,-0.05797239
0.025807811,0.07244274,0.11385395,0.11422833,0.06621999,0.0017026436,-0.044802185,-0.04661857,-0.015955104,0.018902168,0.018304575,-0.022752268,-0.080892816,-0.11298507,-0.094906725,-0.038313948,0.021933308,0.04506409,0.030901732,-0.004044697,-0.01692055,0.016757403,0.08563456,0.15327506
-0.06300483,-0.123903066,-0.11715548,-0.05324045,0.009906997,0.017643593,-0.040434096,-0.1239163,-0.18088615,-0.16355607,-0.089740135,-0.008263843,0.014587229,-0.031486977,-0.10680088,-0.15317525,-0.11896324,-0.024270432,0.065754645,0.090729356,0.051226024,-0.021730874,-0.066392966,-0.04434409
-0.10932798,-0.1602073,-0.15219612,-0.09341154,-0.03445003,-0.014986411,-0.054873876,-0.115989186,-0.15532161,-0.13898975,-0.075474456,-0.007694583,0.01460617,-0.02209328,-0.087445855,-0.13442732,-0.119069815,-0.05735553,0.00055113796,0.010329366,-0.037499495,-0.11161666,-0.16173136,-0.16199206
0.1569756,0.09168875,0.051725496,0.0719433,0.15198772,0.20882468,0.21823125,0.16511372,0.07690525,0.027150346,0.030416142,0.09631269,0.14940222,0.15648623,0.10337077,0.024765693,-0.032115795,-0.007503108,0.08255809,0.15963393,0.19108383,0.16096969,0.098977275,0.06992859
0.0740768,0.11589501,0.12050472,0.07771813,0.019335221,-0.021425197,-0.020908527,0.013723681,0.046768684,0.049929388,0.010074703,-0.043561444,-0.08006051,-0.06486949,-0.007661521,0.048706602,0.06796444,0.05100012,0.01510602,-0.0011365149,0.031262267,0.09432863,0.15937069,0.18667272
-0.028153349,0.027874907,0.043902144,0.004343783,-0.060519937,-0.0940561,-0.073817566,-0.014036926,0.049420334,0.06538495,0.029749494,-0.03763619,-0.07393467,-0.055764794,0.007529603,0.067566685,0.079367876,0.03053009,-0.046121463,-0.08885308,-0.08085813,-0.032068096,0.01839159,0.024765773
0.0670954,-0.008585919,-0.047197778,-0.0053024255,0.10187249,0.19204272,0.22057648,0.17215958,0.089051716,0.03972768,0.062552646,0.14853938,0.22298186,0.22647138,0.14583977,0.035311915,-0.040331613,-0.03259384,0.0398777,0.10402362,0.105630584,0.034252986,-0.07253412,-0.13545728
-0.046527393,-0.085520394,-0.07396498,-0.028133553,0.015496533,0.019296894,-0.025575442,-0.08587489,-0.12416295,-0.107631356,-0.053786088,0.0015050553,0.016170157,-0.020030968,-0.0744769,-0.101653844,-0.069567464,-0.003961346,0.05691174,0.070253395,0.039202414,-0.009688582,-0.037624847,-0.01706701
0.010544786,0.032301534,0.097891286,0.15446232,0.15773566,0.10075451,0.01703402,-0.0339447,-0.031380508,0.025808787,0.07680698,0.084165044,0.029193481,-0.04765801,-0.087632425,-0.063776195,0.01669735,0.09509095,0.12316883,0.08784999,0.03582403,0.013429364,0.052773748,0.1384972
-0.05000625,-0.006412277,0.0064473073,-0.023865039,-0.074423775,-0.09653804,-0.07753754,-0.024286373,0.03444963,0.05430355,0.034392823,-0.012785175,-0.038030777,-0.02190987,0.030729622,0.0812356,0.09686462,0.06199428,-0.0070295706,-0.049788516,-0.047068346,-0.013361931,0.024784453,0.025413023
-0.12428265,-0.09219234,-0.04849141,-0.039647385,-0.08865611,-0.15480007,-0.20618016,-0.20756596,-0.16257888,-0.104153,-0.07474862,-0.10104182,-0.14859356,-0.18150616,-0.16191365,-0.09880623,-0.017801855,0.021834202,-0.0001682423,-0.04898925,-0.085069984,-0.07818564,-0.023767013,0.03534661
0.00012441633,0.062978186,0.12310303,0.13281865,0.0765629,0.000705903,-0.054436557,-0.050974634,-0.0031958113,0.04716066,0.05175801,-0.00031249164,-0.07675527,-0.1239465,-0.10929908,-0.044801358,0.028381256,0.05091206,0.01639974,-0.04128932,-0.07255722,-0.04394078,0.036003068,0.11527378
0.19128259,0.15885232,0.094410494,0.054509558,0.08732701,0.15377973,0.2177943,0.23058674,0.17625612,0.092527315,0.030152837,0.03926138,0.09177252,0.14853017,0.15172753,0.09393774,-0.0005040324,-0.05669032,-0.038185522,0.029043453,0.09995884,0.12538873,0.08663892,0.021722747
-0.0009015662,-0.07603325,-0.12656453,-0.113347545,-0.04063945,0.030175323,0.053254515,0.01648684,-0.0506937,-0.09491242,-0.07707622,-0.0028296201,0.07176254,0.09377408,0.048038535,-0.026720481,-0.078400455,-0.06719172,-0.0031812456,0.057547763,0.07245166,0.026866231,-0.05556329,-0.1142578
0.12209791,0.21956663,0.25630993,0.21719289,0.14449671,0.10035162,0.12611483,0.2029866,0.27885166,0.2947899,0.23391442,0.13506077,0.06785474,0.073669314,0.1396317,0.20949824,0.211338,0.13986087,0.042523637,-0.013065723,0.004241097,0.08064485,0.16056967,0.18905109
0.164003,0.19293255,0.15753634,0.09225744,0.059032142,0.07707592,0.14593221,0.206287,0.21839035,0.1647578,0.0832852,0.030143801,0.036231887,0.092707954,0.14586136,0.15300466,0.09145964,0.007271989,-0.039478235,-0.02077085,0.0460602,0.11288885,0.12891807,0.09260319
0.016905898,0.0015330054,0.026626589,0.085819036,0.14945057,0.17858723,0.16062942,0.1220161,0.094173364,0.103677444,0.14092115,0.18241566,0.18837667,0.1482552,0.08402145,0.0353654,0.023382064,0.04365639,0.07410799,0.07207324,0.030280873,-0.025433363,-0.06758698,-0.069126986
-0.0139971245,0.039154887,0.08570483,0.07960531,0.015662882,-0.0640936,-0.11747928,-0.114529006,-0.070131235,-0.02671594,-0.027018521,-0.07719633,-0.14556254,-0.18148719,-0.15479511,-0.08156313,-0.008518109,0.01441791,-0.012345779,-0.057653625,-0.07592938,-0.038144037,0.04080639,0.11488509
0.013296756,0.051216047,0.08543505,0.085206054,0.0394107,-0.0213928,-0.06973597,-0.07330778,-0.0476482,-0.015430159,-0.016221212,-0.052148703,-0.10811013,-0.13571912,-0.11546509,-0.06423358,-0.008074915,0.020844007,0.01046482,-0.021232445,-0.031899482,-0.0011680358,0.06823493,0.13077086
0.20277593,0.24131237,0.19773915,0.115732335,0.07233202,0.091027066,0.17684942,0.25545284,0.27353996,0.21094997,0.10780605,0.037853833,0.041382812,0.1114519,0.18123478,0.19474779,0.114267595,0.006487253,-0.053145703,-0.029404735,0.05439158,0.14020842,0.16430096,0.12042968
0.05118612,0.00332715,0.011680131,0.067402385,0.1253722,0.12329183,0.059214566,-0.025494615,-0.09270705,-0.08782608,-0.038403235,0.025649885,0.032319024,-0.014901794,-0.08276456,-0.12436025,-0.09956229,-0.010485993,0.08583666,0.12009099,0.099721745,0.052756872,0.031436983,0.06824487
0.033273015,0.09148405,0.15087762,0.17710912,0.15516295,0.11395307,0.08728093,0.09576934,0.13483004,0.17500678,0.1808088,0.14087456,0.08223338,0.038671024,0.035481755,0.066166274,0.10120765,0.101435155,0.065851405,0.014157891,-0.022437135,-0.016667353,0.025408199,0.07567241
0.00871553,-0.04294875,-0.026328536,0.047201302,0.12261098,0.13393922,0.07198092,-0.016647689,-0.082639635,-0.07070549,-0.0072003133,0.0680581,0.07930034,0.023730231,-0.060370333,-0.11602658,-0.09822268,-0.012929769,0.0814942,0.10791857,0.06708861,-0.0027321484,-0.04363652,-0.017436247
0.020930568,-0.026285851,-0.013459022,0.04653058,0.10822008,0.11137983,0.055461492,-0.026031896,-0.0875284,-0.07819368,-0.023162726,0.04209954,0.05340886,0.004399463,-0.06932346,-0.114290915,-0.09182606,-0.01147476,0.0777231,0.10803113,0.07864586,0.021646941,-0.012367437,0.017884651
0.02713088,0.0733474,0.078564286,0.030747632,-0.046413388,-0.103705406,-0.11031028,-0.076960236,-0.035884183,-0.03137218,-0.07088832,-0.13403559,-0.17628106,-0.16383058,-0.104422085,-0.037607875,-0.00635,-0.024046423,-0.062129725,-0.08155371,-0.05591491,0.010473316,0.080411114,0.11562159
0.024335533,0.09358964,0.16535719,0.19548972,0.16762666,0.11899843,0.08290542,0.09674739,0.14837077,0.20192753,0.21079624,0.16477385,0.09140986,0.039497834,0.04042503,0.08173981,0.12928814,0.13421872,0.08329173,0.013169283,-0.031804033,-0.024368033,0.034070496,0.09383511
-0.019546648,-0.0012472082,0.06612919,0.13394263,0.14688899,0.096853994,0.011486625,-0.04191105,-0.03980315,0.021193061,0.07926084,0.09280345,0.0381796,-0.041567747,-0.08765745,-0.07236316,-0.00043073643,0.07724239,0.1076674,0.06885936,0.004970698,-0.029668944,0.0018650191,0.0803526
0.16507128,0.19703475,0.16737199,0.11079711,0.07947731,0.09503152,0.16080484,0.2180264,0.2282134,0.17517075,0.09328532,0.035803247,0.035454605,0.08337418,0.12590374,0.124712065,0.05907916,-0.02714141,-0.07528981,-0.058082394,0.000199288,0.059896003,0.07478505,0.04259443
0.137599,0.11768601,0.07365045,0.044544064,0.058789592,0.09238441,0.13245896,0.13870615,0.10219869,0.044390555,-0.0013683087,-0.0006550332,0.027273351,0.06250322,0.06535613,0.028652318,-0.03442664,-0.06946623,-0.05283344,-0.0036178378,0.046044394,0.065659724,0.043677725,0.007235804
0.085377656,0.038156766,-0.04061158,-0.09952103,-0.092162885,-0.04770383,0.0053215483,0.01408419,-0.032062557,-0.1063756,-0.1556701,-0.14080808,-0.07920587,-0.010708366,0.014306314,-0.0143445255,-0.079413004,-0.114948906,-0.08374169,-0.009881387,0.066138424,0.09876889,0.06525679,0.005361277
