0.022570359,0.035779297,0.072035514,0.10309305,0.10089007,0.061793838,0.0036414636,-0.03876064,-0.04272499,-0.020838128,-0.00023059323,-0.0069061983,-0.049095597,-0.10250989,-0.13507406,-0.12824754,-0.08780619,-0.04669716,-0.032755356,-0.0534147,-0.08438982,-0.09462866,-0.06648657,-0.0122147035
-0.18122065,-0.16852888,-0.106217645,-0.041031953,-0.020269254,-0.05427117,-0.113590434,-0.13926145,-0.10975325,-0.02846246,0.051005635,0.08367988,0.05646147,-0.0006003543,-0.030233843,-0.006850755,0.05933611,0.12481069,0.13663456,0.08706378,0.00828527,-0.048668552,-0.047504447,-0.0010814986
0.02440971,-0.024737198,-0.016207993,0.04278194,0.10463505,0.122331,0.072516225,-0.015646752,-0.07626979,-0.07988566,-0.03155595,0.02780796,0.040131256,-0.0073667937,-0.08944137,-0.14658026,-0.13681519,-0.07341153,-0.0015433085,0.028508216,-0.002630059,-0.066689916,-0.10711672,-0.086315505
0.15078372,0.07112318,0.02713946,0.05454347,0.13053149,0.19968341,0.20249622,0.119827345,0.01970075,-0.050239477,-0.047586385,0.014966856,0.070277035,0.06662332,-0.014387325,-0.115311325,-0.17033346,-0.14934401,-0.068085946,0.013430091,0.03417764,-0.013949159,-0.08643021,-0.116415836
0.042061016,0.10694385,0.11505943,0.053986803,-0.038126685,-0.10244456,-0.098151125,-0.039224543,0.017347006,0.021114208,-0.037708133,-0.12653014,-0.18158294,-0.16513145,-0.09174446,-0.016000768,0.006186409,-0.034036875,-0.100292,-0.1375725,-0.10616465,-0.019236842,0.06730531,0.098269105
-0.0047118864,0.0065096817,0.056572866,0.1043766,0.11002989,0.064650804,-0.009498518,-0.065209456,-0.069755286,-0.035439864,0.0027453431,0.0055926144,-0.04118985,-0.10911432,-0.15529647,-0.14938907,-0.09750013,-0.038737893,-0.014430107,-0.039433684,-0.08653846,-0.11296068,-0.08722756,-0.020029446
-0.047795594,0.015191357,0.041193385,0.020397525,-0.020540036,-0.04143886,-0.008039313,0.07229039,0.14242539,0.1731773,0.15479776,0.10435735,0.07315735,0.08509274,0.14021273,0.19026704,0.19347371,0.14603023,0.07220423,0.012377166,0.0024106845,0.036232635,0.07135011,0.06848522
-0.027837317,0.078582585,0.18019277,0.21480665,0.16467768,0.08039698,0.031155093,0.05924453,0.14305605,0.22418419,0.23567592,0.1630929,0.052857693,-0.020220317,-0.010955322,0.05964207,0.1242624,0.12800926,0.0516199,-0.055890795,-0.12577055,-0.1110511,-0.025599215,0.059529014
0.20316367,0.23227654,0.18595415,0.108412094,0.06298457,0.08969546,0.17362316,0.24299781,0.24878721,0.17522201,0.07324061,0.00206518,0.006305835,0.0675385,0.12252493,0.12004403,0.04561278,-0.055150054,-0.11399073,-0.096763924,-0.021200538,0.057664327,0.079291955,0.032711133
0.054548733,0.021407777,-0.036063056,-0.07294105,-0.05171281,0.018925974,0.09268175,0.12207853,0.0975355,0.04350237,0.008939483,0.023810383,0.08580862,0.14840898,0.16718154,0.1272874,0.057763472,0.003729186,0.0025669998,0.048891895,0.09925839,0.105419554,0.05557478,-0.020333486
0.007844408,0.017623872,0.05722225,0.100046754,0.1109729,0.081040524,0.023494514,-0.023807326,-0.031219859,-0.0037978115,0.028658876,0.034060437,-0.003056787,-0.0629281,-0.107010834,-0.10884851,-0.0699688,-0.02113405,-0.00026030777,-0.021969141,-0.06709312,-0.09386189,-0.07626542,-0.02380902
-0.08032684,-0.050358687,0.025537357,0.096173726,0.11089515,0.06477577,-0.006830275,-0.044128127,-0.021781387,0.047715135,0.1103658,0.11928586,0.06323985,-0.01649128,-0.06235247,-0.046447393,0.01719988,0.0765202,0.08100587,0.023923745,-0.055048667,-0.101078376,-0.080749296,-0.013137585
-0.14403236,-0.18295717,-0.15981278,-0.088034496,-0.0150025785,0.010658846,-0.021315271,-0.06975848,-0.089881435,-0.047871742,0.034433585,0.11474261,0.14347756,0.10798386,0.04947409,0.014935215,0.03467147,0.09545513,0.14667611,0.14715402,0.08594538,-0.0006938202,-0.059832584,-0.062323328
0.011112619,0.0594104,0.06438732,0.014116539,-0.062317174,-0.11745567,-0.11602324,-0.06701688,-0.01906915,-0.012932093,-0.056872465,-0.12553975,-0.16691014,-0.14919864,-0.08520964,-0.019614624,0.0035820226,-0.026063086,-0.078453176,-0.10805177,-0.0793025,-0.008043028,0.06033708,0.08405823
-0.132077,-0.11834801,-0.068933874,-0.016538788,0.00074440433,-0.019731725,-0.054882873,-0.06457711,-0.03783517,0.023185397,0.0814681,0.103568025,0.082361095,0.041845664,0.019896055,0.034115728,0.0782076,0.11935202,0.11956398,0.076044165,0.016183665,-0.027836116,-0.031702533,-0.0015234769
-0.035603944,0.009630868,0.11010384,0.20647286,0.24168241,0.2064191,0.13704823,0.09679642,0.12068893,0.19381283,0.26142648,0.2672767,0.19754004,0.09405385,0.023840455,0.020852486,0.07178919,0.12231764,0.11663421,0.042216834,-0.05872663,-0.1234279,-0.11093537,-0.039462216
0.086003825,0.036791045,-0.03725301,-0.076017335,-0.04306351,0.04178452,0.12779559,0.15329678,0.10929833,0.032982107,-0.010369435,0.014855991,0.09473096,0.16844314,0.17853276,0.12017982,0.02861683,-0.030635413,-0.016973818,0.051534742,0.113441266,0.11811684,0.052534003,-0.038315233
-0.13432966,-0.06664489,0.0013859122,0.024028111,-0.010958121,-0.072047755,-0.10581825,-0.072034515,0.0031650362,0.08262889,0.111825384,0.07866615,0.01794351,-0.0198829,0.0051608393,0.0728257,0.1324044,0.14670908,0.09588263,0.015391211,-0.041732244,-0.03937094,0.0125023825,0.062205948
-0.027180683,-0.06850263,-0.12895982,-0.16711226,-0.15570423,-0.106717356,-0.050473023,-0.024388894,-0.04365375,-0.08057201,-0.09855718,-0.07140044,-0.0062007164,0.058315568,0.0861465,0.067785226,0.023443535,-0.0050769695,0.008338708,0.05628151,0.1000604,0.10716673,0.06518832,9.1786365e-05
-0.060517147,0.011279818,0.032850333,-0.006125046,-0.06921231,-0.103912935,-0.06889884,0.023000523,0.103792265,0.13517725,0.10194309,0.036705766,0.0020489134,0.028192751,0.105217464,0.17583902,0.18265587,0.12712426,0.042383593,-0.01448884,-0.010978749,0.042873472,0.09472052,0.09301549
0.0793277,0.04415859,-0.015117985,-0.04604819,-0.013638393,0.066127874,0.14604098,0.17314209,0.14125589,0.07759362,0.037676495,0.056028735,0.12436465,0.18732588,0.19735922,0.14509954,0.05960413,0.0004863116,0.0024760668,0.054642662,0.10469414,0.106875665,0.04828472,-0.035177916
-0.036999274,-0.0894094,-0.12002519,-0.10930906,-0.062991954,-0.015328709,-0.0011594457,-0.025937516,-0.06380957,-0.08128754,-0.058675885,-0.0036916337,0.05170152,0.06899601,0.04526982,0.004010353,-0.019704774,-0.0036828814,0.041407082,0.082883775,0.08602526,0.047084168,-0.008633395,-0.04576911
0.058457315,0.014880249,-0.047242243,-0.09657796,-0.101154946,-0.07300207,-0.043944776,-0.04629776,-0.08332617,-0.14175102,-0.17812793,-0.17041205,-0.12180434,-0.070510164,-0.05068429,-0.069176346,-0.1065247,-0.12442627,-0.09614178,-0.035446286,0.025435632,0.05206882,0.034643795,-0.0041424083
0.0912555,0.03519061,-0.0062840213,-0.010430631,0.017988948,0.04816493,0.04608831,-0.004033101,-0.06732789,-0.11875519,-0.12749884,-0.0959387,-0.05924017,-0.04898532,-0.082150914,-0.13088833,-0.15706418,-0.14302684,-0.088754915,-0.028073102,0.0046928544,-0.0045151557,-0.036925226,-0.053424757
0.15354487,0.1792002,0.1480715,0.088231556,0.047619473,0.058136236,0.114328116,0.16585971,0.17323005,0.12100194,0.043700375,-0.015023181,-0.020314898,0.022817686,0.06692894,0.07147978,0.022843666,-0.052319247,-0.09947989,-0.08967224,-0.030734241,0.034339316,0.058590792,0.030780988
0.10974072,0.0566037,0.025752611,0.039422598,0.083883256,0.12533362,0.12713137,0.07260978,0.0063038906,-0.04441327,-0.048610426,-0.012466725,0.02330114,0.02356977,-0.02652347,-0.09043197,-0.12661733,-0.11503414,-0.06260119,-0.0068674576,0.0137515655,-0.010873299,-0.05487258,-0.07357448
0.105608866,0.06100775,0.027729632,0.029454418,0.06136295,0.09158553,0.08805472,0.038756818,-0.021313578,-0.06990778,-0.082064226,-0.05549562,-0.025511518,-0.022204522,-0.059284374,-0.10917119,-0.14061278,-0.130837,-0.08317248,-0.028311247,-0.003540603,-0.014521851,-0.043415546,-0.058343578
0.01479437,-0.06018275,-0.114202105,-0.11539996,-0.071989834,-0.02731243,-0.025037568,-0.075044654,-0.14017977,-0.18263109,-0.17263691,-0.113560274,-0.051189326,-0.028183665,-0.057622727,-0.108865716,-0.13353759,-0.10748314,-0.039756514,0.029144004,0.057625864,0.032531288,-0.021280859,-0.055579342
-0.026634842,0.009663777,0.08209067,0.14801368,0.17121518,0.14805871,0.10308335,0.078822486,0.09957182,0.15226083,0.19585463,0.19677965,0.14694737,0.07843394,0.033223353,0.03309652,0.06503706,0.09346365,0.08268261,0.030710362,-0.03773688,-0.08184971,-0.072510935,-0.025176678
0.13881882,0.16751385,0.13336168,0.06763884,0.025593555,0.042100474,0.112747975,0.17945668,0.19554013,0.14242825,0.06005874,-0.00084884913,0.0015355325,0.05629133,0.1115033,0.11941701,0.061245915,-0.025254717,-0.08117104,-0.07327187,-0.011034748,0.0574154,0.07796762,0.03881104
0.018647464,0.06367306,0.060798757,0.0021711616,-0.07771017,-0.13070135,-0.12725896,-0.07927233,-0.03552621,-0.03548391,-0.0863313,-0.1561019,-0.19355024,-0.16784903,-0.09916127,-0.033475913,-0.013810532,-0.04703815,-0.09814743,-0.11831619,-0.07965531,-0.0031228606,0.065959655,0.085553885
-0.086780906,-0.1427233,-0.14692268,-0.11280531,-0.07380977,-0.07433876,-0.12720637,-0.19831075,-0.23967384,-0.22831453,-0.1745195,-0.11174254,-0.084028505,-0.1062173,-0.14993006,-0.17053281,-0.14046441,-0.06872144,0.004944592,0.038835626,0.019138485,-0.0290568,-0.05907118,-0.04400235
-0.13641392,-0.12304216,-0.06835643,-0.022749757,-0.0272702,-0.08877683,-0.17129265,-0.21152416,-0.19077536,-0.120758995,-0.055667322,-0.041029178,-0.08387822,-0.1481783,-0.17208739,-0.1339761,-0.05059331,0.027080176,0.049741622,0.007843373,-0.057295766,-0.08834363,-0.056462053,0.013641358
-0.1610903,-0.13354634,-0.042326022,0.047128864,0.07324893,0.024945345,-0.058653522,-0.101302154,-0.0692812,0.027042134,0.119032,0.14623442,0.09216298,0.002168229,-0.049714975,-0.028085016,0.05297867,0.13137345,0.1416541,0.0734946,-0.02889309,-0.098346226,-0.08670378,-0.013692063
0.020878682,-0.017536072,-0.0034725065,0.052519176,0.108613886,0.12363396,0.07987434,0.004746035,-0.044456147,-0.04352034,0.001754173,0.05207371,0.05908698,0.011891656,-0.062099643,-0.11184342,-0.10209531,-0.047787823,0.011421531,0.03070048,-0.0028185511,-0.061796144,-0.09669575,-0.07685748
-0.056378555,-0.0007389393,0.0027652304,-0.054437105,-0.13637505,-0.18565536,-0.16714576,-0.091377236,-0.024009222,-0.0014140613,-0.03697705,-0.10288001,-0.13695753,-0.10655952,-0.023905573,0.05542782,0.081793174,0.046682224,-0.018213691,-0.059246976,-0.03963036,0.028034875,0.09344742,0.10589386
-0.011852969,-0.030439623,-0.009300237,0.045502868,0.09975134,0.12569852,0.11206865,0.07793854,0.056674615,0.06832346,0.11051658,0.15178935,0.15981887,0.12637241,0.07153588,0.028996913,0.025470532,0.052965008,0.08024333,0.07643868,0.037395813,-0.019983113,-0.061133128,-0.0594399
0.054608516,0.024965711,0.04999641,0.112628035,0.16668764,0.17401037,0.12436609,0.044872895,-0.003968853,-0.0042138337,0.036947,0.07749697,0.070765644,0.011703745,-0.07034266,-0.12148621,-0.11101051,-0.05839082,-0.0037967137,0.008726186,-0.028504197,-0.08515601,-0.11226122,-0.08130319
0.043870617,0.021361174,0.036920235,0.08036025,0.11586501,0.11863561,0.08082721,0.022323424,-0.014873146,-0.016485173,0.011994157,0.039882332,0.03363107,-0.008691837,-0.067579314,-0.10363832,-0.092851475,-0.052469697,-0.011832083,-0.0019037501,-0.026354758,-0.06446585,-0.08175465,-0.057243947
0.18474853,0.2122581,0.16239445,0.07705219,0.025579099,0.04998387,0.1359553,0.21104066,0.22257546,0.15002824,0.04491464,-0.028186157,-0.02104721,0.05101469,0.118467696,0.12340955,0.050643127,-0.05594516,-0.120499395,-0.101399794,-0.014498095,0.07200219,0.09445311,0.04298039
-0.11876185,-0.113858745,-0.070191026,-0.02968876,-0.027580662,-0.07345985,-0.14131615,-0.17887773,-0.16534588,-0.10844394,-0.05209613,-0.03367527,-0.063610435,-0.11398472,-0.13633761,-0.10951843,-0.04304823,0.021471735,0.04343216,0.013999991,-0.037159532,-0.06742167,-0.048381865,0.005156807
-0.01631012,0.054037485,0.11673642,0.121424496,0.061867338,-0.026849221,-0.086135335,-0.077194944,-0.021312641,0.031655785,0.032109138,-0.030156646,-0.11706348,-0.16848876,-0.14795084,-0.07722251,-0.008916078,0.0069856844,-0.036881495,-0.105388515,-0.13709088,-0.100938745,-0.015004982,0.06252592
0.11115679,0.0799649,0.029935995,-0.0029482082,0.0062553184,0.046108056,0.08559225,0.08783683,0.05020575,-0.011878942,-0.052871197,-0.05042601,-0.012446301,0.028050758,0.03207244,-0.0042629293,-0.05794847,-0.092053086,-0.07805765,-0.02852475,0.024324954,0.04367839,0.018398026,-0.0238004
-0.13981219,-0.069907315,0.002757578,0.030874515,0.0034336904,-0.051834155,-0.08040367,-0.04032365,0.037221845,0.119689465,0.15408558,0.124055244,0.06396617,0.02378919,0.04579152,0.10908827,0.16473378,0.17396145,0.12016849,0.03474495,-0.028427932,-0.032912213,0.012304721,0.056913897
-0.008961401,-0.06716861,-0.11572943,-0.13443176,-0.11959193,-0.10015915,-0.10550413,-0.1414415,-0.18763873,-0.21896093,-0.2156343,-0.17681119,-0.130882,-0.10527397,-0.11145542,-0.13280931,-0.13963199,-0.11577831,-0.06137032,-0.0028607422,0.02939922,0.024955217,-0.001222277,-0.021179184
0.18640074,0.17330562,0.13425727,0.10476082,0.107813925,0.14394861,0.18470049,0.18522114,0.14703514,0.07834405,0.022619275,0.0045079137,0.021715883,0.04702335,0.0408207,-0.00031470414,-0.059446264,-0.1033464,-0.10226675,-0.062513545,-0.014491187,0.01145409,5.1799336e-05,-0.029647136
0.09665573,0.054137662,0.023676662,0.030461665,0.06751284,0.10641319,0.11453722,0.07633779,0.021591328,-0.023620566,-0.03077353,-0.0018017378,0.029988805,0.0345045,-0.003445933,-0.057851784,-0.09337464,-0.08962527,-0.048792347,-0.0021312705,0.017072164,-0.0006171337,-0.038186472,-0.05946497
0.0995135,0.028666321,-0.01738975,-0.011182546,0.040047962,0.08982421,0.09126495,0.027890446,-0.05199274,-0.112575315,-0.11532872,-0.0656372,-0.012303578,-0.0020115415,-0.0523342,-0.122777216,-0.16497219,-0.14754318,-0.07656998,-0.0005098928,0.029162273,0.001230536,-0.052428313,-0.08024649
-0.031744637,-0.11893517,-0.17825514,-0.16870192,-0.09935201,-0.024174478,-0.0019143326,-0.0438334,-0.111960076,-0.14958954,-0.123487025,-0.038855027,0.04810797,0.08193042,0.046634648,-0.021746041,-0.061675247,-0.040409733,0.031516317,0.106091104,0.12559472,0.07437891,-0.01189734,-0.07304169
-0.023363741,0.039306656,0.10184452,0.1253166,0.0972646,0.04598594,0.012568057,0.028400958,0.07909381,0.12973043,0.14082904,0.099183775,0.032895677,-0.0133350985,-0.0090268385,0.032734822,0.07458864,0.080582775,0.036698505,-0.030585492,-0.07437933,-0.06786395,-0.018006511,0.034278125
0.12235933,0.061464306,0.023706505,0.038762193,0.09978264,0.16294678,0.18129197,0.13102563,0.055754416,-0.0057083596,-0.011203799,0.034970116,0.08556514,0.09411731,0.038096778,-0.04332824,-0.10074839,-0.1017104,-0.045692388,0.021035748,0.04490304,0.010280465,-0.052947983,-0.09066413
-0.03756575,-0.06974716,-0.11269324,-0.13589089,-0.123049036,-0.08262925,-0.040885787,-0.023192951,-0.0372602,-0.05985867,-0.067453794,-0.041655958,0.0104004955,0.058249116,0.07603367,0.060678087,0.028511433,0.011342347,0.023169884,0.058958553,0.08610533,0.0831085,0.04661426,-0.0034432528
0.0789961,0.004401674,-0.03993113,-0.024489975,0.037225943,0.09486107,0.10227937,0.04170179,-0.036925495,-0.092478454,-0.08593276,-0.026236547,0.03353952,0.043202206,-0.011742434,-0.08759648,-0.13176806,-0.113467306,-0.042225167,0.029932804,0.051890112,0.0136506995,-0.051705755,-0.08655357
0.080010146,0.033457927,-0.0366,-0.070687495,-0.03330037,0.0566224,0.14270253,0.1674028,0.12820701,0.05761171,0.018018816,0.044208102,0.12365542,0.19413105,0.2036926,0.14386836,0.053506255,-0.0053274124,0.0028583137,0.06349212,0.12036645,0.12041332,0.052137394,-0.0400076
0.057015453,0.07740891,0.043335844,-0.013051201,-0.04468409,-0.020182746,0.052516334,0.12422007,0.14628829,0.11229131,0.0552957,0.016134307,0.03172057,0.08855378,0.14378685,0.15386957,0.10588365,0.03449067,-0.013611323,-0.010813537,0.03382782,0.081569016,0.08713012,0.04145585
-0.1464635,-0.18841323,-0.17810026,-0.12137168,-0.060928483,-0.0377562,-0.06261747,-0.103475146,-0.124198094,-0.08950511,-0.017958205,0.057977784,0.0918342,0.07222642,0.026590038,-0.0011288315,0.016344242,0.07223175,0.12265753,0.13320431,0.08669525,0.012611969,-0.042323492,-0.049303174
-0.035749782,0.025281833,0.04752773,0.023280017,-0.024224099,-0.049301937,-0.020264113,0.05385984,0.11937369,0.1474915,0.12529285,0.07214381,0.037414324,0.050141256,0.10493851,0.15629372,0.16437118,0.12044743,0.04851777,-0.0064180507,-0.01061665,0.027856536,0.06800967,0.070459075
0.020371454,0.07996846,0.08584911,0.026017714,-0.061501626,-0.12385576,-0.12140907,-0.06289557,-0.00636911,0.0014737963,-0.05047049,-0.13164735,-0.18230732,-0.164002,-0.08906368,-0.013272812,0.0124897305,-0.025251895,-0.08904702,-0.12583673,-0.09410577,-0.010242096,0.071029425,0.09762366
-0.02852186,-0.026329866,0.020656232,0.06845651,0.06860859,0.012411222,-0.0777323,-0.1474196,-0.15689829,-0.11507781,-0.0661586,-0.0562068,-0.10549565,-0.17868103,-0.22684167,-0.21406567,-0.14151974,-0.06316186,-0.026961325,-0.04891778,-0.09777718,-0.12517713,-0.09385371,-0.014889776
-0.06492397,-0.014496556,0.0036196474,-0.016388912,-0.05281966,-0.06878967,-0.042199347,0.024825903,0.08513254,0.11633329,0.10451033,0.066033185,0.04425822,0.05894058,0.10995714,0.15603064,0.16434877,0.129591,0.06865791,0.020145532,0.011779907,0.037985194,0.066449784,0.06181101
0.045632776,-0.009027027,-0.006415071,0.04748205,0.10418788,0.11800053,0.0660623,-0.029073276,-0.097287655,-0.110266365,-0.06815656,-0.011419535,0.0022609518,-0.04463434,-0.1285592,-0.18645774,-0.17677419,-0.10957573,-0.030302402,0.0076181386,-0.017188996,-0.075319104,-0.111672424,-0.0868419
-0.018335309,0.0546426,0.12457216,0.13753723,0.08282728,-0.0027618662,-0.06193137,-0.053631194,0.0034857246,0.060158715,0.06559168,0.0050828066,-0.08451586,-0.14037322,-0.12650114,-0.06030425,0.0065980153,0.02368191,-0.021046108,-0.093326025,-0.13209309,-0.1047409,-0.022862628,0.05730816
-0.0067377766,0.09114164,0.18955258,0.22957529,0.19478656,0.12142252,0.073593035,0.09601779,0.16919547,0.24133444,0.2560135,0.1919453,0.08886115,0.011482773,0.009852316,0.065120384,0.12019336,0.123392604,0.05633534,-0.04692924,-0.11761159,-0.11014424,-0.036439177,0.041619983
-0.1266247,-0.08258065,-0.04053892,-0.03959894,-0.08795457,-0.1577808,-0.20178203,-0.18266462,-0.12654985,-0.06440888,-0.0415115,-0.07038392,-0.1200146,-0.14581026,-0.11370153,-0.042155385,0.02730788,0.056040034,0.029262435,-0.025982164,-0.0592015,-0.041088928,0.016924664,0.06952057
-0.056262918,-0.12512872,-0.16765346,-0.15423371,-0.09117651,-0.024398677,0.0028223314,-0.019693708,-0.066508025,-0.0914792,-0.06369536,0.0097617395,0.087334424,0.117780805,0.09090891,0.035305373,-0.0032848115,0.010065591,0.065298215,0.11981367,0.12751393,0.077364154,-0.0017190264,-0.05898169
-0.020073557,-0.019226126,-0.060148787,-0.11277367,-0.14182173,-0.12458241,-0.06900431,-0.011340387,0.006796368,-0.012508546,-0.046921846,-0.06329356,-0.036275264,0.022559006,0.07888346,0.09739187,0.072772846,0.028507417,1.7377332e-06,0.010129449,0.05119767,0.089455344,0.08901005,0.046183445
0.063149564,0.08290766,0.034523044,-0.041222848,-0.08233879,-0.05264645,0.037287734,0.124809995,0.1506592,0.105119765,0.029391166,-0.018064251,0.007921975,0.087887235,0.16357149,0.17914243,0.11838801,0.026191847,-0.03345979,-0.021681642,0.04563528,0.111117356,0.11659555,0.052914705
-0.17861567,-0.106429935,-0.031070134,-0.0056577744,-0.047057714,-0.11734121,-0.15659699,-0.117543295,-0.03126291,0.06468483,0.105630964,0.07356693,0.0069148345,-0.033980094,-0.0036379583,0.07645632,0.15221567,0.17443962,0.11982477,0.028542103,-0.037774507,-0.03849671,0.018257875,0.07527859
-0.049638264,-0.09440611,-0.10331691,-0.07810931,-0.04709623,-0.04093261,-0.074053966,-0.12609409,-0.16244124,-0.15873723,-0.11927312,-0.07042171,-0.04779827,-0.06380903,-0.10054842,-0.12280143,-0.10334564,-0.05023078,0.006534561,0.03337829,0.01856937,-0.019033846,-0.045460496,-0.036944
0.0485345,0.0011467832,-0.02397183,0.006467527,0.07691856,0.14549364,0.17334142,0.14459282,0.09233797,0.057361305,0.06978386,0.1248298,0.17769851,0.18414882,0.13332047,0.059650414,0.005205794,0.005038471,0.04623232,0.08816013,0.08528246,0.03532905,-0.036413293,-0.08222456
0.084901005,0.0052882507,-0.043836158,-0.027548023,0.037789255,0.097967915,0.10193484,0.034829948,-0.051542338,-0.11031782,-0.10341851,-0.038934734,0.023671879,0.033506334,-0.025804289,-0.10657967,-0.15149206,-0.1291321,-0.05126079,0.02762982,0.05137286,0.011042784,-0.057198185,-0.09328003
0.04084327,0.015063827,-0.023610372,-0.03439201,-0.00021418656,0.06477435,0.12804073,0.15307173,0.13146749,0.091686666,0.07334562,0.09564394,0.14663628,0.18944111,0.18970735,0.14486407,0.08105914,0.038333535,0.03866136,0.07019431,0.09644654,0.08615941,0.03249139,-0.032433033
0.10164377,0.1121145,0.06391508,-0.009329681,-0.058016013,-0.050887477,0.00338009,0.054990254,0.062094428,0.011876152,-0.06108213,-0.10985316,-0.0999641,-0.0408662,0.018639848,0.034664106,-0.0031275249,-0.06698973,-0.103990026,-0.08388275,-0.0143651655,0.056813303,0.080074884,0.046654794
-0.032278523,-0.079066075,-0.0559683,0.025170784,0.1087883,0.13908762,0.095991924,0.018075153,-0.030785026,-0.01516292,0.056796417,0.13270183,0.15176395,0.09700334,0.007365677,-0.055781167,-0.047234617,0.017943133,0.08549118,0.097805895,0.04217273,-0.046739455,-0.10693737,-0.09610504
0.17439526,0.1474887,0.09605125,0.06297366,0.08098729,0.13917238,0.1934682,0.19574365,0.15184571,0.07555529,0.020637548,0.016185567,0.054954764,0.09492392,0.091753975,0.038495634,-0.036173757,-0.0887286,-0.08383925,-0.032350507,0.02505819,0.04405384,0.012404198,-0.04006297
-0.0046322932,-0.05923061,-0.09458502,-0.09483763,-0.06731838,-0.0456156,-0.05381876,-0.09425572,-0.14059517,-0.16602707,-0.1534842,-0.110034965,-0.06871848,-0.05737568,-0.0789559,-0.108774185,-0.11662646,-0.0893174,-0.03481524,0.014451682,0.03105058,0.013261223,-0.019360837,-0.035875916
0.034178633,-0.01586182,-0.0049327384,0.053573184,0.10761429,0.11341561,0.052301053,-0.044642318,-0.10699592,-0.11125151,-0.06287769,-0.008471366,-0.003205508,-0.05801433,-0.14245018,-0.194796,-0.17452662,-0.10107863,-0.024068806,0.004332633,-0.026647124,-0.08586013,-0.11663907,-0.082597725
-0.15734251,-0.0981743,-0.035176016,-0.020183465,-0.062191796,-0.13111964,-0.17322518,-0.14358345,-0.068341434,0.01390822,0.04769537,0.017139612,-0.04243908,-0.07625269,-0.043157015,0.032947507,0.10589176,0.12659791,0.08051806,0.003579004,-0.044453282,-0.036243945,0.019183325,0.07190298
-0.12795101,-0.07114719,-0.014681973,-0.008425194,-0.060682543,-0.13699909,-0.18421459,-0.1610382,-0.093623854,-0.021669535,0.0024032032,-0.0354027,-0.09853474,-0.13125427,-0.0978739,-0.02030708,0.054352455,0.07810231,0.03798552,-0.030301081,-0.06874494,-0.05034925,0.0144337965,0.07466522
0.064469725,0.016127603,-0.055417206,-0.11051994,-0.118150674,-0.0841331,-0.04463204,-0.04321717,-0.08407644,-0.14868721,-0.19179854,-0.18335786,-0.12935928,-0.066095896,-0.042413104,-0.063511886,-0.10631957,-0.13149582,-0.105948225,-0.036519922,0.0353826,0.06598059,0.043967843,-0.0027881628
-0.10249202,-0.14123112,-0.1171219,-0.04099408,0.031943828,0.05533163,0.020300344,-0.03615619,-0.0656498,-0.03261858,0.04372838,0.11998378,0.14181948,0.10022433,0.030416513,-0.012349803,0.003727515,0.06570292,0.120739534,0.12517916,0.06565106,-0.01978809,-0.076660216,-0.071606636
-0.10347232,-0.052003786,0.00077547843,0.022372134,0.0021718957,-0.036434922,-0.054638848,-0.024048122,0.033803567,0.09579101,0.121433854,0.099706575,0.055658337,0.026721766,0.04303477,0.08907939,0.130886,0.13675125,0.09425517,0.02953606,-0.017282281,-0.021016622,0.010847024,0.042058636
0.16926351,0.19944786,0.16988523,0.1082343,0.064760186,0.072946295,0.1309854,0.18685511,0.19797546,0.1419826,0.057256475,-0.009125558,-0.01754402,0.026991311,0.07501929,0.08079298,0.02832479,-0.05427106,-0.10877661,-0.10283922,-0.038372565,0.034299094,0.061632644,0.032837197
0.024183445,-0.008055644,-0.026005197,-0.0062144827,0.04574174,0.09923003,0.1255426,0.11195193,0.07956186,0.056048173,0.06363786,0.103023395,0.14436673,0.15490885,0.12449583,0.073018305,0.02950327,0.021296252,0.044326283,0.07329731,0.07395227,0.038714856,-0.016111346,-0.056593362
-0.035919636,-0.11295837,-0.1636072,-0.15006055,-0.081811704,-0.009693181,0.01916998,-0.0098971,-0.0676854,-0.101150036,-0.075294055,0.0034954941,0.08571321,0.11673726,0.08341574,0.018848285,-0.024208037,-0.009635632,0.052910514,0.11567813,0.12745205,0.07688951,-0.0073739504,-0.06816221
-0.032986566,-0.090173885,-0.12665693,-0.11729247,-0.07064326,-0.023597496,-0.0073038894,-0.03223595,-0.07395392,-0.09674961,-0.07855749,-0.021620579,0.038048808,0.06099638,0.038558967,-0.0038874706,-0.0309783,-0.01748276,0.028961815,0.07641383,0.087035984,0.052983776,-0.005255203,-0.047361407
0.13787463,0.11273801,0.06828819,0.03937566,0.05739058,0.10877347,0.15687157,0.15847911,0.12029247,0.05473028,0.008389524,0.008328153,0.046844866,0.084118344,0.08189449,0.03666045,-0.03149693,-0.076853245,-0.068938375,-0.019376967,0.02904183,0.04247391,0.012784327,-0.035054635
0.010816463,-0.03966074,-0.12059329,-0.17527142,-0.16197433,-0.09358117,-0.01565374,0.016927656,-0.012378072,-0.07305215,-0.111036845,-0.08567557,-0.0021343566,0.083729096,0.11926298,0.089219,0.019880556,-0.02775403,-0.014917634,0.05160035,0.11767371,0.13391854,0.08162158,-0.0056791883
0.07889858,0.08255574,0.022497589,-0.071089275,-0.13575487,-0.13926995,-0.08763365,-0.03222874,-0.024728885,-0.08091642,-0.16120689,-0.21342129,-0.19643639,-0.12104432,-0.043692507,-0.013283023,-0.047456015,-0.11021632,-0.13992101,-0.10556177,-0.018784206,0.066882364,0.09886951,0.06532088
0.06772188,0.049788006,0.0061646653,-0.014009396,0.013659541,0.085728146,0.16694617,0.20515251,0.18811154,0.13923155,0.10290703,0.11329464,0.16643272,0.22133292,0.23102653,0.18622285,0.10721324,0.045486975,0.030957798,0.063701525,0.09992414,0.10011166,0.047908984,-0.027316993
0.027711116,-0.032915644,-0.075421706,-0.07741456,-0.041186213,-0.00061040785,0.0058744694,-0.034902733,-0.09052427,-0.13030729,-0.12632018,-0.08081682,-0.029231513,-0.008990273,-0.035452407,-0.081465624,-0.10871115,-0.09360088,-0.038852345,0.021882664,0.047712624,0.025575152,-0.020277802,-0.049896646
-0.053369917,0.0023719636,0.018617908,-0.011292576,-0.056903046,-0.07915474,-0.047868416,0.028447384,0.09323314,0.11921496,0.09623063,0.047886137,0.022611143,0.04426091,0.10544041,0.15840025,0.1621166,0.115756124,0.047446426,0.0003816137,0.0021571051,0.041779,0.0778932,0.07205059
-0.059892215,-0.023656717,0.061498627,0.1423517,0.17023614,0.13047062,0.057910647,0.019573482,0.042221654,0.11187383,0.17604111,0.18502328,0.124916606,0.035349198,-0.019396525,-0.013077144,0.041969854,0.09506221,0.09549087,0.03128472,-0.05512578,-0.10782047,-0.09230351,-0.027074972
-0.15442449,-0.16590776,-0.13664815,-0.10336134,-0.100395486,-0.14252111,-0.20876487,-0.24905135,-0.24072099,-0.18567745,-0.12493978,-0.09351127,-0.10691848,-0.14378221,-0.15923628,-0.1306599,-0.061903663,0.009402742,0.042663064,0.026460657,-0.015703062,-0.046285734,-0.03543585,0.009021872
-0.16350763,-0.1431831,-0.07405924,-0.0014929064,0.024762984,-0.004172068,-0.05883155,-0.0804199,-0.04909967,0.032422002,0.110010095,0.1395314,0.10743354,0.046305098,0.011076507,0.028046971,0.08698328,0.14472248,0.14868556,0.09313594,0.0096972175,-0.051216405,-0.053173337,-0.0086890785
-0.10604608,-0.053550422,-0.002360857,0.0145655675,-0.0092431465,-0.050074503,-0.06334183,-0.026377756,0.034528542,0.093334205,0.114007406,0.089241266,0.04777457,0.024459349,0.04651829,0.09631621,0.13344653,0.13430189,0.09006897,0.02704849,-0.015915412,-0.014325125,0.019115286,0.047718234
0.05727296,0.033847768,-0.00914189,-0.024716023,0.007981995,0.07714738,0.14374344,0.16906561,0.14773677,0.10483889,0.0791752,0.09711107,0.1485248,0.19381881,0.1979749,0.15255286,0.08555517,0.03749565,0.03178367,0.06284444,0.09370322,0.08891409,0.037262715,-0.031898674
-0.13601434,-0.08360636,-0.03122286,-0.02302446,-0.07129602,-0.14972769,-0.20250972,-0.18450317,-0.12251462,-0.049981236,-0.02195209,-0.0525408,-0.112357855,-0.14789224,-0.11808112,-0.041000985,0.036090717,0.068107,0.03714232,-0.02731391,-0.06999079,-0.053378962,0.010860107,0.07127658
-0.083895564,-0.05510126,-0.052678846,-0.0858042,-0.13354382,-0.16674985,-0.15790369,-0.10961959,-0.06338454,-0.039524313,-0.04918468,-0.079066485,-0.09367028,-0.07298104,-0.01824109,0.03721381,0.06067879,0.047066398,0.01259778,-0.01359843,-0.007346241,0.028839225,0.06527012,0.07162526
0.06681854,-0.0035631445,-0.045539908,-0.011512724,0.08466482,0.18537542,0.23102331,0.19401576,0.12151817,0.069135405,0.08215157,0.1583636,0.23841241,0.25616556,0.19327497,0.09163497,0.013521724,0.0060164533,0.05983413,0.1222594,0.12820609,0.06367933,-0.038802877,-0.111374274
-0.061022256,-0.009524408,-0.007860927,-0.065441154,-0.14562841,-0.19597086,-0.17861943,-0.10353919,-0.035972506,-0.014051817,-0.046850093,-0.109959535,-0.14210545,-0.11224666,-0.02862265,0.050782494,0.07878858,0.0457534,-0.016513454,-0.058982275,-0.038251415,0.03088663,0.095052555,0.107307784
-0.045268238,0.019770905,0.037702348,0.0032126661,-0.051126182,-0.07417386,-0.035333645,0.05218744,0.12610504,0.15383367,0.12507172,0.06613635,0.03424826,0.058097605,0.12685257,0.18483172,0.18917324,0.13468607,0.052763153,-0.004122335,-0.00094141363,0.045646217,0.0876382,0.08253111
0.07685499,0.04180807,-0.02262511,-0.054504737,-0.020289797,0.06797667,0.16192375,0.20145126,0.17210697,0.107065745,0.066474035,0.086503655,0.15918685,0.228793,0.2418604,0.18600947,0.09445515,0.027915262,0.023843857,0.07260916,0.123095535,0.12501474,0.05949074,-0.03325362
0.058965247,0.05707161,0.012452646,-0.05570903,-0.10547724,-0.113079585,-0.079514526,-0.044804916,-0.04388193,-0.086430594,-0.14308576,-0.17971274,-0.16796263,-0.115455784,-0.06265053,-0.039726663,-0.05990426,-0.099270016,-0.113825694,-0.084820114,-0.02153162,0.040926494,0.0663044,0.0474736
-0.11308897,-0.14215197,-0.13348126,-0.09092176,-0.047917146,-0.033840757,-0.053626526,-0.081197664,-0.0930815,-0.06436988,-0.009243604,0.045755923,0.06805298,0.050991323,0.01883719,0.0011527742,0.018488688,0.06190591,0.09723564,0.09876138,0.06165313,0.00858102,-0.029620443,-0.032527946
0.0072079496,-0.046368733,-0.028311893,0.041131526,0.108026005,0.1162461,0.044695154,-0.06253418,-0.12767814,-0.12328518,-0.06119065,0.005513884,0.014562661,-0.04839377,-0.1420672,-0.19788878,-0.17469144,-0.09073022,-0.003495664,0.02658078,-0.016640503,-0.09137759,-0.12894604,-0.093880884
0.14280866,0.11059647,0.05310724,0.014548132,0.026633112,0.07919972,0.13577947,0.14339672,0.102470785,0.027561892,-0.026905172,-0.027803777,0.017830186,0.06816957,0.07426141,0.029632134,-0.04206835,-0.0925828,-0.08514031,-0.02875673,0.034121197,0.05814359,0.026506824,-0.029030869
0.057427395,0.120091416,0.12753667,0.068512395,-0.01670608,-0.075628996,-0.0702713,-0.013826552,0.039765745,0.038485155,-0.022309287,-0.109723665,-0.16266528,-0.14654098,-0.076090194,-0.007401316,0.00797748,-0.036498573,-0.102784164,-0.13887186,-0.10410047,-0.017717112,0.06389707,0.090584755
-0.08726688,-0.12604222,-0.113699056,-0.056771014,0.00449583,0.027806684,0.0009685666,-0.04763891,-0.07471756,-0.050997976,0.009704708,0.07599321,0.10067889,0.073542655,0.020884337,-0.015016059,-0.0035357294,0.04444514,0.090838864,0.10122616,0.06144017,-0.0055482616,-0.055838935,-0.058760803
-0.011845833,-0.04341602,-0.00091952307,0.10164506,0.20316555,0.2470488,0.21303727,0.13802962,0.09464166,0.11704238,0.19145517,0.2669027,0.27901018,0.21165232,0.10616059,0.029312206,0.02248699,0.07549437,0.12889546,0.12827174,0.05373468,-0.05238455,-0.1223877,-0.11528948
-0.13752343,-0.1344439,-0.086991385,-0.039376445,-0.035710514,-0.08596923,-0.16298328,-0.20801029,-0.19596826,-0.13075505,-0.06453123,-0.039954666,-0.07255029,-0.12979165,-0.15819947,-0.12983929,-0.053152397,0.023581412,0.051639777,0.020769563,-0.0390988,-0.07669766,-0.057229564,0.0035396537
0.17998292,0.21823473,0.17765923,0.09841252,0.047727194,0.071227185,0.15951173,0.24150611,0.2611593,0.19525068,0.09105665,0.013931887,0.015643219,0.08321748,0.14982733,0.15697378,0.082368575,-0.027314393,-0.09994516,-0.09059347,-0.013544441,0.06963619,0.09397079,0.044231698
-0.092274785,-0.1360336,-0.11103522,-0.03238414,0.044401526,0.067615375,0.021521691,-0.04916015,-0.08510636,-0.052917644,0.027045406,0.10605795,0.12666188,0.07771082,0.0013274996,-0.045446344,-0.024242962,0.045944665,0.10839344,0.11523433,0.05551382,-0.0332429,-0.0897069,-0.079307534
-0.09301272,-0.11081304,-0.0910253,-0.048390023,-0.009807947,-0.0044716713,-0.031289455,-0.061328985,-0.0686655,-0.038912464,0.010373867,0.053976156,0.064606525,0.039411392,0.0068308427,-0.005911032,0.011154376,0.050246622,0.07992285,0.077145845,0.037961528,-0.010559439,-0.037329473,-0.030957842
-0.16709067,-0.09287363,-0.016037006,0.006718389,-0.037550636,-0.11188185,-0.1552361,-0.11768454,-0.029538538,0.0645574,0.10106115,0.06332304,-0.0073332353,-0.048951123,-0.015232953,0.06722147,0.14409927,0.16303007,0.10451221,0.011304692,-0.049029343,-0.04302105,0.018322572,0.07718232
0.07284448,0.0016083505,-0.09699011,-0.16635203,-0.16503888,-0.108800896,-0.049138702,-0.046181396,-0.10410245,-0.19149323,-0.24234788,-0.22005075,-0.1365656,-0.05087629,-0.024128506,-0.06010056,-0.12462664,-0.15643863,-0.115100875,-0.019573536,0.06998038,0.100492425,0.059208408,-0.011728975
-0.11747176,-0.06655252,-0.012235855,0.010456172,-0.012504735,-0.061957117,-0.09170897,-0.06400698,-0.0050096335,0.060963552,0.09211953,0.071498334,0.023795886,-0.01077714,0.0058339904,0.057906114,0.10939263,0.12617916,0.09018279,0.021844178,-0.028984858,-0.03065444,0.0072903195,0.04699633
0.08509398,0.038339168,0.008447724,0.01676287,0.052022997,0.08271044,0.07797317,0.030074222,-0.026485099,-0.06804238,-0.07060198,-0.03889018,-0.0091707185,-0.008301628,-0.04695828,-0.097199894,-0.122151524,-0.10800543,-0.061198775,-0.013475516,0.006684267,-0.009953552,-0.043819305,-0.058219608
-0.047977544,-0.13125727,-0.1820096,-0.15640733,-0.06771676,0.023766257,0.058952022,0.025847469,-0.037103415,-0.067780934,-0.031590123,0.06283497,0.15731774,0.18624757,0.14188978,0.0626278,0.01071329,0.026854571,0.09402158,0.15805127,0.15901908,0.089518785,-0.013430221,-0.08683429
0.04089596,-0.039033514,-0.07750499,-0.036168534,0.064344,0.1567481,0.18303235,0.1286733,0.05002053,0.0051676687,0.033506196,0.12130177,0.20037003,0.20831963,0.13678634,0.036360204,-0.026962092,-0.01435053,0.056094073,0.12223847,0.12144246,0.04791035,-0.054470778,-0.115420625
0.06615136,0.034150824,-0.0207589,-0.05191539,-0.028418573,0.03843831,0.10519751,0.12474624,0.095828734,0.04232344,0.007696589,0.02380276,0.08168586,0.13679217,0.14764836,0.105985746,0.037502468,-0.010141714,-0.0070587844,0.04080201,0.08569965,0.090069436,0.043614645,-0.025539935
0.039455842,-0.006459875,-0.08076259,-0.12999624,-0.11590031,-0.049841996,0.022842769,0.04988698,0.01695256,-0.044426706,-0.081907056,-0.061026007,0.0120037375,0.08630222,0.11208735,0.07731517,0.0104711065,-0.035692595,-0.0229454,0.039314836,0.10019372,0.114211015,0.065907374,-0.012651554
0.022779312,-0.026319616,-0.008758668,0.06431146,0.14206998,0.16622356,0.1120368,0.017081514,-0.04597911,-0.043744855,0.015242667,0.08334566,0.09468267,0.03575642,-0.058905937,-0.12540746,-0.11722703,-0.05164768,0.022685863,0.04837236,0.005298548,-0.07268601,-0.12172756,-0.10202848
0.14033724,0.0994931,0.07800687,0.09751384,0.14201239,0.17811517,0.17435332,0.11835309,0.054067455,0.00411843,-0.0045045004,0.022785686,0.04451369,0.033499822,-0.02264974,-0.08792155,-0.12576984,-0.11688047,-0.07089478,-0.02350918,-0.009028813,-0.03130466,-0.06700944,-0.07675762
-0.031356465,-0.035178866,-0.09091798,-0.16525558,-0.20909691,-0.19497219,-0.13278052,-0.066123314,-0.04496283,-0.0719557,-0.11761533,-0.13982171,-0.10393383,-0.026708644,0.04986964,0.0799144,0.054377463,0.0045561567,-0.0246729,-0.005363838,0.05373066,0.10851117,0.114333704,0.06497335
0.011931164,0.032155443,0.011337573,-0.02764873,-0.052561883,-0.0341175,0.02689545,0.09085054,0.1172658,0.10175032,0.063942775,0.035688695,0.048265003,0.09323286,0.13919273,0.15288267,0.11936865,0.06390415,0.02024481,0.01468152,0.04086463,0.07294101,0.07523969,0.037972704
0.21623923,0.17631157,0.10163906,0.046164077,0.054275654,0.116708696,0.18340158,0.18616524,0.12730443,0.024193514,-0.052776217,-0.062103376,-0.011118672,0.0498854,0.055209856,-0.0024061517,-0.092542484,-0.15669386,-0.14412668,-0.06653009,0.019680379,0.056380127,0.024881244,-0.037612937
-0.21180105,-0.1970897,-0.121635236,-0.04430941,-0.018439775,-0.061677434,-0.13909826,-0.17504665,-0.142803,-0.046688277,0.048176203,0.08734822,0.053286854,-0.017658591,-0.054772396,-0.02689738,0.052876737,0.1329436,0.15111904,0.09527439,0.0019451384,-0.06585,-0.062098525,-0.0040853885
0.03312485,-0.008735821,0.0015337766,0.0550906,0.11127405,0.1255846,0.079820186,-0.0002202041,-0.05462026,-0.060378067,-0.020108664,0.030164745,0.03958493,-0.0052370885,-0.08011889,-0.13200215,-0.12649307,-0.07193883,-0.008007387,0.018691022,-0.009049562,-0.06485468,-0.09930795,-0.07957021
0.044182725,0.104882665,0.11197804,0.047875423,-0.047141872,-0.11714252,-0.1206324,-0.06796077,-0.014186185,-0.012050445,-0.07127975,-0.16070876,-0.21771418,-0.20108028,-0.12616147,-0.04812432,-0.020618886,-0.058876857,-0.12198234,-0.1551167,-0.1160923,-0.024683021,0.064892426,0.09924556
-0.048758794,-0.015233365,-0.021114962,-0.06770074,-0.12450958,-0.15237585,-0.13040332,-0.07195069,-0.025120752,-0.01370034,-0.04244853,-0.08568368,-0.0991396,-0.06597699,-0.0008139475,0.05434034,0.066321015,0.03515793,-0.011265507,-0.03338381,-0.010973905,0.0391246,0.07884172,0.07603797
-0.03052317,-0.012742413,0.05477439,0.12580082,0.14776915,0.1069624,0.026359295,-0.03480732,-0.03489008,0.019560767,0.078823216,0.09303776,0.039149415,-0.04806821,-0.11058335,-0.11024321,-0.05066635,0.017936189,0.040957008,0.0005467546,-0.07414181,-0.123493515,-0.10508179,-0.032456372
0.015749134,-0.02810488,-0.002664139,0.07742774,0.14994988,0.16702355,0.10777895,0.0097327875,-0.04976084,-0.03924538,0.023454752,0.0886012,0.09221922,0.026328404,-0.07251532,-0.13431682,-0.1163802,-0.0430559,0.028651921,0.0475422,-0.0041783177,-0.08543865,-0.12919149,-0.09950558
0.059039537,0.12368761,0.14031418,0.10612842,0.047936447,0.016638843,0.040397156,0.10224587,0.153372,0.1588276,0.11273924,0.040323798,-0.007156196,-0.00015477506,0.048416536,0.092992194,0.09432757,0.044209138,-0.027020195,-0.0731747,-0.061802294,-0.005003274,0.050641216,0.06368022
0.062014762,-0.008525765,-0.054072194,-0.046902202,0.0039321207,0.05086549,0.0515077,-0.0044961306,-0.07670309,-0.1260049,-0.1192172,-0.064712316,-0.010805197,-4.8224133e-06,-0.04388448,-0.10682481,-0.13899693,-0.118527226,-0.050894257,0.016797498,0.041600667,0.012683776,-0.04183464,-0.07213504
-0.009881284,-0.073796004,-0.12136037,-0.13043895,-0.105291545,-0.077178106,-0.0775869,-0.115430035,-0.1670087,-0.20070377,-0.19191134,-0.14466488,-0.092160344,-0.06744084,-0.083994016,-0.1162259,-0.12973218,-0.10345764,-0.04303373,0.01806756,0.045014013,0.028925605,-0.009461986,-0.033376504
0.10943264,0.02986798,-0.024701519,-0.016460676,0.043268222,0.10430165,0.11023582,0.041286305,-0.04870109,-0.11487813,-0.11635009,-0.057703722,0.0036228036,0.01598255,-0.041269194,-0.12278528,-0.1704574,-0.15104742,-0.073374994,0.010264159,0.040903803,0.007089985,-0.05632642,-0.09104972
0.03906716,0.084296346,0.085230075,0.026846994,-0.053587276,-0.11021312,-0.1140652,-0.07495463,-0.035297696,-0.03784776,-0.0884353,-0.16128185,-0.20436633,-0.18762909,-0.12506478,-0.061067138,-0.0387789,-0.06777906,-0.11365887,-0.13330841,-0.09695095,-0.020926988,0.053491633,0.08202218
-0.13583486,-0.07929292,-0.023162149,-0.020888165,-0.08251952,-0.1716038,-0.23008502,-0.21166879,-0.14471383,-0.06993715,-0.045542456,-0.08630301,-0.15463142,-0.18928927,-0.15265977,-0.0657966,0.020796865,0.052554987,0.016363759,-0.050257504,-0.086356975,-0.061715916,0.01299681,0.082075715
0.0314771,-0.014817987,-0.00407196,0.048488643,0.09295236,0.08934662,0.024806187,-0.06935502,-0.12780945,-0.13014446,-0.08417177,-0.035817575,-0.035969917,-0.09117907,-0.16940857,-0.21265341,-0.18557604,-0.11075189,-0.035730734,-0.010023355,-0.039625917,-0.09080217,-0.111787915,-0.07190845
0.10544446,0.06088488,-0.012044344,-0.049597777,-0.014948394,0.07535776,0.1666676,0.19398226,0.15048322,0.07359013,0.027754383,0.049664948,0.12618822,0.1964169,0.20392258,0.14154826,0.04693942,-0.017380724,-0.010023049,0.053569146,0.112431064,0.11648477,0.050884306,-0.04136226
0.059735015,0.134537,0.15537763,0.11302861,0.039660543,-0.005677948,0.0141726285,0.083180286,0.14479055,0.15239225,0.09745008,0.010407859,-0.046838563,-0.037332885,0.023830744,0.08271246,0.089753166,0.034167502,-0.04787862,-0.10007941,-0.081718415,-0.010241097,0.06000476,0.07960968
0.13565789,0.16108613,0.14005634,0.09675786,0.06914164,0.085211545,0.13949671,0.18701895,0.1956681,0.15163656,0.08572538,0.035872143,0.032671884,0.0683949,0.10165822,0.0994483,0.050265573,-0.019696975,-0.06560906,-0.061656658,-0.015739253,0.033617444,0.04735219,0.018502552
0.030715259,-0.0027884534,0.011769364,0.06509103,0.11587541,0.12732299,0.08389557,0.010166872,-0.037579503,-0.036715765,0.0033565664,0.048207022,0.049911913,0.0031090998,-0.068652436,-0.11516378,-0.10511829,-0.054218244,0.00021728544,0.019222332,-0.012311754,-0.06614805,-0.09521526,-0.07273015
-0.0001763828,0.0125187645,0.06062635,0.10240911,0.09770745,0.043116957,-0.037816208,-0.09711696,-0.10225975,-0.06660687,-0.030718781,-0.03313502,-0.08659283,-0.15654656,-0.19949819,-0.18609314,-0.124110185,-0.060503673,-0.035642657,-0.06017396,-0.104769185,-0.12388988,-0.08745082,-0.011968235
0.020831486,0.090963036,0.15684797,0.18366489,0.15835814,0.11307592,0.088314064,0.10838754,0.1580632,0.2013706,0.20401661,0.15413529,0.0819777,0.031328574,0.029525042,0.062314942,0.093503326,0.08827962,0.035657782,-0.03708515,-0.08163392,-0.0735733,-0.024376117,0.026273485
-0.13021155,-0.111945756,-0.09408608,-0.10186014,-0.13893975,-0.18960992,-0.22139822,-0.20800644,-0.17004861,-0.12602748,-0.107296035,-0.11821549,-0.13977146,-0.14328392,-0.109901905,-0.052734736,0.00032312467,0.025407603,0.014527861,-0.012421315,-0.024967136,-0.008977013,0.027573667,0.057089977
0.05114028,0.10902007,0.11359136,0.055819064,-0.029438036,-0.08865092,-0.08419004,-0.02954483,0.018882368,0.018459953,-0.037907623,-0.120293334,-0.17276247,-0.15615065,-0.0891707,-0.022131536,-0.0023199606,-0.042633995,-0.10387622,-0.13565005,-0.10095948,-0.017765755,0.061230686,0.0886444
0.037254095,-0.017904248,-0.043515727,-0.008909045,0.07309382,0.1534556,0.18825825,0.1604074,0.10611763,0.070491746,0.08892712,0.15348442,0.21526465,0.22615206,0.172778,0.09049076,0.029522497,0.02361545,0.06567255,0.1109819,0.11051997,0.051790103,-0.034511782,-0.091326095
-0.070855655,-0.1254329,-0.1222492,-0.072651856,-0.023036497,-0.018668633,-0.073882826,-0.15078568,-0.19743362,-0.1830187,-0.119624935,-0.051737074,-0.029892553,-0.06706124,-0.12853198,-0.161038,-0.12961492,-0.05051041,0.026886007,0.053058475,0.017891834,-0.043844104,-0.07958686,-0.05871815
-0.048517674,0.010770366,0.031815063,0.0034446332,-0.050443497,-0.085132405,-0.061921615,0.00956994,0.07539043,0.10509078,0.081551306,0.027714284,-0.0072814617,0.007838758,0.067524284,0.12748645,0.14162308,0.10054428,0.03112917,-0.019101346,-0.019035162,0.025414264,0.07154193,0.076842904
-0.022623777,0.041649472,0.064969555,0.040083658,-0.007082428,-0.029819652,0.002399075,0.07754797,0.14277074,0.16753459,0.14111084,0.08474921,0.04984206,0.06211622,0.11550104,0.16474116,0.16663964,0.11957807,0.04676418,-0.007418927,-0.0129477065,0.025294961,0.06631838,0.06864375
0.018914893,0.031653486,0.004921492,-0.031968255,-0.044445895,-0.013105457,0.05457084,0.11845747,0.13826953,0.116082855,0.07854933,0.05864715,0.08088951,0.13072054,0.17317536,0.17508523,0.13042192,0.06875105,0.027874006,0.028506387,0.059379652,0.08675857,0.07582226,0.025745917
-0.10760797,-0.078220926,-0.050412156,-0.0504449,-0.089764304,-0.14022689,-0.1681354,-0.15076292,-0.10905,-0.06104548,-0.04086693,-0.059241805,-0.09438349,-0.1086932,-0.083888195,-0.030206665,0.024464268,0.04846217,0.029372996,-0.010213535,-0.034461837,-0.023273306,0.0170768,0.05646903
0.0781332,0.019789347,-0.011797408,0.008512564,0.068101265,0.12629005,0.1354274,0.0830161,0.015621979,-0.028216528,-0.020119248,0.03133843,0.07828545,0.08168648,0.02755545,-0.044849068,-0.08626914,-0.07500913,-0.019763144,0.03827093,0.05061192,0.008618413,-0.051951446,-0.08306218
0.1960663,0.23539315,0.20826834,0.1490518,0.11017169,0.1276214,0.19490553,0.2554388,0.26745543,0.20919251,0.11753487,0.04659856,0.03498909,0.07827818,0.123004645,0.12191914,0.057579674,-0.036264665,-0.10039008,-0.097401,-0.036323506,0.03460979,0.06032147,0.026676316
-0.12637588,-0.18405235,-0.16604519,-0.082983375,0.0075894897,0.04425611,0.0038490994,-0.069768034,-0.11184109,-0.076477915,0.016754648,0.11526501,0.15171821,0.10707217,0.026115306,-0.02839857,-0.008985279,0.06702593,0.1402865,0.15462866,0.08987953,-0.0133835785,-0.086657554,-0.08779613
-0.1339152,-0.08529704,-0.034073297,-0.026460769,-0.07345429,-0.14721125,-0.1978001,-0.1824493,-0.123226844,-0.053602014,-0.026780032,-0.055948064,-0.11237577,-0.14348207,-0.114462525,-0.041024033,0.03269772,0.062429402,0.03234461,-0.026289795,-0.06373265,-0.049606048,0.010116963,0.06787777
-0.09359311,-0.0437411,0.010137939,0.033496834,0.014490123,-0.028036023,-0.05770103,-0.0372046,0.015011484,0.076890886,0.106222,0.08570638,0.03692383,-0.00065593095,0.009304717,0.05344381,0.10118461,0.11628864,0.08188547,0.01803013,-0.032012507,-0.037642792,-0.0018129336,0.03789012
0.0024059752,0.030071538,0.05667395,0.05514814,0.0150861405,-0.04327099,-0.08923704,-0.10054733,-0.082436845,-0.059639174,-0.059628725,-0.09176248,-0.14118314,-0.17105511,-0.16447596,-0.12509313,-0.07707662,-0.0531465,-0.061786074,-0.087510206,-0.09747322,-0.073183216,-0.019772736,0.034725793
0.0145186605,-0.05877381,-0.10508943,-0.099903315,-0.0544808,-0.012274019,-0.015037815,-0.06881401,-0.13428335,-0.17365827,-0.15930434,-0.100241855,-0.041777395,-0.025381127,-0.061006363,-0.11343031,-0.13527787,-0.105972864,-0.036436155,0.030299505,0.053276,0.022481248,-0.031356473,-0.060515434
-0.1531576,-0.11993198,-0.08036608,-0.07488412,-0.11504409,-0.18081574,-0.22697887,-0.2150373,-0.16435523,-0.09980479,-0.06842945,-0.08386034,-0.12410069,-0.1464561,-0.11820278,-0.050136667,0.01981149,0.054498367,0.037252586,-0.00873176,-0.041988865,-0.032947194,0.015036861,0.06308134
0.04176447,0.057839844,0.033244427,-0.0048325644,-0.024025032,0.0031634306,0.068431005,0.12815577,0.14657865,0.12138271,0.078011416,0.050327305,0.06555706,0.11267737,0.15305533,0.15553235,0.112621985,0.05111884,0.008062772,0.008835748,0.04227434,0.073591486,0.06928975,0.026790729
-0.051043898,-0.11406615,-0.15335847,-0.14104694,-0.08519617,-0.030068828,-0.012888235,-0.03814171,-0.082326286,-0.10313397,-0.07679458,-0.009893499,0.05785164,0.081470944,0.0566337,0.009047562,-0.019368507,-0.0021025653,0.050343305,0.09910763,0.105495036,0.06275921,-0.0047137514,-0.05332226
0.11614253,0.14088303,0.10908208,0.049025178,0.006213443,0.01497991,0.07339075,0.1309809,0.14531256,0.10015536,0.02664364,-0.028392805,-0.028127326,0.02191989,0.07359338,0.08556578,0.040413834,-0.03282111,-0.08217474,-0.07396232,-0.015872674,0.048571825,0.0706905,0.038879603
-0.040337797,0.034098357,0.047678996,-0.00524923,-0.08633653,-0.12967682,-0.09454665,0.0027367147,0.08501523,0.11208295,0.0706033,-0.007088402,-0.050440934,-0.021594886,0.065096244,0.1439126,0.1605381,0.10472476,0.015029004,-0.04540872,-0.03218165,0.03782309,0.103264816,0.10894303
0.029173434,0.04936875,0.011894842,-0.042810153,-0.065817155,-0.028608274,0.059766497,0.1449994,0.17325823,0.14346637,0.08854094,0.057112835,0.08400085,0.15142787,0.21288255,0.22099502,0.16340579,0.08110404,0.02454464,0.025582923,0.06901634,0.11212489,0.10493481,0.04105534
-0.05131715,-0.1289399,-0.17591229,-0.15717745,-0.08180012,-0.0034282822,0.027145235,-0.0019676124,-0.057073314,-0.08572634,-0.054662965,0.029061066,0.11523135,0.14631018,0.11179681,0.044728197,-0.00016198149,0.0132589275,0.0738188,0.13443126,0.14241914,0.08433621,-0.0068774936,-0.07266664
-0.055056334,-0.017126694,0.07478845,0.16134664,0.1889676,0.14665742,0.06883924,0.02278101,0.044382982,0.11792097,0.186174,0.19452187,0.12868279,0.030445809,-0.031799633,-0.026147876,0.034331623,0.093845315,0.096247196,0.029556248,-0.06418028,-0.12246786,-0.104207836,-0.030017477
0.11482061,0.041426383,0.0027373137,0.0283684,0.1006025,0.16416205,0.16708392,0.09276687,0.004310417,-0.055274718,-0.049626943,0.01177902,0.06723414,0.06612656,-0.0051853424,-0.0940346,-0.1452285,-0.1259662,-0.050672337,0.025331277,0.04148642,-0.0055860532,-0.07405889,-0.10516072
-0.026520004,-0.068252824,-0.12395276,-0.15502504,-0.14097722,-0.09251981,-0.04143596,-0.023232877,-0.044671632,-0.07838702,-0.09304598,-0.063846625,-0.0011076486,0.058360852,0.07944768,0.058729276,0.017632546,-0.0060075643,0.008879904,0.056745853,0.0967017,0.09823485,0.055094015,-0.0058712065
-0.12093329,-0.07473169,-0.017734129,0.013921637,0.006430532,-0.024813415,-0.04348347,-0.01793477,0.03791496,0.10324195,0.13861349,0.12792693,0.09047764,0.058901336,0.06710152,0.10577071,0.14381169,0.15407704,0.1179336,0.054656208,0.00031319965,-0.017044216,0.0035639168,0.031708777
-0.13803223,-0.11146537,-0.082086,-0.08140098,-0.118888885,-0.17520283,-0.21358508,-0.20217842,-0.15834565,-0.10299769,-0.076867685,-0.08958966,-0.121713616,-0.1369358,-0.10860687,-0.04776702,0.014126707,0.045032814,0.030407988,-0.0076157255,-0.033400297,-0.023090513,0.018781755,0.058571804
-0.058096156,-0.106680036,-0.0985471,-0.044754464,0.009752143,0.01777092,-0.03326289,-0.10588406,-0.15007555,-0.13562727,-0.074524075,-0.009062595,0.009329452,-0.029905738,-0.09348485,-0.12993704,-0.105310164,-0.03518976,0.034734447,0.056570195,0.019721579,-0.043033563,-0.081000134,-0.063524425
-0.06416453,-0.12156386,-0.12838724,-0.08624168,-0.036893636,-0.023252515,-0.06579384,-0.13488339,-0.18293609,-0.17495099,-0.1182863,-0.04999628,-0.02151348,-0.046945006,-0.102174565,-0.13812877,-0.11533355,-0.046573095,0.026150381,0.057618853,0.03212646,-0.025260286,-0.06641776,-0.05697332
0.046172686,0.06549476,0.02930033,-0.024832,-0.04981402,-0.016832836,0.062490787,0.13687673,0.1602934,0.12875813,0.07261808,0.03884183,0.060610577,0.12209971,0.17883553,0.18609612,0.1331577,0.05649931,0.003840436,0.007078362,0.051629588,0.09593277,0.0938648,0.037932463
0.049387716,-0.021635914,-0.058004115,-0.023224602,0.062718734,0.14546308,0.16889907,0.119891316,0.047349203,0.005261325,0.027303157,0.10231118,0.16938557,0.17808683,0.11449261,0.02361514,-0.030972458,-0.021878608,0.03811862,0.09844035,0.10323286,0.040456336,-0.049587622,-0.103231885
0.13479616,0.08107383,0.048970845,0.06758475,0.12435902,0.18075295,0.19054767,0.13502972,0.061608624,0.004461676,-0.0002587668,0.04016264,0.08001588,0.07766622,0.01733773,-0.061461303,-0.11114579,-0.10420966,-0.049431484,0.008912603,0.024578199,-0.009419318,-0.06315537,-0.088525556
-0.015628302,-0.07783807,-0.120976806,-0.11097541,-0.056017492,0.005220656,0.030379295,0.0037714278,-0.04599029,-0.07456512,-0.055629168,0.007450375,0.07292903,0.09640084,0.06697857,0.012362051,-0.022873932,-0.011222551,0.038975477,0.09099088,0.09983749,0.058832344,-0.008355549,-0.05702713
0.03908969,-0.031419337,-0.06950823,-0.03581734,0.05612007,0.14717135,0.1805176,0.13899462,0.069806986,0.026390783,0.047201794,0.12526639,0.20152213,0.21572597,0.15554212,0.062864356,-0.0026960974,-1.5196722e-05,0.05836273,0.11931039,0.121787995,0.056210518,-0.04014906,-0.10406331
-0.097921945,-0.066635795,-0.063258596,-0.10076502,-0.15711033,-0.19814532,-0.19421822,-0.1454671,-0.0942313,-0.064924985,-0.075184464,-0.109153934,-0.12756078,-0.10515703,-0.043020245,0.02229862,0.054819115,0.042755734,0.0043363194,-0.023707686,-0.014410658,0.027466405,0.07118966,0.081265636
0.080753356,0.13637574,0.15835789,0.1386319,0.09728703,0.07155571,0.089215614,0.134272,0.17353447,0.17315885,0.1312892,0.06816336,0.023372084,0.02208017,0.053016637,0.0819433,0.07628689,0.028261116,-0.03373979,-0.07306208,-0.062266488,-0.016085217,0.027833346,0.040186066
0.004747558,-0.066953786,-0.113057956,-0.10786866,-0.06242964,-0.017677672,-0.012595916,-0.058608685,-0.12016211,-0.15849124,-0.14382626,-0.0841923,-0.02320451,-0.0030384713,-0.03636489,-0.08809848,-0.113939814,-0.08828701,-0.021650147,0.04338836,0.06418828,0.031967517,-0.024573868,-0.057075296
0.01485745,0.023785956,-0.027119957,-0.102751754,-0.14691018,-0.1275135,-0.054963805,0.01997667,0.04360009,0.008255684,-0.053658582,-0.08989238,-0.060406875,0.018440485,0.095645,0.12055934,0.079049416,0.00819873,-0.03677833,-0.019752081,0.045336768,0.1067618,0.11460548,0.059329513
-0.070640765,-0.0006931859,0.023236148,-0.006355896,-0.06078665,-0.087156385,-0.049381476,0.043587778,0.12570554,0.1632559,0.14135565,0.08346715,0.049475253,0.069988996,0.14042701,0.20393857,0.21382686,0.1630282,0.07763896,0.011129981,0.0047486257,0.047750376,0.09069157,0.08769406
-0.05006404,-0.09643832,-0.06958908,0.018140186,0.105153084,0.13263744,0.082229465,-0.0024071939,-0.051244486,-0.028188778,0.048868924,0.13035765,0.14822695,0.09059318,-0.00242875,-0.06384373,-0.051456824,0.020144748,0.08998902,0.103582464,0.0425048,-0.051651433,-0.11206892,-0.09816597
0.16452476,0.15284039,0.12903567,0.11971258,0.13733572,0.17238583,0.2022095,0.1943466,0.15866126,0.102566876,0.06148562,0.052945156,0.06632474,0.07883013,0.060427118,0.015049661,-0.039817076,-0.07650167,-0.074107155,-0.042538498,-0.008700971,0.0023283672,-0.016355885,-0.042205982
-0.11048067,-0.080975674,-0.05269001,-0.05370727,-0.08902436,-0.14046365,-0.17355369,-0.15981095,-0.11894412,-0.0710308,-0.051839773,-0.068616286,-0.10141262,-0.11657345,-0.09048074,-0.035536505,0.016689848,0.039852783,0.023204539,-0.013038434,-0.03671318,-0.02461902,0.016670661,0.05337433
-0.09329404,-0.12501569,-0.1086621,-0.05527045,-0.0033872453,0.010136867,-0.022064015,-0.06683026,-0.08692821,-0.05812426,0.0030066003,0.06165993,0.078734435,0.0471709,-0.0002900273,-0.02641785,-0.0059334724,0.045967992,0.089434795,0.09144662,0.047651123,-0.014144758,-0.05353522,-0.047831908
0.07825038,0.083338566,0.0370757,-0.035307717,-0.08732124,-0.086639695,-0.040733077,0.0031436218,0.009439166,-0.036002196,-0.10238679,-0.1468599,-0.13679323,-0.077722825,-0.018825216,0.0019855788,-0.026890062,-0.08065349,-0.11014954,-0.08536071,-0.015982224,0.05171665,0.07643709,0.050536502
-0.1346824,-0.08959417,-0.04998188,-0.057455916,-0.11397746,-0.1863491,-0.2269181,-0.20275499,-0.14258866,-0.080232665,-0.06055322,-0.093488045,-0.14296636,-0.16259989,-0.12205748,-0.043670904,0.027339587,0.052927125,0.02319229,-0.030471914,-0.05878413,-0.035229266,0.027260661,0.08010712
-0.080055036,-0.13562128,-0.13524555,-0.08939491,-0.043721616,-0.041666668,-0.09778761,-0.17503087,-0.22057237,-0.20455335,-0.14197198,-0.07407656,-0.05131402,-0.08522351,-0.14224486,-0.17023797,-0.13552514,-0.055093754,0.021991584,0.05004464,0.017543485,-0.04113157,-0.07435334,-0.053372025
-0.048317906,-0.044573225,0.009869573,0.07034921,0.08558774,0.039725915,-0.044929624,-0.1095546,-0.11476334,-0.06595939,-0.007939309,0.010680112,-0.033782106,-0.10916635,-0.16260514,-0.15698709,-0.091106765,-0.01687334,0.015372412,-0.013324879,-0.07220053,-0.11284074,-0.094889626,-0.02533329
-0.032304525,0.045000985,0.06553226,0.021487618,-0.048186466,-0.08499426,-0.051737584,0.041765943,0.123924345,0.15250506,0.114024945,0.038810324,-0.004804937,0.016956339,0.09628169,0.16754265,0.17834222,0.12087501,0.03002068,-0.034609232,-0.02826797,0.033698242,0.093716495,0.097137496
0.083180666,0.013685796,-0.082299724,-0.1475233,-0.14408597,-0.090721875,-0.03832931,-0.040994834,-0.100390546,-0.1855464,-0.23469067,-0.21275716,-0.1353887,-0.057128575,-0.03448857,-0.07169999,-0.13151479,-0.16044074,-0.11980013,-0.028365523,0.058884848,0.08991361,0.051316477,-0.015496813
0.021432482,-0.06032637,-0.119550794,-0.12274781,-0.07732205,-0.026443014,-0.017303698,-0.06776545,-0.13977244,-0.1896671,-0.18077017,-0.117979035,-0.048504997,-0.020833658,-0.05379415,-0.11126488,-0.14263089,-0.11741052,-0.04279165,0.035181265,0.066420205,0.037768554,-0.02221007,-0.060256694
-0.048415855,-0.0040633813,0.004873758,-0.020701157,-0.057462078,-0.071224265,-0.0394467,0.026493642,0.079337046,0.09959522,0.08032062,0.042931106,0.027509378,0.048616063,0.09963718,0.14192209,0.14202791,0.104566626,0.049311347,0.011448819,0.010949231,0.04205888,0.06875494,0.059774045
-0.02370414,-0.052424595,-0.02194431,0.05985017,0.13711396,0.16810144,0.13893834,0.07922975,0.043599695,0.063668884,0.12540127,0.18853617,0.19841257,0.14825095,0.0656574,0.0072156168,0.007830257,0.054842677,0.09949265,0.10113835,0.044293266,-0.039078016,-0.09504274,-0.08795867
0.063855544,0.12855776,0.148838,0.11957504,0.068229474,0.040840168,0.065633215,0.12584147,0.17674568,0.18015264,0.13329941,0.062403746,0.017181786,0.023854475,0.06897316,0.10848426,0.10220467,0.048611913,-0.02301598,-0.0683231,-0.05717085,-0.003996058,0.046598405,0.056692503
0.13135058,0.16197819,0.13221279,0.07272845,0.032782793,0.048692435,0.115651324,0.1791005,0.19554599,0.14896904,0.07192349,0.0136131495,0.012390302,0.062164832,0.11283206,0.12048486,0.06716992,-0.015064191,-0.07149817,-0.06660087,-0.010941953,0.051928475,0.07211357,0.036251623
0.021693429,0.06157087,0.07324132,0.044750176,-0.0033429493,-0.04157474,-0.045695703,-0.016077979,0.018325904,0.02632952,-0.0020872462,-0.051687542,-0.088449106,-0.08646198,-0.048265703,-0.0056387056,0.010847583,-0.010378087,-0.050123338,-0.07716148,-0.064230084,-0.018314205,0.03141121,0.052565835
-0.13544029,-0.11807014,-0.06530128,-0.008980462,0.016180435,0.0012442677,-0.030291593,-0.0361841,-0.007979503,0.055223674,0.115310274,0.14033385,0.12074296,0.07881115,0.054726455,0.06559074,0.10280227,0.13872021,0.13677455,0.09181541,0.026211685,-0.023181317,-0.03154555,-0.0070272605
0.110694736,0.06924357,-0.004100202,-0.043016843,-0.007651921,0.08561148,0.1809023,0.21335274,0.17298885,0.093499266,0.042022914,0.060630646,0.13841887,0.21356234,0.22530259,0.16204147,0.060616534,-0.011224858,-0.010076794,0.05248693,0.11615457,0.123584755,0.05647604,-0.04112816
-0.0016731252,-0.06154819,-0.0998778,-0.09884973,-0.06430876,-0.035948627,-0.041913483,-0.084082514,-0.13554733,-0.16588457,-0.15357964,-0.10505844,-0.057211928,-0.042266008,-0.06656496,-0.10331656,-0.11836039,-0.093590565,-0.03511268,0.02064112,0.04091932,0.01960233,-0.020880045,-0.04410167
0.048099145,-0.005264417,-0.037762206,-0.014841534,0.055247188,0.13042432,0.16296248,0.13541725,0.07963652,0.039770182,0.049921054,0.10679334,0.16630569,0.18135057,0.13504525,0.05912215,0.0015831937,-0.0031190421,0.03951545,0.08928231,0.09574003,0.046877664,-0.029293634,-0.08241127
0.15743756,0.11225654,0.043205533,0.0060533877,0.030189356,0.09625881,0.15697066,0.15573284,0.09907215,0.012343095,-0.04324957,-0.032389633,0.02735044,0.08229105,0.07902384,0.019435009,-0.06429662,-0.1120764,-0.09077369,-0.018675826,0.04760446,0.06435588,0.01968844,-0.045747187
0.03239204,-0.038669057,-0.09125509,-0.093810864,-0.05027522,-0.0023042704,0.0073848614,-0.036822442,-0.10102898,-0.14770007,-0.14334789,-0.08933838,-0.027969135,-0.0037887392,-0.032876715,-0.08662668,-0.11844949,-0.10230366,-0.040408842,0.027562289,0.058079466,0.035062186,-0.01942108,-0.057708062
-0.04055467,-0.013019382,0.049630314,0.10503813,0.12194416,0.09189902,0.03926749,0.0105332965,0.027040208,0.076740175,0.12265497,0.1266241,0.08235109,0.015628126,-0.024170348,-0.01763881,0.022573622,0.06313958,0.06617026,0.020652678,-0.04472503,-0.08341915,-0.06825018,-0.016824493
-0.054268185,-0.018536285,-0.016651716,-0.05452869,-0.10503183,-0.13367975,-0.11849656,-0.0657743,-0.018708955,-0.0009475751,-0.021337312,-0.060703367,-0.078066915,-0.05539047,0.0016704212,0.054688245,0.06998417,0.045900278,0.0031128197,-0.023964489,-0.013320982,0.028006827,0.06736948,0.070676535
-0.068814285,-0.021779614,-0.0077341273,-0.032385193,-0.065098666,-0.07518716,-0.038697954,0.035064667,0.095659636,0.12094561,0.104564704,0.06821033,0.055867292,0.080278225,0.13659681,0.18101433,0.17775844,0.13216254,0.07022905,0.028404318,0.02720519,0.055398703,0.07732983,0.060949728
-0.014596874,-0.0011740811,0.05568558,0.10810851,0.112789646,0.05935784,-0.025959626,-0.0887391,-0.09208058,-0.049072344,-0.0042562135,-0.000595936,-0.054948743,-0.13176282,-0.1811027,-0.17032541,-0.107129425,-0.041158114,-0.015736317,-0.044598714,-0.09782016,-0.12644954,-0.09520764,-0.019403962
-0.011724477,-0.054623622,-0.115750656,-0.1547897,-0.14290203,-0.09259526,-0.03712455,-0.013362409,-0.035522863,-0.077717036,-0.099040724,-0.07438528,-0.008567253,0.055831727,0.08238887,0.06074836,0.01410876,-0.01618993,-0.0020762212,0.047438636,0.09567233,0.104446195,0.061725445,-0.004245206
-0.1210699,-0.123809524,-0.088791125,-0.051468097,-0.04730695,-0.08562882,-0.14719695,-0.1845946,-0.17728682,-0.12632938,-0.07168,-0.0477797,-0.068314046,-0.109708905,-0.13191053,-0.11020276,-0.04965669,0.014029376,0.041140646,0.02180628,-0.023421526,-0.055836093,-0.044278488,0.0018286689
0.16776283,0.14182404,0.09493739,0.06689904,0.0826659,0.13273868,0.17936887,0.1756468,0.13114573,0.059030082,0.006862528,0.0031929144,0.037142113,0.07255463,0.065171294,0.0151603995,-0.05369022,-0.098738946,-0.09044117,-0.038410343,0.014752995,0.032143872,0.0045706765,-0.039328244
0.034883108,0.09920176,0.10586808,0.040316846,-0.059801415,-0.13300401,-0.13415802,-0.07552092,-0.015562165,-0.009540621,-0.0692204,-0.16148627,-0.22045915,-0.20256421,-0.12233666,-0.038569637,-0.0072536576,-0.045243185,-0.1138784,-0.15354498,-0.116122514,-0.020650005,0.07254678,0.10783968
-0.06734332,-0.11498551,-0.10809968,-0.059545986,-0.015641117,-0.014853553,-0.06653644,-0.13692017,-0.17743376,-0.16049372,-0.10066105,-0.03966935,-0.02380911,-0.060724113,-0.118308306,-0.14610991,-0.11353985,-0.04046466,0.027626554,0.048016872,0.013179357,-0.043890864,-0.074908964,-0.052536085
0.021624207,-0.014292591,-0.0041420097,0.04195964,0.08802693,0.0945802,0.047117826,-0.025084144,-0.0717663,-0.07210224,-0.032439787,0.011110812,0.015210606,-0.029286524,-0.09409021,-0.13468893,-0.12009426,-0.066032216,-0.008117299,0.011359253,-0.016240567,-0.06396627,-0.08880147,-0.06613834
0.1014037,0.059979897,-0.00873333,-0.0382096,0.00803279,0.109063,0.20853974,0.24182455,0.20232749,0.12752104,0.08330545,0.109006844,0.18980356,0.2609798,0.26620984,0.19680226,0.09170895,0.019054588,0.019338362,0.07779154,0.13209614,0.12896653,0.052919302,-0.04959207
-0.038095385,-0.019673897,0.04328158,0.113587365,0.14338876,0.11985472,0.06350558,0.022953186,0.029138068,0.081025094,0.13908815,0.15652007,0.11334682,0.037616614,-0.019183269,-0.02582644,0.01823097,0.06977079,0.08179748,0.036553368,-0.037303638,-0.08976494,-0.086022206,-0.033010438
0.04625674,0.09443065,0.10322611,0.058112707,-0.012625856,-0.06409764,-0.06746191,-0.030088888,0.009313698,0.01121449,-0.03247849,-0.10167208,-0.14929427,-0.1420223,-0.090746425,-0.035332184,-0.014069964,-0.042114794,-0.09049769,-0.118290715,-0.092547975,-0.026699029,0.041477833,0.07144885
0.10337565,0.0653688,-0.004602248,-0.04580566,-0.013382899,0.07660673,0.17043006,0.20477472,0.16955005,0.09330584,0.042741448,0.058235273,0.13416633,0.20723525,0.22257617,0.16466373,0.065908134,-0.0055170134,-0.006080607,0.052350886,0.113104604,0.121812224,0.05924205,-0.0355289
0.01322187,-0.06758178,-0.12629186,-0.1301633,-0.08870497,-0.042523507,-0.037721038,-0.0901699,-0.16089328,-0.20663726,-0.19597518,-0.1335558,-0.06733065,-0.040918693,-0.07249499,-0.12541169,-0.15030116,-0.120810635,-0.04606144,0.031021908,0.061078344,0.03358365,-0.022120234,-0.055602908
0.08992006,0.09427048,0.04061757,-0.04366476,-0.10485122,-0.11134622,-0.06793746,-0.022461122,-0.01713898,-0.070022985,-0.14628257,-0.19778718,-0.18761076,-0.12275164,-0.054537978,-0.02734305,-0.05582782,-0.11242674,-0.14147317,-0.11187078,-0.030551102,0.05136037,0.08442713,0.058400214
-0.13810614,-0.07209061,-0.005628911,0.012954456,-0.0245355,-0.08450701,-0.114175685,-0.07687824,0.00015894571,0.07877094,0.1066203,0.07228215,0.0132808685,-0.019530753,0.010279071,0.0796363,0.13906528,0.14839332,0.09439111,0.015048342,-0.0363329,-0.031382095,0.019333877,0.065700695
-0.01901097,-0.014290261,0.022944309,0.05608375,0.049144518,-0.0024058283,-0.077845156,-0.13275284,-0.13794404,-0.105935045,-0.07064147,-0.06859081,-0.11109187,-0.17000948,-0.20435745,-0.18851049,-0.12825258,-0.06338162,-0.033979468,-0.05281947,-0.09064572,-0.10626406,-0.07325799,-0.004539509
-0.10427762,-0.102708675,-0.069228515,-0.035845682,-0.03311098,-0.069619454,-0.1225247,-0.152773,-0.14279667,-0.09778802,-0.053961597,-0.036274686,-0.05609438,-0.0912836,-0.10828956,-0.08657922,-0.036376987,0.014302687,0.03279564,0.014396274,-0.023688715,-0.048275474,-0.036117848,0.0032736687
0.06721226,0.06637754,0.027258642,-0.029139772,-0.067170106,-0.07185306,-0.04577652,-0.019653017,-0.021213116,-0.059755694,-0.1110316,-0.142549,-0.13452098,-0.09213215,-0.04891757,-0.0333494,-0.05304704,-0.089491114,-0.10436795,-0.0805806,-0.02400608,0.031954132,0.053212017,0.03496812
-0.01827044,0.05560615,0.12864129,0.15718518,0.12262473,0.061760716,0.024474984,0.04439406,0.103209466,0.16075988,0.17234693,0.12168154,0.041544657,-0.012990744,-0.00946912,0.038005695,0.08707418,0.09336879,0.040410176,-0.03998477,-0.09036043,-0.08120827,-0.02251602,0.040358473
0.04615568,-0.005973128,-0.036161948,-0.0075277593,0.070485584,0.15125048,0.18952434,0.1661721,0.113545276,0.07529142,0.087920025,0.1478908,0.20988974,0.22305459,0.17484793,0.09493761,0.03226095,0.02343229,0.061958846,0.105476275,0.10693852,0.054633725,-0.027599998,-0.08660118
0.011248133,0.017890781,-0.041647412,-0.12705395,-0.17797907,-0.15825228,-0.080820784,-0.0023439054,0.020749353,-0.01723032,-0.083157584,-0.12023938,-0.087522775,-0.0009560686,0.083394945,0.112296835,0.07100373,-0.0009557159,-0.045379438,-0.023154644,0.047618005,0.1147709,0.12539403,0.06804534
0.07215901,0.0739757,0.031870577,-0.030885613,-0.07203323,-0.06967209,-0.031437058,0.0035236327,0.0056598554,-0.036690846,-0.09493044,-0.1310435,-0.11932279,-0.0681765,-0.018564634,-0.0032892872,-0.03146562,-0.07793442,-0.099978745,-0.07508656,-0.013601039,0.044828605,0.06431291,0.039406806
-0.04931214,0.012850362,0.021038204,-0.034314793,-0.11477421,-0.16518524,-0.14425054,-0.06289586,0.0088731125,0.032436065,-0.0062773433,-0.076119676,-0.11447618,-0.08521289,-0.0011022666,0.07895212,0.10118308,0.057314202,-0.015547197,-0.061249718,-0.041706424,0.028917853,0.09548287,0.105625324
0.089372545,0.02528637,-0.06498071,-0.12583195,-0.118384674,-0.06061201,-0.0022448322,0.00067906914,-0.055113174,-0.13915764,-0.18804848,-0.16811097,-0.09242617,-0.016948402,0.0031252485,-0.037366822,-0.10265868,-0.13779867,-0.10291929,-0.017399175,0.06450244,0.09167211,0.050231766,-0.018977791
0.0564762,0.028803706,0.042731877,0.086813346,0.12950967,0.13479057,0.09309423,0.025460027,-0.019380694,-0.027573425,-0.0006603614,0.031418357,0.029646315,-0.014169823,-0.07841621,-0.12046839,-0.11667626,-0.075294845,-0.025891252,-0.0069933156,-0.02943684,-0.06961731,-0.08974762,-0.066564076
-0.01093973,-0.064694025,-0.14158994,-0.18614216,-0.16595685,-0.09821233,-0.026204549,0.00088099303,-0.029736262,-0.08189169,-0.108157575,-0.07309643,0.010028952,0.09003894,0.11842372,0.0866204,0.024111345,-0.014749495,0.0027884997,0.06726342,0.12465988,0.13131383,0.07405559,-0.010717456
0.08015034,0.047165144,-0.0109190615,-0.040139657,-0.0077774758,0.06944923,0.14905459,0.17827803,0.14698458,0.084394224,0.04566806,0.06388289,0.12940761,0.18954538,0.198018,0.14626463,0.061436888,0.0033760064,0.0056793718,0.05520898,0.10149964,0.103854746,0.046920698,-0.034199446
-0.07317492,-0.023035936,-0.010094088,-0.03726369,-0.07973347,-0.10037154,-0.067048684,0.0087184375,0.07261009,0.100314595,0.08190139,0.041225474,0.023055466,0.04736256,0.10766964,0.16035151,0.16431904,0.12348061,0.06019891,0.015291854,0.014030062,0.049749993,0.080683775,0.0720166
0.004641838,-0.062325153,-0.10783354,-0.10815094,-0.074926816,-0.043232273,-0.046915382,-0.09492566,-0.15323076,-0.1887844,-0.17814174,-0.12657276,-0.073160075,-0.055094086,-0.08260317,-0.123067036,-0.13863996,-0.10800679,-0.04301663,0.019744512,0.04235251,0.019837843,-0.02316566,-0.046276737
-0.04267812,-0.09349227,-0.12716293,-0.11569441,-0.071143836,-0.025053848,-0.009256289,-0.028983613,-0.065863095,-0.08081491,-0.05733385,-0.0012239657,0.05219071,0.07075529,0.0483348,0.00847598,-0.012578139,0.004512325,0.04736556,0.08590769,0.08757611,0.05059582,-0.0045472463,-0.042146403
0.10396488,0.04896393,-0.035347614,-0.092854224,-0.082110666,-0.016420467,0.052952826,0.06273133,0.011186641,-0.0728577,-0.12816514,-0.11309924,-0.039753437,0.03798221,0.057161197,0.012498918,-0.064621605,-0.1143399,-0.09208393,-0.008721161,0.07221299,0.09691418,0.052137163,-0.023265759
0.03136518,0.06939423,0.06583381,0.011404004,-0.067088544,-0.12416432,-0.13046125,-0.09606025,-0.06187805,-0.06423904,-0.10986782,-0.17544144,-0.2157013,-0.19913486,-0.14124885,-0.08004564,-0.053306118,-0.07364348,-0.11248016,-0.12927705,-0.09391366,-0.02087781,0.04960036,0.07927078
-0.04431162,-0.10101382,-0.13774304,-0.125624,-0.07005478,-0.009789783,0.01595617,-0.0008068953,-0.039268747,-0.057299998,-0.031380687,0.03151852,0.09505534,0.11789385,0.09496202,0.04644622,0.016335588,0.025333397,0.06725956,0.10759296,0.11134115,0.06840283,0.0004803014,-0.050609354
0.0006975756,-0.026929079,-0.007693366,0.050185733,0.11575928,0.14763787,0.12774014,0.07883857,0.04483397,0.05081332,0.0965584,0.14678626,0.16081105,0.12203579,0.05621753,0.0036935536,-0.004150853,0.028673835,0.0700466,0.07756522,0.03710458,-0.028567346,-0.0757718,-0.07529198
0.013743206,-0.026868248,-0.08856294,-0.12904435,-0.11565462,-0.060480166,-0.0013847997,0.020611623,-0.0041474197,-0.05249327,-0.08120868,-0.060457986,0.0047820946,0.069812424,0.09446188,0.06781705,0.012695153,-0.024042578,-0.012625461,0.039905258,0.09141826,0.10168679,0.05894501,-0.008878803
-0.13674837,-0.06609421,0.009465021,0.035577543,-0.0023222386,-0.074149586,-0.12043279,-0.09333301,-0.016641255,0.06894255,0.10224928,0.06689506,-0.0037352408,-0.050153676,-0.027478622,0.045341328,0.11525107,0.13532208,0.08515876,0.00083808607,-0.0591187,-0.0557762,0.003610383,0.06412654
0.11033595,0.05630934,0.024066571,0.041196246,0.09539489,0.14521758,0.15031722,0.09767263,0.029191636,-0.022317253,-0.022994518,0.019184494,0.058752425,0.057744082,0.0036608516,-0.06763797,-0.11053046,-0.10020158,-0.04542175,0.009782054,0.025606677,-0.005197529,-0.05625707,-0.0805874
-0.0066885874,0.02364172,0.05041609,0.044735868,0.003976088,-0.052148484,-0.09316416,-0.097511515,-0.07332254,-0.050884843,-0.055395246,-0.0904486,-0.13555323,-0.15824741,-0.14329791,-0.100488745,-0.058274034,-0.042557053,-0.05743195,-0.08340297,-0.088678345,-0.061084226,-0.008734262,0.038581017
-0.13719897,-0.06307882,0.012301477,0.03354844,-0.010957648,-0.08691521,-0.1320088,-0.09913637,-0.018457474,0.06907983,0.10220286,0.061709806,-0.01242924,-0.060734503,-0.033397496,0.045345653,0.12109825,0.14070602,0.087247334,-0.0030774085,-0.06467848,-0.056516446,0.008983446,0.071681775
-0.051887497,0.020660758,0.045958374,0.0076417,-0.06076743,-0.10569834,-0.08226519,0.0032293124,0.08304558,0.116213925,0.08556522,0.016360326,-0.0280159,-0.010312178,0.064169906,0.13816415,0.15615192,0.107900634,0.025758047,-0.035121884,-0.031983793,0.025303632,0.08533959,0.09548619
-0.16154417,-0.16034321,-0.10597415,-0.05139353,-0.04298071,-0.09664665,-0.18188742,-0.23215802,-0.21767241,-0.14494112,-0.06956755,-0.039245162,-0.07199484,-0.1335911,-0.16460072,-0.13439928,-0.05230274,0.03086485,0.06245619,0.029480632,-0.035506863,-0.07966391,-0.06243794,0.0017515001
0.15709835,0.18332353,0.13783056,0.060991947,0.017358854,0.042580865,0.12272235,0.19486338,0.20799544,0.14566423,0.053829562,-0.009969386,-0.0015441161,0.0630339,0.12560618,0.13039611,0.06451505,-0.032271303,-0.0920557,-0.078794636,-0.0047346414,0.07129753,0.08972116,0.03957053
-0.044808753,-0.1121334,-0.15533698,-0.14116393,-0.07661845,-0.005939586,0.025182674,0.0033249855,-0.044305485,-0.06990452,-0.04344253,0.029337386,0.105601,0.13468328,0.1058808,0.04722458,0.0067409594,0.017056854,0.06900409,0.121792495,0.12826936,0.07767124,-0.0023330941,-0.06125778
-0.07197925,-0.1139813,-0.1125749,-0.07716041,-0.043681916,-0.046523705,-0.0912691,-0.14727564,-0.17859636,-0.16433373,-0.11498161,-0.06343066,-0.046274394,-0.072046705,-0.112684526,-0.13027704,-0.10101726,-0.038225424,0.020139318,0.038131222,0.013004858,-0.02955375,-0.05367987,-0.036983028
0.16708633,0.19341026,0.1581595,0.092189364,0.045070525,0.057613876,0.12247278,0.18013301,0.18922387,0.13043974,0.04263985,-0.023122875,-0.027166735,0.026174009,0.07710912,0.08208111,0.027779497,-0.057642154,-0.113124035,-0.10069983,-0.029434068,0.04378939,0.06788912,0.035005912
-0.15893248,-0.14592834,-0.08533423,-0.024901219,-0.0061001484,-0.04158142,-0.104160815,-0.13365978,-0.108681865,-0.034630053,0.037904527,0.06575395,0.03742314,-0.01983452,-0.049674854,-0.027584214,0.035026576,0.098277554,0.112671554,0.068548046,-0.00453958,-0.056740128,-0.05156034,-0.0038821243
0.16114563,0.112719215,0.03178235,-0.021914706,-0.009872059,0.057777468,0.1269042,0.13344006,0.07699065,-0.015854578,-0.07941174,-0.07398454,-0.011898804,0.056614127,0.066254735,0.011311307,-0.07175336,-0.12690601,-0.10958054,-0.03129935,0.050410464,0.07827925,0.03689306,-0.03281892
0.041854896,-0.030594856,-0.06447288,-0.023753662,0.074775025,0.16630676,0.19854356,0.15456864,0.082727365,0.03865397,0.06268269,0.14437842,0.22071257,0.23130424,0.1644625,0.066894926,-0.0012731412,0.0009199789,0.06190075,0.12345678,0.12368611,0.053449996,-0.04779002,-0.11215489
0.17330286,0.21390475,0.18071775,0.10721822,0.05425841,0.06696244,0.14338781,0.220418,0.24239202,0.18359725,0.08668135,0.008674447,0.0013953446,0.058043312,0.12076572,0.13262692,0.07033776,-0.029418034,-0.09970491,-0.09843103,-0.028795814,0.053605266,0.08447175,0.046529837
0.14339785,0.17298777,0.13727197,0.07023923,0.023896955,0.0358632,0.09972927,0.16287465,0.1780017,0.12680103,0.04454246,-0.018769441,-0.021150671,0.03011729,0.085942075,0.09666169,0.0468975,-0.034420982,-0.09054075,-0.08545873,-0.022752251,0.0494357,0.075542726,0.04098804
0.17777644,0.13108024,0.05293693,0.0052141794,0.027226025,0.10231294,0.17478096,0.17975745,0.12154441,0.025376802,-0.039629836,-0.032854788,0.031954445,0.09604833,0.099230416,0.03617592,-0.0567618,-0.11576495,-0.09903111,-0.022563113,0.054134056,0.07731268,0.030643228,-0.043874495
0.09869431,0.01449391,-0.043769803,-0.035724852,0.026813079,0.092846334,0.10563166,0.042198572,-0.047450572,-0.1152967,-0.11528018,-0.05245112,0.0155821135,0.034326162,-0.02068784,-0.104650654,-0.155856,-0.13953918,-0.062007286,0.022889014,0.05672278,0.021550229,-0.04930929,-0.091423206
-0.0094448365,-0.07538306,-0.11601717,-0.0990412,-0.037242733,0.025451338,0.047502965,0.012698882,-0.0434429,-0.07476599,-0.055096004,0.012774701,0.08024916,0.10192668,0.06398745,0.0029457768,-0.037072215,-0.02371396,0.03228588,0.091209725,0.09974688,0.053013872,-0.019308817,-0.06781671
-0.1343347,-0.059318393,0.016773095,0.040444206,0.0015342843,-0.066474356,-0.10579585,-0.0686983,0.0132425,0.099147104,0.1325491,0.09311789,0.022132495,-0.024787314,0.0013114115,0.07430172,0.14288747,0.1583803,0.10260464,0.0098294085,-0.05328775,-0.049367078,0.009896489,0.06742109
-0.09095862,-0.14133753,-0.14447653,-0.10800561,-0.071493,-0.07161479,-0.11867777,-0.18177173,-0.21874692,-0.20166208,-0.14614436,-0.08475496,-0.06175103,-0.08486865,-0.12794486,-0.14680292,-0.113446385,-0.043880224,0.021999087,0.048203677,0.023149243,-0.025392378,-0.054644257,-0.039805036
-0.013128381,0.03935548,0.08897531,0.10415478,0.078788444,0.03338412,0.0016550153,0.012614278,0.05294446,0.09322495,0.10004332,0.06366449,0.0073855133,-0.03200957,-0.02667459,0.010084849,0.04602773,0.05200523,0.017798126,-0.03596057,-0.07055404,-0.0611336,-0.015083555,0.02993701
0.07999533,0.038883705,-0.025129775,-0.0532579,-0.013850051,0.07549649,0.16189343,0.18890958,0.15225635,0.08650832,0.049981553,0.07570625,0.14977577,0.21493275,0.22052795,0.16001388,0.07052454,0.010937897,0.015437569,0.07025772,0.11981759,0.11602412,0.0479913,-0.041732837
0.100848444,0.11664936,0.06875492,-0.0093513485,-0.06039039,-0.049575143,0.013222937,0.074283294,0.086715676,0.03566197,-0.043017656,-0.09647897,-0.0854735,-0.01938001,0.046952643,0.06497713,0.019909034,-0.05467173,-0.09967688,-0.07948916,-0.006499374,0.06723963,0.09037613,0.051127132
-0.068673916,-0.13707647,-0.17962134,-0.16877277,-0.11116905,-0.04744321,-0.025155626,-0.05089707,-0.09558365,-0.114202745,-0.083879866,-0.011060166,0.06319124,0.093707934,0.070448525,0.020574536,-0.008365647,0.00909742,0.062362887,0.11596078,0.124446355,0.075113416,0.00040174232,-0.052918497
0.17060035,0.20291686,0.18440127,0.13281645,0.09673981,0.10731545,0.15778516,0.20237754,0.2121045,0.16104518,0.08171157,0.017686164,0.005973655,0.041677266,0.07958399,0.08056907,0.027984459,-0.05050811,-0.10283721,-0.09695861,-0.04050356,0.020470764,0.04544331,0.022131456
0.077495515,0.04279601,-0.018682374,-0.0529299,-0.026402812,0.04714831,0.12390367,0.1519271,0.12045256,0.057208907,0.015960481,0.032005742,0.09735106,0.16118005,0.17450844,0.12698543,0.04656018,-0.010367743,-0.008213652,0.04389303,0.09657869,0.10422912,0.050777107,-0.029363269
0.023207592,0.04655354,0.009687102,-0.048107643,-0.07631705,-0.040334523,0.052117735,0.14488865,0.1786,0.14946121,0.09121392,0.05525476,0.081121035,0.15459484,0.22262573,0.2346128,0.1762385,0.088261746,0.024922987,0.024083825,0.07235258,0.119400576,0.1132428,0.04763739
-0.019393444,-0.11201131,-0.16932341,-0.15443464,-0.07869958,-0.0021841195,0.01809516,-0.031457074,-0.10594912,-0.14847614,-0.120814085,-0.03267246,0.056807615,0.086178355,0.04225062,-0.032869667,-0.07619795,-0.052705962,0.026247373,0.10478392,0.12339434,0.067797735,-0.0229934,-0.0833395
-0.03592829,0.036140982,0.05645888,0.014227828,-0.057693772,-0.100424014,-0.07490317,0.009361022,0.085675575,0.11431437,0.08031078,0.0086062625,-0.035988756,-0.018404804,0.054904323,0.12673604,0.14420179,0.09859851,0.018719422,-0.0407911,-0.03742498,0.021437444,0.08395248,0.0965189
-0.07144131,-0.0052976995,0.008282469,-0.036333133,-0.10455071,-0.14086597,-0.10720392,-0.014443036,0.066244245,0.09876847,0.06900442,0.005615609,-0.027093686,0.0011410601,0.08342279,0.15770595,0.17444791,0.12555753,0.043138523,-0.016166672,-0.009687952,0.048392408,0.10177441,0.10055408
0.04275013,0.09168053,0.09770082,0.0521182,-0.01696355,-0.06454138,-0.05812397,-0.010861279,0.03061865,0.029657483,-0.01583072,-0.08436559,-0.12628566,-0.11477709,-0.06156688,-0.0074672736,0.0064297426,-0.025689162,-0.07521494,-0.104549475,-0.08098593,-0.015103907,0.049036447,0.07233049
-0.2108556,-0.19564463,-0.122355096,-0.0465882,-0.022933269,-0.06670167,-0.14120276,-0.17507893,-0.14272179,-0.046589922,0.046633508,0.08527755,0.050787788,-0.018539036,-0.05428475,-0.025048248,0.055047784,0.13360496,0.14994207,0.09448959,0.0018628321,-0.06363209,-0.05875856,-0.0015633431
0.14723,0.17490533,0.13147315,0.055266883,0.0055952766,0.022134434,0.097119,0.16756022,0.18223085,0.12313282,0.02982963,-0.03579457,-0.031219494,0.035447594,0.10021013,0.11128497,0.05041598,-0.044242986,-0.105238274,-0.089697406,-0.012651691,0.06687288,0.08991139,0.044437956
0.1392232,0.11278538,0.061060246,0.026244162,0.03731592,0.084282495,0.13329667,0.13726081,0.09836975,0.030059649,-0.02250931,-0.025065187,0.014145751,0.05789645,0.062025234,0.021446161,-0.044579513,-0.091225356,-0.08535136,-0.03265215,0.023913786,0.04688897,0.020950064,-0.02887278
0.10200539,0.05367074,-0.026421301,-0.06745957,-0.026192222,0.076784335,0.18010163,0.21558174,0.17266698,0.09003023,0.04077865,0.06647296,0.15460066,0.23578192,0.24858,0.18031676,0.07305782,-0.0008052472,0.003802906,0.070567876,0.13580452,0.13941169,0.06322036,-0.043982826
0.0042442326,0.04427591,0.07612661,0.070597224,0.025077723,-0.034965325,-0.07720944,-0.07928008,-0.05122811,-0.02492834,-0.030698337,-0.07287789,-0.12709166,-0.15724418,-0.14330208,-0.09687879,-0.05124948,-0.03502418,-0.054749925,-0.08846321,-0.10173496,-0.072879925,-0.011917672,0.042496834
-0.0034991894,-0.086487256,-0.13854071,-0.11847088,-0.036214203,0.0478806,0.07678356,0.034938503,-0.03662773,-0.07917808,-0.055415962,0.029711347,0.11672183,0.14419398,0.09696981,0.016069112,-0.038768463,-0.026533453,0.043134976,0.11666284,0.12947297,0.07037285,-0.023767164,-0.090105064
0.054210976,-0.022760773,-0.06249582,-0.021568328,0.08569684,0.190382,0.23078515,0.18672538,0.10960548,0.05909493,0.08161898,0.16822733,0.25275525,0.26662722,0.19644427,0.08855631,0.009920968,0.0079381345,0.07080526,0.13651632,0.13803081,0.06328967,-0.047378384,-0.12119809
0.049353227,0.012693036,0.013094683,0.042001605,0.06861865,0.06317002,0.011075145,-0.06370498,-0.11416902,-0.12670739,-0.103602275,-0.07376725,-0.073961504,-0.11011135,-0.16482158,-0.19694592,-0.17960139,-0.12588336,-0.06638714,-0.036970984,-0.045940462,-0.074043594,-0.08367295,-0.053089995
-0.116027,-0.14909288,-0.13653108,-0.089312084,-0.04146081,-0.027488288,-0.057496447,-0.09780081,-0.11398085,-0.08310696,-0.021613041,0.03808136,0.060244974,0.036411807,-0.0027881432,-0.02339198,-0.0020236874,0.05062127,0.094312206,0.09857632,0.057451714,-0.0031138812,-0.04231632,-0.039286677
-0.15263757,-0.15498634,-0.11365602,-0.06916692,-0.068098895,-0.11873148,-0.19446538,-0.23896904,-0.22704448,-0.16154735,-0.09473042,-0.066610396,-0.09465782,-0.14507289,-0.16878766,-0.1378743,-0.058465287,0.020524947,0.049917802,0.022447247,-0.032158587,-0.06728079,-0.049620487,0.008640429
0.13121198,0.15247792,0.12521657,0.075293206,0.043603994,0.056304947,0.10729427,0.15196322,0.15858094,0.11221292,0.045428414,-0.0034108798,-0.004188858,0.0340428,0.07113434,0.07249403,0.02610109,-0.038563903,-0.07834591,-0.069860674,-0.0205576,0.03322217,0.050833296,0.024446024
-0.055716913,-0.05299329,-0.011363545,0.030815085,0.032367885,-0.016688429,-0.09223026,-0.14755972,-0.15068713,-0.10863693,-0.062741965,-0.049623627,-0.08648754,-0.1461751,-0.18376273,-0.16738343,-0.10558931,-0.036641493,-0.0047600497,-0.023624977,-0.07124304,-0.0981587,-0.07299942,-0.008680683
-0.12607697,-0.18612754,-0.17778212,-0.10896628,-0.028589698,0.0065188287,-0.028418139,-0.09536852,-0.13633282,-0.10895392,-0.025583647,0.067133695,0.10953763,0.07747522,0.008858167,-0.039686143,-0.023680905,0.047725335,0.12073944,0.1417864,0.0897193,-0.0022865485,-0.071567334,-0.07688211
0.042910434,0.09107479,0.09583214,0.046372533,-0.027798658,-0.07925915,-0.07756763,-0.03513598,0.005693848,0.005456644,-0.0428901,-0.113563836,-0.15810907,-0.14398481,-0.08727597,-0.029220732,-0.010911605,-0.043048516,-0.09399413,-0.11917074,-0.088677965,-0.018275805,0.050119646,0.075901166
-0.018537873,-0.06684604,-0.12904955,-0.16340561,-0.1461445,-0.09228953,-0.035413127,-0.0142485,-0.039835464,-0.08238362,-0.09860066,-0.06699451,0.0033633166,0.06712379,0.08828489,0.06185722,0.013899351,-0.011758849,0.008346042,0.05997194,0.104599096,0.1069487,0.0579105,-0.008964285
0.09803993,0.10597102,0.058729827,-0.012955325,-0.062299997,-0.058498126,-0.008512392,0.037764825,0.040931128,-0.010437699,-0.08195885,-0.12852046,-0.117781475,-0.05965707,-0.004388684,0.011492152,-0.025980348,-0.083384454,-0.11225569,-0.08607785,-0.018515505,0.049318645,0.07331304,0.045024075
0.17793459,0.16133566,0.12621048,0.10534084,0.12266022,0.16822276,0.21124034,0.20942608,0.17056465,0.10182795,0.049737442,0.039937764,0.06442709,0.09153589,0.08065993,0.030869089,-0.03870106,-0.0872363,-0.08558422,-0.043139037,0.0043799216,0.021031464,-0.0031214808,-0.04157034
-0.18740366,-0.17688124,-0.12198018,-0.061852124,-0.03436921,-0.05573842,-0.09693325,-0.1070087,-0.075334184,-4.888759e-05,0.07480208,0.11098227,0.09640819,0.05263449,0.030696258,0.049727537,0.10014728,0.14928932,0.1554832,0.109210074,0.036916815,-0.01863853,-0.028956247,-0.0023963808
0.06707088,0.0372155,-0.018565914,-0.049135674,-0.018822443,0.06049397,0.14664993,0.18300112,0.15968561,0.10175414,0.061656024,0.07737017,0.14350507,0.20939255,0.22538836,0.17795761,0.09299661,0.026085416,0.017096303,0.06251043,0.11238235,0.11676519,0.058214642,-0.028904488
-0.09656713,-0.072317995,-0.079648525,-0.12290226,-0.17559305,-0.20701386,-0.19295537,-0.1396571,-0.093596555,-0.07303056,-0.086019546,-0.11500128,-0.12121806,-0.09022157,-0.02637776,0.033228412,0.055717614,0.041076746,0.008681266,-0.011419369,0.0016664664,0.04282283,0.078979194,0.07888102
0.10465713,0.11378933,0.059764802,-0.021524698,-0.07184246,-0.05569045,0.01226456,0.07355831,0.081071794,0.023704426,-0.056879234,-0.10783724,-0.09022871,-0.017733846,0.048752755,0.062406413,0.013212041,-0.063291065,-0.10479242,-0.07758768,0.0019580624,0.07532766,0.0928628,0.048318077
-0.002110542,-0.045795254,-0.11234697,-0.1553862,-0.14552474,-0.092871584,-0.03312417,-0.008526645,-0.032477573,-0.079258285,-0.10605645,-0.08264612,-0.014854844,0.054112013,0.08261285,0.05980336,0.008841664,-0.023732223,-0.010176244,0.04299489,0.095449656,0.10785113,0.06552202,-0.0024354798
-0.13203031,-0.08610302,-0.04347517,-0.042928427,-0.09159705,-0.15865982,-0.19869041,-0.17672545,-0.117732555,-0.052625965,-0.031059232,-0.060304068,-0.11027001,-0.13182375,-0.09638395,-0.023772793,0.044796687,0.06718724,0.033265807,-0.021919547,-0.052048177,-0.033620376,0.022614261,0.070916
-0.064235084,-0.029725557,-0.023466201,-0.054021966,-0.09921163,-0.12867653,-0.11694449,-0.06697631,-0.019689377,0.0027834522,-0.011312568,-0.045839302,-0.06428908,-0.045661196,0.0070695765,0.058584794,0.07672279,0.055179693,0.013159074,-0.016443282,-0.009881978,0.026552068,0.0623989,0.06639976
0.09395694,0.022773493,-0.022362452,-0.011461738,0.049011886,0.10973169,0.120473005,0.061534625,-0.016119098,-0.0750551,-0.074936844,-0.020165954,0.038613204,0.05057674,-0.0013117807,-0.077849336,-0.12742078,-0.11626968,-0.049880214,0.023202276,0.049331445,0.014727599,-0.04867728,-0.085815094
