0.06660115,0.02937219,-0.033724014,-0.07316538,-0.091011025,-0.06548054,-0.04223263,-0.049243417,-0.086950645,-0.1448795,-0.19067973,-0.17700256,-0.134094,-0.08764495,-0.069766745,-0.083674476,-0.11383479,-0.123554125,-0.099597424,-0.036322724,0.023320232,0.056245342,0.043295432,0.01313399
-0.06269184,-0.11512828,-0.115817256,-0.06491758,-0.018256899,-0.012063541,-0.06484065,-0.13993376,-0.18571042,-0.17755522,-0.12213677,-0.05075625,-0.027471265,-0.05840361,-0.11815284,-0.15167476,-0.12724304,-0.047920704,0.027130162,0.053427722,0.02142438,-0.039030038,-0.076726675,-0.056041133
0.10241884,0.0783967,0.03135863,0.017224431,0.03145107,0.08257306,0.11763531,0.11829633,0.08257019,0.022307362,-0.016091308,0.004495483,0.038943715,0.075572334,0.07651858,0.029966807,-0.028313642,-0.060878113,-0.04185355,0.00063360756,0.04169531,0.048237722,0.013853983,-0.03098238
-0.04554629,-0.10095689,-0.13883536,-0.1302182,-0.08881286,-0.038701728,-0.02314802,-0.044113528,-0.08438774,-0.10713107,-0.08810046,-0.027107878,0.030038478,0.05600509,0.036573958,-0.007258781,-0.03288803,-0.022594092,0.025938932,0.07135824,0.080225214,0.040535063,-0.018653203,-0.06087432
-0.15558162,-0.099387005,-0.021593962,-0.013333137,-0.04342666,-0.122559026,-0.16138981,-0.13729866,-0.06325683,0.0328223,0.0844583,0.032900237,-0.033739578,-0.081464015,-0.059041243,0.023792768,0.10151288,0.12594193,0.077248104,-0.011265487,-0.07107575,-0.06444864,-0.00263409,0.056993946
0.14361936,0.11225008,0.039516933,0.0016300606,0.003997569,0.06581402,0.12154285,0.13374418,0.09143551,0.0060984003,-0.061712947,-0.044177074,0.007876534,0.067764506,0.07752715,0.03128213,-0.044694647,-0.09796914,-0.081414364,-0.01293182,0.05702197,0.08205517,0.04408381,-0.017819826
-0.009907249,-0.012698166,-0.056307588,-0.12130136,-0.15779139,-0.1491771,-0.092009835,-0.03854881,-0.025402058,-0.046317767,-0.085130095,-0.11336499,-0.08916699,-0.028076977,0.032406613,0.06157859,0.03672854,-0.008292393,-0.042883605,-0.021870943,0.030938787,0.07980939,0.087345086,0.044825878
-0.06384774,-0.097003244,-0.08457841,-0.03152383,0.019455103,0.03738733,0.010830383,-0.0372777,-0.06250196,-0.0442808,0.01036999,0.064786,0.084611446,0.05285274,-0.0010787958,-0.03319443,-0.01876644,0.026720082,0.06967725,0.07966531,0.03649745,-0.02867173,-0.06838061,-0.06386086
0.08145827,0.03415036,-0.046724934,-0.09322008,-0.10193243,-0.05954977,-0.019305583,-0.02033711,-0.06646193,-0.1398492,-0.19094415,-0.16585171,-0.11074397,-0.047810078,-0.02816651,-0.05289765,-0.1030104,-0.1255829,-0.09547423,-0.02139785,0.05116151,0.079199806,0.05103739,0.0007801577
0.009654452,0.023148084,0.06612902,0.10993152,0.11122673,0.071984574,0.0026499263,-0.047097225,-0.04782182,-0.019529305,0.007997115,0.01656385,-0.026491158,-0.09200365,-0.13153659,-0.12035065,-0.06759553,-0.024373462,0.0021279901,-0.024914794,-0.06898254,-0.088504985,-0.060864013,0.003716042
0.099997595,0.11059848,0.072563715,0.018683318,-0.02257064,-0.015033575,0.023798468,0.056887474,0.057292152,0.013736266,-0.052089173,-0.0877023,-0.0815542,-0.03851883,0.0052613695,0.017908998,-0.016853048,-0.066087544,-0.09179988,-0.069636844,-0.011907393,0.050317995,0.06901021,0.04521118
0.018663002,-0.050858136,-0.105140276,-0.09710832,-0.06594393,-0.022203026,-0.028435295,-0.08593605,-0.1487401,-0.19890015,-0.19737533,-0.12798569,-0.068801865,-0.048729323,-0.08011613,-0.13150744,-0.15582275,-0.12280544,-0.044596244,0.02578293,0.05167896,0.026724419,-0.023794292,-0.049933746
-0.05072542,-0.016180774,-0.0010314644,-0.03407475,-0.06731225,-0.09623891,-0.07800315,-0.02628263,0.018962389,0.046025135,0.03935276,-0.0063995174,-0.030678047,-0.016372653,0.029310765,0.07657896,0.089489594,0.06253295,0.01385501,-0.022520123,-0.017636789,0.013938325,0.047607332,0.049167816
0.012553626,0.025536302,0.067276694,0.110964745,0.12034169,0.08820143,0.028665137,-0.012367403,-0.013355314,0.0128441835,0.038625024,0.046987474,0.010478359,-0.048009727,-0.09065205,-0.08733877,-0.04915899,-0.006910407,0.013370763,-0.011072417,-0.053971034,-0.075333744,-0.059240215,-0.003478421
-0.0012897728,0.058725987,0.12510578,0.13973337,0.09698729,0.020992788,-0.035938162,-0.038502056,0.008105219,0.05784668,0.06534702,0.009793171,-0.066212006,-0.12586577,-0.12178837,-0.06774484,0.0017053221,0.021761995,-0.012586106,-0.07589469,-0.11361617,-0.0905956,-0.014251314,0.06384683
0.030551774,-0.031549536,-0.08720324,-0.087528795,-0.07060824,-0.037893772,-0.041550256,-0.09091095,-0.15170869,-0.19906166,-0.20538132,-0.15133162,-0.09987213,-0.07811894,-0.09954111,-0.13699234,-0.15402998,-0.122228235,-0.061688885,0.008197805,0.039435465,0.026934735,-0.009700584,-0.029567989
-0.055102732,-0.02776351,-0.023060998,-0.06866032,-0.12314576,-0.16692616,-0.16032931,-0.117793426,-0.08088215,-0.05506726,-0.06849241,-0.11979212,-0.14365919,-0.12711833,-0.06917154,-0.0041523045,0.02636144,0.015092687,-0.030798843,-0.055070516,-0.039525636,0.012190408,0.06157378,0.07582574
-0.00467989,0.059950065,0.12902859,0.14011233,0.09642092,0.015398837,-0.042025957,-0.04022933,0.013256701,0.06844628,0.07727922,0.019278768,-0.061963815,-0.123954035,-0.11893112,-0.05149547,0.016996166,0.03308996,-0.0024546431,-0.07346845,-0.11447152,-0.0871481,-0.00976114,0.06900342
0.029986003,0.0023633412,0.019223807,0.08586897,0.1311282,0.13705124,0.07832234,8.8359144e-07,-0.044634726,-0.042500418,-0.004943982,0.051615167,0.048933115,-0.006741778,-0.08060805,-0.12329852,-0.106436476,-0.045759767,0.016077034,0.029037597,-0.0127708465,-0.067128256,-0.09295118,-0.055883676
-0.12978373,-0.12005272,-0.06619362,-0.02412289,-0.0053865677,-0.037405066,-0.08277646,-0.10346521,-0.08322117,-0.020235877,0.044544224,0.05402194,0.026549557,-0.017385516,-0.03801059,-0.026889497,0.024126407,0.07365288,0.081018224,0.034456708,-0.023567945,-0.06477387,-0.05581972,-0.015769765
0.13709785,0.15225255,0.09258933,0.009645558,-0.05367045,-0.04298102,0.020653725,0.07805842,0.078003794,0.012455575,-0.08389223,-0.14119707,-0.13045323,-0.05733585,0.016557584,0.029971613,-0.018702058,-0.089057684,-0.1369373,-0.10285212,-0.011652239,0.07743415,0.1078993,0.06884642
0.01828024,-0.014157825,-0.0024828862,0.060756646,0.11047877,0.12363258,0.070975564,-0.006380006,-0.051883943,-0.054516822,-0.017451974,0.042541668,0.050079208,0.005076801,-0.06757456,-0.11672543,-0.10727263,-0.04863613,0.018284807,0.035329916,0.00011237949,-0.05782484,-0.09101071,-0.06527229
0.0076730936,-0.055299636,-0.15141457,-0.20852526,-0.19695073,-0.120659105,-0.040740736,-0.01270969,-0.056070693,-0.12808228,-0.16618091,-0.12875646,-0.040659953,0.056803405,0.09459498,0.054996386,-0.021127976,-0.06367729,-0.041079678,0.038294178,0.11612104,0.12903821,0.06686835,-0.030157965
-0.017669534,-0.010985232,0.036375266,0.08779334,0.096864425,0.047735836,-0.030811101,-0.088809416,-0.092864946,-0.05386335,-0.012363421,0.0025791435,-0.038381886,-0.10720565,-0.15921542,-0.1484218,-0.09026434,-0.019030575,0.011046052,-0.013527522,-0.06426509,-0.093835965,-0.07141022,0.0025906323
-0.09501567,-0.029732337,0.051536355,0.06861852,0.043619346,-0.020804405,-0.053006884,-0.025215266,0.04610971,0.127178,0.16297807,0.108602576,0.039636686,-0.013860091,-0.0009648258,0.06075371,0.12567388,0.12823111,0.07370064,-0.01252697,-0.072294936,-0.06932055,-0.010888705,0.044702772
0.0104531925,-0.03705197,-0.029078053,0.046172574,0.10218201,0.11045504,0.04252128,-0.058868684,-0.118908755,-0.12126048,-0.07078424,0.0050831186,0.015595107,-0.038705237,-0.12574257,-0.18071993,-0.15896071,-0.07253695,0.011263233,0.039404757,-0.0007562344,-0.072010726,-0.107323,-0.0702407
0.18257368,0.16661194,0.10774741,0.08295052,0.088333264,0.15319295,0.21100248,0.2227102,0.1841628,0.099562615,0.02746504,0.032195218,0.07214024,0.1183832,0.12144592,0.06621838,-0.015816549,-0.076854035,-0.07555236,-0.017594965,0.042071167,0.06686243,0.03348123,-0.02409864
0.023611039,-0.020446738,-0.04780846,-0.014897048,0.05086739,0.11897952,0.14633693,0.12549335,0.080428466,0.053186547,0.07118934,0.13319094,0.18199685,0.19107892,0.14592727,0.08064761,0.029122308,0.025260206,0.060309615,0.099235,0.091193646,0.034989674,-0.04063873,-0.08848627
-0.029098755,-0.056540042,-0.03995012,0.021195145,0.08023279,0.10234458,0.07566771,0.02364526,-0.0026052478,0.011042935,0.06294616,0.11933958,0.13187887,0.09261573,0.02781395,-0.01179174,-0.0077810255,0.031174544,0.076400004,0.0812308,0.03424561,-0.035573322,-0.078571,-0.073107645
0.080566436,0.17005159,0.20427187,0.15903008,0.090134986,0.04732378,0.07957282,0.15749185,0.23027395,0.24479389,0.1886304,0.08007517,0.014779374,0.016852735,0.08173144,0.14507078,0.14720392,0.07052481,-0.031622894,-0.094322346,-0.07993198,-0.002880261,0.07528049,0.08869288
-0.07817275,-0.025306847,-0.0033475829,-0.054341312,-0.10214139,-0.13296737,-0.09198195,-0.002063875,0.06652192,0.107841544,0.094155855,0.021814,-0.006606428,0.01918129,0.0928448,0.16035591,0.17101581,0.1172772,0.031856738,-0.020038608,-0.015021911,0.035402197,0.07753822,0.06834199
0.0117644435,-0.049007624,-0.086590484,-0.056150403,0.012794694,0.08574311,0.10302755,0.066487074,0.013945715,-0.023989484,-0.0057912674,0.07553633,0.13899037,0.15145835,0.098917365,0.028790955,-0.021550557,-0.01845697,0.04706659,0.10036513,0.0988626,0.03941959,-0.04497855,-0.095523484
-0.12559518,-0.085309,-0.029843342,-0.037403937,-0.08525955,-0.17049137,-0.22408365,-0.21705155,-0.16200034,-0.0906636,-0.058790978,-0.10515929,-0.16390683,-0.20047326,-0.17005804,-0.08932997,-0.008854405,0.032138236,0.0067976704,-0.05710515,-0.09098683,-0.0615255,0.008568638,0.07648787
-0.057398967,-0.12931561,-0.17572978,-0.16117728,-0.11265227,-0.06057722,-0.05102198,-0.08709689,-0.14376213,-0.16718528,-0.13875632,-0.06264563,0.0034907502,0.029711388,0.0019913155,-0.0488125,-0.07162209,-0.040282045,0.020548116,0.07959254,0.08830831,0.039859407,-0.028079929,-0.06775184
-0.082657725,-0.09160767,-0.0673482,-0.04134066,-0.037411813,-0.06562783,-0.112414256,-0.14676867,-0.148075,-0.11128365,-0.06995006,-0.05266263,-0.063301936,-0.098627344,-0.119225994,-0.10078082,-0.049953688,-0.0011107736,0.022191439,0.011053056,-0.023805777,-0.046578296,-0.03717128,0.0001376552
-0.109738395,-0.15122898,-0.14490053,-0.10170213,-0.046226177,-0.02956361,-0.053761765,-0.09629113,-0.11781337,-0.09491804,-0.029397788,0.03478424,0.0588883,0.04085571,-0.0029998848,-0.030317392,-0.021579016,0.030456733,0.08480014,0.08953566,0.050979003,-0.014646678,-0.06201758,-0.06487212
0.015675813,-0.043180935,-0.12827955,-0.17592487,-0.16180591,-0.0937991,-0.026268722,-0.005614491,-0.044668917,-0.110349365,-0.14441727,-0.10518231,-0.024585515,0.05610969,0.079128966,0.04462269,-0.024784204,-0.060259067,-0.03373383,0.04138743,0.106773034,0.11644666,0.05607653,-0.027617287
-0.0070822537,-0.04816487,-0.10541687,-0.1378079,-0.124907695,-0.07392517,-0.024016347,-0.0031793949,-0.026759246,-0.06625652,-0.0848285,-0.054129295,0.005009738,0.059970368,0.07575929,0.05693571,0.012835948,-0.02061486,-0.003905502,0.04608365,0.085499644,0.08566156,0.039271053,-0.02393795
-0.09578233,-0.061079048,-0.014425391,-0.018278763,-0.055084486,-0.12612016,-0.16823475,-0.16060147,-0.11724004,-0.056581605,-0.030658383,-0.068831846,-0.118898086,-0.1494975,-0.12961653,-0.06486457,-8.6253924e-05,0.033908322,0.008323434,-0.04352191,-0.07177382,-0.05186088,0.004532143,0.062265795
-0.05369695,0.029160144,0.12373166,0.14362565,0.111662365,0.028356042,-0.018046461,0.0064863334,0.08624957,0.16890766,0.19662558,0.1286283,0.036974538,-0.030670812,-0.02536056,0.045884777,0.11281271,0.11946231,0.060854703,-0.039613944,-0.10247653,-0.089515164,-0.015408251,0.060041033
0.08735006,0.015472344,-0.04155166,-0.008555033,0.05333872,0.1287603,0.13899271,0.076261796,-0.007975041,-0.07473882,-0.075460576,0.0068040015,0.07173173,0.088091575,0.031588357,-0.062033426,-0.11771544,-0.09584176,-0.021745097,0.057083894,0.07735043,0.026359992,-0.05057515,-0.092776544
0.11232882,0.13937517,0.10020631,0.029139008,-0.022070264,-0.009674424,0.055643685,0.11939873,0.13511167,0.08752831,0.00437803,-0.05407876,-0.05077931,0.011212323,0.077031076,0.090409726,0.03929535,-0.03910546,-0.092900425,-0.07948995,-0.007702813,0.06919495,0.094397165,0.055264987
0.09397486,0.064099304,0.00063305814,-0.037307043,-0.049964897,-0.021656986,0.008149147,0.010573119,-0.028449303,-0.09159079,-0.1404617,-0.12974526,-0.09605969,-0.04582862,-0.02643512,-0.048476845,-0.08844616,-0.10684467,-0.09116734,-0.035620645,0.027247135,0.055102784,0.041658826,0.0078036096
0.00079443573,0.01682535,0.05881406,0.09678149,0.09714335,0.058078486,-0.001271744,-0.04094967,-0.036323443,-0.0063656187,0.019782728,0.020303166,-0.019585846,-0.07687893,-0.110150374,-0.09619615,-0.05021925,-0.008061431,0.0072174408,-0.020961529,-0.061871607,-0.076808155,-0.050698437,0.006831588
-0.04408733,-0.09732101,-0.09734603,-0.04100268,0.013705969,0.025142087,-0.028532105,-0.10590303,-0.15410155,-0.15068646,-0.09656681,-0.017891243,0.0056137852,-0.029340366,-0.09962069,-0.14065707,-0.12364157,-0.047588475,0.033928514,0.061613947,0.027004302,-0.039248243,-0.08443406,-0.064401135
0.04044675,0.020355208,0.036980014,0.095054515,0.13405682,0.13883509,0.0900423,0.021195136,-0.012000938,-0.018110182,0.007890976,0.051343128,0.050825443,0.004758659,-0.063709244,-0.109068975,-0.09882871,-0.046810072,0.0061257263,0.019184759,-0.01184213,-0.060008936,-0.0798941,-0.049537014
0.0028663825,0.0626628,0.123228535,0.14078663,0.122923754,0.077890016,0.058441218,0.0809501,0.12784491,0.17426269,0.18368532,0.13312145,0.07221275,0.028770553,0.0299346,0.06470666,0.099780254,0.09209277,0.039261464,-0.023421247,-0.06261455,-0.05757233,-0.011023624,0.032383405
0.015066223,-0.032155707,-0.027518582,0.046696987,0.110299036,0.12700474,0.07183844,-0.017126033,-0.07909957,-0.08155457,-0.03188186,0.044393778,0.059076343,0.011754515,-0.07550246,-0.13368997,-0.124324165,-0.04585965,0.028018128,0.057134733,0.01736515,-0.05752418,-0.103714325,-0.07731217
0.06619292,0.13737811,0.16467181,0.13094842,0.07687446,0.04704005,0.07513357,0.1408884,0.19347395,0.20424122,0.15866604,0.06951195,0.018540742,0.022974517,0.07896601,0.12013448,0.119511396,0.060970526,-0.027617576,-0.076217465,-0.06456196,-0.0024751085,0.05795814,0.067589834
-0.1355795,-0.18791361,-0.17654084,-0.11636497,-0.047827058,-0.026260732,-0.06446323,-0.120939866,-0.15341027,-0.120613575,-0.036965683,0.04641073,0.07488631,0.04311554,-0.014974363,-0.047538448,-0.026423292,0.03780101,0.10655328,0.11357284,0.057696607,-0.026773173,-0.08533708,-0.08267906
-0.097217634,-0.09317508,-0.05491989,-0.024419963,-0.015097624,-0.043434985,-0.07923512,-0.10034223,-0.08576632,-0.03536532,0.01329901,0.020476433,0.0021793868,-0.0368575,-0.056364097,-0.03583072,0.009239983,0.049696323,0.054849006,0.026790412,-0.019546239,-0.046432965,-0.03728511,-0.0029800404
0.0010330437,-0.041957907,-0.020522244,0.06893001,0.13703902,0.14543872,0.0703865,-0.02959364,-0.0859066,-0.076813556,-0.013997441,0.06881246,0.07303925,0.004851056,-0.09546932,-0.15173191,-0.12451828,-0.038913302,0.045482036,0.06293518,0.0048633036,-0.0828466,-0.1244982,-0.08242649
-0.042222116,0.026164904,0.057567313,0.0043525454,-0.058769263,-0.109330215,-0.07887616,0.005197548,0.08512927,0.1241873,0.098340146,0.008150476,-0.03770736,-0.02241967,0.048770092,0.1265053,0.14513287,0.09391262,0.0033138099,-0.055981223,-0.047514495,0.016281933,0.081384845,0.090462565
0.02638243,0.03282873,-0.0187606,-0.09794867,-0.1458034,-0.13695492,-0.06857683,-0.0021534206,0.012543207,-0.022438161,-0.08104206,-0.12494461,-0.105073504,-0.029173378,0.046464738,0.07431903,0.0388597,-0.02151668,-0.06830971,-0.04773522,0.02407888,0.0876611,0.10476123,0.055285882
0.025461705,-0.045236092,-0.09165551,-0.0559315,0.02292406,0.11151792,0.13870215,0.09575088,0.030496107,-0.020353029,-0.0049319398,0.08239516,0.16026305,0.18173411,0.12354294,0.028594563,-0.03618992,-0.028088264,0.03957949,0.10774645,0.11339959,0.046297226,-0.0505307,-0.112595856
-0.02930882,-0.06691371,-0.117552094,-0.1504308,-0.14883128,-0.1120276,-0.07556086,-0.056831777,-0.07629136,-0.10534851,-0.11708735,-0.092218705,-0.043642018,0.003276424,0.028749354,0.0232938,9.104419e-05,-0.024019193,-0.009300043,0.03205193,0.06532836,0.07123651,0.039810523,-0.009588251
0.02669212,0.049987063,0.018706761,-0.0460323,-0.07258673,-0.04297443,0.048962772,0.13444673,0.16805409,0.14429808,0.09157136,0.04205373,0.060969174,0.12946132,0.1954667,0.21003433,0.14981692,0.06069999,-0.0064752917,-0.0054199826,0.045319,0.09559113,0.095021784,0.0282398
0.11490781,0.12535667,0.07196953,-0.0024758216,-0.058629774,-0.052991584,0.00024058155,0.047424246,0.04879992,-0.006007375,-0.08882885,-0.13683048,-0.12525305,-0.064130746,-0.0034701864,0.018088812,-0.02284157,-0.0805449,-0.11881521,-0.086167514,-0.008477648,0.07217654,0.09741413,0.06500013
0.11532157,0.035506558,-0.030947028,-0.0013722867,0.061329402,0.138656,0.14398463,0.073556826,-0.019875867,-0.10053569,-0.112480156,-0.020053606,0.051369514,0.07097078,0.0041665095,-0.09586579,-0.15871479,-0.13468213,-0.044491064,0.048738267,0.07954163,0.03099744,-0.051609978,-0.09193726
0.014917129,-0.022261541,-0.017472088,0.044202294,0.097500175,0.114272006,0.072463915,0.0005865707,-0.04964945,-0.053600177,-0.014960676,0.045432758,0.05901893,0.022894975,-0.048490953,-0.10282363,-0.09877767,-0.03656429,0.021720642,0.045683328,0.015101931,-0.04757041,-0.08607244,-0.06710303
0.101999275,0.11239495,0.07210008,0.014686637,-0.030154584,-0.031415116,0.0020068767,0.03535122,0.0349259,-0.0102734035,-0.07649944,-0.112873465,-0.11145701,-0.06599308,-0.020207858,-0.0045085666,-0.035256166,-0.076432,-0.10046005,-0.07883159,-0.016242225,0.047554944,0.07147507,0.05340697
0.11859738,0.077074826,-0.008356588,-0.05835346,-0.070417196,-0.015862737,0.03291591,0.03890241,-0.011318831,-0.1004156,-0.16756715,-0.15031202,-0.095157266,-0.024033602,0.0056001563,-0.034090444,-0.09607684,-0.13630472,-0.11210217,-0.037064373,0.046121348,0.081695944,0.05503012,-0.004660855
0.08860791,0.18423398,0.22271708,0.18221104,0.1129026,0.06545073,0.09598054,0.17598067,0.24618305,0.26627147,0.21295203,0.09963935,0.024116557,0.022177756,0.08781396,0.15217006,0.15983357,0.0841001,-0.027972797,-0.09751872,-0.086530976,-0.013705157,0.07039389,0.08969992
-0.13866338,-0.09234399,-0.025441827,-0.026199976,-0.071572945,-0.16290843,-0.22309883,-0.21308404,-0.15005341,-0.06897317,-0.03017624,-0.07784472,-0.14123322,-0.18724407,-0.16415606,-0.07818751,0.013164273,0.054553434,0.025841562,-0.04571921,-0.09073525,-0.070401326,0.0016039067,0.0753115
0.14905739,0.16679135,0.1053179,0.016195064,-0.0539875,-0.051740587,0.009935184,0.07116737,0.07427378,0.006428054,-0.09617676,-0.15892357,-0.15113182,-0.07784321,-0.0033694245,0.019444639,-0.02701384,-0.09581432,-0.14712371,-0.11097856,-0.015860064,0.08095852,0.11687045,0.08237159
0.000977673,-0.044034835,-0.027767934,0.054865178,0.11592474,0.12602161,0.055955328,-0.044005524,-0.09769754,-0.094277486,-0.03816812,0.039835744,0.051614907,-0.0118562905,-0.10719431,-0.160518,-0.13294871,-0.05108117,0.032057915,0.057073124,0.005350512,-0.07485861,-0.11360677,-0.07670493
0.034363672,-0.017283203,-0.09512418,-0.13396835,-0.11767765,-0.04411013,0.021878459,0.03887464,0.0026868542,-0.06773415,-0.10422564,-0.068525024,0.0086158095,0.0819743,0.100876905,0.056396767,-0.011065858,-0.056620695,-0.03064597,0.039466027,0.10057496,0.10349348,0.046714034,-0.0383016
0.10737539,0.089531,0.04049728,0.013175994,0.008279369,0.046074465,0.086410105,0.09086028,0.06177992,0.0024500035,-0.048734084,-0.046349335,-0.014187263,0.029025165,0.039476465,0.004504965,-0.04835601,-0.079393916,-0.07517758,-0.027788403,0.026052361,0.049666673,0.03266243,-0.0052132695
0.120893,0.0582318,-0.0004413854,0.01921682,0.06811942,0.13617082,0.14007878,0.08366509,0.005946641,-0.07257856,-0.09249276,-0.01818364,0.037892956,0.0573635,0.008361074,-0.07744004,-0.13674262,-0.12747003,-0.047791477,0.026834698,0.059179895,0.027213816,-0.039223973,-0.076666504
0.06396596,0.021504715,-0.051133666,-0.079537265,-0.047393195,0.038771648,0.12469963,0.15251534,0.112128265,0.04463343,0.0072740237,0.038347296,0.11077313,0.18704994,0.1979056,0.13421279,0.04247214,-0.012477018,-0.008253379,0.055713713,0.11357849,0.105771825,0.037390858,-0.055546567
-0.058667313,-0.11954773,-0.11688401,-0.04694641,0.018657474,0.03500723,-0.023553766,-0.11127385,-0.16933404,-0.15875551,-0.09077314,-0.00052208785,0.025349475,-0.017553259,-0.09712018,-0.14643626,-0.12503111,-0.037545335,0.04882679,0.07842088,0.03250249,-0.04783345,-0.10121695,-0.07830753
0.0933146,0.091558196,0.03819997,-0.025223603,-0.072065346,-0.05939944,-0.016027827,0.01197915,0.0051494497,-0.049739253,-0.11989621,-0.15231448,-0.1330682,-0.07783921,-0.024567736,-0.014146145,-0.05052069,-0.095567405,-0.1137787,-0.077096224,-0.0064468645,0.06287741,0.08047347,0.04800962
0.13753197,0.10988342,0.045553096,0.015673412,0.023551585,0.08784065,0.14096536,0.14888082,0.11070361,0.025725482,-0.037758928,-0.021194143,0.02965429,0.086887114,0.0932173,0.035139084,-0.04131998,-0.092719756,-0.073572434,-0.011870369,0.05405889,0.071081154,0.033181816,-0.029341614
0.018106634,0.024902588,-0.013804812,-0.077378415,-0.11739918,-0.10575044,-0.046893787,0.008956369,0.026934331,0.0009355783,-0.047611713,-0.08500086,-0.06483503,-0.008947854,0.05122764,0.079333626,0.05187728,-0.00670206,-0.04738801,-0.029866114,0.021792639,0.07597903,0.08822992,0.04471193
-0.117616765,-0.16271898,-0.1550485,-0.108011894,-0.050126087,-0.03126555,-0.059504673,-0.101373926,-0.12713934,-0.1004149,-0.032785725,0.037433878,0.0661861,0.04431894,-0.00543526,-0.03286139,-0.01770455,0.034572676,0.090474196,0.10031068,0.056428134,-0.014698677,-0.06725301,-0.06806088
0.06310707,0.084451966,0.0407315,-0.036889188,-0.071909234,-0.03576971,0.062496204,0.1555312,0.1859486,0.14436373,0.07038584,0.018291028,0.04535823,0.122346565,0.1928906,0.20790976,0.13774873,0.034163132,-0.03210749,-0.016979948,0.047651462,0.11382059,0.11134589,0.037453774
-0.09584724,-0.09171684,-0.045064375,-0.006060154,-0.0026744024,-0.049760148,-0.11521702,-0.157986,-0.14740056,-0.09415859,-0.039950218,-0.03035302,-0.061222553,-0.115582995,-0.14300242,-0.11935526,-0.053201936,0.011914664,0.033467826,0.0013215435,-0.049816415,-0.077258386,-0.05374463,0.004980646
0.021074532,0.026676081,-0.027310302,-0.10986058,-0.15978388,-0.1469771,-0.07229463,0.0011241722,0.01775811,-0.015864689,-0.07536021,-0.12043415,-0.09660603,-0.019911522,0.06022367,0.093796544,0.05877803,-0.009519179,-0.062143665,-0.039152507,0.03076005,0.09749415,0.112489276,0.057880126
-0.026533049,-0.043201845,-0.003941109,0.07913407,0.15393452,0.17986378,0.14625861,0.09188438,0.070972964,0.09388553,0.15456736,0.21256223,0.21661277,0.16190705,0.07954658,0.019842513,0.02086611,0.06133819,0.10484044,0.0950265,0.029601878,-0.057646394,-0.10661775,-0.09361073
0.16045678,0.19536987,0.16216333,0.10687322,0.06720618,0.09075025,0.15983625,0.2228149,0.2317144,0.17906187,0.09323158,0.03325164,0.029783182,0.08092754,0.13460602,0.13286382,0.071593665,-0.016343264,-0.07959442,-0.069786616,-0.0070977286,0.060020287,0.07936294,0.038284063
-0.16042374,-0.15441975,-0.09360785,-0.0466189,-0.02628305,-0.066345654,-0.12378088,-0.15091857,-0.124303594,-0.04788318,0.029894924,0.04807483,0.021042971,-0.03735978,-0.06826361,-0.039692298,0.027676197,0.08376876,0.10045417,0.05208091,-0.021191033,-0.06872325,-0.060910214,-0.01256862
0.011886627,0.058441762,0.07307211,0.03204713,-0.027109789,-0.07373602,-0.07368725,-0.03172707,0.01185596,0.023653766,-0.007556859,-0.07190383,-0.11355136,-0.10708459,-0.05401817,0.002427452,0.027787596,0.0008608334,-0.04727146,-0.08275337,-0.064689815,-0.00719759,0.05539159,0.077357486
-0.01784418,-0.03840644,-0.013536751,0.05327631,0.12162328,0.15047039,0.12738971,0.083133236,0.05860544,0.07369837,0.12311689,0.17964718,0.189204,0.1496997,0.07912059,0.026350541,0.016410913,0.04855115,0.08998199,0.087696135,0.036868855,-0.036351856,-0.08790145,-0.08381067
-0.017440282,0.008899844,0.089626566,0.16557653,0.1768057,0.1183497,0.022319846,-0.043736745,-0.030443758,0.028399007,0.081104696,0.08643034,0.027177133,-0.07765908,-0.14713292,-0.13145491,-0.052763637,0.017095655,0.03895231,-0.0069345464,-0.08999424,-0.12954736,-0.09552489,-0.0012473587
-0.12009065,-0.1676585,-0.15078124,-0.08276385,-0.012778412,0.011961144,-0.020694332,-0.076191634,-0.10797847,-0.07616882,0.0040074266,0.07964427,0.11031063,0.07463719,0.00920572,-0.03362062,-0.012235925,0.05090909,0.106131434,0.117495045,0.058626734,-0.03160777,-0.089153334,-0.086457275
0.07599386,0.14744128,0.17493305,0.14574866,0.09340023,0.061743703,0.08960157,0.14942215,0.1971534,0.21171716,0.16855319,0.080650605,0.02565896,0.025114702,0.07507188,0.11874889,0.11982084,0.06326899,-0.027560884,-0.07573513,-0.06658824,-0.008675441,0.053093486,0.06688092
-0.051171184,-0.09997226,-0.13274369,-0.12995176,-0.094814554,-0.052314367,-0.038153782,-0.05349945,-0.08172183,-0.10089826,-0.08359705,-0.030363329,0.021041328,0.044931803,0.031141093,-0.0016039147,-0.027135873,-0.018417358,0.027234318,0.064526446,0.07157165,0.042919353,-0.010311823,-0.049106203
-0.025031358,-0.09974013,-0.1499844,-0.13098179,-0.07024345,0.001714846,0.021185879,-0.016794996,-0.07434095,-0.11285659,-0.09266582,-0.008683142,0.069165945,0.09453564,0.05436239,-0.010195235,-0.053446397,-0.038982466,0.030352358,0.09735187,0.105453044,0.053017937,-0.031406812,-0.08667574
-0.04826859,-0.097597085,-0.09949618,-0.050710157,-0.008135432,-0.0036381846,-0.054493796,-0.12588432,-0.17153679,-0.16432303,-0.11359887,-0.047476135,-0.026345748,-0.059025258,-0.117677465,-0.14472105,-0.11913364,-0.044188462,0.023603776,0.051167224,0.019396055,-0.036448516,-0.07111171,-0.04984081
0.07959755,0.008681877,-0.049490117,-0.0242843,0.037356585,0.112124704,0.12060289,0.0666786,-0.01218769,-0.08016881,-0.083860315,0.002797367,0.06776288,0.08939873,0.035856985,-0.052301377,-0.11029388,-0.09783644,-0.015709113,0.059020404,0.08287794,0.033884507,-0.04601824,-0.09119356
-0.04193576,0.011852663,0.033982076,-0.0065660756,-0.053723853,-0.087328084,-0.05203872,0.02001018,0.08329601,0.119195156,0.10543313,0.032276213,-0.0014611313,0.010276915,0.07061285,0.1392531,0.15598974,0.10656024,0.023068255,-0.02486039,-0.024017882,0.020492546,0.06931107,0.06628189
0.19558093,0.17038466,0.098346956,0.07074052,0.08338146,0.16096717,0.22980976,0.2418594,0.1939527,0.09522663,0.01747213,0.031484056,0.083707474,0.14373751,0.1438855,0.07245867,-0.022690985,-0.08882429,-0.081252284,-0.010186916,0.0623208,0.07919558,0.03494383,-0.035904884
0.014405948,0.0349594,0.08355344,0.1287652,0.13469784,0.096511446,0.033451363,-0.009681611,-0.0051033353,0.024395512,0.050620917,0.052224148,0.0066914544,-0.05549857,-0.09593183,-0.09111483,-0.04967191,-0.0072090076,0.01068709,-0.023092886,-0.06725981,-0.0868487,-0.061835974,-0.0004111546
-0.1408857,-0.06976508,0.023937963,0.041853327,0.013109286,-0.066729054,-0.105001576,-0.07611025,0.00714778,0.10838518,0.1586332,0.09537092,0.018444242,-0.039303325,-0.020814167,0.055255976,0.13262887,0.1502711,0.0877356,-0.013003968,-0.08238752,-0.07828632,-0.010967665,0.053758606
-0.0025649627,-0.051447123,-0.122913845,-0.16585715,-0.15891565,-0.10218426,-0.041629177,-0.018260133,-0.047843166,-0.09796668,-0.12529394,-0.09641886,-0.026015358,0.042606253,0.06785265,0.04623061,-0.004089111,-0.0386445,-0.02444484,0.03958321,0.09277441,0.10166956,0.05393662,-0.018656733
0.06933209,0.10430016,0.107092194,0.077326454,0.027242484,-0.011777174,-0.01396018,0.008367396,0.025420336,0.020927502,-0.016808312,-0.07099636,-0.10816414,-0.104876526,-0.07014051,-0.03437909,-0.020974606,-0.03146797,-0.07316154,-0.087838575,-0.0641086,-0.011663425,0.0418119,0.06789014
-0.13691166,-0.13650006,-0.093255445,-0.05995404,-0.04294504,-0.074469104,-0.11964133,-0.14021176,-0.122517236,-0.06703543,-0.005694899,0.011918012,-0.006305579,-0.04109478,-0.06086271,-0.048393447,0.002134797,0.052650273,0.071258195,0.03518569,-0.012972705,-0.053286057,-0.04814769,-0.012316639
-0.017379979,0.022028048,0.0655035,0.07758137,0.065941714,0.035528924,0.020896485,0.036155544,0.073801026,0.109774806,0.12205181,0.09022157,0.050778195,0.01778335,0.019474436,0.049800485,0.0785617,0.07125362,0.038969483,-0.006526602,-0.03914302,-0.0371556,-0.006520984,0.021106198
0.026322167,-0.01821896,-0.08427252,-0.11755104,-0.10403128,-0.044536296,0.01110119,0.023490895,-0.009206065,-0.06478622,-0.09426061,-0.06479604,-0.00034937312,0.06156941,0.07690679,0.04286111,-0.015621952,-0.048396725,-0.02815188,0.031531543,0.08277897,0.088168405,0.039775115,-0.029475803
0.201524,0.2473688,0.2047179,0.13201778,0.08074847,0.10846331,0.1989021,0.27986178,0.29647344,0.22786346,0.11864014,0.04191051,0.03644116,0.104351446,0.1729491,0.17059672,0.093415074,-0.021532351,-0.10063151,-0.08989995,-0.0063113426,0.07553437,0.103584476,0.049936213
-0.15007983,-0.097738564,-0.025710125,-0.021222068,-0.045388814,-0.10847518,-0.13355911,-0.10109082,-0.026817275,0.06135688,0.10715509,0.06034234,0.0041688476,-0.035825208,-0.010961803,0.061886452,0.121424966,0.13231993,0.08463034,0.0014822212,-0.05539316,-0.04534902,0.0030626843,0.04854222
0.013462721,0.04032987,0.11013067,0.17754045,0.18678217,0.13361885,0.041748922,-0.020941045,-0.01705273,0.025189605,0.06533339,0.06834328,0.0058930675,-0.08321258,-0.14016308,-0.13789913,-0.07526156,-0.009538459,0.01539824,-0.030677365,-0.095531136,-0.12589307,-0.09106626,-0.0031239681
0.05857946,0.027043886,0.03299172,0.096665725,0.13961895,0.15230037,0.1017637,0.022244297,-0.030433947,-0.04199453,-0.01525615,0.03943332,0.044650726,-0.004305786,-0.078889556,-0.12869334,-0.116661176,-0.060717367,-0.0023456984,0.02471056,-0.006356975,-0.059866074,-0.08639386,-0.05662073
0.058205225,0.021204555,-0.047768798,-0.084022805,-0.06731818,0.0031399867,0.080187984,0.10917257,0.078619175,0.016205741,-0.024539813,-0.004432174,0.061374534,0.13138887,0.14892283,0.10684586,0.029176706,-0.022070546,-0.021578826,0.03918466,0.09567544,0.103221506,0.049348846,-0.03270502
-0.06857893,-0.10768359,-0.07636628,0.010711964,0.09128208,0.11307417,0.05948056,-0.020402838,-0.056609426,-0.029739331,0.049549267,0.13090466,0.14267974,0.08566015,-0.0012241044,-0.05930804,-0.04784164,0.024444705,0.0991901,0.09759486,0.029217549,-0.06354705,-0.11981778,-0.09914487
-0.11002519,-0.15954156,-0.1377343,-0.061713286,0.009939513,0.027273607,-0.024651304,-0.10072189,-0.1392361,-0.10872017,-0.026113324,0.0565545,0.07928932,0.034538567,-0.04036061,-0.090441644,-0.06627765,0.014393783,0.08853352,0.097272165,0.037172187,-0.053266633,-0.10681964,-0.08852785
-0.01914376,-0.058335785,-0.11922859,-0.16222581,-0.16169693,-0.11941971,-0.06807477,-0.04367175,-0.066387765,-0.10465926,-0.12544116,-0.106572665,-0.05253972,0.012393474,0.047639467,0.033700664,-0.0084592365,-0.033162385,-0.024599146,0.021636125,0.07080434,0.08601108,0.051592987,-0.008615918
0.06013637,0.03061612,-0.02214879,-0.042687103,-0.018417994,0.045244657,0.10600868,0.12793933,0.102599084,0.049636345,0.019233545,0.04367353,0.09772949,0.14740936,0.14857715,0.10940913,0.044138476,-0.0047225477,0.001553284,0.049719326,0.08821227,0.081349656,0.029363511,-0.040493224
0.033295903,0.007626655,0.024219386,0.08836735,0.12763995,0.12639965,0.064647086,-0.013570904,-0.05820654,-0.058848165,-0.025118943,0.025159996,0.020528862,-0.031433765,-0.102711424,-0.14745441,-0.12523825,-0.057749555,0.0006058859,0.01536058,-0.0197996,-0.07255406,-0.09046673,-0.04874867
0.028159913,0.032133717,-0.0146853365,-0.08559153,-0.13291307,-0.12559262,-0.070685185,-0.013976027,-0.0045288117,-0.037716035,-0.09293514,-0.13085969,-0.11361432,-0.049142193,0.020424763,0.04537391,0.018976564,-0.033811186,-0.07215096,-0.050658844,0.013146423,0.07489497,0.092788555,0.053633347
-0.053016003,-0.106871806,-0.11246376,-0.068629414,-0.030810105,-0.029588852,-0.08753031,-0.16317537,-0.20706026,-0.2046023,-0.15593812,-0.083214596,-0.060413808,-0.09315581,-0.1513256,-0.17467463,-0.14247015,-0.06836771,0.013387074,0.044589862,0.016988764,-0.03699283,-0.06846105,-0.044125322
0.02548355,-0.050765015,-0.11019286,-0.10038931,-0.05714583,-0.001177288,-0.00094770803,-0.052056447,-0.122033454,-0.1755739,-0.17515485,-0.09332103,-0.024773363,-0.00093466137,-0.041414004,-0.10094183,-0.13849783,-0.11157253,-0.029531043,0.04872805,0.07353697,0.04174595,-0.027209401,-0.06176511
-0.14298972,-0.07008089,0.025881477,0.03891257,0.0011404201,-0.08451965,-0.13239118,-0.104214184,-0.017162153,0.084995866,0.13144313,0.06693409,-0.014428077,-0.07707049,-0.052944392,0.0325735,0.11667135,0.13288017,0.07665875,-0.02703981,-0.0975665,-0.08127455,-0.007390338,0.06512224
-0.14468044,-0.13984297,-0.07758096,-0.021685999,0.0065673226,-0.032099236,-0.0944613,-0.12686862,-0.10785456,-0.03251018,0.048438486,0.07223435,0.04216238,-0.021929035,-0.062609114,-0.04100952,0.024360145,0.08643613,0.10588393,0.05778772,-0.020077897,-0.07553664,-0.07258281,-0.020687034
0.0039050512,0.024168085,0.08109251,0.14178911,0.15779042,0.12062348,0.05067772,0.0012468989,0.0040840176,0.041476566,0.08227975,0.09085195,0.041949533,-0.032873668,-0.0839797,-0.082978666,-0.030690942,0.016525391,0.03573287,-0.003376762,-0.06253364,-0.10109368,-0.07881888,-0.013941829
0.052233495,0.019071365,-0.042077303,-0.072967365,-0.05353307,0.016722767,0.08724725,0.11722699,0.09063659,0.033518992,-0.0019464311,0.02200901,0.08099712,0.14259705,0.15871088,0.117254436,0.044634156,-0.011606454,-0.0070690447,0.04416934,0.09150903,0.094605744,0.0411583,-0.036533784
0.065228015,0.02722439,-0.040137414,-0.065797426,-0.032915846,0.06273625,0.15463148,0.18623498,0.15207268,0.08615691,0.046936776,0.07326655,0.14940684,0.21981372,0.2318024,0.16974092,0.07474307,0.0058626756,0.004049342,0.065458275,0.11471546,0.11071358,0.038914084,-0.061279565
0.1481249,0.18711567,0.14841859,0.07685675,0.027833601,0.048692457,0.12951311,0.2084228,0.22709899,0.17434332,0.08282701,0.014075828,0.009784269,0.0744879,0.1458354,0.15490407,0.089727245,-0.010054808,-0.081980236,-0.07666946,-0.0035975808,0.074935846,0.09991328,0.051193338
0.0270019,-0.0039057743,-0.05044784,-0.06322405,-0.0337092,0.039710265,0.107370555,0.12945215,0.10836173,0.06341081,0.044764016,0.068771586,0.12906396,0.17631802,0.18189663,0.13539095,0.07280623,0.022575758,0.022878151,0.06722849,0.0949495,0.08052366,0.024542956,-0.053036924
0.04416808,0.0064341146,0.020752087,0.1009093,0.1601049,0.17149374,0.10412257,0.0057296716,-0.05198584,-0.060091894,-0.018116398,0.05260385,0.057285372,-0.0008867864,-0.09456043,-0.15840253,-0.14473031,-0.06804921,0.011820774,0.03511354,-0.005695349,-0.07808999,-0.11338008,-0.07592731
-0.0050639627,-0.051252544,-0.12133721,-0.16285397,-0.15668997,-0.10246722,-0.04275871,-0.018217133,-0.048983525,-0.095773414,-0.11986788,-0.092803895,-0.028231082,0.040246,0.06912259,0.048118252,0.0024892804,-0.032201264,-0.021903366,0.036873844,0.08952693,0.09498152,0.05170994,-0.018852644
-0.059531014,-0.025502373,0.06266564,0.14406799,0.18255788,0.14490207,0.082782835,0.046425417,0.070220664,0.14323592,0.21323681,0.21776734,0.16297707,0.07713086,0.013004215,0.010077395,0.06016695,0.112573855,0.11061765,0.044322696,-0.04555476,-0.10975692,-0.09936596,-0.03501163
0.012860565,0.015946593,-0.030497033,-0.10619065,-0.1509631,-0.14409949,-0.085579224,-0.02550709,-0.009086978,-0.038419906,-0.09196432,-0.1272837,-0.1067956,-0.0392827,0.02886948,0.060183555,0.026957039,-0.027626827,-0.062145103,-0.04265229,0.020870697,0.085003026,0.09743303,0.05475713
-0.041048195,-0.006928499,0.06936132,0.13429764,0.1639822,0.12915811,0.07648852,0.050597996,0.07805688,0.13514178,0.18892005,0.18894862,0.13865422,0.067719236,0.01543821,0.012761355,0.052993037,0.091658846,0.090694755,0.030417943,-0.04172119,-0.09295846,-0.079990394,-0.025216328
-0.1063376,-0.06878475,-0.022603769,-0.035286903,-0.085393965,-0.16769968,-0.21435812,-0.20651394,-0.15711866,-0.0948055,-0.07138385,-0.11887022,-0.17308001,-0.2018524,-0.17074525,-0.09304741,-0.018047305,0.019699713,-0.007919371,-0.062448073,-0.08579852,-0.054300465,0.015469178,0.07850068
-0.15530142,-0.1518071,-0.09820855,-0.05453931,-0.026127836,-0.052420344,-0.09341929,-0.110168435,-0.088428855,-0.019234117,0.054142103,0.07157544,0.054107696,0.011237274,-0.015061614,-0.0009232872,0.045752805,0.09676776,0.10607889,0.061962415,-0.0033116643,-0.051149722,-0.056329947,-0.02428875
0.019030157,-0.051701583,-0.10992098,-0.104258865,-0.07081307,-0.022555854,-0.022357209,-0.07266972,-0.13552804,-0.18675236,-0.18531105,-0.1131232,-0.05159489,-0.028389197,-0.05835884,-0.107992075,-0.1348299,-0.11037237,-0.034671776,0.036943752,0.06334498,0.035418935,-0.019448671,-0.051934853
-0.0011922792,0.0068921465,-0.01643155,-0.057535194,-0.07107903,-0.050264176,0.0057237684,0.05601338,0.07232268,0.061264984,0.03604061,0.012210382,0.025606548,0.069603756,0.11512215,0.12799412,0.08951551,0.038482722,0.00302511,0.002368306,0.03152082,0.0635764,0.058228362,0.0142403245
0.055171456,0.03789099,0.05895737,0.12812994,0.17317528,0.18106729,0.13088734,0.056714535,0.015973827,0.012704954,0.041853074,0.08467164,0.0801001,0.027387816,-0.048273776,-0.100501895,-0.08991808,-0.035917368,0.011474732,0.022483392,-0.014760459,-0.071260184,-0.09246197,-0.05981038
0.09065457,0.07284764,0.08813967,0.15675853,0.20741169,0.2262267,0.18059364,0.10979945,0.065846816,0.0478345,0.067888,0.11754837,0.11326915,0.06257235,-0.015846165,-0.07946579,-0.0835481,-0.043381084,0.011253931,0.02473268,-0.007878586,-0.064319335,-0.09307538,-0.06717794
-0.04285255,-0.07636715,-0.042086888,0.055260245,0.14497897,0.18031456,0.13985421,0.06520113,0.028026838,0.053197905,0.13089544,0.20975207,0.22381674,0.16147408,0.06532968,-0.0009081529,0.0045991563,0.059203018,0.119784646,0.119195424,0.04347925,-0.06206402,-0.12506828,-0.114715904
-0.09151954,-0.07161661,-0.040625777,-0.04514743,-0.07032146,-0.12045696,-0.15114716,-0.15148936,-0.11661696,-0.07491492,-0.050024588,-0.07406149,-0.10464546,-0.12261782,-0.10499519,-0.058602437,-0.010150254,0.018247645,0.009413676,-0.028428078,-0.046786685,-0.035771858,0.004515274,0.039980724
0.06560193,0.031052139,-0.030409586,-0.053003706,-0.023487931,0.05989315,0.13894847,0.16470352,0.13352032,0.067966454,0.030323718,0.05439781,0.12325603,0.18892507,0.19655268,0.1343237,0.050859712,-0.007009317,-0.0044464576,0.05326357,0.10277338,0.09485378,0.032769985,-0.05592064
-0.13558182,-0.06797307,0.023239946,0.0340853,-0.0030472972,-0.09492961,-0.14889082,-0.12578835,-0.04476056,0.054121047,0.09805882,0.039356664,-0.040615756,-0.10059438,-0.08421909,0.0012311013,0.08420744,0.11179304,0.063802466,-0.032436393,-0.09667476,-0.08068607,-0.008754738,0.06977082
0.19629936,0.1649846,0.08481354,0.05277081,0.065157816,0.1517516,0.2271017,0.23641609,0.18295856,0.07834889,-0.0030520426,0.0139684975,0.073586695,0.14076918,0.14683177,0.07076982,-0.03320902,-0.10278731,-0.09078394,-0.0135728335,0.06522962,0.08809746,0.03919713,-0.039544586
0.08310104,0.044306993,-0.029507168,-0.07316689,-0.077607125,-0.025324779,0.02704967,0.033150937,-0.004644247,-0.07545032,-0.12767754,-0.110005245,-0.054928,0.007843717,0.030048177,0.0001077419,-0.061115544,-0.09871644,-0.078979895,-0.013483035,0.05410945,0.08247576,0.05097041,-0.008873373
-0.061654054,-0.015830884,-0.007224771,-0.07611922,-0.15197337,-0.21318822,-0.19871733,-0.13092487,-0.067229845,-0.03994729,-0.06667085,-0.14454733,-0.1800867,-0.15199201,-0.06994054,0.017153613,0.04836114,0.023640329,-0.040926415,-0.080598064,-0.053151373,0.022901824,0.092746764,0.10715715
0.076637544,0.02836934,-0.05151963,-0.09726933,-0.109230444,-0.0667144,-0.029757554,-0.03374168,-0.082285486,-0.15655985,-0.20930223,-0.18535343,-0.12843217,-0.0643702,-0.0423474,-0.073049076,-0.11871649,-0.13808663,-0.10676982,-0.030228226,0.04456328,0.07344312,0.048377912,0.0007634681
-0.01721026,-0.023227748,-0.07358797,-0.14726679,-0.1881912,-0.17822705,-0.120797426,-0.060578097,-0.049546868,-0.07547878,-0.11790307,-0.14612895,-0.118675835,-0.048214737,0.024032896,0.05408707,0.02832179,-0.01797108,-0.050403778,-0.027577767,0.032443166,0.0886735,0.09569826,0.048644718
-0.04914128,-0.09829441,-0.09533642,-0.040367365,0.009014962,0.012181126,-0.04660528,-0.124043144,-0.1704442,-0.16402291,-0.109291315,-0.03595611,-0.01907027,-0.05345874,-0.11917337,-0.1574838,-0.13310838,-0.05247344,0.02667049,0.04906402,0.01668132,-0.04832976,-0.08456384,-0.05833475
0.019395089,-0.05188915,-0.098956265,-0.06130555,0.022849947,0.11482161,0.1469116,0.11122607,0.043759666,-0.0033023313,0.016571222,0.10662754,0.1851204,0.20849732,0.14996918,0.05413312,-0.011462986,-0.0064391224,0.05528616,0.12239626,0.12512535,0.05056388,-0.05167303,-0.11770654
-0.026702989,0.044100776,0.07787888,0.0333721,-0.024799265,-0.06724242,-0.037738863,0.04494433,0.11858443,0.15584576,0.13149613,0.041506164,-0.0071700923,0.0023083955,0.07288315,0.14368427,0.16191979,0.10515374,0.01155248,-0.051192816,-0.049270276,0.009639264,0.07222192,0.07852985
-0.15029414,-0.1415449,-0.07629378,-0.022027351,-0.0049003568,-0.04906589,-0.11688138,-0.15393238,-0.13225405,-0.058815498,0.019719541,0.034709617,-0.00050553354,-0.06367003,-0.09286413,-0.0755035,0.00070309796,0.06589107,0.08454177,0.03263534,-0.04011049,-0.09019753,-0.07191139,-0.0140024815
0.0052507273,-0.0629349,-0.11302859,-0.10258921,-0.06310501,-0.020321677,-0.028524045,-0.0776858,-0.13900381,-0.1835219,-0.1752151,-0.100393586,-0.044365738,-0.022629583,-0.056682453,-0.11038157,-0.13696077,-0.10251006,-0.023441838,0.03935217,0.061096754,0.027460448,-0.029904718,-0.056043744
-0.17412071,-0.11279391,-0.031510964,-0.02658255,-0.056500185,-0.13117869,-0.15910412,-0.12110711,-0.038475584,0.06253704,0.11556734,0.0577294,-0.007919774,-0.049447134,-0.017282082,0.06450255,0.13818145,0.1525358,0.09243051,-0.0031752195,-0.06411293,-0.056874145,0.0037390264,0.05526522
-0.020457953,0.052233927,0.12991177,0.14879555,0.12276221,0.059873767,0.026216092,0.04561769,0.10759688,0.16867228,0.18487166,0.12395884,0.045992196,-0.0071172365,-0.0010189634,0.045511488,0.09434681,0.09345748,0.04063575,-0.042906567,-0.08963867,-0.07948937,-0.015972693,0.043305535
0.055672534,0.07259745,0.028142976,-0.043920025,-0.082443975,-0.05564882,0.025237765,0.100919716,0.121826485,0.08036716,0.015024322,-0.03248578,-0.013413752,0.059149668,0.13200858,0.14499158,0.09232335,0.00619431,-0.04791082,-0.03528264,0.030481579,0.090516284,0.099483214,0.037346963
-0.11647094,-0.15771519,-0.13795908,-0.077783994,-0.019275824,-0.0076084086,-0.049460787,-0.108242445,-0.13177563,-0.10161759,-0.027679907,0.039857175,0.06178985,0.02588647,-0.033499897,-0.06698661,-0.041168287,0.025078041,0.08575871,0.09039939,0.037885815,-0.039359655,-0.08323626,-0.07153471
0.024219532,-0.049742103,-0.09935413,-0.063989386,0.0138716,0.09960472,0.12406304,0.07921701,0.01074185,-0.03750675,-0.019060163,0.07231085,0.14927883,0.1673066,0.10745661,0.021512378,-0.037024204,-0.02765333,0.041660625,0.11224749,0.11558123,0.047123637,-0.049308576,-0.108837016
-0.003196433,0.01349616,0.06613953,0.12205735,0.13038115,0.086500525,0.014553095,-0.033138957,-0.03336146,0.006165492,0.04587499,0.051078998,0.004916032,-0.06841791,-0.115907684,-0.10590109,-0.044434488,0.010942038,0.024419704,-0.007060301,-0.0639541,-0.09703198,-0.0706448,-0.0015699884
0.058004607,0.0719365,0.031376597,-0.028267326,-0.057479836,-0.027105741,0.05044017,0.12295111,0.13594535,0.09914572,0.041011117,-0.00024111885,0.020207241,0.08426898,0.1453697,0.15154909,0.1016811,0.022681473,-0.03402467,-0.018104294,0.03697352,0.0852879,0.08638509,0.027536469
0.16698924,0.20840745,0.18334234,0.13115428,0.092035405,0.115081236,0.18596181,0.24854045,0.2693103,0.21530697,0.12682883,0.060092404,0.05697577,0.10253076,0.14995894,0.14628601,0.08196405,-0.008934585,-0.07494525,-0.067904875,-0.009394479,0.058463115,0.07948111,0.037970062
-0.084632255,-0.14209874,-0.144517,-0.09275544,-0.047903072,-0.050432272,-0.112532735,-0.19065477,-0.24288349,-0.22710094,-0.1616301,-0.08424618,-0.06559563,-0.09720447,-0.15396252,-0.1818411,-0.1423787,-0.051009774,0.027387591,0.0524691,0.019197822,-0.04767332,-0.080832876,-0.051694337
0.15359879,0.18837677,0.16436651,0.11885404,0.08761821,0.11021091,0.16720717,0.22232279,0.23661473,0.1862985,0.10869807,0.059344064,0.05303692,0.09193216,0.13268097,0.12802312,0.071082756,-0.014565847,-0.062160965,-0.058601268,-0.0071729245,0.049245015,0.06467969,0.029168403
-0.108132794,-0.08194785,-0.040132288,-0.03922978,-0.06960792,-0.13206027,-0.1737338,-0.17116493,-0.13198332,-0.075501345,-0.041727573,-0.07027143,-0.11212443,-0.14272994,-0.12422743,-0.06517285,0.004069957,0.03757827,0.020075297,-0.027029885,-0.058126234,-0.0502051,0.0001337692,0.049330052
-0.041784093,-0.12570807,-0.1850875,-0.16877647,-0.09595661,-0.013789507,0.018581199,-0.013470011,-0.07668021,-0.116375595,-0.08996923,0.0039350074,0.091036275,0.13056427,0.09214107,0.018469404,-0.04116856,-0.024594145,0.04663435,0.1170577,0.1300004,0.07054409,-0.029735878,-0.098603636
-0.07011256,-0.12057415,-0.13128214,-0.10220384,-0.07580066,-0.0741834,-0.11702906,-0.1747185,-0.2128628,-0.20942083,-0.16825539,-0.110171914,-0.08243392,-0.09873004,-0.1363803,-0.1547596,-0.12463708,-0.05864289,0.0044719437,0.036818758,0.020138819,-0.021201357,-0.047303397,-0.032210875
-0.032387614,-0.066474505,-0.041046534,0.04107586,0.11842176,0.14868669,0.11012233,0.042353585,0.007426789,0.023494795,0.08744396,0.15924479,0.17691755,0.12419606,0.037357885,-0.020207874,-0.016610296,0.03578889,0.09516853,0.10228845,0.0398754,-0.04879149,-0.106520586,-0.09741947
0.13091376,0.14008895,0.07441995,-0.011630869,-0.080106616,-0.07379701,-0.017103937,0.034723345,0.028847069,-0.037528064,-0.13209854,-0.18587403,-0.17453061,-0.10145354,-0.0237834,-0.0029769992,-0.04204488,-0.10600658,-0.14761424,-0.10909149,-0.015495982,0.076021954,0.11031494,0.07469847
-0.007650241,-0.04628088,-0.099977486,-0.1307978,-0.12266802,-0.07964589,-0.038993537,-0.02617234,-0.052912783,-0.08998567,-0.10638099,-0.079182595,-0.030791443,0.022442903,0.044719025,0.022419564,-0.01821447,-0.039168343,-0.019916654,0.022654984,0.0637471,0.069772035,0.033189125,-0.018753098
0.039798234,-0.03854416,-0.09996202,-0.08330039,-0.031487662,0.032803904,0.040032573,-0.017933093,-0.09257862,-0.15180324,-0.15012443,-0.06688515,0.005638902,0.030492835,-0.016615277,-0.08885088,-0.13658263,-0.10778808,-0.026379118,0.055277154,0.08068287,0.041447513,-0.03333935,-0.074807726
0.13777955,0.16164087,0.13584301,0.099522784,0.073365204,0.092017956,0.1412885,0.18020251,0.1824498,0.13650036,0.070031755,0.02823479,0.027284406,0.06342222,0.094109565,0.0835152,0.03521902,-0.025183816,-0.06757177,-0.05436588,-0.005484241,0.03980774,0.052859087,0.024233542
0.07280418,0.09483,0.05294102,-0.016539527,-0.04696725,-0.0073156296,0.09054596,0.17811932,0.2001203,0.15994781,0.08909312,0.036641825,0.06030837,0.13451771,0.20315695,0.2095739,0.13731337,0.03831782,-0.03178758,-0.018474804,0.043109495,0.104862735,0.101362884,0.028936133
0.0023133438,0.02567724,0.09452227,0.16386278,0.17516011,0.12472147,0.038121507,-0.021121256,-0.016875645,0.03188939,0.07641149,0.08138179,0.026536278,-0.06681784,-0.12940943,-0.11758877,-0.049276434,0.013176538,0.0309107,-0.00837579,-0.08097889,-0.116625234,-0.087416336,-0.0034589658
0.10367018,0.04496472,-0.056316856,-0.115060106,-0.119712144,-0.05482401,0.0036363897,0.0073967753,-0.047907997,-0.14759625,-0.21613014,-0.18510252,-0.108413406,-0.021188213,0.005183233,-0.040977165,-0.11881074,-0.15410371,-0.114943005,-0.022273976,0.072543554,0.10753096,0.06341132,-0.011483276
0.040563848,0.0023598562,-0.06071538,-0.0943963,-0.08333074,-0.02504807,0.03112776,0.04954879,0.018483484,-0.03753012,-0.07176637,-0.047567017,0.010768817,0.071414314,0.089084774,0.054465864,-0.0053964294,-0.04361258,-0.029945632,0.025550332,0.076791964,0.08576314,0.0407143,-0.025885565
0.05667889,0.10425892,0.10682875,0.05440557,-0.019391503,-0.06629427,-0.061461713,-0.016840952,0.021146538,0.020580284,-0.029337563,-0.1037137,-0.14556475,-0.13783523,-0.0765724,-0.008039109,0.014501383,-0.02203117,-0.07851992,-0.102738194,-0.0748268,0.0042860145,0.07425984,0.09562617
-0.04347323,-0.11616015,-0.16452752,-0.14624998,-0.090246595,-0.029465273,-0.013513488,-0.048718475,-0.10671981,-0.13473919,-0.106881514,-0.027592905,0.0426346,0.06799753,0.03399227,-0.021136118,-0.05165063,-0.027918644,0.03241738,0.093911424,0.100408904,0.0458704,-0.029957598,-0.077927455
-0.04147663,-0.023554435,0.03233896,0.086573,0.11177838,0.08942562,0.046931766,0.0169188,0.030407298,0.075219005,0.12157987,0.12793554,0.09557236,0.0388607,-0.0034588543,-0.009482141,0.023389356,0.061255436,0.06629408,0.026717132,-0.031471904,-0.07272834,-0.0667777,-0.024624256
0.018952064,-0.07371611,-0.15404528,-0.15545768,-0.1200355,-0.06704674,-0.067878924,-0.12522931,-0.20985132,-0.2776919,-0.28052709,-0.19441728,-0.11406104,-0.07252826,-0.102834545,-0.16623396,-0.19782743,-0.15327312,-0.0633934,0.034359656,0.07942316,0.0502869,-0.015619664,-0.053808253
-0.07166374,-0.041337304,0.047123495,0.12592314,0.16054113,0.11781142,0.044844642,0.0042525236,0.028513994,0.10310585,0.1746375,0.18406495,0.12887372,0.039498504,-0.023265673,-0.019412786,0.03713388,0.09545365,0.10473479,0.03853491,-0.053157244,-0.11135284,-0.09957821,-0.028637717
0.020332173,-0.053422537,-0.16487084,-0.2294129,-0.21634899,-0.12550774,-0.031217882,-0.0044073532,-0.053667217,-0.13762298,-0.18486305,-0.14034003,-0.03488457,0.071416155,0.10730714,0.06626979,-0.02274348,-0.07722538,-0.049377143,0.048048936,0.13505164,0.15161885,0.07818215,-0.034288198
0.02772327,-0.021119716,-0.05219641,-0.017070377,0.053311314,0.13021876,0.15966137,0.13266186,0.081414334,0.046203215,0.06231665,0.12836039,0.18394023,0.19860956,0.15268478,0.07244585,0.013139518,0.010916279,0.052910015,0.096793294,0.09399511,0.035015773,-0.045921043,-0.09983102
-0.1339446,-0.18199056,-0.16655171,-0.10717739,-0.042886347,-0.029634722,-0.06819309,-0.12863359,-0.15726484,-0.12280859,-0.041431803,0.033316534,0.05764969,0.027426083,-0.030842278,-0.06601227,-0.04656795,0.02792681,0.09211598,0.09727435,0.045829713,-0.033852205,-0.0846945,-0.075184375
0.038142726,0.07337254,0.0746246,0.029070973,-0.037966747,-0.09025118,-0.0993862,-0.07155948,-0.0442931,-0.042468153,-0.081754684,-0.14078885,-0.18003896,-0.17398219,-0.123454556,-0.063798465,-0.03616983,-0.04717301,-0.08529368,-0.10327098,-0.07575029,-0.006419545,0.0590052,0.09095943
0.012875544,-0.036139734,-0.080511555,-0.085360624,-0.07286477,-0.049386796,-0.054780513,-0.09535108,-0.13975005,-0.17878543,-0.1822513,-0.1381623,-0.10086811,-0.07817418,-0.087913856,-0.119370595,-0.1366106,-0.10913181,-0.052254815,-0.004079457,0.025680693,0.019468049,-0.0070186993,-0.0229305
-0.0020184177,0.0022193606,0.033557206,0.06874152,0.06764041,0.025673296,-0.038434856,-0.086086445,-0.09315798,-0.06731203,-0.04011169,-0.032080878,-0.06577374,-0.118801095,-0.15337892,-0.13865423,-0.088796206,-0.03195407,-0.0088006975,-0.024266101,-0.058774844,-0.073333904,-0.04912552,0.011091508
0.067095466,0.118527,0.13191034,0.09750745,0.041800525,0.005979575,0.0126816025,0.05314287,0.089976974,0.08985502,0.046893947,-0.021248762,-0.06500759,-0.06399648,-0.017886555,0.026803868,0.03935008,0.0008218038,-0.054362576,-0.08551306,-0.067477785,-0.008169918,0.05154852,0.07024724
0.07710207,0.04486959,-0.016924594,-0.05577518,-0.06875834,-0.038813367,-0.014876056,-0.015764529,-0.052521292,-0.11513963,-0.16220978,-0.14579348,-0.10965812,-0.0596467,-0.038580697,-0.06131492,-0.09782196,-0.11852521,-0.09088376,-0.037361186,0.02484294,0.052482944,0.038266655,0.0043366035
0.092778035,0.095107,0.04618615,-0.01854256,-0.07549327,-0.08449287,-0.06275065,-0.037204456,-0.045233298,-0.097850844,-0.16737948,-0.20200385,-0.19832131,-0.14630306,-0.09058764,-0.07553978,-0.09176301,-0.1204407,-0.13365205,-0.103283204,-0.028554812,0.04101283,0.07551946,0.064385235
0.058904372,0.10619488,0.11785852,0.078220956,0.015102999,-0.030407226,-0.03321188,-0.004320753,0.032001123,0.03111787,-0.014393594,-0.08210404,-0.12487323,-0.12224728,-0.07631338,-0.027783224,-0.011338535,-0.03591128,-0.07956783,-0.10627357,-0.08119937,-0.013055689,0.053018484,0.08070758
-0.0466697,-0.0047950572,0.011160023,-0.023428949,-0.05738541,-0.07788363,-0.0424911,0.022571316,0.0747388,0.10262557,0.09309593,0.036409236,0.013988036,0.0314058,0.084405325,0.13315591,0.14156966,0.09631658,0.028306758,-0.011223318,-0.007993776,0.023439012,0.057314344,0.046211645
0.017078474,-0.018307952,-0.0032717427,0.06565172,0.113240756,0.1150871,0.046388365,-0.041144468,-0.091362625,-0.08711817,-0.043431833,0.022930758,0.022608198,-0.035527043,-0.11560218,-0.15650909,-0.13293456,-0.060136095,0.013996252,0.031220593,-0.011990022,-0.07119036,-0.099459685,-0.056763887
-0.06490128,-0.03533957,0.051389668,0.1333901,0.17380293,0.1358196,0.06864942,0.026471365,0.049925804,0.12202114,0.1956838,0.20740966,0.15342921,0.064670965,-0.0019526464,-0.0027625402,0.048609857,0.10404998,0.112870894,0.047032136,-0.044834506,-0.11001954,-0.10176293,-0.036244284
-0.14908357,-0.14561546,-0.08631443,-0.036146067,-0.008609301,-0.04014353,-0.092213854,-0.12349326,-0.10122745,-0.03035319,0.044620898,0.065313675,0.04387723,-0.010915244,-0.047144532,-0.032136053,0.020772837,0.07859602,0.097975306,0.05378357,-0.016782084,-0.065179445,-0.06582839,-0.022753095
0.025491167,-0.007502494,0.009664696,0.08326689,0.14154555,0.1601336,0.10809475,0.024712872,-0.017862225,-0.018977903,0.02293095,0.08742831,0.09760016,0.040262874,-0.04616991,-0.09705767,-0.09024124,-0.03285199,0.035860926,0.054096796,0.006478763,-0.05840341,-0.098758295,-0.07394253
0.04164338,0.014139973,0.019489227,0.07309961,0.11419215,0.123333834,0.080769226,0.014446843,-0.028548874,-0.036481924,-0.010203452,0.039382607,0.043750316,0.0050539835,-0.061039288,-0.103255324,-0.09679539,-0.046168692,0.006430119,0.026783582,0.0009174373,-0.04853255,-0.074753866,-0.050718274
-0.004845759,-0.058024023,-0.13302208,-0.17354406,-0.1587753,-0.09583821,-0.033313554,-0.012814085,-0.049061768,-0.10159953,-0.12499818,-0.089424245,-0.017081235,0.05681258,0.08182387,0.050758187,-0.0073604453,-0.039334793,-0.019429693,0.04399398,0.09947824,0.1024015,0.047682106,-0.030185632
-0.12617224,-0.17108916,-0.15361005,-0.09260022,-0.035093624,-0.025594095,-0.06839173,-0.13041298,-0.15759452,-0.12303511,-0.044093505,0.024953982,0.047955137,0.010449085,-0.048730616,-0.07627156,-0.04369534,0.027566848,0.086782545,0.09413026,0.03946963,-0.039940577,-0.082792476,-0.069693446
-0.015269493,-0.003236,0.045287434,0.09574862,0.10212643,0.06256457,-0.0067870365,-0.05977207,-0.058349356,-0.023489697,0.013734936,0.021297233,-0.017458403,-0.08368668,-0.12654734,-0.12046977,-0.063960016,-0.009819789,0.0135933915,-0.0145282,-0.0642337,-0.09258638,-0.06712271,-0.0036286486
-0.008245286,-0.054711603,-0.12725124,-0.17718652,-0.1687065,-0.10763801,-0.0376779,-0.006520663,-0.030652612,-0.083739765,-0.11572363,-0.090633936,-0.016791087,0.063891366,0.095467225,0.06800783,0.0030646273,-0.036708347,-0.023925059,0.036809366,0.09784313,0.111887224,0.06011891,-0.021356938
0.108743735,0.06373499,0.021320067,0.0418258,0.07837716,0.12808079,0.13051328,0.08548866,0.025260556,-0.03720032,-0.054050922,-0.0025891773,0.03837321,0.048562996,0.0060126586,-0.06377595,-0.10469475,-0.093954965,-0.040748477,0.0191794,0.0423425,0.014000909,-0.03241796,-0.057487424
0.06523699,0.032186024,-0.027313279,-0.047069337,-0.011874261,0.07131662,0.15291448,0.18278407,0.1512511,0.09337727,0.061219003,0.088884555,0.1530384,0.2147996,0.21818095,0.16168274,0.07566349,0.015031124,0.0136306295,0.06651943,0.10935306,0.09686157,0.030131299,-0.05764297
0.1292763,0.09099495,0.059247464,0.090543576,0.13431267,0.18495706,0.17975253,0.12974156,0.066379964,0.0073642167,-0.009955383,0.043855626,0.075136505,0.0755505,0.022261387,-0.057159122,-0.104394846,-0.09332237,-0.03701988,0.0145737175,0.030397752,-0.00096813147,-0.05010141,-0.066038966
-0.038161114,-0.0836708,-0.08835112,-0.048435777,-0.014573114,-0.011062182,-0.05743025,-0.12490201,-0.16609548,-0.16340052,-0.12223393,-0.06266418,-0.043440286,-0.071447335,-0.121595696,-0.14506312,-0.122851364,-0.057048623,0.008559094,0.035665482,0.011826327,-0.032533284,-0.060576446,-0.040358406
-0.04972059,-0.120083734,-0.17003582,-0.1596026,-0.10513719,-0.039455183,-0.013271878,-0.038073048,-0.08904832,-0.1192631,-0.09592295,-0.021012628,0.052295003,0.08639642,0.061801556,0.0056328895,-0.03526945,-0.020962145,0.035214994,0.09405477,0.105239704,0.058357015,-0.019805036,-0.07645319
0.027914073,0.04720622,0.088681675,0.12751639,0.12588307,0.08576668,0.024162274,-0.017311838,-0.013528421,0.009298966,0.029126382,0.027349314,-0.017112147,-0.077766076,-0.11346007,-0.101367235,-0.056481387,-0.017390402,-0.0017182606,-0.02939731,-0.06825556,-0.080981076,-0.051032778,0.009239732
-0.022122469,0.027937843,0.04057672,-0.013709597,-0.07738585,-0.12491886,-0.10383797,-0.041115433,0.015248335,0.037523754,0.007429961,-0.06792956,-0.10437637,-0.083563864,-0.016723407,0.05197252,0.072034694,0.036269374,-0.03254393,-0.07090148,-0.04852666,0.0145289255,0.07683767,0.08733349
0.056025177,0.1308141,0.15652475,0.111915454,0.04561246,0.0039496454,0.030953264,0.10384209,0.16208358,0.1782237,0.13013868,0.03244493,-0.02363804,-0.016347159,0.05020976,0.10989744,0.117943674,0.059356023,-0.03625191,-0.087787405,-0.072164476,0.0010590281,0.072000004,0.08631441
-0.15221934,-0.14263658,-0.077669345,-0.025361575,0.0026272947,-0.03374917,-0.09023483,-0.11700604,-0.09102113,-0.013145159,0.06726266,0.08724353,0.05503452,-0.0055453926,-0.039601106,-0.016987106,0.041614182,0.0955479,0.112456344,0.056379452,-0.020967197,-0.07207271,-0.0689209,-0.021522358
-0.0940774,-0.091569155,-0.05200189,-0.021593744,-0.025353812,-0.07308083,-0.1332708,-0.16836418,-0.1618319,-0.10963669,-0.061710265,-0.056409128,-0.084829874,-0.13160819,-0.15007383,-0.12136241,-0.055649616,0.007682866,0.021163616,-0.0050712186,-0.049173355,-0.06747555,-0.042344935,0.014877605
-0.041635282,-0.020758044,-0.02412527,-0.06861751,-0.1155269,-0.14538036,-0.13060105,-0.08738155,-0.05455331,-0.04058267,-0.05773647,-0.101038165,-0.1127227,-0.0920236,-0.04016941,0.015561723,0.038184255,0.016293347,-0.02432917,-0.03804888,-0.0194724,0.024044437,0.062174845,0.06269928
0.019534674,0.020677414,-0.03462127,-0.11698889,-0.16445562,-0.14741234,-0.075398296,-0.008102914,0.0039021235,-0.032272544,-0.09262035,-0.13291775,-0.10600462,-0.027409064,0.05311735,0.0793994,0.03616578,-0.026625033,-0.06994299,-0.045223564,0.026316702,0.09845319,0.108186044,0.053716935
0.075499356,0.02615503,-0.05310205,-0.09565986,-0.10793836,-0.06914705,-0.036729258,-0.045319922,-0.099061586,-0.17154385,-0.22150064,-0.20130953,-0.14469309,-0.081810236,-0.060056362,-0.09077165,-0.13336504,-0.13960986,-0.111938216,-0.03408317,0.039240032,0.069206335,0.04547104,0.0011995656
-0.009701316,0.0010330727,0.040981065,0.07788295,0.07686613,0.040222075,-0.022069043,-0.06595008,-0.06541849,-0.038753144,-0.014381552,-0.01060212,-0.044044077,-0.09623053,-0.12755907,-0.1229359,-0.07607777,-0.028487468,-0.0061604967,-0.028443415,-0.06413972,-0.078277536,-0.053218517,0.0046214843
0.0050918506,0.03545916,0.108264536,0.17789803,0.1935974,0.1436473,0.063899115,0.012033911,0.023072766,0.07201531,0.11733438,0.11783184,0.05759472,-0.03159155,-0.09246479,-0.08630931,-0.026741931,0.031099945,0.04275718,-0.006045366,-0.07739342,-0.11670647,-0.08757217,-0.007572528
0.027987257,0.04690912,0.09205754,0.14004816,0.14987777,0.12064888,0.06913744,0.029018266,0.028519671,0.056435354,0.0798373,0.079746015,0.041016277,-0.020196108,-0.064538956,-0.064135715,-0.030076463,0.0077853235,0.014586877,-0.010960347,-0.056244504,-0.077753894,-0.05972199,-0.005413656
0.08246849,0.08359655,0.044450164,-0.0049234736,-0.04534778,-0.046490975,-0.025176857,-0.0020677473,-0.008089686,-0.05135723,-0.108349055,-0.13323814,-0.12535533,-0.086698994,-0.049361866,-0.037013162,-0.054982983,-0.08429707,-0.0959047,-0.06793435,-0.012556312,0.04051981,0.060144644,0.046390012
0.042004082,0.010537237,0.015811777,0.07489343,0.122742206,0.13581945,0.08555032,0.016034802,-0.031038446,-0.04175109,-0.010910646,0.049888197,0.054574776,0.0114445975,-0.060103793,-0.10660734,-0.097152896,-0.04760213,0.016982129,0.036706623,0.006166995,-0.05228944,-0.08432907,-0.060504552
-0.17550737,-0.16061983,-0.07456094,-0.00091419695,0.02789422,-0.025848856,-0.10233739,-0.14599954,-0.11612712,-0.016478077,0.084253296,0.10019154,0.055551905,-0.03163299,-0.08036633,-0.050821662,0.036001056,0.115157075,0.12624407,0.06067124,-0.04084826,-0.10562796,-0.090256326,-0.01941316
-0.11916948,-0.12323484,-0.085154854,-0.053599484,-0.052720863,-0.10176467,-0.16769072,-0.20887507,-0.20089664,-0.14926006,-0.0913109,-0.07577808,-0.10204271,-0.14666152,-0.16569443,-0.14001238,-0.06895606,0.0012638157,0.029521607,0.0012482536,-0.042518787,-0.071092054,-0.04746421,0.008380749
0.13090955,0.15735012,0.12578079,0.07454417,0.04329064,0.06587556,0.12869427,0.18068889,0.19129807,0.14488709,0.07207516,0.024436884,0.025811443,0.07284739,0.118217774,0.11938061,0.058142778,-0.017541623,-0.06476199,-0.05564629,-0.00021455031,0.060631216,0.07182611,0.03147743
0.044361047,0.07235459,0.07467445,0.046761956,0.0020829195,-0.032660883,-0.039354995,-0.02346834,-0.0075624185,-0.010106914,-0.039837133,-0.08312393,-0.11506369,-0.111294314,-0.077341415,-0.0440241,-0.029334279,-0.037319977,-0.06441814,-0.0799769,-0.05895345,-0.012125776,0.035204086,0.05823059
-0.09604219,-0.051214676,0.0044055036,0.009974208,-0.004284468,-0.04516322,-0.05454283,-0.023015112,0.034720086,0.099697806,0.1298349,0.09107657,0.049652535,0.019679314,0.034166954,0.08638047,0.12492533,0.11954476,0.07413352,0.011125174,-0.03277003,-0.030028591,0.0028578665,0.030150933
-0.103814185,-0.064703085,-0.009116108,0.00023293172,-0.015315278,-0.0583603,-0.07839916,-0.05597149,-0.0031339163,0.062456623,0.09664396,0.06368617,0.023949869,-0.01215712,-0.00035047514,0.05269996,0.10164778,0.10507409,0.06846654,0.009606803,-0.038177174,-0.036952317,-0.0029948289,0.0304265
0.109351955,0.06890994,0.036859367,0.06604856,0.11115832,0.16397937,0.16561097,0.11662469,0.05873441,0.0045725377,-0.008280603,0.0453913,0.08246366,0.08454226,0.032337006,-0.041459735,-0.090904884,-0.08106207,-0.026506891,0.025458308,0.03877392,0.0077252747,-0.044831313,-0.066777594
0.15808828,0.19489114,0.15439378,0.08137625,0.028135141,0.04664773,0.12407375,0.20349884,0.22083046,0.162408,0.06421714,-0.006799793,-0.0057846447,0.05827023,0.12615962,0.13436833,0.0724592,-0.022055332,-0.09511323,-0.07984766,-0.0044786683,0.078346886,0.103761345,0.0580669
0.007226185,-0.031485435,-0.0886437,-0.12311582,-0.117191255,-0.07227068,-0.029035315,-0.015228216,-0.04024215,-0.0840737,-0.10775322,-0.08194035,-0.029727047,0.024266291,0.044612132,0.024653098,-0.019377597,-0.046279214,-0.026050225,0.021848744,0.06635984,0.07672385,0.039352804,-0.016026028
0.085451946,0.040499937,0.003617552,0.029046053,0.07230976,0.12386795,0.12635915,0.07914663,0.021476762,-0.031536836,-0.038292404,0.016900094,0.057783794,0.06568166,0.020798663,-0.04828648,-0.089153394,-0.07742346,-0.022012684,0.0307562,0.04656508,0.010894743,-0.039797433,-0.06674109
-0.009551085,-0.012122651,-0.061734963,-0.13749304,-0.1863544,-0.17701878,-0.11820835,-0.06421598,-0.05149,-0.07807417,-0.12570003,-0.16079104,-0.13607039,-0.06732856,0.010043593,0.042150587,0.017487744,-0.03316003,-0.06714898,-0.04522942,0.017781923,0.08264785,0.098651215,0.05381985
0.1012353,0.08394871,0.041493136,0.02155991,0.021496747,0.056523673,0.086488016,0.089532085,0.061509833,0.005225956,-0.03928677,-0.03246941,-0.003148933,0.031981762,0.03585824,0.00013464945,-0.045440458,-0.07100234,-0.06192053,-0.018824324,0.026002865,0.0418918,0.022929695,-0.009957305
-0.016695496,0.0047034714,0.06794471,0.12429394,0.1260169,0.066628605,-0.026187925,-0.08377931,-0.075958155,-0.030990798,0.011551111,0.016532399,-0.040563058,-0.12275797,-0.17134897,-0.15408207,-0.0800256,-0.014166827,0.014238034,-0.028260233,-0.0882088,-0.11638706,-0.07824828,0.0074445806
0.16173834,0.12156271,0.031145535,-0.013701393,-0.009988198,0.070815206,0.14637394,0.16167848,0.10829745,0.0069239344,-0.07148882,-0.051901042,0.015859943,0.09228446,0.10923927,0.05002079,-0.04128044,-0.10788602,-0.09437115,-0.009667337,0.07515576,0.101681635,0.05486901,-0.027086956
0.021034714,-0.012940818,-0.06645368,-0.09618765,-0.08750952,-0.043817084,0.00070154684,0.012840884,-0.012258618,-0.05625574,-0.08010685,-0.059436973,-0.011607373,0.040444206,0.05692946,0.03235841,-0.015632575,-0.039319187,-0.025145572,0.01948516,0.062962644,0.0710007,0.035093296,-0.018891871
-0.03718842,0.012843431,0.026248831,-0.033030886,-0.10743078,-0.15674952,-0.14084436,-0.076289594,-0.016936997,0.0062390165,-0.02623997,-0.10635556,-0.14108731,-0.12126623,-0.04290054,0.032260004,0.06327664,0.025673114,-0.043128014,-0.08113778,-0.05934764,0.014121032,0.083398096,0.09595046
-0.009154172,-0.059806295,-0.1318907,-0.17395915,-0.16291232,-0.10303755,-0.044636663,-0.024790777,-0.056232087,-0.10840726,-0.1322671,-0.09888443,-0.029373785,0.04254252,0.0708386,0.04278097,-0.011851109,-0.04481932,-0.02200289,0.037208673,0.092027105,0.09878437,0.04864732,-0.026732527
0.056026645,0.08386292,0.08148115,0.0468814,-0.0032359492,-0.043754317,-0.049097676,-0.031340096,-0.014477701,-0.022811353,-0.059905887,-0.106238246,-0.13805363,-0.12895323,-0.094737835,-0.06023772,-0.046811897,-0.05229227,-0.08033796,-0.09033123,-0.059984475,-0.008425573,0.04322478,0.068690605
-0.110250756,-0.04356554,0.03724529,0.049556937,0.022530233,-0.048115745,-0.077117994,-0.045495458,0.028353667,0.114598475,0.15397923,0.09285295,0.02161224,-0.025355702,-0.0048959954,0.06223663,0.12481828,0.13628638,0.074439995,-0.016404886,-0.07336967,-0.065541185,-0.004522111,0.050566502
0.028752282,-0.030683072,-0.12310317,-0.1737293,-0.1622135,-0.084515624,-0.008471805,0.015371228,-0.027153332,-0.0993682,-0.13830605,-0.1002115,-0.016544236,0.066990614,0.09749166,0.06399179,-0.006258525,-0.05787227,-0.03514588,0.04316669,0.11172228,0.12272454,0.06268461,-0.031156752
-0.053461995,-0.10504594,-0.11503656,-0.08044198,-0.04369087,-0.039649952,-0.08652979,-0.15297157,-0.19511032,-0.1949419,-0.15179804,-0.08380014,-0.06072966,-0.079925805,-0.12793076,-0.15411717,-0.13596717,-0.06742632,0.009227057,0.0374517,0.020027833,-0.026350146,-0.059370704,-0.042428806
-0.00152975,-0.04534831,-0.02429522,0.064423926,0.13587955,0.15037479,0.085579164,-0.01210148,-0.06653033,-0.059519876,-0.00011051634,0.0788158,0.09248679,0.03124457,-0.07130767,-0.13616848,-0.120234035,-0.033777937,0.044913094,0.067914486,0.013340401,-0.07354973,-0.1215588,-0.08719343
0.07688032,0.17503719,0.2156327,0.16503619,0.086082764,0.031653356,0.060861003,0.14849503,0.22511466,0.24872306,0.18830419,0.06751287,-0.0073836935,-0.004809507,0.06859589,0.13997383,0.14614166,0.073678814,-0.041907758,-0.11135615,-0.096318536,-0.006517627,0.08103743,0.105601
0.03130097,-0.0013065701,0.010303851,0.07802478,0.12905262,0.1443929,0.09548654,0.015030609,-0.031108703,-0.035838652,0.0007987069,0.058544833,0.067972206,0.018298287,-0.059726734,-0.110748835,-0.10187048,-0.042472914,0.018958895,0.040697485,0.0024222988,-0.057608478,-0.091132864,-0.06625031
-0.10504237,-0.0690836,-0.020990368,-0.024009865,-0.060422663,-0.13176882,-0.17573607,-0.16583426,-0.11923297,-0.05684959,-0.025957674,-0.063301995,-0.115975894,-0.14861856,-0.1252061,-0.05659619,0.014143423,0.044379685,0.019643394,-0.037852265,-0.069892645,-0.053929925,0.004252726,0.060144767
0.019758428,0.082546,0.14121586,0.1424893,0.093075894,0.012702441,-0.043828513,-0.03994934,0.008895369,0.04787533,0.04358897,-0.014574319,-0.09554206,-0.14567624,-0.13326384,-0.07405335,-0.012933635,0.00026596937,-0.028902985,-0.094145834,-0.11809112,-0.08276764,-0.002121106,0.07456005
0.07461128,0.034768373,-0.039065816,-0.07025162,-0.038673125,0.053501926,0.14722075,0.18429726,0.1492476,0.0797744,0.037425507,0.06673275,0.14238381,0.21630985,0.22695154,0.1706155,0.07605709,0.004490261,0.002801038,0.068466425,0.12296521,0.11782011,0.045840465,-0.05445927
0.0207931,-0.030335546,-0.10801517,-0.15156369,-0.13895644,-0.07400118,-0.012092189,0.011576216,-0.024847593,-0.08675988,-0.119832985,-0.08380076,-0.012988534,0.06110442,0.085471526,0.052084863,-0.010057216,-0.05111283,-0.028008625,0.037577566,0.09758778,0.10469792,0.050426465,-0.027686164
-0.03069372,-0.105849676,-0.15983273,-0.14202309,-0.079966284,-0.011099507,0.012067814,-0.020247262,-0.08347112,-0.11955235,-0.094833605,-0.011741915,0.061398286,0.0948932,0.061195232,-0.006814352,-0.049749643,-0.029154573,0.032327067,0.096580334,0.10959325,0.051801383,-0.030902894,-0.08615364
0.023762608,0.010097851,-0.01830414,-0.030202592,-0.017057933,0.027111756,0.07363745,0.094372004,0.08304685,0.057389185,0.04014692,0.049178377,0.08319249,0.11444213,0.12164512,0.097301625,0.05956278,0.018700266,0.010155497,0.036062315,0.056216963,0.050472077,0.020446356,-0.027133295
0.035342444,0.029810065,-0.032896176,-0.11325644,-0.1559297,-0.13147075,-0.059652388,0.006853678,0.011881522,-0.034073714,-0.097512394,-0.12846693,-0.093085386,-0.014708853,0.057267096,0.07982901,0.037878502,-0.03093218,-0.06749548,-0.031433918,0.041459493,0.10459521,0.10660952,0.045991264
0.059091717,0.12625557,0.13833623,0.074862815,-0.0149085475,-0.07769521,-0.06856528,-0.005825658,0.047469262,0.05458225,-0.0048110248,-0.103381716,-0.16251922,-0.14907482,-0.071116574,0.006685352,0.031590667,-0.011410874,-0.09083524,-0.1312895,-0.09627595,-0.0018691239,0.088164665,0.11847255
0.018870318,-0.02328389,-0.047385067,-0.018254597,0.035423126,0.09292989,0.10833186,0.08113483,0.04173666,0.010817689,0.023132788,0.07985366,0.127266,0.1350749,0.09254492,0.028275296,-0.009455245,-0.0072215307,0.03496987,0.07556753,0.07338027,0.022995004,-0.03887609,-0.07682144
-0.077204466,-0.047778204,0.045079228,0.13078311,0.16428001,0.1151864,0.032116465,-0.01619445,0.0049995515,0.08677655,0.1653709,0.17772189,0.1172319,0.017123267,-0.050447106,-0.041781176,0.028423997,0.09476643,0.10580134,0.038491394,-0.0613073,-0.12430932,-0.107726365,-0.026121587
0.07275296,0.072469786,0.028103916,-0.027339518,-0.07417424,-0.07459732,-0.04728495,-0.025135726,-0.033093844,-0.07402927,-0.13036563,-0.1594375,-0.15244097,-0.10848226,-0.057800893,-0.040163837,-0.058558524,-0.08910209,-0.10483597,-0.0781266,-0.018357247,0.04332401,0.06813092,0.05157656
0.043637898,0.026244447,-0.008203226,-0.02155148,0.0017359894,0.06001032,0.118708216,0.141307,0.12958808,0.09038221,0.065339945,0.07920563,0.1243513,0.16433229,0.16504894,0.12545614,0.06359658,0.01580275,0.012799967,0.04604991,0.07295696,0.06703091,0.022185564,-0.039555695
-0.117605016,-0.081080005,-0.029255662,-0.02930417,-0.05304614,-0.107492745,-0.1317179,-0.10895278,-0.05559511,0.0122829275,0.04501847,0.010171116,-0.030673523,-0.060267914,-0.042641096,0.018648244,0.071754366,0.086293645,0.05180189,-0.0048505426,-0.044559646,-0.034811277,0.005223701,0.04545176
-0.07676807,-0.12913617,-0.16192259,-0.15618564,-0.12028293,-0.07802483,-0.05891325,-0.074806735,-0.10563916,-0.1159505,-0.09006629,-0.0380241,0.018046701,0.0441514,0.031665143,-0.0011152684,-0.019055504,-0.0032315168,0.033337533,0.07385034,0.078483775,0.041995086,-0.010933179,-0.051083583
-0.02483251,0.01414764,0.093538694,0.1653788,0.19810699,0.18010606,0.13707092,0.11415798,0.1411457,0.1978077,0.24914716,0.2462096,0.19796012,0.11922163,0.068520404,0.063080974,0.099423066,0.115362,0.10536749,0.042795125,-0.039227467,-0.09116049,-0.082539484,-0.038243063
-0.03441724,-0.024380716,0.027446764,0.08080978,0.09076926,0.045946583,-0.029225562,-0.086048864,-0.08500534,-0.042874377,0.0037520563,0.014545415,-0.02726161,-0.095089935,-0.138943,-0.13149367,-0.07320857,-0.006131932,0.02100662,-0.012217292,-0.0662615,-0.097129986,-0.072893485,-0.004502595
-0.07615969,-0.031621892,-0.020701861,-0.08584788,-0.16607833,-0.22576915,-0.21549991,-0.15252179,-0.09511193,-0.061825376,-0.08467519,-0.1634882,-0.20024616,-0.1748963,-0.08541631,-0.0011321899,0.040339146,0.0183595,-0.04831974,-0.08891572,-0.06473928,0.012076574,0.087016106,0.10584443
0.10279853,0.19507493,0.2388884,0.20789939,0.15211904,0.109056726,0.13125809,0.19960883,0.2672692,0.28364056,0.23105434,0.13062377,0.0567596,0.047626045,0.094034016,0.14472598,0.13818201,0.070320465,-0.023230849,-0.091881834,-0.08609475,-0.017786764,0.053183373,0.07689636
-0.027257876,-0.04617527,-0.008743514,0.072280526,0.15004581,0.17198426,0.13559715,0.0822974,0.05998138,0.08339721,0.1457137,0.20887703,0.2105606,0.1579862,0.07314762,0.014731344,0.011505931,0.05814937,0.10680037,0.096086085,0.03237137,-0.054777216,-0.107199505,-0.091086745
-0.02350275,-0.008710045,0.04458351,0.09639685,0.10440074,0.061935358,-0.008468594,-0.055380806,-0.050408117,-0.010827449,0.028864074,0.0348975,-0.0054535656,-0.07255514,-0.11682672,-0.11020377,-0.0519909,0.0041477997,0.023024105,-0.008478625,-0.061842546,-0.092727564,-0.06833142,-0.002740638
-0.037883364,0.04428488,0.13729948,0.15622766,0.123492986,0.046332277,0.00038747,0.02222768,0.10176916,0.17679834,0.197659,0.13142985,0.04185833,-0.027023172,-0.021668771,0.04442855,0.10435661,0.104562245,0.052289583,-0.045487437,-0.10662481,-0.087051585,-0.0149472505,0.058681585
-0.04968435,-0.0046383324,0.022914622,-0.0028833076,-0.030872263,-0.059066094,-0.033345595,0.025224186,0.0779295,0.11500135,0.11072813,0.055412218,0.026133895,0.03566085,0.07672925,0.120313525,0.12602518,0.09695777,0.031476703,-0.014075012,-0.018314289,0.010902442,0.042912487,0.045261826
0.11342517,0.062407732,-0.033531602,-0.08646928,-0.08812827,-0.020509984,0.04373391,0.054745898,0.0005097362,-0.09468417,-0.16197312,-0.13525307,-0.06476557,0.018933715,0.044047203,-0.0046618483,-0.081322186,-0.12690558,-0.10076686,-0.014402946,0.07522787,0.10210815,0.059373576,-0.016547993
-0.03214696,-0.019635879,0.03567008,0.094606146,0.10783214,0.062906764,-0.009691977,-0.06647821,-0.06488855,-0.01911306,0.031644095,0.041261725,-0.0039343084,-0.075537376,-0.12287044,-0.11789017,-0.058590557,0.009027727,0.029877601,-0.006020934,-0.06455716,-0.10193499,-0.07704856,-0.007340499
-0.021699565,0.039918944,0.11535235,0.14529997,0.13200545,0.082435705,0.0490433,0.05961541,0.11219085,0.17031294,0.1927249,0.14649916,0.0803328,0.022107726,0.015203225,0.048429117,0.093545906,0.09612581,0.052671425,-0.020132111,-0.07452409,-0.07666057,-0.02834592,0.025880892
-0.102610335,-0.055801928,0.011518693,0.026466276,0.010626154,-0.044651866,-0.08212234,-0.06526545,-0.0075914003,0.06259975,0.10061922,0.068107925,0.013323151,-0.032212514,-0.024938354,0.028419862,0.08555542,0.096199945,0.06863569,-0.0041845953,-0.05691269,-0.058482096,-0.015954671,0.032573212
-0.078366876,-0.076668754,-0.040573742,-0.012823552,-0.012432857,-0.050483525,-0.108726054,-0.14100966,-0.13221854,-0.091931336,-0.050917868,-0.03916073,-0.063485876,-0.10750463,-0.12729716,-0.10501421,-0.049592413,-0.00051373214,0.024469703,-0.0010107502,-0.04159021,-0.05952263,-0.041534364,0.006824661
0.03007219,0.011414015,0.029613111,0.08990741,0.13339831,0.14332706,0.0980926,0.035819955,0.0013766986,0.002969549,0.03561907,0.08192534,0.078239836,0.030547326,-0.033668444,-0.075050466,-0.065135404,-0.021616451,0.026853254,0.03237882,-0.0059221643,-0.057902377,-0.082253896,-0.055946838
0.08274102,0.14741664,0.1736719,0.14992069,0.110188715,0.085845724,0.10598897,0.1594468,0.20163487,0.20801559,0.16642374,0.093986124,0.043819234,0.04270321,0.08124912,0.11207361,0.10352694,0.050425366,-0.020145038,-0.06607352,-0.057978064,-0.0077874777,0.04021257,0.05147091
0.024351519,0.03444194,0.06780354,0.10407638,0.10264541,0.067544445,0.006254728,-0.036102246,-0.040751606,-0.023641331,-0.0070875613,-0.001945153,-0.035212252,-0.08941953,-0.12650278,-0.11988806,-0.073942274,-0.032783467,-0.011647228,-0.02614062,-0.058899276,-0.07374231,-0.049705103,0.006929997
0.040417716,-0.0042034932,-0.0035400076,0.060155775,0.1075113,0.11486628,0.04538121,-0.04899091,-0.10830891,-0.12077091,-0.08393659,-0.009435676,-0.0036282805,-0.056523725,-0.13624103,-0.17960328,-0.16166446,-0.09018791,-0.0021094007,0.026147522,-0.00693088,-0.06281293,-0.09472027,-0.058317844
0.026560197,-0.045742344,-0.09485707,-0.05968003,0.018772356,0.10175739,0.1230173,0.08040524,0.008401876,-0.03884014,-0.019814093,0.072318844,0.1428715,0.16331834,0.10659446,0.01741131,-0.042370442,-0.02992827,0.0396202,0.10530455,0.11081493,0.04233538,-0.052825477,-0.108349405
0.06911364,0.07964044,0.04280869,-0.014320853,-0.06191162,-0.06495568,-0.033314347,0.002264792,0.004446343,-0.033116262,-0.09023676,-0.12893978,-0.12942149,-0.08216795,-0.024586836,-0.008606118,-0.02964288,-0.06688215,-0.09389632,-0.07958395,-0.020194896,0.041924715,0.07082708,0.05304219
0.025562312,0.039578572,0.08052663,0.124982394,0.12951444,0.08660888,0.019863773,-0.03381947,-0.036945123,-0.013100652,0.013098615,0.017858068,-0.027401753,-0.08864964,-0.13200791,-0.12691173,-0.08453197,-0.029297415,-0.0054367585,-0.03159129,-0.06990959,-0.088686444,-0.06129131,0.0040716548
0.10261789,0.043974668,-0.005925802,0.023400921,0.07657476,0.14039047,0.14322712,0.09026428,0.013653003,-0.0514762,-0.057872526,0.014674622,0.06284107,0.0755012,0.025769886,-0.05990772,-0.108643666,-0.093568705,-0.025811467,0.039623555,0.06036585,0.01591504,-0.047788016,-0.07988989
-0.15347499,-0.10138145,-0.02768135,-0.019008711,-0.046173554,-0.11350325,-0.14935872,-0.120556235,-0.050682556,0.038436122,0.086850315,0.042398278,-0.016718512,-0.061181705,-0.037395768,0.0358068,0.11269129,0.12516314,0.08073269,-0.0021744252,-0.06060828,-0.05911004,-0.0040835855,0.047631364
0.033474136,0.0061792955,0.026096946,0.10048043,0.15514013,0.1621953,0.10767943,0.02640545,-0.020086646,-0.017641608,0.023410115,0.080666654,0.07944122,0.025897346,-0.058724716,-0.11526123,-0.104898274,-0.035990547,0.022222385,0.036444403,-0.0048120557,-0.07180519,-0.10215256,-0.065804295
0.12533082,0.10229339,0.07786633,0.09873905,0.12666449,0.16438927,0.1629806,0.12681954,0.08435639,0.03240053,0.009834041,0.044411138,0.06485855,0.06201886,0.020943888,-0.0352029,-0.07232593,-0.07531506,-0.035495736,0.0038172135,0.01838388,2.1923564e-05,-0.031349532,-0.044032507
-0.03697141,0.005356913,0.02019391,-0.025624273,-0.08172286,-0.12805513,-0.11879464,-0.06511366,-0.015560115,0.009404431,-0.0110235335,-0.0739062,-0.10797695,-0.093300395,-0.03383169,0.028988797,0.05405405,0.030690173,-0.024851376,-0.061823074,-0.047189306,0.007691166,0.062900156,0.07825501
0.09606102,0.035496343,-0.0185487,-0.0017370492,0.042611327,0.10619379,0.11250125,0.058305454,-0.009625576,-0.08023147,-0.0978897,-0.028240371,0.030703941,0.050299287,0.0025329818,-0.07586721,-0.12822966,-0.12011067,-0.044543475,0.028971866,0.05971288,0.028000798,-0.03409649,-0.07096816
0.019194242,-0.023090962,-0.013728712,0.060119763,0.1193436,0.13882668,0.08167947,-0.006892936,-0.06069875,-0.068553306,-0.025141552,0.047484208,0.063164935,0.013353695,-0.07228921,-0.13419798,-0.121308416,-0.05429123,0.023231307,0.050305925,0.010945914,-0.062171694,-0.103416026,-0.07856929
-0.10267633,-0.0560402,0.0012794145,-0.0015005897,-0.04264768,-0.1235857,-0.17180747,-0.15800127,-0.10665574,-0.03617345,-0.0062065218,-0.052950732,-0.11869161,-0.15444209,-0.1275127,-0.055121977,0.018141996,0.04989706,0.016798971,-0.052610587,-0.086420335,-0.065370865,0.0020674684,0.06808405
0.06596242,0.11150289,0.11383374,0.06723083,-0.0023206477,-0.051267445,-0.04771011,-0.01173493,0.01931581,0.018331831,-0.029286271,-0.10200429,-0.14562812,-0.13832177,-0.084303044,-0.02442641,-0.004689202,-0.029148364,-0.08531606,-0.10674004,-0.077101775,-0.0035458526,0.06614887,0.092228256
0.194255,0.15086548,0.057439856,0.020165883,0.03783607,0.13254856,0.21033764,0.21730685,0.15442029,0.03801012,-0.04543482,-0.016996281,0.054645058,0.13489665,0.14148754,0.05621471,-0.056564648,-0.12337353,-0.09764216,-0.009479773,0.08059016,0.10045663,0.041001026,-0.048047893
-0.19790293,-0.18022114,-0.090832874,-0.019370837,0.010658719,-0.03839474,-0.11241566,-0.15061627,-0.11424413,-0.014197471,0.088564396,0.10478051,0.060879085,-0.018775351,-0.058762994,-0.037080348,0.048823196,0.119117774,0.13402843,0.059790008,-0.038800262,-0.10770889,-0.09189849,-0.027781121
-0.05029643,-0.13177623,-0.19434315,-0.18991439,-0.14101173,-0.07503608,-0.051402234,-0.084160335,-0.14502463,-0.18282257,-0.16303675,-0.08282846,-0.00018300489,0.039609835,0.017188706,-0.036086466,-0.07138933,-0.051330954,0.013585503,0.08701917,0.10746588,0.06376718,-0.013835784,-0.0721387
0.056403443,-0.0036148033,-0.045492396,-0.010633349,0.06901977,0.16172543,0.19553967,0.15826252,0.09799259,0.044432342,0.05013681,0.12939887,0.2003337,0.22004874,0.16193204,0.065764345,-0.015230186,-0.020468462,0.04043606,0.10069358,0.10613092,0.04886214,-0.04877728,-0.113066636
0.09553832,0.0962138,0.035159044,-0.044625245,-0.104269624,-0.10060277,-0.052295573,-0.010091463,-0.0108694555,-0.070912205,-0.15162069,-0.19138509,-0.17338079,-0.106041975,-0.041260555,-0.021082891,-0.054036446,-0.10530373,-0.13004813,-0.090165876,-0.0050639925,0.07353542,0.100483365,0.06786416
0.08522166,0.18053813,0.22653797,0.1942431,0.13372417,0.085863195,0.109244175,0.18446147,0.25414982,0.27908987,0.23091604,0.12488951,0.04777843,0.039252847,0.09291094,0.15115854,0.15563199,0.08703928,-0.01752305,-0.09017834,-0.08670065,-0.020271823,0.056891587,0.0822374
-0.081611104,-0.05033497,-0.008662574,-0.011720199,-0.046019074,-0.105741024,-0.1442164,-0.13892193,-0.102211356,-0.052207887,-0.032168142,-0.067869544,-0.11165119,-0.13735832,-0.1155247,-0.06480447,-0.008514861,0.020770779,-0.0006160505,-0.04676005,-0.06977052,-0.048997626,0.0023572952,0.052689772
-0.10280087,-0.09488584,-0.035951298,0.011317893,0.014635699,-0.042655345,-0.12412955,-0.174724,-0.15810427,-0.09618078,-0.035099205,-0.022745663,-0.062360726,-0.13288641,-0.17013083,-0.14031377,-0.0612588,0.01125669,0.040239364,0.00061720057,-0.06294861,-0.09400291,-0.06518235,0.008481162
-0.07448275,-0.023418568,-0.009096415,-0.075531326,-0.15321162,-0.21617247,-0.199388,-0.13040555,-0.06522278,-0.025590437,-0.045653366,-0.12822567,-0.1722569,-0.14823914,-0.059319418,0.033639994,0.068563715,0.041402254,-0.032407112,-0.08248443,-0.061661135,0.015601524,0.09071217,0.1084913
0.019063786,-0.04722501,-0.106519654,-0.10722146,-0.08246035,-0.04241778,-0.043259956,-0.08441869,-0.14663345,-0.19775042,-0.20077722,-0.13765328,-0.08058977,-0.051362857,-0.07228155,-0.11767037,-0.13705374,-0.1111614,-0.045453537,0.024885187,0.057918828,0.034134727,-0.011697391,-0.04075524
0.019571476,0.028861677,-0.00014009382,-0.045557305,-0.056197822,-0.022348681,0.047742337,0.111937575,0.12701845,0.10524097,0.0687641,0.042991143,0.06364696,0.11768375,0.16629152,0.16788048,0.11460201,0.04761196,0.004393833,0.009410051,0.045629315,0.079276904,0.06542668,0.008350615
-0.038516905,0.0035552138,0.023492878,-0.0065151528,-0.042320386,-0.06849233,-0.043631427,0.0147766145,0.06340059,0.092414655,0.08150637,0.02506672,0.00039339723,0.010533916,0.05615439,0.10461425,0.119694754,0.08331194,0.0180833,-0.01856854,-0.018237736,0.013762865,0.050388586,0.049664542
0.09657575,0.12356346,0.106039576,0.066400334,0.03461901,0.04543452,0.0914385,0.13560896,0.15056434,0.11952971,0.06162298,0.015215743,0.012438454,0.04446482,0.08254353,0.08827203,0.051065616,-0.007750607,-0.05367993,-0.049634784,-0.009838109,0.040601652,0.058410082,0.03333558
-0.047127128,-0.13099083,-0.19184034,-0.1810122,-0.12416613,-0.057566687,-0.03878905,-0.07875966,-0.14519715,-0.18515731,-0.16231668,-0.07536585,0.0061237933,0.046975702,0.016866608,-0.05070297,-0.09098586,-0.0611506,0.012252447,0.085161105,0.10718552,0.055039853,-0.026696911,-0.081677444
0.009981526,0.0109638255,-0.04438003,-0.12892318,-0.18247332,-0.1710045,-0.10306913,-0.03446201,-0.022986062,-0.05798131,-0.11952757,-0.16359621,-0.13497128,-0.054107293,0.028964149,0.057672016,0.025556033,-0.032943223,-0.0793132,-0.051178794,0.023466362,0.09495016,0.11054112,0.059363738
0.06730372,0.14404038,0.1807646,0.15292333,0.09983149,0.060817037,0.078494065,0.13767713,0.19486846,0.21300246,0.17229694,0.0837987,0.022276292,0.0156206805,0.06356533,0.11055693,0.11605588,0.061859656,-0.022171916,-0.08003545,-0.075912505,-0.017028838,0.048653834,0.06959606
-0.110785164,-0.16687573,-0.15517373,-0.08295383,-0.0017369606,0.020372437,-0.025781726,-0.09452627,-0.13971607,-0.11436437,-0.029066715,0.063074425,0.090111926,0.057171904,-0.017977903,-0.071557336,-0.05776055,0.023192441,0.10133322,0.11259255,0.05890264,-0.03943321,-0.104839444,-0.0966202
-0.01870854,-0.030514544,-0.0010120173,0.064252056,0.12717769,0.15450981,0.13849515,0.10231956,0.08605726,0.10369985,0.15161484,0.1949603,0.19986464,0.16123867,0.09972885,0.048665576,0.040282093,0.06625448,0.09246708,0.08319509,0.0317274,-0.037680425,-0.081137545,-0.07909364
0.044940714,-0.017622901,-0.06243549,-0.029661674,0.04898436,0.13449626,0.16471492,0.13592985,0.07621341,0.02661591,0.03746933,0.1214,0.19202939,0.21051162,0.15013576,0.066566326,0.0005432813,-0.004946953,0.053588916,0.116468005,0.11931419,0.052629184,-0.044262774,-0.10648367
-0.059308313,-0.021678422,-0.0012825046,-0.026335206,-0.04981008,-0.06863641,-0.035060912,0.02113667,0.06963371,0.10707591,0.10883198,0.059805144,0.038522705,0.048838757,0.09088398,0.13825957,0.14290807,0.108593196,0.044145603,0.0035286932,-0.0037396946,0.020642402,0.04552557,0.03711182
0.098955266,0.033761483,-0.019614525,0.007551486,0.06524987,0.13901424,0.14716397,0.093171164,0.015810078,-0.054290153,-0.06587437,0.012138563,0.07526647,0.09298249,0.037205,-0.054791514,-0.11480773,-0.10241071,-0.02756716,0.048563935,0.07204422,0.029846232,-0.046194814,-0.08683621
-0.09563734,-0.050175644,0.0045730956,0.0010178394,-0.039736558,-0.116710216,-0.15950271,-0.14173242,-0.09152509,-0.022660019,0.004063014,-0.042728476,-0.10410704,-0.13938586,-0.11435379,-0.04160393,0.029242245,0.056114756,0.018323397,-0.045441058,-0.07936683,-0.057927962,0.005895279,0.06850029
-0.11883514,-0.15192534,-0.13795668,-0.09582953,-0.044903938,-0.031870916,-0.056176845,-0.090856604,-0.10175063,-0.07341708,-0.007892189,0.048236303,0.068012014,0.046848893,0.0074087377,-0.012967171,0.0027048723,0.046595976,0.093395606,0.08977832,0.046781868,-0.01754775,-0.058594316,-0.06070271
0.06646471,0.049852446,0.06516142,0.1256966,0.16636452,0.17355067,0.12514804,0.057887256,0.019156633,0.0070664785,0.028322691,0.07058242,0.06505713,0.019545397,-0.049751412,-0.10197276,-0.09500661,-0.047745746,0.0023404,0.014212673,-0.013780098,-0.06470221,-0.08367446,-0.05355556
