0.07095059,0.032028303,-0.02810808,-0.07641982,-0.09096563,-0.06054173,-0.0410494,-0.0488306,-0.091749445,-0.1529194,-0.18746877,-0.18550096,-0.14511514,-0.09976931,-0.08078713,-0.097743265,-0.12807417,-0.13737114,-0.11033308,-0.048305355,0.011682087,0.043304324,0.033432316,5.633187e-05
-0.06115181,-0.11375791,-0.113173686,-0.06427448,-0.015883686,-0.0022579022,-0.05777743,-0.13703452,-0.1833235,-0.17689313,-0.112899266,-0.04846774,-0.02706575,-0.06146458,-0.12082418,-0.1557534,-0.12986344,-0.05132909,0.02393205,0.05236515,0.020188404,-0.04154665,-0.078877956,-0.06029038
0.11048362,0.08237623,0.037447885,0.016602421,0.036443643,0.090248406,0.12967682,0.12424943,0.0853784,0.023092695,-0.009326224,0.0051231356,0.039574493,0.07085431,0.07190979,0.027794236,-0.03072526,-0.067313395,-0.050460618,-0.007047397,0.035043273,0.041858133,0.007731302,-0.036282815
-0.04187138,-0.09749563,-0.1317154,-0.12475377,-0.078566894,-0.02833448,-0.012096842,-0.03442326,-0.07685907,-0.0944091,-0.07548419,-0.014604186,0.04162258,0.06372488,0.045816347,0.0058696535,-0.01890702,-0.0103722615,0.038122173,0.08386884,0.09136011,0.054409496,-0.00550188,-0.050566874
-0.16735171,-0.10421206,-0.032076538,-0.010464148,-0.050631948,-0.14056891,-0.17847557,-0.14674719,-0.06115212,0.036645163,0.072016716,0.036059536,-0.026136579,-0.06548211,-0.045381818,0.03764559,0.11955036,0.14420933,0.094269596,0.0075613195,-0.05275854,-0.048453502,0.012343494,0.07293965
0.15121007,0.11487938,0.045650013,-0.002309252,0.0067879725,0.076211244,0.13142782,0.1412592,0.08697368,-0.0010737132,-0.058285676,-0.050703023,-0.0021916323,0.054349285,0.06954716,0.01822129,-0.06045307,-0.11091162,-0.094228715,-0.028172696,0.04310649,0.06962063,0.032175466,-0.029137282
-0.013781858,-0.014061629,-0.05762143,-0.11975701,-0.15927199,-0.1567589,-0.10173906,-0.044522386,-0.025656095,-0.046229273,-0.09026393,-0.11423746,-0.08716877,-0.021032522,0.038223952,0.06608423,0.044704277,-0.0009395117,-0.032537825,-0.014185087,0.03881875,0.08661974,0.09638365,0.054280914
-0.06350803,-0.097285904,-0.08278674,-0.028298778,0.022862904,0.0431522,0.014871856,-0.033542868,-0.060717013,-0.038572248,0.017446045,0.071065135,0.08833507,0.056221154,0.0008463855,-0.03023242,-0.013149247,0.03216137,0.075806506,0.085383564,0.0415305,-0.022948965,-0.06202188,-0.058683544
0.08585549,0.03618025,-0.041511703,-0.09596215,-0.10081577,-0.052069824,-0.014826609,-0.019097276,-0.07010996,-0.14701447,-0.18852822,-0.1730327,-0.11939332,-0.058460157,-0.037844088,-0.06607064,-0.11501647,-0.13813034,-0.10674218,-0.032823496,0.04022428,0.06767338,0.041954458,-0.008880756
0.010433662,0.021999804,0.06623256,0.10492057,0.107252866,0.07406212,0.0031617074,-0.047774844,-0.05639984,-0.028812721,0.0034355526,0.0055986717,-0.04274519,-0.109295145,-0.14647102,-0.13633893,-0.086583026,-0.04152899,-0.017794283,-0.0404503,-0.08550208,-0.10409111,-0.076531395,-0.013712116
0.10344941,0.112269476,0.07480922,0.014689716,-0.026060628,-0.016965158,0.021898083,0.054792404,0.05281882,0.004213559,-0.05727504,-0.09878726,-0.09187502,-0.04757369,-0.0029756844,0.005859651,-0.029613767,-0.07731721,-0.10243658,-0.08092436,-0.022233397,0.038217966,0.05919092,0.035383604
0.025935872,-0.045778338,-0.09689255,-0.09655044,-0.060451105,-0.007967572,-0.015299873,-0.074838325,-0.14755712,-0.19815849,-0.18508424,-0.12616591,-0.07077329,-0.055152573,-0.08768743,-0.13894059,-0.1603757,-0.12996595,-0.05261101,0.019832304,0.045642287,0.020013137,-0.029452916,-0.059317697
-0.05772477,-0.019112945,-0.0071470463,-0.032465838,-0.06971491,-0.10690073,-0.08761115,-0.032029793,0.02089683,0.049380895,0.031340703,-0.0031027738,-0.023489518,-0.005487091,0.04025943,0.08832893,0.10190444,0.074803546,0.025892075,-0.010744201,-0.006095843,0.025739852,0.057837766,0.06141339
0.012194875,0.023607293,0.06474706,0.10516965,0.11492797,0.08951755,0.028174298,-0.014124447,-0.020126184,0.0014673196,0.034606557,0.036334235,-0.0040421444,-0.06279621,-0.099260956,-0.10240019,-0.06796845,-0.02133189,-0.0023321596,-0.025719212,-0.06751423,-0.08968281,-0.07425348,-0.018195814
-0.0061411285,0.05529336,0.11894244,0.13467954,0.08903455,0.0118922,-0.046874184,-0.045673363,-0.0015883979,0.048933674,0.05500032,0.00034548333,-0.07846956,-0.13648385,-0.13438822,-0.0784827,-0.012851505,0.008499334,-0.026042404,-0.08746765,-0.12635024,-0.10285007,-0.027463054,0.049551792
0.03592757,-0.028575286,-0.08019318,-0.088780984,-0.068514295,-0.027608568,-0.035751138,-0.08957115,-0.1541283,-0.20381473,-0.1971233,-0.1562875,-0.10750297,-0.088822454,-0.11279731,-0.15108189,-0.16604915,-0.13606402,-0.07287886,-0.0023846137,0.028500289,0.0145125855,-0.018453749,-0.0415915
-0.062079486,-0.030305644,-0.027266128,-0.06906073,-0.12827748,-0.18180187,-0.17687905,-0.13184471,-0.08207926,-0.057496898,-0.07743106,-0.124527775,-0.14452657,-0.123074934,-0.06601833,-0.00010140498,0.031543832,0.018759467,-0.023966992,-0.048509113,-0.033396885,0.016135735,0.06778299,0.080860525
-0.011826886,0.054457225,0.11914858,0.13252759,0.08348315,0.0017911732,-0.0565571,-0.05017367,0.0013173254,0.052859206,0.060406365,0.0038352155,-0.079814166,-0.13667677,-0.12950577,-0.067544445,0.0002814032,0.019893678,-0.017668959,-0.08659155,-0.12679884,-0.10167967,-0.024637695,0.055534713
0.036418177,0.00418659,0.024395961,0.082839,0.13153239,0.14864072,0.08812352,0.0029580605,-0.0471701,-0.04930787,0.00073756493,0.04396331,0.037253626,-0.022172438,-0.092785046,-0.1386722,-0.12480049,-0.062573686,-0.0017910774,0.013277708,-0.02803541,-0.08296257,-0.10751996,-0.07179687
-0.13204534,-0.11854231,-0.06635816,-0.017052487,1.4177526e-05,-0.036447305,-0.079461925,-0.10008175,-0.07245469,-0.0039973203,0.050444663,0.06970767,0.04585518,-0.00033240844,-0.025483765,-0.005408024,0.0447269,0.09130753,0.09693791,0.05405468,-0.006628889,-0.04595575,-0.040232066,-0.0021303624
0.14090839,0.15442754,0.095752835,0.00624097,-0.055201564,-0.04535747,0.017413108,0.07150948,0.074324444,0.0052381246,-0.087269165,-0.15034398,-0.13661313,-0.065354206,0.0036799537,0.019923864,-0.031551532,-0.10404989,-0.14860836,-0.11572486,-0.024894245,0.06377793,0.09690918,0.057750877
0.02546485,-0.010765359,0.0031612408,0.05949123,0.11316742,0.13869941,0.085458025,0.002137027,-0.051406167,-0.056495886,-0.008711282,0.041081667,0.045612995,-0.0050933594,-0.07708239,-0.12803699,-0.12073354,-0.059840254,0.005035395,0.025160776,-0.01056709,-0.06828575,-0.1018208,-0.077635
0.011620493,-0.051057916,-0.14430583,-0.20289348,-0.18692282,-0.11480556,-0.03265947,-0.0073491046,-0.046486173,-0.11609907,-0.15481813,-0.11670317,-0.025467087,0.06875454,0.105035156,0.070042215,-0.0017085341,-0.050274104,-0.026405578,0.05186403,0.1295839,0.14305891,0.081970744,-0.016023465
-0.019954069,-0.013792029,0.032610353,0.082006864,0.08962874,0.051435687,-0.032974288,-0.09269733,-0.10054326,-0.06731917,-0.01724062,-0.009555594,-0.053693347,-0.12237193,-0.17017494,-0.16775256,-0.11369751,-0.036103513,-0.0058832727,-0.028997157,-0.079407476,-0.11013388,-0.088210255,-0.013892398
-0.10362147,-0.034075715,0.043762974,0.070466794,0.039796058,-0.03461008,-0.065554895,-0.02942934,0.044891484,0.13201408,0.15318714,0.11237761,0.04358293,-0.0043384507,0.008296722,0.07348539,0.13743524,0.14117894,0.08545102,-0.00049395167,-0.061487656,-0.056808908,-0.0008903344,0.05470491
0.016999008,-0.034557447,-0.023565294,0.04482397,0.103861704,0.1277913,0.055771668,-0.053801484,-0.120203495,-0.12547837,-0.06110904,0.0016277952,0.008740743,-0.0515801,-0.14200678,-0.19785048,-0.17718709,-0.09031949,-0.006986618,0.024615072,-0.016470833,-0.088083945,-0.12237202,-0.08676961
0.19291084,0.1700832,0.114762776,0.0791271,0.090427086,0.16207182,0.22127047,0.2291315,0.17996134,0.09210963,0.03157469,0.024577772,0.0616366,0.104632705,0.109058194,0.05127733,-0.0329425,-0.093116134,-0.09141683,-0.036603723,0.024902932,0.050040297,0.018608553,-0.037883352
0.028364848,-0.019872788,-0.043602683,-0.012362904,0.055997632,0.12754935,0.15605949,0.12958963,0.085051626,0.056856703,0.07873296,0.13706326,0.18561026,0.19371414,0.1521433,0.08342847,0.03407574,0.030418256,0.06543537,0.10157463,0.09539314,0.03919762,-0.034901705,-0.0798931
-0.027367989,-0.057131987,-0.038971856,0.023033813,0.08189382,0.110336125,0.083159,0.029284094,-0.0017796146,0.013211557,0.067153074,0.12243811,0.13258204,0.09313682,0.027784465,-0.014103484,-0.0069877715,0.033176515,0.07645716,0.08196924,0.035173204,-0.034396533,-0.077267475,-0.07034124
0.0763896,0.1662178,0.19628938,0.1551684,0.08026738,0.02913503,0.06481965,0.14733644,0.22271593,0.23652884,0.1710123,0.070288695,0.0075646304,0.015628016,0.07513831,0.13954476,0.14271389,0.06584525,-0.037317667,-0.100843795,-0.08577933,-0.010073104,0.06896374,0.086350955
-0.08763535,-0.029070234,-0.010337868,-0.05117652,-0.104302116,-0.15313295,-0.10949631,-0.012721331,0.07069635,0.11467707,0.084412515,0.026961263,0.0039705145,0.0369351,0.11410208,0.1832455,0.19411725,0.13988976,0.05657154,0.0011003704,0.0066587315,0.056877166,0.09843343,0.090357654
0.017320015,-0.04699048,-0.0812912,-0.0544211,0.019481221,0.09920585,0.11811062,0.0811126,0.016767593,-0.02013814,0.003865124,0.08136173,0.14032368,0.15107109,0.10612534,0.030109275,-0.017614977,-0.012161823,0.05045966,0.10246079,0.102682464,0.044439837,-0.040903803,-0.09071639
-0.13469963,-0.08747032,-0.03765911,-0.037592806,-0.09238968,-0.18628982,-0.23929016,-0.22606094,-0.16127807,-0.091605805,-0.06741227,-0.10622154,-0.16206416,-0.19353187,-0.16414915,-0.082511805,0.00036070464,0.03899976,0.012881341,-0.04787172,-0.081755154,-0.05604531,0.013278372,0.079111174
-0.053109623,-0.12545747,-0.16694121,-0.15509869,-0.10217701,-0.048081435,-0.04042887,-0.08133112,-0.13475044,-0.15526175,-0.12384073,-0.051666137,0.015065858,0.037071526,0.009779879,-0.037559573,-0.059822604,-0.030762667,0.032359242,0.09130835,0.09859153,0.051773477,-0.015097465,-0.058065534
-0.08530502,-0.09243539,-0.06697109,-0.041168984,-0.038334027,-0.06704551,-0.11700662,-0.14980909,-0.1502054,-0.11143285,-0.06979345,-0.05427529,-0.067017,-0.10113358,-0.12107404,-0.10220691,-0.05113548,-0.0012058179,0.023524303,0.013938022,-0.022520984,-0.045327697,-0.034719385,-0.0012360181
-0.11061681,-0.15033054,-0.14481789,-0.095900565,-0.041351043,-0.023421325,-0.0455721,-0.0894751,-0.107828945,-0.08391798,-0.021633416,0.047759343,0.073648386,0.054787166,0.010919812,-0.016275492,-0.002304779,0.046971906,0.098027974,0.10531279,0.06715472,0.00064782694,-0.048565425,-0.0504343
0.017257007,-0.04167073,-0.12491349,-0.17416707,-0.15686955,-0.08980963,-0.022218138,-0.00048172096,-0.041225582,-0.10759303,-0.13804886,-0.10054592,-0.020336594,0.060760394,0.08896039,0.050229426,-0.0149969505,-0.051809166,-0.02407511,0.04753419,0.11502544,0.12392585,0.06442442,-0.018958122
-0.0077347304,-0.048718534,-0.103337094,-0.13679083,-0.12097515,-0.07314019,-0.023641594,-0.0002231197,-0.026766194,-0.06379193,-0.08221129,-0.051209953,0.005608979,0.062005673,0.08476992,0.06244152,0.021017548,-0.01163879,0.0061721597,0.0530849,0.09340062,0.09469945,0.049000144,-0.014625222
-0.103672504,-0.063809976,-0.020936213,-0.018843573,-0.06137878,-0.13595437,-0.1806363,-0.16933553,-0.11772681,-0.059224408,-0.03921438,-0.07177968,-0.11890814,-0.14540374,-0.124994695,-0.062259097,0.0014877677,0.037566137,0.012829353,-0.037522405,-0.06637068,-0.048265528,0.007315819,0.064332515
-0.063768335,0.022683967,0.11054162,0.14024708,0.100576036,0.013722722,-0.03188443,0.00045846938,0.080425,0.1618981,0.17940335,0.1231444,0.03180216,-0.028915338,-0.020616677,0.044974197,0.11073794,0.12281235,0.061013408,-0.038942043,-0.100798726,-0.088701785,-0.018077292,0.06132406
0.09947213,0.021077849,-0.030251944,-0.00701065,0.06177093,0.14937975,0.15889882,0.08542685,-0.0042322953,-0.0723467,-0.05917814,0.00924723,0.07255124,0.080761045,0.019613361,-0.07113623,-0.12648024,-0.108088724,-0.03359845,0.046016697,0.06604527,0.015639655,-0.059026305,-0.10191376
0.11655944,0.14235213,0.10318259,0.028155519,-0.022191,-0.01045863,0.056476366,0.12040577,0.13504972,0.085288644,0.00054886925,-0.05809029,-0.051235676,0.010539242,0.0741006,0.088145666,0.03409657,-0.04312633,-0.09645322,-0.08405987,-0.012494091,0.06488796,0.09048731,0.052046154
0.09795376,0.065520264,0.0045285127,-0.04054319,-0.048999425,-0.015497644,0.011959994,0.0069082053,-0.031066267,-0.09823924,-0.13826457,-0.13660546,-0.10238946,-0.056857236,-0.038924094,-0.060646877,-0.1021005,-0.12287699,-0.10534248,-0.04924862,0.013527683,0.04137355,0.029887512,-0.0034525995
-0.00020407936,0.014937698,0.056073554,0.09197284,0.09111194,0.05699187,-0.0038716502,-0.04431655,-0.043256853,-0.016397636,0.0147043895,0.010293542,-0.03266629,-0.089525394,-0.121583186,-0.11096981,-0.066001974,-0.021889692,-0.008065052,-0.033787876,-0.07443964,-0.09070156,-0.06426903,-0.006916343
-0.04260268,-0.096892305,-0.095841266,-0.04215521,0.015171257,0.036839858,-0.01973191,-0.10049451,-0.15371817,-0.15346228,-0.08886248,-0.017919676,0.0018688994,-0.036154497,-0.10116904,-0.14804372,-0.13080922,-0.052991312,0.027487408,0.05654573,0.022916373,-0.04422,-0.09025078,-0.07089035
0.04527838,0.02177009,0.038844902,0.09239337,0.13431549,0.15274966,0.10142194,0.030668491,-0.015860671,-0.023124173,0.014408978,0.04939072,0.043639928,-0.0069595384,-0.07646356,-0.124332994,-0.11655614,-0.061721217,-0.010112535,0.0038582396,-0.027114792,-0.07455301,-0.096089534,-0.06602621
-0.0026674266,0.05761798,0.11570735,0.13837495,0.116692215,0.06890645,0.0486394,0.07257599,0.12248121,0.16972025,0.1732582,0.12848693,0.06793253,0.0272245,0.027527839,0.0620531,0.09401532,0.08928577,0.036973733,-0.026921738,-0.06638835,-0.060282044,-0.014743219,0.03179481
0.020184437,-0.0314534,-0.023787396,0.04449721,0.11063751,0.14232394,0.08244957,-0.017345082,-0.07980466,-0.08822188,-0.024072865,0.038718514,0.051807657,-0.00063182996,-0.087614104,-0.15073249,-0.14324185,-0.062293246,0.012751115,0.04301827,0.003520096,-0.07254819,-0.116965696,-0.089730665
0.064758494,0.1360673,0.16102144,0.12953325,0.07246123,0.03176469,0.063783154,0.12947561,0.19198851,0.20248523,0.15025574,0.0653396,0.018411526,0.02484838,0.0751804,0.12299856,0.1205852,0.058143143,-0.0288416,-0.07906819,-0.06712727,-0.0060026404,0.05586272,0.06709217
-0.13565312,-0.1868318,-0.17325522,-0.110225365,-0.04036837,-0.020362493,-0.056627274,-0.11594098,-0.14349255,-0.10767896,-0.026618063,0.058898304,0.08727204,0.05403933,-0.000121774916,-0.030802276,-0.006111846,0.05506893,0.121594094,0.13120534,0.07504412,-0.0091185225,-0.06828026,-0.06732795
-0.10087762,-0.09447011,-0.056548517,-0.021789383,-0.016454613,-0.046505388,-0.084334455,-0.10217699,-0.084558584,-0.032222584,0.01211283,0.022673817,0.0045622163,-0.030760644,-0.051121525,-0.03095307,0.015775561,0.057611104,0.06348245,0.035813678,-0.011345348,-0.038936928,-0.029243786,0.0034418232
0.005377548,-0.041974958,-0.017119229,0.066150725,0.13838695,0.16171506,0.08236395,-0.025470583,-0.089434005,-0.08246904,-0.006548712,0.064281575,0.06303049,-0.010797721,-0.1083139,-0.16820586,-0.14415166,-0.0555137,0.028038422,0.047868013,-0.010659678,-0.097153075,-0.13893606,-0.097222686
-0.05270897,0.021177951,0.046948273,0.0044870637,-0.06610041,-0.12769136,-0.09707961,-0.0024937103,0.08297619,0.12338102,0.08343797,0.008106595,-0.03429267,-0.010509046,0.061165698,0.13650353,0.15575194,0.10734726,0.017687147,-0.044848856,-0.035690553,0.027484534,0.090795815,0.10258916
0.023660595,0.03229141,-0.020027852,-0.096502535,-0.14630108,-0.14313303,-0.07553094,-0.008941277,0.013560048,-0.020841278,-0.08582075,-0.12406264,-0.09893021,-0.021632047,0.04789979,0.07874009,0.04580582,-0.017162565,-0.06149646,-0.041801624,0.029021597,0.0925113,0.11104466,0.06314314
0.034297783,-0.040504843,-0.08329187,-0.051133543,0.033678237,0.13048245,0.15895961,0.1136937,0.037891958,-0.010255966,0.012640692,0.095212504,0.17022166,0.1868312,0.12974815,0.034149777,-0.028854337,-0.020628821,0.04618856,0.11192521,0.118438,0.053044926,-0.044786267,-0.10698495
-0.030882403,-0.06747845,-0.11492505,-0.14899917,-0.1442699,-0.11663387,-0.079302825,-0.05919991,-0.07596856,-0.10081201,-0.11383475,-0.08901694,-0.042734582,0.0050014677,0.03518361,0.032544807,0.012768779,-0.016176855,0.0001074387,0.039979998,0.07355317,0.08028184,0.050782513,-0.0010990591
0.025577461,0.050201006,0.01720882,-0.041409343,-0.071612105,-0.049781505,0.04548479,0.1363771,0.17344289,0.1515023,0.087100476,0.048996717,0.07340443,0.14721775,0.21049154,0.22477296,0.16816817,0.07935993,0.012334928,0.009458382,0.06113743,0.11121291,0.11057955,0.047286578
0.115911566,0.12514932,0.07164346,-0.008222977,-0.06514229,-0.058424912,-0.007571406,0.039529715,0.04130695,-0.02032667,-0.09684789,-0.1517383,-0.13893457,-0.07518258,-0.0146203,0.0011346261,-0.0396177,-0.09576117,-0.13094375,-0.10094216,-0.021635348,0.05601679,0.08479196,0.053436793
0.12790464,0.040812213,-0.019861793,-0.0033180153,0.0683894,0.16556124,0.16716845,0.08804043,-0.020411655,-0.10514822,-0.0976347,-0.022775263,0.0438694,0.055068225,-0.008546862,-0.11406758,-0.18058789,-0.15312125,-0.06297181,0.02987192,0.06120405,0.014338652,-0.06800056,-0.10873172
0.02058296,-0.020195354,-0.012902809,0.044071168,0.100184575,0.12999201,0.08459882,0.004046469,-0.048032038,-0.054965194,-0.0055855494,0.045035116,0.057889804,0.015895562,-0.057737473,-0.1133817,-0.112130016,-0.047831316,0.011469058,0.03654414,0.005204328,-0.05718744,-0.095227815,-0.0762278
0.103223264,0.11250166,0.07143462,0.009319389,-0.035034284,-0.033297066,-0.00092618295,0.03003761,0.029777758,-0.022160742,-0.08313653,-0.12474662,-0.12171663,-0.07642163,-0.030020101,-0.018692177,-0.05083155,-0.09112996,-0.11451717,-0.0930242,-0.029273055,0.03271693,0.057929117,0.041706722
0.12760422,0.082505696,0.0013688032,-0.05942151,-0.06363798,-0.006981849,0.043419853,0.042658642,-0.010987298,-0.10002405,-0.1587517,-0.15146782,-0.097032435,-0.033396892,-0.0071705733,-0.039954457,-0.10268631,-0.14923069,-0.12458719,-0.04773407,0.03445934,0.071410045,0.046659637,-0.015622411
0.08463065,0.17977268,0.21567449,0.1788675,0.10379169,0.047620833,0.08060368,0.1591693,0.23944716,0.25907937,0.19461933,0.08880562,0.0184664,0.020321079,0.07714337,0.14654571,0.15324558,0.07604951,-0.035670504,-0.10480748,-0.09477973,-0.022062875,0.06407525,0.08814502
-0.15131733,-0.09745768,-0.03665098,-0.028177911,-0.08011797,-0.18022376,-0.24171597,-0.22261457,-0.15387361,-0.072086394,-0.041303262,-0.079526074,-0.14297256,-0.18325287,-0.15788403,-0.07334974,0.019088654,0.061477244,0.032810934,-0.03730019,-0.08252255,-0.06420785,0.0057563074,0.07780873
0.14913067,0.16558914,0.10353652,0.008744227,-0.06085111,-0.05779563,0.0004673189,0.060011767,0.0648503,-0.009951835,-0.104803056,-0.174979,-0.16593564,-0.09209344,-0.018413782,0.00038099303,-0.048488893,-0.1167447,-0.16356437,-0.13093624,-0.034331888,0.060502242,0.09928264,0.06669365
0.004962585,-0.04396261,-0.024609534,0.052018084,0.11639494,0.14062007,0.06560516,-0.037835408,-0.10392966,-0.10048319,-0.030340811,0.035526074,0.039676618,-0.02778141,-0.12278754,-0.17930038,-0.15243328,-0.06784044,0.015271774,0.04153509,-0.010662333,-0.090190865,-0.12838389,-0.09330854
0.03790454,-0.0146773355,-0.09008145,-0.13098031,-0.10940128,-0.03829168,0.030098697,0.049332332,0.005058617,-0.059299227,-0.09469367,-0.058353864,0.015979487,0.08663088,0.10466561,0.064206,0.0014175571,-0.048596818,-0.02295985,0.045500718,0.106626526,0.111647315,0.054642994,-0.03154079
0.11559381,0.09420516,0.047701813,0.01334338,0.011909196,0.05797418,0.096863076,0.098450586,0.062357333,0.001558906,-0.043146774,-0.047630858,-0.014958607,0.024626397,0.031137899,-0.0033548605,-0.058982722,-0.08871721,-0.083464324,-0.036884245,0.016298011,0.041061502,0.024702968,-0.013653525
0.13286987,0.06371153,0.00871461,0.01640801,0.074550964,0.1564154,0.16223629,0.09716297,0.0063746204,-0.076016136,-0.07966301,-0.019745411,0.032158222,0.04241193,-0.0040520714,-0.09145576,-0.15202288,-0.14427525,-0.067936525,0.008992762,0.042469937,0.011208683,-0.055744708,-0.09320919
0.07126676,0.025701057,-0.043051444,-0.07325294,-0.036756646,0.051935356,0.13885939,0.16146,0.121720806,0.056773536,0.018369274,0.05029498,0.12658797,0.19868128,0.20640926,0.14579579,0.053819925,-0.0018065503,0.0038937477,0.06489378,0.122080594,0.11725646,0.048983123,-0.041932803
-0.055416726,-0.1180942,-0.11205979,-0.045995884,0.022605343,0.04786651,-0.013998274,-0.10845179,-0.16607353,-0.15804546,-0.0798743,0.0005893803,0.02399673,-0.022662578,-0.098344274,-0.15023668,-0.12947692,-0.042020753,0.044776592,0.075887814,0.030213486,-0.050771195,-0.10333086,-0.08235383
0.09764192,0.09476128,0.04191372,-0.02777169,-0.07431244,-0.062483855,-0.018248238,0.010065172,0.0019805122,-0.056464717,-0.12155916,-0.16056259,-0.14038044,-0.08442075,-0.035798047,-0.024474328,-0.058107294,-0.106583074,-0.123713985,-0.08690319,-0.015590626,0.05073884,0.07186788,0.037649967
0.14717987,0.11511775,0.05297236,0.01489317,0.030630652,0.10236414,0.15783006,0.1643527,0.11072195,0.02744452,-0.02854017,-0.017579649,0.030291531,0.080575526,0.08612702,0.030004576,-0.048943512,-0.10029102,-0.08291316,-0.021749208,0.043968856,0.064207666,0.024300808,-0.038505048
0.015251602,0.023573551,-0.015086319,-0.07728665,-0.11967221,-0.11544611,-0.05707941,0.004644241,0.02344736,-0.00060385076,-0.053468186,-0.08748937,-0.066888124,-0.0056808675,0.05286086,0.08054508,0.057399396,-0.0020751236,-0.04041127,-0.025854329,0.026172016,0.0793933,0.09418271,0.050383538
-0.11922866,-0.16285738,-0.15365846,-0.10370307,-0.04432389,-0.025086178,-0.053859353,-0.09598356,-0.12035591,-0.091158755,-0.024627734,0.04769715,0.07523811,0.052700426,0.009883088,-0.019691907,-0.0035885586,0.049973235,0.10525113,0.11510998,0.07125567,0.0012408333,-0.052914854,-0.05488486
0.061200242,0.083174564,0.037886582,-0.03699617,-0.073654994,-0.045853663,0.055042397,0.1568585,0.18487698,0.14314014,0.063653946,0.01804689,0.046064273,0.13000649,0.2062157,0.21496534,0.1470966,0.04638554,-0.018714212,-0.010677583,0.05706939,0.1223747,0.120099016,0.049060278
-0.099124394,-0.09228319,-0.046956435,-0.0051534334,-0.004576533,-0.05086832,-0.11830126,-0.15925375,-0.147527,-0.09278362,-0.03994751,-0.029085167,-0.060705557,-0.114502504,-0.14491564,-0.11922475,-0.052288767,0.012533375,0.03367108,0.004789072,-0.047958776,-0.07606819,-0.0530205,0.0029517468
0.016946066,0.02464612,-0.02903053,-0.10925507,-0.16152278,-0.15850237,-0.08486049,-0.009464823,0.016143158,-0.016455814,-0.081942424,-0.12266405,-0.09534035,-0.014454814,0.062502086,0.09792457,0.066643775,-0.0048486167,-0.053646445,-0.0335232,0.036367573,0.10225835,0.1204641,0.066739835
-0.021769278,-0.041247554,-0.00063567405,0.08346509,0.16092621,0.1949558,0.16256192,0.107227005,0.07683166,0.10393301,0.16508314,0.22437467,0.22574517,0.16734178,0.08631758,0.027012646,0.025240779,0.0692639,0.10982502,0.09998236,0.03399461,-0.04976961,-0.10247627,-0.088782154
0.16632657,0.19722235,0.16527402,0.10437071,0.066247776,0.088194095,0.16006525,0.2180407,0.23003487,0.17409529,0.0887974,0.025451258,0.025785934,0.07558956,0.12559971,0.12616229,0.061696466,-0.02693077,-0.08888005,-0.08087842,-0.01787052,0.049392074,0.07108465,0.032515045
-0.16741428,-0.15695488,-0.0978951,-0.043087553,-0.026391692,-0.070853084,-0.1285606,-0.14908786,-0.121746875,-0.040442508,0.028706202,0.055830065,0.027287548,-0.02728264,-0.054656707,-0.026424887,0.04270552,0.10056954,0.1154641,0.068674386,-0.005495812,-0.052349918,-0.046912126,-0.0004888565
0.006633487,0.05593766,0.06723177,0.028722867,-0.03262897,-0.086217105,-0.084759876,-0.04012363,0.0067977123,0.0190112,-0.0176307,-0.07689766,-0.11748421,-0.10979474,-0.059458837,0.0005634666,0.025806483,-0.003739132,-0.052525338,-0.086027436,-0.06861763,-0.011376187,0.05058498,0.07288146
-0.013296463,-0.036709882,-0.010435983,0.05608335,0.12664075,0.16366328,0.14177983,0.094744734,0.06474714,0.079376586,0.13071902,0.18645658,0.1950891,0.15329055,0.088317946,0.031075444,0.018483628,0.055561915,0.09420947,0.091578566,0.041474443,-0.030085241,-0.08425827,-0.07845794
-0.02024351,0.0047873706,0.0849744,0.15858808,0.16791464,0.118005164,0.016445033,-0.044108693,-0.04452297,0.013427558,0.07452814,0.07257043,0.0041036797,-0.097428516,-0.1615206,-0.15375736,-0.078831285,-0.0011502851,0.02064991,-0.025669305,-0.10823656,-0.1479817,-0.11435216,-0.021931434
-0.12024873,-0.16725057,-0.14723277,-0.07605372,-0.0045028515,0.019998576,-0.01456617,-0.07088651,-0.10089738,-0.062249914,0.017004097,0.09390769,0.12256552,0.085052945,0.019890089,-0.018892966,0.0034345863,0.06563859,0.12273966,0.13299319,0.07267782,-0.015251599,-0.07316496,-0.073183306
0.07549104,0.1457262,0.17276894,0.14439483,0.087503105,0.04912683,0.078109086,0.13499461,0.19422092,0.20715436,0.15696223,0.071512334,0.022045787,0.024603529,0.06689268,0.11518351,0.114089064,0.05648838,-0.031971652,-0.080999665,-0.07266314,-0.015527321,0.049561996,0.06576586
-0.049520884,-0.097456984,-0.12939768,-0.12610331,-0.08825636,-0.047272,-0.030468239,-0.043293025,-0.07503538,-0.092148274,-0.074191004,-0.019910522,0.029928401,0.053242717,0.044240855,0.010785947,-0.010930262,-0.0044988194,0.03935301,0.07617071,0.08449047,0.055638272,0.0011836723,-0.039196834
-0.019994931,-0.096495,-0.14292948,-0.1272497,-0.061945986,0.013363025,0.033179574,-0.004043688,-0.06946162,-0.10549704,-0.07911067,0.00014034669,0.074137285,0.09809383,0.06279497,-0.0043477244,-0.043668102,-0.029468527,0.03971255,0.10465522,0.113868885,0.061756678,-0.022152504,-0.07965448
-0.048464753,-0.098547824,-0.09883404,-0.05267843,-0.009299255,0.001744089,-0.0532384,-0.12916471,-0.17361547,-0.16986956,-0.108269006,-0.051600453,-0.03335433,-0.067477606,-0.124122344,-0.15556297,-0.12761962,-0.052670736,0.016911458,0.045039665,0.013998578,-0.04435003,-0.076725535,-0.056746416
0.090140626,0.013520054,-0.039943222,-0.0245964,0.04617332,0.13360283,0.14293809,0.0803298,-0.009218012,-0.07878241,-0.06985269,0.0055454634,0.067150824,0.07994627,0.03016054,-0.05939174,-0.11905279,-0.10676911,-0.027202094,0.049237404,0.073379956,0.026584044,-0.054196294,-0.09936716
-0.052379053,0.0051546018,0.024331287,-0.0060777958,-0.061832417,-0.10932801,-0.07403994,0.0041497694,0.07896296,0.117481396,0.0898046,0.029047636,-0.0011855294,0.020070698,0.075750135,0.14508401,0.16777235,0.116965845,0.035803206,-0.01484797,-0.013758759,0.028905213,0.08041001,0.080574624
0.20712407,0.17461407,0.10695936,0.06857295,0.0891353,0.17776902,0.24633224,0.25326106,0.19107111,0.09194029,0.02464388,0.028826645,0.0783955,0.13191134,0.13104177,0.05919652,-0.04055315,-0.10438336,-0.096450016,-0.028039077,0.044508953,0.0649444,0.020683255,-0.04850997
0.015582423,0.034644634,0.082028046,0.12466601,0.13051485,0.10012167,0.036719937,-0.008264108,-0.009509864,0.016669571,0.047395352,0.044819474,-0.0030181096,-0.0669163,-0.1060845,-0.10403945,-0.06589075,-0.02047407,-0.0056862673,-0.035904035,-0.08018194,-0.09998964,-0.07649926,-0.0147868255
-0.15131083,-0.07376957,0.014123925,0.04586214,0.0077462574,-0.08365205,-0.12013894,-0.082440436,0.010217566,0.115802415,0.14852959,0.102268755,0.029301222,-0.021202784,-0.006873339,0.07277184,0.15195192,0.16980073,0.10634267,0.0063493247,-0.06406589,-0.060752355,0.004385813,0.069605716
-0.0026492772,-0.051234476,-0.11959747,-0.16393663,-0.15433626,-0.10195243,-0.042815477,-0.016980188,-0.047232278,-0.09456112,-0.12031597,-0.09271797,-0.02404808,0.046045467,0.07502281,0.052127574,0.0054079504,-0.030519579,-0.013109824,0.046738986,0.100735575,0.11001956,0.0643597,-0.009673323
0.066886194,0.10163715,0.10275433,0.07154711,0.018924244,-0.020174403,-0.025161276,-0.007419782,0.018491894,0.007709776,-0.0262244,-0.08498358,-0.11945125,-0.115766846,-0.085437514,-0.04985191,-0.03848049,-0.050533444,-0.08918282,-0.10387967,-0.07974648,-0.029857945,0.026244622,0.05433828
-0.1411741,-0.13614689,-0.09499196,-0.054199792,-0.037751574,-0.07129781,-0.11604156,-0.13381676,-0.114429206,-0.052756786,-0.00073009916,0.027464379,0.010510803,-0.026564188,-0.047084108,-0.0289378,0.019801542,0.0699649,0.086457826,0.053631674,0.0028664619,-0.034268152,-0.034152284,-0.00013738859
-0.022757621,0.017654292,0.058905005,0.075727165,0.060641207,0.025312677,0.0115308575,0.031304467,0.068461284,0.10643638,0.113428086,0.08717534,0.0459624,0.017141905,0.019370269,0.04902161,0.07900197,0.07234858,0.03916856,-0.007105517,-0.039143585,-0.037233252,-0.0070471135,0.022321517
0.029922038,-0.015547385,-0.07954552,-0.115100585,-0.09877508,-0.03958234,0.01719128,0.030048575,-0.005892837,-0.060136586,-0.087409735,-0.05938662,0.004859812,0.06600979,0.08134775,0.04708822,-0.0072978577,-0.04196136,-0.02122453,0.03666524,0.088559516,0.09383054,0.046553545,-0.023221007
0.20808159,0.24930348,0.2076345,0.13013265,0.08057016,0.10946105,0.202331,0.27885202,0.29364493,0.22430106,0.112282775,0.035929546,0.03472708,0.100093454,0.16040124,0.16263697,0.081564434,-0.033530764,-0.112610824,-0.10274118,-0.020235233,0.064193,0.093046896,0.043609828
-0.16008349,-0.101066224,-0.034682013,-0.01743504,-0.050660923,-0.12717347,-0.14862327,-0.10555854,-0.021963328,0.06729515,0.097240716,0.065788,0.013035259,-0.017039483,0.01079056,0.082168706,0.1458191,0.1562512,0.1062355,0.02301007,-0.032326955,-0.025333019,0.021405818,0.06730483
0.015173201,0.040246356,0.10857255,0.17244306,0.18254098,0.13739927,0.045438763,-0.020537503,-0.022148147,0.016951086,0.06415917,0.06059206,-0.0053250347,-0.09826428,-0.15492287,-0.15258923,-0.09509893,-0.028031701,-0.0060295174,-0.04775259,-0.112971626,-0.14346282,-0.11051257,-0.023420462
0.06494369,0.027809333,0.03821643,0.092691034,0.1394518,0.16504121,0.1098159,0.022819849,-0.037154064,-0.05103595,-0.009376657,0.029872663,0.029661328,-0.023834908,-0.09935956,-0.15076427,-0.14166251,-0.083997905,-0.024145368,0.0037091023,-0.027873058,-0.08100234,-0.10498269,-0.0766297
0.06172849,0.022650104,-0.044086892,-0.08165794,-0.06288434,0.007863448,0.08495982,0.11320866,0.08167409,0.019373583,-0.019091977,-0.00022618132,0.06658276,0.13681114,0.1544495,0.110201366,0.035437193,-0.016098002,-0.013393124,0.042696506,0.10061476,0.10811019,0.055857535,-0.024314957
-0.06237714,-0.103243336,-0.070959724,0.016213583,0.0986853,0.12825446,0.07802216,-0.0056806384,-0.045591183,-0.018536061,0.06295214,0.14303406,0.15456481,0.09352328,0.0075406777,-0.049940575,-0.0375797,0.03407973,0.10399522,0.105893746,0.037707563,-0.05502042,-0.11375578,-0.09374053
-0.10573097,-0.15513964,-0.1308889,-0.05424835,0.020068385,0.042663228,-0.009259623,-0.088256635,-0.1277311,-0.093039565,-0.009768604,0.07241167,0.09483197,0.045170452,-0.030530281,-0.07599261,-0.052674077,0.027096422,0.09993165,0.11126689,0.049276534,-0.039156716,-0.09483639,-0.08006308
-0.017942611,-0.055813596,-0.11516284,-0.15794,-0.15571013,-0.12019811,-0.06670183,-0.04430835,-0.05849989,-0.09605049,-0.11867564,-0.09872702,-0.04122427,0.022850635,0.057253845,0.047356557,0.00917519,-0.021751331,-0.011743345,0.03375866,0.08332731,0.0975375,0.06479617,0.0035153737
0.06119626,0.029120509,-0.021832379,-0.043297727,-0.01631914,0.048902784,0.10956409,0.1321241,0.10012467,0.048489403,0.020517176,0.04470728,0.096267655,0.14639872,0.15141484,0.10720003,0.044603568,-0.002010316,0.0048018564,0.048730176,0.08877154,0.08318004,0.031553265,-0.03515005
0.038966022,0.0094051715,0.028646337,0.0856171,0.1291778,0.14079742,0.07527705,-0.010601469,-0.060813583,-0.063818455,-0.017162602,0.020776464,0.012501226,-0.046222083,-0.1182388,-0.16279775,-0.14584774,-0.07695396,-0.018036913,-0.0012885258,-0.037414014,-0.089063376,-0.107046284,-0.06686204
0.026849452,0.032418907,-0.013620717,-0.08502294,-0.13204847,-0.13266908,-0.0778843,-0.020947441,-0.0043650023,-0.036430202,-0.09536695,-0.13154964,-0.11142537,-0.04626298,0.020740889,0.050340816,0.024367323,-0.032435637,-0.067879744,-0.04750868,0.015604843,0.07757974,0.09736186,0.057249498
-0.054059055,-0.10813906,-0.112017095,-0.07146527,-0.031082924,-0.022159532,-0.0845133,-0.16055773,-0.21233046,-0.21032575,-0.15131849,-0.08670485,-0.07069023,-0.10507886,-0.15831421,-0.18622385,-0.15225837,-0.07758925,0.003724524,0.036725394,0.009429519,-0.04493517,-0.07628412,-0.054338206
0.032033768,-0.04718159,-0.102419525,-0.10213214,-0.05212865,0.0139683895,0.011633621,-0.041608203,-0.12207223,-0.17939526,-0.16413803,-0.095637016,-0.03230146,-0.011701057,-0.04184947,-0.10952886,-0.14812757,-0.118192494,-0.035898905,0.0410837,0.067690976,0.035588,-0.032882232,-0.070146784
-0.1528942,-0.07330192,0.016900746,0.04118003,-0.004680289,-0.105088785,-0.14882992,-0.10911781,-0.015273635,0.09018443,0.120710745,0.070852734,-0.009001938,-0.06316869,-0.037114594,0.05064804,0.13629854,0.15170556,0.092990704,-0.009559803,-0.07974331,-0.06520947,0.0064046495,0.07732547
-0.1517756,-0.1434513,-0.08280051,-0.019723127,0.005301004,-0.0363747,-0.09943534,-0.12910953,-0.10583142,-0.028281838,0.046528235,0.07698071,0.046099737,-0.015185481,-0.050987914,-0.031333737,0.03479955,0.09884039,0.117020085,0.07025013,-0.007887467,-0.06320161,-0.062139332,-0.010548103
0.0034662313,0.02180562,0.07865689,0.13805006,0.15435149,0.122771636,0.05205841,-0.0008667556,-0.002356049,0.03558215,0.07896203,0.08477769,0.032294843,-0.045218844,-0.09799286,-0.095398694,-0.045521714,0.0022711542,0.018910438,-0.016148323,-0.076592036,-0.11374377,-0.09241662,-0.026952181
0.056175563,0.020732919,-0.037371445,-0.07037803,-0.04688794,0.020757627,0.09384165,0.1234676,0.094234966,0.039360773,0.0037382382,0.027775615,0.086191826,0.1471999,0.16691291,0.12565781,0.054685947,-0.003463212,0.001037418,0.049042437,0.097697176,0.10235927,0.049322274,-0.027256174
0.07347269,0.031839352,-0.031246152,-0.059850063,-0.023172421,0.06907786,0.16511099,0.19595248,0.15993589,0.097869284,0.05809858,0.08384555,0.16117142,0.23082267,0.24137983,0.18236154,0.09072269,0.019532602,0.019077837,0.07577288,0.12584649,0.12286563,0.053230688,-0.046958722
0.15268372,0.18887188,0.15046035,0.075671956,0.027220344,0.044708658,0.1294341,0.204096,0.22745863,0.17190655,0.07658833,0.008807556,0.010094822,0.07405919,0.1407862,0.15311049,0.08595205,-0.015759233,-0.08778461,-0.08314458,-0.009922806,0.06893673,0.095387585,0.05016092
0.03030329,-0.0025515887,-0.046222705,-0.05815203,-0.026234653,0.040969558,0.111820154,0.13647172,0.11166992,0.07443825,0.053300656,0.080111794,0.13852769,0.18606475,0.18786152,0.14716916,0.09024471,0.035143107,0.036541853,0.0767974,0.10489444,0.09203074,0.037550285,-0.040170934
0.05175121,0.008936308,0.02560352,0.09805095,0.161896,0.19132721,0.12071945,0.014116375,-0.0545183,-0.065548316,-0.0084602935,0.04915206,0.049374603,-0.016625429,-0.11204455,-0.17786378,-0.16769019,-0.088281,-0.009831604,0.016553864,-0.025069848,-0.09656592,-0.13258877,-0.095613316
-0.004564568,-0.05067509,-0.11656431,-0.15934646,-0.14998001,-0.10105711,-0.04243603,-0.019528782,-0.046319008,-0.088461265,-0.11419313,-0.08689846,-0.021935312,0.04554718,0.073934615,0.057072856,0.0142413,-0.024191564,-0.010759475,0.046076346,0.09767409,0.10506236,0.06409966,-0.007816141
-0.061550073,-0.02758739,0.058333457,0.145919,0.18115745,0.14977685,0.08655009,0.04940633,0.07257006,0.14671025,0.21209274,0.22255619,0.16875644,0.082464874,0.016999073,0.012529302,0.05847975,0.11724071,0.11359873,0.048160464,-0.04294923,-0.10521816,-0.0983644,-0.03126238
0.010433693,0.015957102,-0.03157549,-0.10615777,-0.15267265,-0.1506519,-0.0922312,-0.027846448,-0.008614016,-0.040177796,-0.09766933,-0.12941214,-0.10596841,-0.034231305,0.036633153,0.0640763,0.032668572,-0.021180985,-0.054736897,-0.037144743,0.027459215,0.09017493,0.10327045,0.061157104
-0.044044487,-0.009416427,0.063120455,0.13502418,0.16267394,0.13417841,0.08145521,0.057301383,0.07888045,0.13803002,0.187147,0.19525136,0.1442803,0.072108425,0.019548751,0.015312345,0.051760167,0.09576798,0.09133153,0.032184295,-0.04064311,-0.08917675,-0.081866674,-0.023542939
-0.11538298,-0.0715097,-0.030282477,-0.036006324,-0.09307397,-0.18075766,-0.22946177,-0.21671508,-0.15840475,-0.09772859,-0.080865234,-0.12181348,-0.17289522,-0.19716686,-0.16917205,-0.09127432,-0.014742844,0.022499382,-0.0045324382,-0.056326345,-0.08054149,-0.051961027,0.017480616,0.079090826
-0.16058522,-0.15251377,-0.10173147,-0.048960365,-0.023916364,-0.055829503,-0.09497795,-0.108738266,-0.07898845,-0.0072818184,0.05749044,0.08461048,0.069905736,0.028741762,0.0045309197,0.019623931,0.06757678,0.118952535,0.12740125,0.08381526,0.018305054,-0.03002307,-0.037833747,-0.0065266485
0.02454569,-0.048626658,-0.10288664,-0.104498364,-0.0658454,-0.010153195,-0.011671123,-0.06436361,-0.13647154,-0.18748367,-0.17551552,-0.11308603,-0.05624445,-0.03665939,-0.06537743,-0.11593598,-0.13982433,-0.11765539,-0.042619307,0.030468294,0.05696312,0.029132284,-0.024395421,-0.059596594
-0.00082511577,0.0081922095,-0.016010858,-0.05369422,-0.07049854,-0.05798115,0.003220373,0.053716995,0.079793215,0.066769406,0.033309557,0.015684992,0.035300955,0.08343258,0.12752539,0.1408236,0.10768492,0.053066827,0.016322982,0.015193662,0.045906994,0.07511833,0.07159868,0.029803658
0.06220437,0.039972413,0.06331877,0.12612443,0.17427713,0.19643395,0.14328551,0.06191197,0.0131927235,0.0086531285,0.04946941,0.08150101,0.07390671,0.014801275,-0.065856785,-0.11763692,-0.110592514,-0.053936377,-0.006261299,0.006338589,-0.032287072,-0.08769788,-0.10858976,-0.07635416
0.09842371,0.07442502,0.09182368,0.15300621,0.20917802,0.24215558,0.19617097,0.11789717,0.062027033,0.042092636,0.07486921,0.11355198,0.104094885,0.04602282,-0.032563463,-0.096595325,-0.10496989,-0.063863985,-0.01190828,0.0036076887,-0.028816884,-0.08344911,-0.11360709,-0.08648533
-0.03706862,-0.074389696,-0.036761977,0.06032844,0.15182656,0.19447105,0.15533505,0.076551154,0.033875443,0.06314791,0.1421557,0.21949238,0.23123744,0.16587259,0.068043016,0.0035649594,0.010340052,0.065949686,0.123923615,0.12473249,0.048083525,-0.055500876,-0.11901013,-0.10860682
-0.09768513,-0.07267617,-0.0465902,-0.043329608,-0.073909305,-0.12782896,-0.1575699,-0.15294735,-0.11486084,-0.071624346,-0.05430221,-0.0692586,-0.09742537,-0.11308406,-0.10220036,-0.05266055,0.00066692923,0.026015535,0.014992295,-0.019059984,-0.038423445,-0.029319322,0.009352524,0.044433
0.07193982,0.034649014,-0.024136135,-0.04789429,-0.013613488,0.06947729,0.1510637,0.17661364,0.13939174,0.07997859,0.041998245,0.06783989,0.13666049,0.19858134,0.2021413,0.144928,0.063092664,0.0033710485,0.0069881743,0.060893986,0.10996594,0.10517484,0.04258533,-0.045509417
-0.14684765,-0.07241084,0.012231696,0.033797853,-0.011382638,-0.110879764,-0.16461104,-0.13050695,-0.045022324,0.05295483,0.084977835,0.038883805,-0.03956731,-0.091163345,-0.068030156,0.011758605,0.093095146,0.12607238,0.07639307,-0.01982106,-0.083149604,-0.068859264,-0.0005434277,0.07808311
0.2117059,0.17263743,0.09780616,0.052998252,0.073383056,0.16972682,0.24733165,0.25074008,0.18457791,0.07914241,0.0074489303,0.013385585,0.072145425,0.13269465,0.13555488,0.061786488,-0.045332715,-0.115159415,-0.10380698,-0.027757168,0.050951336,0.07624983,0.028506432,-0.050339848
0.09036497,0.04879809,-0.022041434,-0.072946385,-0.07438366,-0.018056065,0.034908798,0.039508995,-0.004165593,-0.07676023,-0.12301361,-0.112284794,-0.057341166,0.004206392,0.02427857,-0.0063746385,-0.06447852,-0.10389427,-0.08441041,-0.01874272,0.04926196,0.076626316,0.04765581,-0.013338946
-0.07362135,-0.020573083,-0.018674172,-0.07794754,-0.16086705,-0.23387222,-0.21948107,-0.14389454,-0.06966066,-0.044346686,-0.08049107,-0.14725779,-0.17874154,-0.14392292,-0.062662944,0.023074208,0.057865765,0.030908765,-0.03257182,-0.07287862,-0.04427128,0.02839594,0.09757669,0.11351759
0.083582774,0.03314085,-0.042328063,-0.09779551,-0.103542954,-0.055482298,-0.02139306,-0.028571762,-0.08316341,-0.15733895,-0.20116587,-0.18716118,-0.13184197,-0.0728683,-0.052256733,-0.08046693,-0.12810956,-0.14904845,-0.11550568,-0.03859306,0.034790948,0.065309994,0.04184278,-0.009470308
-0.021424737,-0.024030454,-0.07495452,-0.1460043,-0.18800302,-0.18948372,-0.13119844,-0.06911651,-0.047204785,-0.07318297,-0.12049598,-0.1446341,-0.11362647,-0.040314578,0.032408908,0.06455115,0.04225408,-0.009023443,-0.038673803,-0.017884491,0.04294111,0.09750492,0.10645954,0.05903014
-0.047406174,-0.09708281,-0.09322029,-0.04040561,0.012161571,0.02604807,-0.035694912,-0.11871585,-0.16818717,-0.1634298,-0.10024126,-0.032896955,-0.018041067,-0.058280934,-0.122608274,-0.16253223,-0.13934344,-0.058028556,0.019987948,0.04566739,0.012540065,-0.051958755,-0.08992868,-0.064664006
0.026786061,-0.048807338,-0.091100216,-0.05645819,0.034145895,0.13283974,0.16513647,0.12423149,0.051272262,0.007145562,0.033247866,0.118996784,0.19553173,0.2135859,0.15776353,0.061524935,-0.0038610597,0.0016747671,0.06401722,0.12788461,0.13112666,0.05932001,-0.043451555,-0.10862987
-0.03534152,0.039591353,0.06919877,0.033539765,-0.030572485,-0.08988794,-0.056647375,0.03167911,0.11748524,0.15722919,0.11865663,0.041452795,-0.003112767,0.012623022,0.08084405,0.155882,0.17610307,0.116438404,0.023945335,-0.04073341,-0.038459107,0.019390851,0.08240091,0.09063532
-0.15380353,-0.14090078,-0.07656452,-0.015422075,0.0006784923,-0.049479485,-0.11558876,-0.1503931,-0.12521657,-0.042228933,0.025780458,0.05034725,0.015167372,-0.05047198,-0.08563502,-0.055537555,0.020451289,0.08052238,0.09711783,0.050201736,-0.02628183,-0.073235184,-0.05816052,-0.0043714726
0.010521579,-0.05912403,-0.10707091,-0.10257415,-0.056610916,-0.005112237,-0.013803931,-0.06750445,-0.13526936,-0.18187374,-0.16319527,-0.096357875,-0.042761087,-0.02747982,-0.05689886,-0.11271431,-0.13966751,-0.10610394,-0.028587818,0.036114857,0.058301855,0.025170956,-0.033647142,-0.061407972
-0.18558288,-0.1164387,-0.04091111,-0.020614265,-0.060221177,-0.1500757,-0.1749846,-0.12848012,-0.03183675,0.07386177,0.10617925,0.06790452,0.008070812,-0.025733665,0.0027352895,0.089339375,0.16673495,0.1790867,0.11767076,0.023591734,-0.038385585,-0.032375168,0.026280867,0.07806289
-0.02482405,0.049748864,0.12298393,0.14860149,0.1178662,0.052740466,0.021219721,0.0436125,0.10648416,0.16946991,0.17514478,0.1245863,0.048861895,-0.002667025,-0.00093800976,0.04856747,0.094760396,0.09582314,0.039954457,-0.040995885,-0.089149244,-0.07766123,-0.01742046,0.04422764
0.05589433,0.07350023,0.028509464,-0.041403692,-0.08001892,-0.062441844,0.022728242,0.10040776,0.124361,0.08660186,0.012572166,-0.027279316,-0.0046155723,0.068711534,0.13603774,0.15547596,0.10582635,0.01487148,-0.039417036,-0.027749732,0.037585,0.0986026,0.10794139,0.047244735
-0.11636136,-0.15606946,-0.13579346,-0.071843065,-0.0124283265,0.0016025032,-0.040362783,-0.09772673,-0.12445724,-0.088756815,-0.015970653,0.054684494,0.07477363,0.03656482,-0.02385092,-0.05429438,-0.026153376,0.039136603,0.09848268,0.104606345,0.050835963,-0.024970122,-0.07116289,-0.06188012
0.030964812,-0.047578808,-0.092386104,-0.061345853,0.021526644,0.115380846,0.13915026,0.090986654,0.013756365,-0.03321167,-0.0062764212,0.078296915,0.15140367,0.16681209,0.11044981,0.020545984,-0.035084702,-0.024605438,0.044641152,0.11253616,0.11713167,0.049719937,-0.04576812,-0.10464313
-0.0065133525,0.008750437,0.06191332,0.11610171,0.123989604,0.08409198,0.0077178385,-0.043584604,-0.0438132,-0.0052803517,0.040770676,0.039509393,-0.011151478,-0.08542213,-0.1326526,-0.12352569,-0.06505108,-0.008162647,0.0069257305,-0.023490764,-0.08104635,-0.11389383,-0.08626447,-0.017195692
0.057348322,0.07106266,0.03161026,-0.02706162,-0.055670384,-0.035463244,0.043940414,0.11615896,0.1365548,0.10246889,0.038935795,0.0014785585,0.024710428,0.08982895,0.1487074,0.15974747,0.110440195,0.027955733,-0.025472581,-0.01350395,0.041681387,0.09101264,0.09407919,0.036598656
0.1713321,0.20932269,0.1826669,0.12779643,0.08840052,0.11150672,0.18514657,0.2501994,0.26428267,0.20815003,0.121550925,0.053770967,0.051205784,0.098174214,0.14124334,0.13648658,0.07172371,-0.018239442,-0.08379,-0.08092312,-0.020568285,0.04645234,0.068277106,0.030044258
-0.08417674,-0.14143075,-0.14063013,-0.091191,-0.043440025,-0.03955919,-0.106200784,-0.1938807,-0.23925965,-0.22389889,-0.15213318,-0.08152722,-0.0629152,-0.10071493,-0.15855978,-0.18327232,-0.14482322,-0.05614719,0.023647336,0.052982274,0.017455526,-0.048665244,-0.08103084,-0.054379657
0.15814345,0.18923633,0.16502863,0.115025155,0.08645123,0.10865869,0.17002808,0.22487812,0.23247035,0.18055606,0.10326669,0.053110957,0.046499167,0.08449104,0.12633915,0.12139974,0.061803892,-0.023526374,-0.07340315,-0.07103901,-0.01829593,0.039324205,0.05409741,0.021644419
-0.11731769,-0.08579073,-0.047264546,-0.03881506,-0.07413074,-0.14474128,-0.18739228,-0.18098702,-0.13387582,-0.07417211,-0.04840325,-0.069022775,-0.10997843,-0.13773473,-0.12373187,-0.059697125,0.012495542,0.04215371,0.024971874,-0.019384451,-0.052001085,-0.044919703,0.005142878,0.053053297
-0.036406472,-0.12158207,-0.17798045,-0.16235742,-0.08589447,0.00047064928,0.034163777,-0.0009569548,-0.06458051,-0.10497689,-0.07455505,0.01720324,0.10528848,0.14271633,0.10910412,0.031734865,-0.02364216,-0.008013726,0.06247208,0.13116284,0.14589925,0.08577646,-0.01463863,-0.08324069
-0.07108542,-0.120443925,-0.12912709,-0.102215104,-0.073234335,-0.06857769,-0.11589034,-0.1741605,-0.21412736,-0.2088903,-0.16006783,-0.10835127,-0.08486932,-0.103714846,-0.13994803,-0.157616,-0.1268751,-0.06225652,0.0032731283,0.03615752,0.018628994,-0.02256701,-0.048013806,-0.037123512
-0.029018678,-0.06603259,-0.039004244,0.04273279,0.12169795,0.1592247,0.12096025,0.051819995,0.009399864,0.026725953,0.0962356,0.16451961,0.178089,0.12386252,0.03959845,-0.021319175,-0.016129714,0.03874804,0.09646576,0.102897845,0.041382454,-0.04704059,-0.10543762,-0.09595306
0.13381603,0.141443,0.07759321,-0.016189106,-0.08267658,-0.07916992,-0.023606345,0.022962168,0.023177147,-0.046927996,-0.13673083,-0.19827701,-0.18427365,-0.11321092,-0.04121062,-0.016058657,-0.05638565,-0.12492256,-0.16272753,-0.12414942,-0.031233728,0.05919849,0.09785336,0.061421886
-0.0038650057,-0.042337313,-0.09347312,-0.12631343,-0.11477228,-0.075281456,-0.031868916,-0.021860313,-0.044419974,-0.08023203,-0.09844302,-0.07101046,-0.02001467,0.030697446,0.053646374,0.03564802,-0.003448376,-0.02918814,-0.01045843,0.033079978,0.073881015,0.080553114,0.04438755,-0.009118329
0.048066426,-0.033997,-0.09192,-0.083161116,-0.026372593,0.050495125,0.055556107,-0.0062053013,-0.09050227,-0.15347795,-0.13728215,-0.06640106,0.003029821,0.024084184,-0.02044825,-0.09857515,-0.1443507,-0.11440444,-0.032960135,0.04801483,0.07485393,0.034304775,-0.039280426,-0.08202207
0.14253397,0.16288136,0.13764021,0.09715094,0.07236798,0.09427011,0.14369333,0.17941709,0.17947425,0.13144805,0.06753347,0.022620544,0.023461578,0.057642397,0.08375184,0.07406616,0.022489112,-0.036829617,-0.077928565,-0.06659243,-0.017782617,0.028393267,0.042288136,0.016153641
0.074336655,0.095825404,0.05382583,-0.0144873,-0.04637274,-0.015772138,0.085940786,0.17608023,0.20375179,0.16269414,0.085756294,0.037857585,0.06629622,0.14489257,0.21375565,0.21928835,0.14872316,0.049596902,-0.018430928,-0.010610607,0.05288226,0.11339574,0.11192501,0.04185665
-1.5362348e-05,0.021258844,0.09023542,0.15604548,0.16623935,0.12253013,0.031303428,-0.027890954,-0.029965932,0.015761625,0.06973718,0.06544298,0.0036679315,-0.08811797,-0.14597403,-0.14075994,-0.07607196,-0.007909951,0.010745583,-0.028609663,-0.10061424,-0.13721146,-0.10682574,-0.023673909
0.111545086,0.05048973,-0.0487622,-0.11629936,-0.11443494,-0.04317129,0.015735349,0.017263431,-0.04679553,-0.14944331,-0.20681223,-0.18497962,-0.109476216,-0.027340937,-0.0006423087,-0.048019506,-0.12443275,-0.16229537,-0.12325076,-0.030827032,0.06502761,0.09946358,0.05582639,-0.020424418
0.04448885,0.004898065,-0.055734187,-0.0925977,-0.07759504,-0.020600585,0.03710947,0.05460046,0.02187192,-0.03326517,-0.06501855,-0.043043073,0.015167304,0.074155845,0.09380216,0.05958434,0.0014709249,-0.038807772,-0.024368063,0.02894893,0.08101149,0.09049189,0.046265338,-0.020712879
0.050414786,0.099060275,0.09931285,0.045593545,-0.032062236,-0.08849643,-0.08344578,-0.036856446,0.007805764,0.002335528,-0.045994435,-0.12364796,-0.16654223,-0.15305907,-0.09156691,-0.024874281,0.0007925841,-0.039371148,-0.09402681,-0.118688345,-0.088758364,-0.014190437,0.060277082,0.08223692
-0.040286273,-0.11419119,-0.1579195,-0.14160983,-0.08199137,-0.019053701,-0.0048651313,-0.044384982,-0.10073439,-0.12619013,-0.094462514,-0.019096192,0.05047967,0.07312582,0.03994212,-0.014268237,-0.041724067,-0.019819478,0.042554986,0.102986194,0.1089771,0.055310175,-0.018701885,-0.068252355
-0.041346736,-0.023399323,0.03110991,0.088921376,0.112273924,0.093415804,0.0511456,0.022009455,0.033196267,0.07983193,0.12345987,0.13330393,0.10095095,0.043807458,-0.0009669178,-0.0057416563,0.025290407,0.0652177,0.06858329,0.030003319,-0.028963445,-0.069206834,-0.06561811,-0.023006445
0.023729121,-0.070593454,-0.14712882,-0.15664905,-0.11365213,-0.051175166,-0.056955002,-0.12079208,-0.209388,-0.27934268,-0.26542106,-0.19312713,-0.116394125,-0.08248204,-0.110928066,-0.17515878,-0.20688862,-0.1650636,-0.0720158,0.025420701,0.0706155,0.041511606,-0.02336806,-0.064589255
-0.074048385,-0.043130763,0.04258208,0.12614116,0.15836129,0.12001851,0.047473796,0.008299066,0.030228637,0.104168504,0.17315622,0.18664859,0.1305722,0.041812018,-0.016360119,-0.01663816,0.03591587,0.10016905,0.10649769,0.041326646,-0.050089937,-0.107613206,-0.09974672,-0.027363654
0.024931205,-0.049535073,-0.15667832,-0.22473538,-0.20840007,-0.11921697,-0.024766661,0.003646464,-0.048507858,-0.13036372,-0.1760401,-0.13342471,-0.027583001,0.079710096,0.11655251,0.07407728,-0.008122412,-0.06478535,-0.03520446,0.059189584,0.14687291,0.1631354,0.09260012,-0.021406814
0.036296055,-0.016860917,-0.044308897,-0.01158263,0.06302638,0.14392686,0.17683767,0.14311293,0.09133686,0.057320327,0.07642699,0.1396233,0.19641593,0.20652045,0.15929909,0.0814207,0.0238662,0.019378902,0.06034366,0.1031811,0.10094818,0.04289669,-0.037631202,-0.09023453
-0.13235559,-0.17863381,-0.16262347,-0.09878556,-0.03502555,-0.017763458,-0.056064926,-0.11866483,-0.14369957,-0.10740843,-0.028764708,0.04951666,0.07657234,0.044226423,-0.01550181,-0.048868354,-0.0270281,0.046333462,0.108606465,0.11646536,0.06402944,-0.015622796,-0.06838349,-0.060212385
0.033362962,0.070239834,0.06921413,0.02195058,-0.047953032,-0.10405176,-0.1151388,-0.087306775,-0.053355202,-0.057857167,-0.09425123,-0.15729159,-0.19587453,-0.1867436,-0.13566713,-0.078336,-0.05127133,-0.064032756,-0.10032391,-0.11763026,-0.088956535,-0.023118746,0.04483367,0.076884046
0.019239858,-0.030641757,-0.0738295,-0.08355399,-0.06812274,-0.03794294,-0.042471044,-0.087384894,-0.13474897,-0.17567337,-0.17270172,-0.13466777,-0.096609764,-0.07896231,-0.09397561,-0.12200533,-0.13629368,-0.11408724,-0.05951996,-0.0067292126,0.022411317,0.014915469,-0.011244637,-0.02935279
-0.004109523,-0.0006186063,0.030321915,0.06258976,0.05998098,0.02456757,-0.04391647,-0.094818614,-0.10147167,-0.08136346,-0.045505296,-0.04594049,-0.08217818,-0.1348458,-0.1678838,-0.15845892,-0.1098546,-0.050885744,-0.026939468,-0.040622752,-0.07460888,-0.091608085,-0.06566772,-0.0054983376
0.06414526,0.11566855,0.12692405,0.092176564,0.03453301,-0.008010356,0.0005242894,0.04153408,0.08186196,0.08035782,0.03588211,-0.031995732,-0.07572511,-0.07291624,-0.030010996,0.017750366,0.030440783,-0.011673396,-0.066663735,-0.09727564,-0.07876663,-0.020844024,0.04047974,0.060282163
0.08310964,0.048899673,-0.010056099,-0.057440326,-0.0638438,-0.029844088,-0.005515303,-0.011076067,-0.052796613,-0.11603276,-0.1567284,-0.14746341,-0.11236028,-0.06871211,-0.04739753,-0.06684063,-0.10572603,-0.12922007,-0.10245073,-0.046145372,0.014941331,0.044463385,0.030119978,-0.00594138
0.0948688,0.097133294,0.04832548,-0.02269438,-0.075797364,-0.08369613,-0.06319351,-0.04174508,-0.04907352,-0.10391928,-0.16818579,-0.20848832,-0.20380282,-0.15726587,-0.1056462,-0.08535387,-0.10532089,-0.1380197,-0.14981772,-0.11709531,-0.04376566,0.026580336,0.061320245,0.048664346
0.057791587,0.10604382,0.114413686,0.07341966,0.007660063,-0.03900716,-0.041076906,-0.009020429,0.02551254,0.021322023,-0.023994848,-0.09229755,-0.13446707,-0.12997973,-0.087722704,-0.039104853,-0.023205321,-0.04822796,-0.09268861,-0.117715985,-0.09246049,-0.026420694,0.039994963,0.06742329
-0.054555032,-0.009038098,0.0045591276,-0.02056552,-0.059935577,-0.093418695,-0.05650578,0.013102616,0.07520401,0.108149685,0.084043644,0.040829074,0.022208001,0.04492736,0.093010604,0.14658453,0.15865205,0.11076606,0.043993637,0.0029633814,0.0053729643,0.037242007,0.071580015,0.062683344
0.022795932,-0.01687061,0.001674644,0.061678555,0.113066986,0.12845436,0.05645805,-0.038085245,-0.09488115,-0.0960066,-0.038278837,0.013532241,0.008585872,-0.05344403,-0.12770295,-0.17453913,-0.15475729,-0.07835281,-0.005264348,0.0144596575,-0.028334046,-0.08799061,-0.115334526,-0.074202046
-0.067465685,-0.037796296,0.045995027,0.1344629,0.17122489,0.13941003,0.072396666,0.030889034,0.051395163,0.12371348,0.19310339,0.21097477,0.15679465,0.06883191,0.0026678205,-0.00148032,0.048052326,0.10874397,0.11381091,0.04978337,-0.042254686,-0.10656499,-0.10208259,-0.03337738
-0.15274443,-0.14528699,-0.08848493,-0.030928517,-0.007281877,-0.040114127,-0.09136398,-0.1162644,-0.0941062,-0.020516055,0.047142524,0.07606675,0.055150792,0.0035594192,-0.030282851,-0.01676898,0.037464388,0.09814348,0.115218125,0.07228152,0.0013504383,-0.047419813,-0.0510459,-0.009799064
0.031035457,-0.006493385,0.012276447,0.07995975,0.13981625,0.17114344,0.11781738,0.03351014,-0.022732388,-0.027391428,0.028080069,0.08097333,0.084480286,0.026588997,-0.056465697,-0.115311526,-0.10681226,-0.04570092,0.020899761,0.039294276,-0.006336128,-0.07328739,-0.1126916,-0.0883037
0.045878153,0.014230971,0.021803793,0.0696492,0.113152444,0.13619184,0.0894371,0.016467841,-0.032946546,-0.044769224,-0.006600421,0.032238036,0.033407517,-0.009203051,-0.074975386,-0.12198571,-0.11789315,-0.06362204,-0.010962647,0.010487256,-0.015429376,-0.06478341,-0.09033868,-0.06541414
-0.0024861405,-0.05556827,-0.12753844,-0.1692319,-0.15119965,-0.092116736,-0.02851392,-0.010169234,-0.04235433,-0.09283508,-0.11685109,-0.081084296,-0.006774426,0.0655687,0.091046706,0.06228364,0.007921491,-0.02789199,-0.006427392,0.05552306,0.11102009,0.11440992,0.06122975,-0.017390218
-0.12695365,-0.17049387,-0.15128614,-0.08672845,-0.029627213,-0.01844599,-0.06313245,-0.12530717,-0.15182108,-0.11191991,-0.03411376,0.03664368,0.058373917,0.019824965,-0.04227004,-0.06663896,-0.030360973,0.039600603,0.09913956,0.107912384,0.05150359,-0.027131721,-0.07003139,-0.059525482
-0.015052466,-0.0037781487,0.044775646,0.09322067,0.099411584,0.06527908,-0.0061070235,-0.059282828,-0.064174585,-0.027810689,0.013081747,0.01673912,-0.026028054,-0.094049394,-0.14028527,-0.1319837,-0.0771564,-0.022292579,-2.3586921e-05,-0.024681764,-0.07613518,-0.10373729,-0.07863073,-0.017361028
-0.006264285,-0.051452816,-0.12312681,-0.17268069,-0.16162615,-0.103269726,-0.031932727,0.0025542236,-0.023211716,-0.0746168,-0.10737204,-0.07977307,-0.004562542,0.07613686,0.11061164,0.08175778,0.02005485,-0.020333951,-0.0065411674,0.050918754,0.11293335,0.1270974,0.074800625,-0.00752542
0.11610209,0.06576866,0.026109036,0.038582694,0.08181446,0.14257169,0.1436087,0.09198924,0.021490064,-0.042153496,-0.044394124,-0.0048119696,0.0314177,0.034227207,-0.010178041,-0.07948161,-0.12156799,-0.11260329,-0.059191223,0.00040342857,0.024084631,-0.0031470035,-0.04931579,-0.07382129
0.070359595,0.033766977,-0.022140212,-0.043144733,-0.0046653263,0.07957704,0.16239698,0.18962584,0.1561565,0.10061174,0.06765103,0.096203335,0.16165358,0.22229207,0.226336,0.1689317,0.08411907,0.024665298,0.024337118,0.07290358,0.11629618,0.106092036,0.040085874,-0.044746708
0.14124103,0.096114635,0.06807481,0.08763753,0.14012554,0.2057539,0.20067786,0.14120147,0.06681567,0.0035777446,0.0016937435,0.041183624,0.06943112,0.060378242,0.009975715,-0.07113754,-0.12485132,-0.11181141,-0.056938395,-0.004579908,0.011690007,-0.017693477,-0.06795472,-0.08371968
-0.0366701,-0.083032034,-0.08590916,-0.049622267,-0.014814135,-0.004101517,-0.053774673,-0.12404731,-0.16758262,-0.16758387,-0.11697592,-0.06618969,-0.049988527,-0.07918043,-0.1280263,-0.15496865,-0.13062783,-0.064891666,0.0010531977,0.029836925,0.0063338247,-0.040016085,-0.06632006,-0.048221547
-0.04570421,-0.11650423,-0.16312833,-0.15326019,-0.09534387,-0.029783534,-0.0025167628,-0.02943544,-0.07907601,-0.106884964,-0.08163557,-0.008085878,0.06554588,0.09745643,0.07449939,0.019812007,-0.01719579,-0.0062405965,0.050442897,0.10805519,0.11971496,0.07298723,-0.0045569637,-0.062831156
0.026428185,0.0440645,0.08428565,0.12062429,0.118126154,0.083800115,0.020681726,-0.02190299,-0.023800993,-0.0044798395,0.022195086,0.014416783,-0.03464544,-0.095174424,-0.12985343,-0.121408954,-0.07713645,-0.03699912,-0.02333728,-0.04847027,-0.08654167,-0.10066487,-0.07045543,-0.009272013
-0.029997203,0.024454044,0.03319385,-0.014365711,-0.0837931,-0.13870195,-0.1188466,-0.050803203,0.012410789,0.035040457,-0.004968645,-0.07072405,-0.10324523,-0.07741167,-0.01415537,0.054960378,0.07567662,0.04060445,-0.026763665,-0.065638505,-0.043994457,0.018427957,0.080479294,0.09249028
0.05180263,0.12753624,0.15057002,0.10871823,0.03781874,-0.015597514,0.01376908,0.0866614,0.15783475,0.17174266,0.11696368,0.023212975,-0.028411452,-0.017029207,0.04541365,0.10875083,0.11583226,0.054425597,-0.03868128,-0.09204244,-0.07578986,-0.0046507716,0.068866484,0.08536291
-0.15726985,-0.14387773,-0.08121521,-0.020983791,0.003257808,-0.036965255,-0.09091378,-0.11429171,-0.08419911,-0.0040703774,0.06646858,0.09613022,0.06519181,0.0074741226,-0.022800399,-0.0006975195,0.059712965,0.11457534,0.1275848,0.07466156,-0.0030114914,-0.054278724,-0.05394366,-0.006913585
-0.09751418,-0.09239087,-0.052692927,-0.021321164,-0.027531195,-0.076257914,-0.1401088,-0.17561765,-0.16204204,-0.110196784,-0.061985508,-0.05866101,-0.08676679,-0.13259247,-0.151695,-0.12170588,-0.05735848,0.0062537147,0.022188652,-0.0023562151,-0.047939874,-0.06735152,-0.04092112,0.012714271
-0.050041024,-0.025297336,-0.030056681,-0.07041209,-0.12091119,-0.16076952,-0.14812812,-0.0998758,-0.060406804,-0.044526417,-0.06718518,-0.10569443,-0.117258005,-0.0914278,-0.039723888,0.016398173,0.041751478,0.01866747,-0.018778993,-0.03411538,-0.015818436,0.026750578,0.06682083,0.0666561
0.019546328,0.022760065,-0.03267967,-0.11476624,-0.1638612,-0.15664631,-0.08231481,-0.01359482,0.008647297,-0.029640747,-0.09463083,-0.13258658,-0.10012714,-0.018122109,0.061018065,0.08908935,0.049079135,-0.018120514,-0.059267677,-0.036402587,0.036172595,0.10560921,0.11815825,0.063055456
0.081983514,0.030726466,-0.045222268,-0.09700213,-0.10444687,-0.061842505,-0.032111984,-0.047390986,-0.098832525,-0.17453086,-0.21224345,-0.20480081,-0.14732264,-0.09001723,-0.07295206,-0.10060945,-0.14328654,-0.15342656,-0.12112725,-0.04370445,0.028973365,0.05752224,0.037570592,-0.0100540975
-0.0075614094,0.0028619757,0.042778894,0.07582315,0.07646499,0.044955753,-0.018390402,-0.062147938,-0.067888916,-0.0410827,-0.012136167,-0.013300979,-0.049837746,-0.105110385,-0.13623396,-0.12984142,-0.08774873,-0.038527012,-0.01727905,-0.03654844,-0.07367535,-0.08681911,-0.06329616,-0.009050898
0.002680236,0.031403687,0.10233582,0.17207079,0.18601711,0.14436884,0.061635774,0.008422941,0.01411308,0.060307235,0.111292966,0.107860565,0.04349261,-0.045980256,-0.105844304,-0.10424447,-0.04809908,0.014277115,0.024747863,-0.022722637,-0.09379256,-0.13330656,-0.10536568,-0.023470009
0.029205611,0.045459513,0.0909992,0.13549387,0.14392321,0.12241823,0.067809515,0.025343163,0.021870099,0.04530387,0.07573914,0.06798177,0.026901312,-0.0335045,-0.07655344,-0.081518106,-0.05070685,-0.007929339,-0.0005885438,-0.026037619,-0.070862845,-0.09364183,-0.07427307,-0.019563861
0.08226567,0.08279606,0.043679968,-0.011065684,-0.04898559,-0.049189486,-0.030006954,-0.007344526,-0.01596828,-0.06267551,-0.11244005,-0.14387111,-0.13798355,-0.10043906,-0.060561474,-0.050751545,-0.07087382,-0.09996767,-0.10954476,-0.08271281,-0.0265821,0.02598685,0.046630982,0.032519218
0.04532243,0.009464492,0.017302888,0.06992013,0.12283269,0.14746416,0.09496595,0.017946538,-0.037029922,-0.05004347,-0.0072408635,0.043077536,0.0421579,-0.0067549823,-0.07429543,-0.124119654,-0.11733827,-0.06612491,-0.0032134133,0.018781045,-0.011616151,-0.068664394,-0.10113252,-0.07633766
-0.18278687,-0.16386649,-0.07963216,0.0036608349,0.025898242,-0.03179022,-0.10973621,-0.1490907,-0.113125704,-0.009099239,0.08277546,0.1070828,0.06258669,-0.019855607,-0.07079352,-0.039599854,0.05017707,0.12984313,0.14059648,0.07662663,-0.026171967,-0.09164104,-0.076803036,-0.0073316367
-0.123765126,-0.12384284,-0.08707171,-0.051231455,-0.05212174,-0.10201417,-0.16987069,-0.2106325,-0.19893022,-0.14357926,-0.08956189,-0.070065156,-0.09625722,-0.1425359,-0.166358,-0.13434961,-0.06261383,0.0042890147,0.031753615,0.008469344,-0.038041953,-0.06585419,-0.043772448,0.009083688
0.13601393,0.15945104,0.12702005,0.07236438,0.04006265,0.0633558,0.13005853,0.1805482,0.19099014,0.13841262,0.066158734,0.016800169,0.022077067,0.07098149,0.11470634,0.1122664,0.052015275,-0.02307593,-0.07172419,-0.06376636,-0.006227353,0.052055214,0.065002896,0.028231723
0.04367363,0.072059244,0.072770104,0.043172196,-0.002927111,-0.0388776,-0.045351446,-0.03291249,-0.010717067,-0.017478608,-0.046234507,-0.09182864,-0.121043794,-0.1180417,-0.08845555,-0.05267705,-0.038862232,-0.049969234,-0.076876454,-0.08981344,-0.06906445,-0.024143293,0.02455437,0.04801897
-0.1041049,-0.05525577,-0.0029730182,0.012051406,-0.009022177,-0.058441322,-0.0667139,-0.02684643,0.035210274,0.10242422,0.11999507,0.09331368,0.05347002,0.031583127,0.048745647,0.097945444,0.13872012,0.13654195,0.09029633,0.025886584,-0.017477665,-0.015553297,0.016311064,0.04489558
-0.11194015,-0.06874815,-0.015616011,0.0015117996,-0.01968381,-0.07359127,-0.092510484,-0.061189156,-0.004383394,0.06459849,0.08824732,0.06480781,0.024512582,-0.0037796902,0.011692479,0.06356621,0.11485023,0.1195688,0.082847916,0.022553435,-0.024695618,-0.024375554,0.009370061,0.042030443
0.120514534,0.0738672,0.044771224,0.064204484,0.115141004,0.18281692,0.18442093,0.1295974,0.059199434,0.00044950296,0.0017512148,0.04271179,0.07690571,0.073270254,0.022963664,-0.05551093,-0.10764737,-0.09486781,-0.041980032,0.0098865535,0.024430797,-0.0064673405,-0.059210382,-0.0807394
0.1597702,0.19421181,0.15317926,0.07656328,0.024722496,0.039381396,0.117757834,0.19651027,0.21538085,0.15344663,0.057886902,-0.015857594,-0.013291481,0.05116878,0.11924664,0.12659822,0.061109122,-0.033250332,-0.10298255,-0.09298072,-0.015768867,0.066759184,0.09365653,0.05082378
0.009375962,-0.029357292,-0.08479322,-0.121365756,-0.112593316,-0.07018663,-0.025076093,-0.010564797,-0.036902808,-0.08020109,-0.10288822,-0.07796548,-0.026088893,0.027662534,0.051314704,0.030938068,-0.009895846,-0.039499763,-0.019757194,0.027395135,0.07292013,0.08301589,0.04624532,-0.010051945
0.09425081,0.04422386,0.010213072,0.028362978,0.077372074,0.14032812,0.14303419,0.08890711,0.021746878,-0.03192367,-0.027819082,0.018096328,0.056420673,0.057087954,0.00869743,-0.05920969,-0.10006855,-0.08946362,-0.035480738,0.018810008,0.03428586,-0.00024545466,-0.05086498,-0.07745731
-0.009391675,-0.0093081575,-0.05802779,-0.13343011,-0.1841557,-0.18516801,-0.12451814,-0.06763558,-0.04715163,-0.07160364,-0.12650767,-0.1578734,-0.12872411,-0.056872763,0.014729717,0.05328289,0.033244926,-0.023534512,-0.05593485,-0.03359219,0.028468093,0.0919118,0.11098451,0.06326502
0.10668092,0.08634858,0.045293484,0.019357309,0.024078323,0.06472193,0.09410436,0.09471466,0.059614226,0.002105276,-0.034131113,-0.034083214,-0.006596735,0.024154685,0.027918791,-0.007899664,-0.05634911,-0.08169893,-0.07163003,-0.030251944,0.015014006,0.03206584,0.012775966,-0.02000118
-0.019128645,0.0020882776,0.06376904,0.11808213,0.12052928,0.06753806,-0.027283274,-0.08536841,-0.08500254,-0.040792193,0.007291645,0.00792709,-0.054756593,-0.13958801,-0.18604028,-0.16985261,-0.09972308,-0.03158253,-0.0056700576,-0.043849405,-0.10474543,-0.13205238,-0.096091434,-0.011609057
0.17257856,0.12628165,0.041760795,-0.0148742525,-0.00350639,0.083802216,0.15899564,0.16971916,0.105926156,0.005053552,-0.064016454,-0.055145133,0.010251117,0.081664614,0.0976829,0.039552383,-0.053615436,-0.12020812,-0.105230145,-0.022550289,0.06185189,0.090978704,0.046454858,-0.03631933
0.02351096,-0.010856562,-0.06376997,-0.094235614,-0.08413499,-0.04079021,0.005392565,0.01600621,-0.007873658,-0.052971542,-0.075316966,-0.055205878,-0.00553865,0.04561899,0.061180864,0.036328595,-0.0076774657,-0.034255665,-0.020186668,0.02372666,0.06823037,0.07503254,0.039998423,-0.013152787
-0.044527546,0.010686095,0.021005774,-0.033471562,-0.11169751,-0.17632349,-0.15898125,-0.086475626,-0.019899027,0.0069336724,-0.03511685,-0.10726788,-0.14057927,-0.116018176,-0.040447727,0.040939078,0.07318715,0.031478398,-0.03516417,-0.07388303,-0.052809685,0.019844364,0.0897939,0.09967642
-0.0066093723,-0.056666806,-0.12652394,-0.16950367,-0.1548385,-0.10038069,-0.038921215,-0.019387787,-0.04919649,-0.09818219,-0.12353704,-0.088716835,-0.018129798,0.05200008,0.08047312,0.056425303,0.006606891,-0.032006435,-0.0092708515,0.04955871,0.10451697,0.11166794,0.062249664,-0.014603549
0.053504523,0.08213001,0.07714952,0.041891847,-0.010003431,-0.04712469,-0.055673007,-0.03988958,-0.020444276,-0.033871748,-0.06814421,-0.11651872,-0.14644472,-0.13792808,-0.10730792,-0.07393105,-0.06318758,-0.06864047,-0.09564782,-0.10434325,-0.07413761,-0.023737486,0.027871849,0.055166826
-0.11977225,-0.04764634,0.027384557,0.05249755,0.016782083,-0.06420864,-0.09114484,-0.05419039,0.031692307,0.11975136,0.1438933,0.09780218,0.031726938,-0.009295581,0.0068834634,0.076894395,0.14118344,0.15195352,0.08934656,-0.0008045795,-0.058167018,-0.05179746,0.0075321845,0.06467424
0.031375255,-0.029368352,-0.11744239,-0.17149633,-0.1560641,-0.08413124,-0.0062970724,0.016857734,-0.025765562,-0.09479996,-0.13255878,-0.09663995,-0.014296717,0.069364965,0.10088681,0.06942157,0.00614975,-0.05131222,-0.027558697,0.04894907,0.11828004,0.12930715,0.07267343,-0.022062827
-0.051937304,-0.10335043,-0.11253621,-0.08046921,-0.041511074,-0.028258689,-0.077487126,-0.14692214,-0.19294426,-0.19558516,-0.14498691,-0.0826595,-0.061516188,-0.083939195,-0.12861975,-0.15863031,-0.13977368,-0.07069255,0.003985646,0.0356551,0.018270409,-0.028829876,-0.06296432,-0.04748765
0.0039175525,-0.0437287,-0.02057286,0.063345104,0.13768636,0.1697706,0.09955032,-0.0028868522,-0.06746687,-0.06312717,0.010653389,0.078164265,0.08735639,0.021307448,-0.07999875,-0.15085381,-0.13840017,-0.045780975,0.033683743,0.05635803,0.0017160326,-0.08474105,-0.13354596,-0.09982205
0.07327313,0.17225589,0.20901522,0.16093497,0.076480046,0.013012862,0.044552363,0.13463102,0.22058322,0.23973131,0.17145279,0.05575345,-0.014020832,-0.0058069197,0.06688876,0.1374276,0.13926162,0.06900517,-0.045100022,-0.11706723,-0.100920714,-0.012914783,0.07561364,0.10318894
0.037195127,0.000167416,0.014027609,0.07577292,0.12875554,0.15664048,0.10509639,0.020211201,-0.03468476,-0.041884147,0.0077668643,0.05371692,0.058605134,0.0058384985,-0.07406296,-0.12817706,-0.11896363,-0.05778805,0.0035009878,0.026001971,-0.011926654,-0.07309126,-0.10506693,-0.080967665
-0.114730515,-0.07323719,-0.029212156,-0.024691151,-0.06653815,-0.14568758,-0.1900731,-0.17703004,-0.12073491,-0.05791261,-0.03551223,-0.064662166,-0.11519936,-0.14438409,-0.12236491,-0.051688656,0.020721998,0.048793588,0.02357069,-0.030842137,-0.06375341,-0.049229972,0.008198748,0.063817374
0.013927324,0.07845256,0.13199812,0.13488784,0.08299111,0.003585346,-0.05265389,-0.046306342,-0.0010508591,0.03483218,0.02960982,-0.026294999,-0.10925193,-0.15876356,-0.14520708,-0.08771271,-0.029870775,-0.015499851,-0.048340656,-0.10951349,-0.1333071,-0.09836518,-0.020695796,0.05772619
0.07889481,0.03535708,-0.034185674,-0.06742295,-0.032146253,0.05953026,0.15374103,0.1898359,0.15146308,0.08455757,0.042858098,0.07169352,0.14683045,0.2211383,0.23477773,0.17597657,0.083500355,0.012959265,0.01325964,0.07299675,0.12883069,0.12573066,0.055354394,-0.042260364
0.02271346,-0.028941037,-0.10361427,-0.14981544,-0.13187191,-0.07043177,-0.007059058,0.015599898,-0.021590829,-0.081409834,-0.11315198,-0.07799216,-0.008130838,0.06389493,0.09346202,0.060608782,0.00053571956,-0.0436788,-0.02008124,0.043607198,0.1044373,0.11304124,0.05904256,-0.019424027
-0.025874143,-0.10261966,-0.15209725,-0.1358347,-0.068867944,0.0032915461,0.0258188,-0.013920989,-0.07337749,-0.10708545,-0.07947161,0.0009865346,0.075582415,0.103522256,0.069230385,0.004664938,-0.036837652,-0.019549154,0.043173116,0.10720013,0.11938254,0.06345977,-0.01879165,-0.07449258
0.026637156,0.011117868,-0.013387801,-0.026712544,-0.011226062,0.030697284,0.07712671,0.0987318,0.08408528,0.064744726,0.04411734,0.054661587,0.087648556,0.11871659,0.12452869,0.10380357,0.06609029,0.02576226,0.018867223,0.042317525,0.06097627,0.0586377,0.029639082,-0.018824559
0.032068778,0.027887866,-0.03392198,-0.114957154,-0.15717225,-0.14260823,-0.070967615,-0.0017706432,0.008200764,-0.037408765,-0.10238737,-0.13267393,-0.09690167,-0.015154396,0.05959832,0.081529416,0.042453043,-0.028828409,-0.061857276,-0.029583614,0.044430885,0.10671696,0.11162949,0.05088454
0.053354092,0.12259021,0.13146557,0.06823021,-0.025390038,-0.09646681,-0.08767511,-0.024421245,0.03860853,0.04124321,-0.020816771,-0.11882273,-0.17519328,-0.15841684,-0.08291579,-0.0036818706,0.019334475,-0.02605616,-0.10334722,-0.14345524,-0.10810774,-0.016104529,0.07607696,0.107349515
0.023791106,-0.021240596,-0.042473193,-0.015285392,0.04336434,0.10582521,0.121459164,0.093918286,0.04445151,0.018438568,0.034624178,0.08953379,0.13302268,0.13695501,0.09533764,0.032416772,-0.005498139,-0.0029007343,0.038839314,0.07744774,0.07511439,0.027911132,-0.035562336,-0.073770724
-0.08004027,-0.05053161,0.041479833,0.13048355,0.1616996,0.116576344,0.03195721,-0.01606529,0.0041187466,0.0862504,0.1626927,0.17694633,0.114470825,0.015400091,-0.047604363,-0.041948687,0.023354292,0.09548096,0.104855746,0.038755827,-0.061568767,-0.12319074,-0.10907965,-0.02706669
0.076027155,0.074897826,0.032049347,-0.029678257,-0.07573419,-0.07798523,-0.05051287,-0.0322196,-0.03532482,-0.07979017,-0.13272317,-0.16835093,-0.15904498,-0.11600996,-0.07000919,-0.04875386,-0.06638193,-0.10178642,-0.11617478,-0.08744328,-0.028120987,0.03156372,0.060089923,0.04174719
0.04740695,0.028050493,-0.005213193,-0.018415974,0.0066766357,0.06632951,0.12651701,0.15339325,0.13217846,0.09640804,0.07045548,0.08688342,0.13063097,0.17152013,0.17344977,0.13162655,0.07124563,0.026153145,0.022858696,0.051852,0.07969779,0.07550613,0.029627465,-0.030854879
-0.12661873,-0.08478046,-0.036366295,-0.028178828,-0.058259312,-0.12037837,-0.14567232,-0.114155136,-0.05546284,0.012920989,0.036030363,0.010532527,-0.029135205,-0.05089635,-0.02798407,0.02883531,0.08232016,0.10069185,0.066678576,0.00859149,-0.03051452,-0.02211046,0.01678305,0.056506384
-0.075023524,-0.12618333,-0.15606628,-0.14888853,-0.11134983,-0.07091338,-0.05259109,-0.06755662,-0.09708869,-0.10182519,-0.07802926,-0.024084654,0.03249702,0.057582237,0.04331362,0.014630412,-0.00035894927,0.013279755,0.05171841,0.09107392,0.094401404,0.059258122,0.006760524,-0.03647189
-0.024487847,0.012793229,0.09189755,0.16700856,0.19842987,0.17898041,0.13968877,0.11874672,0.14060941,0.20317386,0.24809237,0.25060317,0.19967246,0.12148135,0.06895169,0.067570634,0.10315995,0.12030398,0.106890775,0.045561884,-0.037476514,-0.08699505,-0.0801504,-0.035239436
-0.03429928,-0.024223704,0.026239336,0.07920731,0.08767714,0.0484717,-0.027609972,-0.08679318,-0.08659763,-0.046220705,0.0037584344,0.011355686,-0.031421006,-0.10117846,-0.1487483,-0.13994402,-0.08246383,-0.01583779,0.00945229,-0.01938954,-0.07440248,-0.10640789,-0.08269168,-0.015470149
-0.083091915,-0.031885523,-0.023744226,-0.08330345,-0.16808736,-0.24469073,-0.23280995,-0.16571161,-0.09179215,-0.055902544,-0.09125222,-0.16104423,-0.19187704,-0.16320483,-0.07955415,0.01490033,0.057197873,0.02824916,-0.035871524,-0.074778296,-0.052499823,0.022989014,0.099103115,0.11427682
0.10119344,0.19253105,0.23147869,0.20302323,0.14200628,0.09725824,0.12325297,0.19345511,0.26258382,0.27269778,0.2136156,0.118879244,0.04918245,0.04484489,0.091449484,0.1370097,0.12744482,0.063913845,-0.032508045,-0.10175137,-0.09400913,-0.0274132,0.04248264,0.072206356
-0.02382645,-0.045203354,-0.007770472,0.07514097,0.15516077,0.18815324,0.1524405,0.09666442,0.06680841,0.08961222,0.15385266,0.21819194,0.21857502,0.1627157,0.084336214,0.020436859,0.013123502,0.06556787,0.11033384,0.09941142,0.036705878,-0.048003666,-0.105385505,-0.08611857
-0.025289785,-0.0105966255,0.041990403,0.09303825,0.10131134,0.063676335,-0.009681261,-0.056255583,-0.05654789,-0.015985826,0.02807572,0.030796822,-0.013938963,-0.08291264,-0.12702842,-0.12017176,-0.065728605,-0.007197468,0.011726039,-0.018233554,-0.072714865,-0.10244961,-0.079457454,-0.015473035
-0.045453645,0.039698727,0.12603922,0.15270245,0.113328665,0.031681187,-0.010878529,0.021470122,0.09637186,0.17002566,0.18209589,0.12598288,0.03480582,-0.02646995,-0.01560223,0.044703078,0.10389849,0.108200885,0.050828297,-0.04632762,-0.10526167,-0.08722547,-0.018978622,0.05724707
-0.05575808,-0.0068968763,0.0169094,0.00025132843,-0.03372675,-0.068748645,-0.0427071,0.020174284,0.082813665,0.11934202,0.1032381,0.059763446,0.036732614,0.051650785,0.092646964,0.13429956,0.13919695,0.11318825,0.049007583,0.00064361235,-0.0031936374,0.025404206,0.05599589,0.061274447
0.12145813,0.0669709,-0.024641963,-0.08665617,-0.08092725,-0.0075858776,0.0557968,0.061531015,0.000980161,-0.09388652,-0.15328138,-0.13455653,-0.06472646,0.012452957,0.035654984,-0.010337298,-0.08812962,-0.13592991,-0.108640715,-0.022385374,0.06628917,0.095549405,0.053765282,-0.023173446
-0.032343652,-0.020247525,0.03435858,0.094049476,0.104899704,0.06639213,-0.008599578,-0.06898616,-0.06661288,-0.02147396,0.031168308,0.038553122,-0.006895001,-0.08029253,-0.13441223,-0.12649094,-0.06821418,-0.0013586673,0.018496083,-0.013282937,-0.073481396,-0.111222,-0.086399294,-0.01696878
-0.025229152,0.037419043,0.10997644,0.14516863,0.12824047,0.07539102,0.043532606,0.058805548,0.1099248,0.17109084,0.18571396,0.14692444,0.08023711,0.02467646,0.016308218,0.051768232,0.09410219,0.098674335,0.053497545,-0.019055028,-0.074041344,-0.07481741,-0.028890194,0.026304321
-0.1102345,-0.058923937,0.004433102,0.027382806,0.007802169,-0.055701807,-0.09002956,-0.06542291,-0.0069218576,0.06671371,0.09267852,0.07226566,0.017184496,-0.024106905,-0.011877908,0.04159785,0.09833258,0.11042665,0.07921523,0.008218975,-0.044648577,-0.045325495,-0.0065662903,0.041892394
-0.081716746,-0.07756984,-0.042582497,-0.014152425,-0.01386258,-0.053841215,-0.11200354,-0.14136875,-0.13390075,-0.09269429,-0.051383685,-0.039729707,-0.06716883,-0.11087175,-0.12646239,-0.10403051,-0.04897082,-0.00038495648,0.023098888,0.00020594912,-0.040600702,-0.058883794,-0.042173564,0.003087913
0.03567492,0.0128900595,0.03356846,0.08818065,0.13496195,0.15371233,0.108431675,0.040063787,6.45843e-05,0.00010636538,0.041000646,0.07873762,0.071841724,0.019794308,-0.043716796,-0.085422575,-0.07756276,-0.033548236,0.013004814,0.020934712,-0.017507529,-0.068907954,-0.093062714,-0.06710086
0.08262246,0.1461517,0.16997269,0.14665338,0.104939096,0.07559977,0.09995449,0.15100735,0.20002753,0.20234835,0.15650378,0.08655369,0.04041523,0.040415537,0.07831752,0.10979451,0.09822098,0.04497395,-0.026480637,-0.07271422,-0.06355064,-0.014386698,0.03384412,0.048671708
0.022924775,0.0314385,0.06524267,0.09678776,0.097145475,0.06821377,0.0028946388,-0.039938882,-0.052456785,-0.03676073,-0.011147648,-0.014293126,-0.054187994,-0.10984026,-0.1428351,-0.13967595,-0.09802353,-0.05340482,-0.031784035,-0.04544089,-0.078371696,-0.09245832,-0.068545625,-0.01318671
0.04536757,-0.0040930635,-0.00077756157,0.053407945,0.10480427,0.12544185,0.054265566,-0.04817533,-0.11527248,-0.13477077,-0.08093331,-0.02271449,-0.02310173,-0.08001777,-0.15434399,-0.20435055,-0.18606855,-0.11457573,-0.02941794,0.0028044344,-0.028558549,-0.086673275,-0.11688533,-0.0806322
0.03477646,-0.042198975,-0.086188726,-0.056055315,0.029060654,0.12035116,0.14214616,0.091078974,0.016104452,-0.031330295,-0.0050864024,0.08048531,0.15027483,0.16470303,0.11190688,0.021428453,-0.038741533,-0.026443137,0.042363506,0.10727099,0.113360785,0.046890765,-0.048375737,-0.102772504
0.07161016,0.08221429,0.045254692,-0.0152532905,-0.061255652,-0.06820726,-0.034354035,-0.0034071514,0.0058238436,-0.03371177,-0.09085871,-0.13145013,-0.12793262,-0.084094614,-0.032478444,-0.00913939,-0.031008324,-0.07488601,-0.10142658,-0.08470661,-0.02612138,0.035387374,0.065549195,0.04713992
0.025949027,0.03824811,0.077214845,0.11983005,0.12222325,0.090674564,0.021574425,-0.036345314,-0.04291118,-0.025426373,0.007861306,0.006705098,-0.0395821,-0.10207225,-0.14816892,-0.14743556,-0.10595384,-0.04886149,-0.02767295,-0.049615145,-0.087632515,-0.108554155,-0.08140097,-0.013888752
0.11311518,0.04804534,0.0032691746,0.02275372,0.08485007,0.15937044,0.16272205,0.096810795,0.015857108,-0.050540775,-0.044222765,0.015847756,0.06194875,0.064012274,0.012600105,-0.06865738,-0.120034724,-0.10943772,-0.042722493,0.024973184,0.045295272,0.0031684993,-0.060123395,-0.09173026
-0.16424054,-0.10563761,-0.03513683,-0.01551632,-0.048109557,-0.13048995,-0.16425292,-0.12701902,-0.04909867,0.047648624,0.07857797,0.04980962,-0.0082917735,-0.047299635,-0.02279527,0.056401774,0.13410081,0.14508049,0.09959693,0.01830886,-0.041953582,-0.038914945,0.01387355,0.063787036
0.040286187,0.008440301,0.030821498,0.09966607,0.15702258,0.18220018,0.12260858,0.03324252,-0.020001454,-0.021139545,0.03162616,0.07831733,0.075471215,0.015937379,-0.07047903,-0.13028435,-0.12555294,-0.051439002,0.006997923,0.022543188,-0.019730335,-0.08541691,-0.11652917,-0.079641886
0.132846,0.103945605,0.08171851,0.093906716,0.12768167,0.17784373,0.1759523,0.13600908,0.07820236,0.02391953,0.0141755855,0.03799296,0.0527313,0.044820525,0.0059665204,-0.053860527,-0.09368044,-0.09453719,-0.056783658,-0.017455222,-0.0018332204,-0.018783096,-0.05091611,-0.062317226
-0.044481937,0.002476911,0.0135844555,-0.0265342,-0.086553715,-0.14228196,-0.13282236,-0.07477973,-0.016622156,0.008077529,-0.02040051,-0.07544845,-0.106312715,-0.08796123,-0.02840104,0.035518352,0.06018949,0.035876777,-0.018430877,-0.055829003,-0.041216515,0.012749055,0.06726457,0.08299769
0.10718162,0.041197833,-0.009034261,-0.0028953825,0.04959455,0.12889472,0.13448952,0.07751001,-0.010588376,-0.08129371,-0.085197255,-0.027071586,0.026060676,0.038406555,-0.0077985995,-0.088852756,-0.14292042,-0.13220191,-0.05925254,0.015472653,0.046008162,0.01671216,-0.04687195,-0.0853595
0.025381189,-0.021004135,-0.0087035615,0.058644857,0.123141386,0.15567438,0.095977984,0.0025934973,-0.063257754,-0.06998803,-0.014022186,0.047936533,0.057404112,0.000760041,-0.08568672,-0.14715992,-0.13654563,-0.06827044,0.008419787,0.03739687,-0.0029849962,-0.07421887,-0.1162427,-0.093401775
-0.1106228,-0.05847933,-0.0052172854,-0.0011529186,-0.047507513,-0.1346924,-0.18293433,-0.16887236,-0.10430668,-0.035135135,-0.015286579,-0.053471595,-0.113961674,-0.14794837,-0.12242788,-0.04724815,0.024169993,0.055163957,0.021239439,-0.04380527,-0.07929459,-0.059072502,0.0067668757,0.07257825
0.061446436,0.10751341,0.10763752,0.06001428,-0.014370077,-0.0672147,-0.06583168,-0.03141869,0.008759892,0.0012141715,-0.044251237,-0.120833114,-0.16236225,-0.15095066,-0.10152009,-0.04311277,-0.021947064,-0.048672445,-0.10201541,-0.12334329,-0.09275311,-0.023515282,0.050617468,0.07838192
0.20990953,0.15927137,0.07034115,0.02052687,0.047854926,0.15342408,0.23454942,0.23403506,0.15831785,0.04071065,-0.032287456,-0.014138684,0.057346318,0.12820293,0.13187024,0.04937628,-0.06640158,-0.13430138,-0.11028201,-0.02212512,0.0677624,0.09039176,0.030619511,-0.058036573
-0.20211129,-0.1792681,-0.09168398,-0.009556615,0.01728492,-0.03799143,-0.10900744,-0.14235851,-0.10354251,0.0083207525,0.094394654,0.12623,0.08367978,0.0031683883,-0.043693177,-0.009549007,0.0773215,0.1447804,0.1558301,0.08734971,-0.01570502,-0.08084948,-0.06960669,-0.009198199
-0.046515856,-0.1284751,-0.18643068,-0.18458566,-0.13181967,-0.065457284,-0.04286275,-0.07798944,-0.13824254,-0.17277499,-0.14874743,-0.07282491,0.008832779,0.046246834,0.023876082,-0.027321119,-0.057800427,-0.041241862,0.025773494,0.09825432,0.11826998,0.074734196,-0.00061849103,-0.062142152
0.067931324,0.0025836953,-0.036773093,-0.0067767208,0.07769643,0.18006104,0.21829519,0.17855892,0.10725251,0.0512834,0.06546048,0.13865392,0.20836625,0.2251107,0.17128056,0.069361955,-0.009138774,-0.012552469,0.045104798,0.10301374,0.1114012,0.053295676,-0.045134578,-0.10798848
0.095779076,0.09650191,0.035416827,-0.048916835,-0.10737722,-0.10290036,-0.057394333,-0.013311372,-0.018180406,-0.08020869,-0.15651353,-0.2003784,-0.1830661,-0.11557225,-0.05305971,-0.033518076,-0.066766866,-0.11905239,-0.1416821,-0.10274447,-0.017600432,0.060650527,0.088963985,0.0558573
0.082221165,0.17699322,0.21980226,0.19051267,0.124977,0.07213046,0.09778427,0.17256902,0.2493025,0.2710393,0.21344735,0.114160635,0.04215023,0.037471194,0.088563606,0.14641681,0.14668097,0.08116033,-0.023922903,-0.09707053,-0.09353821,-0.027114011,0.050123543,0.08056434
-0.08588154,-0.050054766,-0.011483176,-0.010519197,-0.048113793,-0.11369716,-0.15167965,-0.14394185,-0.099068105,-0.049084004,-0.034796666,-0.065751255,-0.10639775,-0.13111588,-0.11141464,-0.05652311,-0.0017318473,0.02577535,0.0046468927,-0.03898438,-0.06320586,-0.04358409,0.0066890293,0.054330077
-0.107528485,-0.09670256,-0.039540656,0.0102306325,0.010950544,-0.04426686,-0.12842843,-0.17338187,-0.16203922,-0.098458074,-0.037484832,-0.02425309,-0.068096526,-0.1364318,-0.1717284,-0.14352757,-0.064593814,0.010016548,0.037414696,0.0006490321,-0.06373988,-0.09507031,-0.06794196,0.002599098
-0.083106846,-0.025528887,-0.015463157,-0.07359131,-0.15953036,-0.23659731,-0.21836181,-0.14564192,-0.06220839,-0.024251195,-0.058735523,-0.12995689,-0.16576236,-0.13481764,-0.051028177,0.045656547,0.084280126,0.052409224,-0.020660559,-0.06872086,-0.04835073,0.02544956,0.10216765,0.12021008
0.022504348,-0.045472622,-0.100780316,-0.10815477,-0.076700285,-0.030849176,-0.03507101,-0.081725,-0.14813031,-0.19775039,-0.19036323,-0.13653113,-0.08324372,-0.060773183,-0.081797145,-0.12450625,-0.14404874,-0.12124468,-0.05371417,0.01773408,0.049541526,0.027596643,-0.017394409,-0.04912512
0.020134449,0.029886749,0.0004021663,-0.042166233,-0.053592637,-0.030001933,0.045763403,0.11041062,0.13455589,0.11193871,0.06822861,0.048421822,0.07411889,0.13095129,0.18171446,0.18417212,0.13334669,0.06320457,0.019894967,0.02193015,0.06024626,0.09251568,0.07946617,0.024630561
-0.046384946,-0.0009776927,0.017040646,-0.005775325,-0.045953516,-0.083101496,-0.058916613,0.004560523,0.061157648,0.093930036,0.07265366,0.025827406,0.0032240718,0.018481106,0.06279475,0.11310984,0.12880684,0.09297589,0.030823026,-0.008993751,-0.009234026,0.023354601,0.06049314,0.060856923
0.09931703,0.12449679,0.10664608,0.06452933,0.032403156,0.04173449,0.089170024,0.13480778,0.14787675,0.11510115,0.057803415,0.0100452285,0.008246298,0.041869372,0.0781767,0.08329896,0.04523325,-0.012888628,-0.057789713,-0.05642335,-0.015638515,0.034052696,0.053145032,0.029154385
-0.04081235,-0.12517461,-0.18196233,-0.17355485,-0.11122293,-0.039370697,-0.02140457,-0.0665661,-0.13299814,-0.16984881,-0.14349651,-0.059275236,0.023679484,0.057912517,0.026035659,-0.037435785,-0.07649477,-0.049209997,0.025032457,0.09875456,0.11912214,0.06899521,-0.013307082,-0.07100386
0.008580059,0.012384714,-0.04238229,-0.12693004,-0.18046299,-0.1792359,-0.11161882,-0.041303672,-0.020343868,-0.053853925,-0.11973373,-0.16142614,-0.12853144,-0.046536572,0.033763316,0.06731074,0.035651103,-0.026059033,-0.06755599,-0.042097863,0.03164459,0.10286577,0.12076375,0.06718982
0.06564989,0.14226362,0.17608546,0.15052767,0.09350775,0.047848884,0.06890147,0.12872228,0.19187443,0.20833173,0.16034809,0.07690791,0.019155433,0.015403528,0.059236456,0.109021135,0.11244648,0.057562813,-0.026974374,-0.085013,-0.080640815,-0.022530193,0.043593563,0.06732979
-0.10952136,-0.16513598,-0.1524587,-0.077067934,0.0069744987,0.03533522,-0.010634077,-0.08761204,-0.12704296,-0.10124406,-0.015348446,0.07824374,0.107650846,0.068104774,-0.0051854723,-0.057469536,-0.044221744,0.035924412,0.11211134,0.12649256,0.07184673,-0.024954757,-0.093438074,-0.08445934
-0.014414176,-0.028680094,0.0017562142,0.06901516,0.1330835,0.16476704,0.15108411,0.112230875,0.09353967,0.11359657,0.16056943,0.20576186,0.21081574,0.16959576,0.10714379,0.057753734,0.048531443,0.07520782,0.0993565,0.08972234,0.03829776,-0.029430978,-0.07491894,-0.07131826
0.04854474,-0.018739382,-0.06026176,-0.030461106,0.05374269,0.14768371,0.17706734,0.14590251,0.07546513,0.025315734,0.045565147,0.12401249,0.18924172,0.20586507,0.15572907,0.062395517,-0.0025205489,-0.0033884959,0.054732997,0.11273332,0.11848271,0.053304262,-0.04433312,-0.10293144
-0.06585381,-0.025050143,-0.0069722924,-0.022668406,-0.05429011,-0.08325653,-0.04870932,0.011227217,0.07282568,0.11044546,0.09881319,0.061226666,0.046218574,0.06491514,0.10373182,0.15004866,0.15957738,0.1254359,0.06235317,0.019523699,0.012782565,0.034770343,0.061716318,0.05636446
0.110753335,0.039400376,-0.009423538,0.006405502,0.07344747,0.16046883,0.16862567,0.107859194,0.017746309,-0.05481462,-0.050209925,0.013481752,0.07214267,0.081551746,0.03049511,-0.064171106,-0.1277733,-0.11398076,-0.039806586,0.035490554,0.059989467,0.019359339,-0.05727095,-0.099096395
-0.10475026,-0.054252215,-0.0026459745,-9.432285e-05,-0.046188787,-0.12968999,-0.17462496,-0.155124,-0.09264582,-0.025420954,-0.006741007,-0.047081664,-0.10505894,-0.13649821,-0.109597355,-0.03733865,0.030983798,0.05932176,0.02271887,-0.0393803,-0.074237056,-0.053724166,0.009561327,0.07191713
-0.12136938,-0.15202789,-0.13921872,-0.090235695,-0.039836112,-0.028593183,-0.050137326,-0.08327266,-0.0937855,-0.061029125,-0.00093301974,0.062969245,0.08258963,0.06086651,0.021596784,0.0032334388,0.024400525,0.065278746,0.10860909,0.1072102,0.064136304,0.00015493651,-0.043474622,-0.04530625
0.0721814,0.051033586,0.06762408,0.122480944,0.16786891,0.18903778,0.13854918,0.064434305,0.015438088,0.002546992,0.03520432,0.06842866,0.058723584,0.0053285393,-0.06675789,-0.11812216,-0.115609795,-0.06693004,-0.018166905,-0.0040610177,-0.033031266,-0.08173232,-0.10247781,-0.07169542
