0.019319324,0.07024316,0.11270358,0.11586234,0.07400232,0.010373683,-0.03418445,-0.03483798,-0.00039151547,0.030559871,0.024279919,-0.02224645,-0.08648418,-0.12877333,-0.12089875,-0.075232275,-0.029645504,-0.018303847,-0.046971958,-0.09198002,-0.1133265,-0.08734614,-0.02263783,0.039144408
0.061352417,0.032173313,0.04291797,0.083248846,0.12143265,0.12305167,0.080921896,0.012000407,-0.040411297,-0.046198763,-0.018972462,0.00918732,0.0050989087,-0.041353006,-0.10505101,-0.14429472,-0.137205,-0.08902191,-0.038570166,-0.018746564,-0.039192062,-0.07774582,-0.09425461,-0.06509389
-0.009117564,-0.0032524862,-0.032342717,-0.078997925,-0.1115324,-0.107019834,-0.07000259,-0.026116624,-0.0064997463,-0.02337831,-0.05769785,-0.07815041,-0.06268466,-0.01575202,0.034011588,0.055893887,0.040505096,0.0029787607,-0.02204154,-0.013806238,0.023572879,0.06288853,0.072934754,0.04437274
-0.0073187347,0.0041423244,-0.032953497,-0.0899811,-0.12188464,-0.09869446,-0.032391727,0.037500635,0.06698652,0.04555838,0.0022060706,-0.020915097,0.0031090316,0.0676725,0.13000317,0.14911006,0.11755851,0.056481075,0.013031531,0.014997643,0.057175938,0.10032092,0.103039406,0.053284362
-0.14817281,-0.079563916,-0.006087943,0.024921808,-0.010104441,-0.07566506,-0.11892226,-0.09259698,-0.008047644,0.07687879,0.11355145,0.085149035,0.020320635,-0.024212936,-0.006888497,0.0621404,0.1369663,0.15866534,0.109256126,0.021611318,-0.04577828,-0.048851557,0.0062929913,0.06401421
0.043850157,0.11192014,0.13574973,0.10669392,0.051188704,0.015690835,0.031630285,0.09067805,0.14913034,0.16035151,0.11808388,0.049625527,0.0006155384,0.0035421087,0.049847595,0.0965592,0.10234037,0.053738203,-0.018039387,-0.067880765,-0.062652744,-0.009571248,0.048026085,0.06505819
0.0736698,0.15572003,0.19328034,0.172781,0.12135084,0.08594858,0.10324877,0.16636294,0.22907025,0.242084,0.19566946,0.11659828,0.05673663,0.049879067,0.08927057,0.13126229,0.13030691,0.07226403,-0.010993971,-0.07178248,-0.07312308,-0.023043878,0.036238287,0.056851503
-0.026041457,-0.11254649,-0.16136323,-0.13673785,-0.05350267,0.028630484,0.05258419,0.009365977,-0.06271666,-0.09874275,-0.06310773,0.025293034,0.10861186,0.13294664,0.086427905,0.008604006,-0.039140686,-0.016536279,0.057668477,0.12642075,0.1338842,0.07047883,-0.025456557,-0.0888453
0.055611353,0.02991084,0.03912985,0.073958665,0.10637859,0.10707347,0.07054873,0.01018889,-0.036173,-0.041988004,-0.018857775,0.004544991,0.0008309868,-0.03915396,-0.0943346,-0.12867738,-0.122444354,-0.0803186,-0.036464754,-0.018788045,-0.03544102,-0.06806392,-0.08250473,-0.057062935
0.07681485,0.07915778,0.033986453,-0.03693268,-0.090053424,-0.09711222,-0.06377831,-0.030048607,-0.029855976,-0.07240567,-0.1352997,-0.17541356,-0.1661673,-0.117534116,-0.064352915,-0.042107463,-0.06174623,-0.1016972,-0.12053177,-0.094682515,-0.03055881,0.03544302,0.06555467,0.04808176
-0.006820884,0.06701026,0.13895212,0.17279986,0.15324137,0.1093551,0.086061694,0.111285254,0.17144947,0.2239919,0.23435828,0.18931773,0.11795643,0.06807251,0.066575326,0.10071095,0.13420476,0.1257923,0.06636411,-0.013866262,-0.06655417,-0.064593755,-0.019429768,0.028218549
0.05780571,0.11614137,0.13329495,0.10446186,0.0561103,0.030896023,0.05117013,0.104092725,0.15113819,0.15408145,0.109857954,0.047682066,0.008206642,0.014787432,0.055293337,0.09093555,0.088234484,0.038998812,-0.025323011,-0.06409453,-0.053325403,-0.004415192,0.043415893,0.0533922
-0.024000064,0.071588136,0.16368638,0.20533593,0.1784854,0.11459924,0.07706529,0.10875902,0.18930416,0.25940016,0.2752962,0.21839221,0.12446469,0.059356455,0.061522603,0.11275167,0.16031337,0.15321223,0.080442585,-0.02225959,-0.09040431,-0.08595967,-0.023426546,0.041540675
-0.061803058,-0.11350616,-0.10917008,-0.06289388,-0.01849936,-0.018632054,-0.072804615,-0.15025228,-0.19771159,-0.18242107,-0.12286914,-0.062211864,-0.04644766,-0.08465081,-0.14303744,-0.17029352,-0.13890006,-0.061251797,0.011594802,0.037560888,0.005989148,-0.050540928,-0.080194026,-0.054882694
0.16172045,0.19338325,0.1511792,0.07108628,0.02234884,0.0457635,0.12685162,0.20487182,0.22017007,0.1592481,0.06078045,-0.0066501154,0.0012452704,0.066512235,0.1308164,0.13714348,0.06942638,-0.032355733,-0.09594512,-0.083306454,-0.0074839382,0.07022739,0.092748016,0.044070404
0.021297753,-0.024340587,-0.08966569,-0.13065694,-0.11583375,-0.054140784,0.007951995,0.028135207,-0.0031542927,-0.053714283,-0.08085069,-0.054834083,0.011664248,0.07670812,0.09711876,0.06490564,0.010007801,-0.024458464,-0.009041717,0.045351606,0.09648612,0.104068816,0.0585283,-0.011042801
-0.07576706,-0.13824405,-0.13582152,-0.081599034,-0.025422564,-0.020473484,-0.078013994,-0.16513042,-0.22094233,-0.20567095,-0.1352621,-0.061733756,-0.038804173,-0.078474015,-0.1454552,-0.18066227,-0.14956449,-0.06223363,0.022743726,0.05497125,0.019413535,-0.048233267,-0.08958667,-0.067068875
0.029774645,0.053758856,0.10835873,0.15740836,0.16384804,0.118365854,0.051371716,0.003085397,0.0013400619,0.035591625,0.066760756,0.0591422,0.002014653,-0.07420596,-0.12288702,-0.11811118,-0.07299506,-0.024428602,-0.013893592,-0.049134318,-0.1007692,-0.12370789,-0.09201574,-0.021504553
0.04236081,0.081738554,0.08340421,0.040221214,-0.022888212,-0.068201736,-0.06806883,-0.035279736,-0.0030707477,-0.006051059,-0.049407844,-0.10900665,-0.14360273,-0.13225739,-0.08536915,-0.03738318,-0.022731258,-0.04885936,-0.08888757,-0.10661603,-0.078726366,-0.018075887,0.039815918,0.062288553
-0.12673105,-0.12408403,-0.073143095,-0.017420812,-0.0067584934,-0.056477472,-0.13217264,-0.18038592,-0.16749093,-0.106908694,-0.039351888,-0.013601387,-0.047625504,-0.10832137,-0.14380206,-0.121695146,-0.050911468,0.02595527,0.055708908,0.024054738,-0.039544594,-0.08047208,-0.06623289,-0.0049833646
-0.02311104,-0.08958136,-0.12760301,-0.11020349,-0.046999667,0.016537704,0.037183657,0.0062781586,-0.048405495,-0.07598191,-0.049843658,0.016148236,0.08137765,0.10432742,0.07211493,0.013645174,-0.0253962,-0.0125726815,0.04184803,0.09634763,0.10662995,0.05953753,-0.015634898,-0.066690356
0.12081683,0.14789769,0.13412283,0.100800075,0.08282847,0.1014085,0.14889652,0.19284536,0.20125732,0.16784857,0.11326164,0.07110628,0.066006295,0.09195322,0.11880705,0.113433495,0.06882542,0.004572912,-0.040450078,-0.043824587,-0.009815122,0.028601432,0.038808204,0.0123671545
0.07593436,0.019513564,-0.060882695,-0.11761129,-0.1152806,-0.06725071,-0.020324193,-0.02067719,-0.07428265,-0.14443517,-0.18727235,-0.170346,-0.10623992,-0.042364456,-0.022318667,-0.053217392,-0.10655951,-0.1330728,-0.10071125,-0.023991553,0.049697746,0.075224824,0.043594018,-0.013460917
0.0027012415,0.02554905,0.09113966,0.15591355,0.17002103,0.118371874,0.037380286,-0.021012278,-0.02153371,0.02428807,0.07184201,0.072245926,0.011009394,-0.07759135,-0.13654278,-0.13167125,-0.07580636,-0.012124379,0.00589135,-0.035103876,-0.10133711,-0.13664079,-0.107819855,-0.028833242
0.025185516,-0.049927328,-0.10216033,-0.10678499,-0.06899892,-0.028918684,-0.028200692,-0.08082963,-0.15354861,-0.19607121,-0.18694614,-0.13240227,-0.07534126,-0.057137575,-0.08735254,-0.13566872,-0.15923972,-0.12891127,-0.057365425,0.014929678,0.04428866,0.020505171,-0.02793085,-0.0550107
-0.028867861,-0.066214174,-0.06914121,-0.039174244,-0.005160815,0.0009978818,-0.0335397,-0.086793974,-0.12323212,-0.11901733,-0.08155042,-0.038043812,-0.024036972,-0.049384795,-0.08965289,-0.11267931,-0.09668711,-0.046622604,0.0048146336,0.025567701,0.005822799,-0.031864848,-0.05408097,-0.04233738
0.07569164,0.16232955,0.18615049,0.14082623,0.06683096,0.02854587,0.06169319,0.14444685,0.21694928,0.22246253,0.15792923,0.06483266,0.00781633,0.02136201,0.08538085,0.14123456,0.13901728,0.066257834,-0.030818062,-0.09032861,-0.07384452,-0.00012210762,0.07067214,0.083363645
-0.045006376,-0.11448859,-0.15676618,-0.14414288,-0.08573545,-0.026523588,-0.011940868,-0.045556348,-0.098447904,-0.124411166,-0.098208845,-0.029614415,0.040280335,0.066773295,0.03966183,-0.011504698,-0.04459403,-0.027072081,0.03303534,0.09364433,0.10653493,0.061656978,-0.010250606,-0.06021746
-0.009151547,-0.054126244,-0.109835505,-0.14364438,-0.1345981,-0.092909105,-0.052349247,-0.044292722,-0.07240105,-0.10931172,-0.123114504,-0.096338056,-0.040498104,0.012240015,0.029914513,0.009886869,-0.023062134,-0.03712504,-0.014361847,0.03399156,0.07574743,0.081147976,0.045674376,-0.005041839
-0.056927,-0.038502187,0.013400641,0.06526353,0.08654028,0.06984647,0.034233768,0.014226018,0.03085375,0.077499695,0.121383496,0.13440117,0.105341025,0.05500548,0.017273303,0.01804065,0.050505236,0.08435174,0.08534191,0.046290003,-0.0122145815,-0.05473533,-0.05263701,-0.015812011
-0.1433399,-0.098816365,-0.050354764,-0.031720575,-0.05687778,-0.10067907,-0.12395978,-0.09683612,-0.03045206,0.034031224,0.06570615,0.052238457,0.014895703,-0.0061855977,0.013279345,0.066199616,0.12082901,0.13726296,0.102622546,0.040541362,-0.0076974416,-0.012582284,0.020267332,0.053536385
0.031531002,0.0472165,-0.0036177963,-0.077631116,-0.11282204,-0.073533505,0.018512372,0.109412156,0.14018707,0.09882764,0.030340077,-0.005004899,0.030041741,0.11654159,0.19445978,0.20778856,0.14852202,0.055258058,-0.0025439851,0.0089080725,0.07293308,0.13139297,0.12839893,0.054470457
-0.15044883,-0.13074704,-0.062237803,0.0065403,0.024725648,-0.019865468,-0.09041158,-0.12453123,-0.09266623,-0.016124334,0.057874598,0.08179366,0.041115094,-0.02491533,-0.060593944,-0.036261942,0.03239138,0.097454354,0.10911351,0.058145724,-0.021797225,-0.07316004,-0.061906498,-0.0035053564
-0.01886254,-0.06215263,-0.1305787,-0.18086182,-0.17774038,-0.12706378,-0.06676301,-0.03685431,-0.05560491,-0.09992917,-0.1252388,-0.10112276,-0.03479584,0.038068503,0.074800044,0.059367634,0.014918272,-0.01661992,-0.0035356306,0.04685937,0.0997592,0.1158364,0.07808757,0.008734066
-0.047577627,-0.11151298,-0.15014611,-0.14028859,-0.09206336,-0.041998178,-0.027583065,-0.05671155,-0.10312509,-0.12333579,-0.09541927,-0.03248925,0.02754169,0.05022182,0.026607333,-0.016848562,-0.038487986,-0.015377635,0.038310576,0.08670703,0.09445038,0.05506231,-0.0064930613,-0.04777766
0.14040816,0.16554515,0.13960457,0.09045917,0.063836634,0.08525976,0.1445568,0.19868945,0.20571227,0.15861113,0.08815959,0.03821194,0.039969172,0.08124477,0.12043005,0.11598957,0.059429273,-0.018444363,-0.06672033,-0.060065586,-0.007945213,0.044873014,0.0560402,0.01909726
0.089563176,0.094969556,0.04138163,-0.039899573,-0.09184119,-0.08160645,-0.022477575,0.03181288,0.03713766,-0.015460311,-0.09165913,-0.13513324,-0.115616836,-0.048805233,0.014989548,0.031226734,-0.008915833,-0.07282739,-0.10501617,-0.076755665,-0.0026248905,0.068709,0.08959019,0.051242985
-0.01553289,-0.0022002002,0.053683914,0.10998458,0.120425634,0.071947575,-0.005082068,-0.063381284,-0.06667656,-0.024246195,0.020642433,0.025915246,-0.02377716,-0.10018126,-0.15120973,-0.1446284,-0.08918388,-0.025173135,-0.0019322077,-0.031751692,-0.087882146,-0.12024225,-0.09588275,-0.024303855
0.05575683,0.032827992,0.050492816,0.100523144,0.15135576,0.16686247,0.13702689,0.080350466,0.0356388,0.03365845,0.0645184,0.09605274,0.09424103,0.04839476,-0.017750295,-0.065060556,-0.069803745,-0.034064204,0.0059501315,0.016215825,-0.012946637,-0.061339412,-0.089487545,-0.07258831
-0.12909581,-0.087524295,-0.047346603,-0.04510736,-0.093387805,-0.16462687,-0.21141008,-0.19882075,-0.13924278,-0.080837965,-0.0598032,-0.08629045,-0.13318355,-0.15622734,-0.12562183,-0.053954434,0.016713744,0.044705104,0.020754762,-0.028960519,-0.05929885,-0.041221563,0.016024789,0.0686499
-0.008812463,0.008558032,0.0640523,0.11487061,0.11854344,0.06894896,-0.0018244886,-0.053006146,-0.0527926,-0.009790968,0.030962538,0.029566946,-0.023433717,-0.09659923,-0.14284058,-0.13257778,-0.076774426,-0.018241247,-0.0031754242,-0.037715986,-0.09071889,-0.11738431,-0.0880852,-0.015677921
-0.03159515,-0.012591233,0.04839884,0.10527281,0.11437249,0.06656712,-0.008254672,-0.060136758,-0.05506996,-0.006183164,0.03812762,0.041263103,-0.007897438,-0.08192641,-0.12955865,-0.11862519,-0.063596986,-0.0057745436,0.010831606,-0.022280565,-0.0799198,-0.1141801,-0.08942042,-0.019002462
0.07974411,0.034470502,-0.03222811,-0.08116072,-0.08318573,-0.046773396,-0.010609376,-0.013855048,-0.060816083,-0.1213627,-0.16084228,-0.15138252,-0.102233656,-0.052485336,-0.03701184,-0.062115613,-0.10465767,-0.1257187,-0.099133976,-0.035512947,0.027364088,0.052548952,0.031775095,-0.010838481
-0.17991932,-0.1214266,-0.059712123,-0.04306603,-0.086624876,-0.15345722,-0.18926771,-0.15582243,-0.06969014,0.011986844,0.04573583,0.020790098,-0.031812128,-0.056979444,-0.024217006,0.052016474,0.12626591,0.14662404,0.1013514,0.025427429,-0.027283292,-0.022752712,0.02870991,0.077706814
-0.086048886,-0.047961965,0.048760325,0.14631422,0.17900161,0.13535888,0.054128293,0.007119164,0.034731444,0.11891839,0.19738534,0.21136612,0.14602281,0.045102373,-0.021016868,-0.012983658,0.05466298,0.12006923,0.12098272,0.0481995,-0.0554704,-0.12217145,-0.10718165,-0.03045645
-0.022412946,-0.07698933,-0.1539823,-0.20549546,-0.20025556,-0.1482686,-0.09252656,-0.07225844,-0.10072802,-0.15030982,-0.17358448,-0.14304477,-0.069328,0.006954429,0.042721745,0.024774713,-0.019438734,-0.045056935,-0.020862695,0.041559696,0.10107576,0.11750572,0.07539802,0.0036563047
0.18558866,0.15241405,0.08884865,0.048538417,0.07562508,0.15485354,0.23044933,0.24672785,0.19152217,0.10472185,0.04030894,0.04173732,0.09720267,0.15247898,0.15424484,0.08857739,-0.011066883,-0.08123064,-0.0772656,-0.012035332,0.057138994,0.07456456,0.02621695,-0.04904997
0.004995446,-0.035471164,-0.05427677,-0.027293192,0.036128458,0.09936867,0.12640177,0.110624045,0.07266639,0.052297246,0.07388231,0.12418882,0.17118067,0.18132131,0.14473312,0.086037144,0.042793855,0.04121656,0.071776144,0.1011512,0.095191464,0.04737467,-0.019725991,-0.066024475
-0.046185013,-0.12113031,-0.16617918,-0.15221237,-0.092053786,-0.03159941,-0.017179506,-0.053839903,-0.1105845,-0.13685344,-0.105677225,-0.03142257,0.038331322,0.062812954,0.033583563,-0.020201841,-0.04993077,-0.025834512,0.03813515,0.09743839,0.10781745,0.061707366,-0.011652902,-0.061263643
-0.06317397,-0.007968381,0.0018366058,-0.036530502,-0.093847975,-0.12192563,-0.09288407,-0.016296772,0.05758904,0.080349326,0.052754544,0.0029712939,-0.021061962,0.009243484,0.078181185,0.1389404,0.15243773,0.1072976,0.038431887,-0.008031778,-0.0012658201,0.04748845,0.091194026,0.0864162
0.009751728,0.05458313,0.08858264,0.08178177,0.02877551,-0.04188265,-0.08864844,-0.09078809,-0.058073416,-0.02953251,-0.037862007,-0.08554088,-0.14669792,-0.18262722,-0.16790734,-0.11469398,-0.061737686,-0.044120375,-0.067593485,-0.10649669,-0.119953744,-0.08524919,-0.0143820895,0.050016798
-0.099403016,-0.103201196,-0.08145219,-0.059340946,-0.06436064,-0.10389686,-0.15837334,-0.1907163,-0.18214281,-0.14447159,-0.105206735,-0.08839596,-0.10661709,-0.13805796,-0.14812882,-0.12142382,-0.067917325,-0.014882892,0.009662643,-0.0022761317,-0.03253715,-0.047889944,-0.029433105,0.011842812
0.04777036,0.08764982,0.08974089,0.046934225,-0.0162629,-0.06401233,-0.06631821,-0.034848876,-0.0034574158,-0.0065810815,-0.0488012,-0.10837913,-0.14632234,-0.1388139,-0.09381479,-0.04560225,-0.028949043,-0.051933844,-0.09054915,-0.11061337,-0.08512988,-0.024171334,0.03653495,0.062397283
-0.0013106299,0.02432468,0.10178597,0.17731449,0.19251414,0.13412453,0.040775295,-0.029144,-0.030795483,0.024720805,0.079053454,0.07839275,0.01027019,-0.09052959,-0.15924907,-0.15367162,-0.08752629,-0.01430442,0.0053844247,-0.039958652,-0.1145403,-0.15755306,-0.12582818,-0.034330085
-0.012607547,-0.014198954,-0.050398335,-0.10009924,-0.1293941,-0.11771445,-0.07595961,-0.032951955,-0.018218497,-0.03898888,-0.07334335,-0.08716103,-0.063371085,-0.011117857,0.038721416,0.056335397,0.03763721,0.00075322733,-0.019321248,-0.0047853976,0.035761435,0.072782055,0.07690181,0.041934475
-0.008875698,-0.042300466,-0.08560077,-0.11265131,-0.10369669,-0.06665477,-0.030232389,-0.018839901,-0.0378846,-0.06747321,-0.080817096,-0.059376393,-0.012646051,0.031343624,0.046543445,0.029330028,-0.001531799,-0.017883448,-0.0024869347,0.035351146,0.06793084,0.070797905,0.04028976,-0.004414344
-0.09244603,-0.04358381,0.0077803032,0.02247219,-0.01371745,-0.075649105,-0.117715344,-0.106119104,-0.049271755,0.007776114,0.027743816,-0.00036908826,-0.0533174,-0.08710434,-0.07197561,-0.015004015,0.044317182,0.06499972,0.035080098,-0.020992672,-0.060608655,-0.05236343,-0.0011663233,0.052255616
-0.062891096,-0.116382055,-0.118823595,-0.079052165,-0.037510656,-0.03366195,-0.07981176,-0.15037721,-0.19716078,-0.18605794,-0.1313177,-0.07306884,-0.05247822,-0.0804917,-0.12956305,-0.15548894,-0.12925962,-0.06004111,0.008283663,0.03730297,0.014958883,-0.035085183,-0.067146555,-0.05086301
0.09476678,0.10754794,0.06276414,-0.010797823,-0.060211916,-0.05567068,-0.0046838606,0.047702845,0.05657183,0.0074603236,-0.06658804,-0.113774024,-0.10255145,-0.04512252,0.01484627,0.03224294,-0.0066273287,-0.069967456,-0.10405974,-0.081887014,-0.014352488,0.055394225,0.07969352,0.046980623
0.052742723,0.07166938,0.019192109,-0.062890776,-0.10545643,-0.06774188,0.030083917,0.12515467,0.15546548,0.10978967,0.032481644,-0.010885414,0.022082508,0.111012846,0.19038677,0.20453826,0.14341448,0.04610941,-0.015933214,-0.0047840704,0.064141326,0.12844436,0.13113901,0.059728097
0.07589644,0.029426916,0.0048967265,0.021692568,0.06739141,0.10715089,0.108943574,0.064743795,0.0036619343,-0.032002877,-0.025316993,0.010022763,0.042262264,0.03862443,-0.0048492607,-0.060738243,-0.09321282,-0.079498835,-0.033243828,0.011872171,0.023055194,-0.0052649574,-0.049120516,-0.0687156
0.020719394,0.05399316,0.053517204,0.01134373,-0.05010198,-0.095802255,-0.0987795,-0.069816895,-0.038691968,-0.037125807,-0.07193082,-0.12238666,-0.15435699,-0.14468311,-0.09977496,-0.05048889,-0.027813781,-0.04298517,-0.07604715,-0.09457322,-0.07232685,-0.016962945,0.03988492,0.06452823
0.0583436,0.10698301,0.123045735,0.103022754,0.06690461,0.046987783,0.063838996,0.10650663,0.14280201,0.14416686,0.10923944,0.05706196,0.022162559,0.024332413,0.054030605,0.07974941,0.0752724,0.034475133,-0.01898645,-0.053324435,-0.04599302,-0.007516901,0.030077875,0.038380217
-0.19090961,-0.17734028,-0.115279526,-0.052064076,-0.037696216,-0.08019779,-0.14464375,-0.1721483,-0.13529317,-0.05390713,0.025326326,0.055283245,0.024267755,-0.030469524,-0.056807354,-0.026128659,0.04814553,0.11618846,0.12849396,0.07820878,0.00013904631,-0.051587984,-0.044063475,0.0071510263
-0.07849748,-0.06135039,-0.07054798,-0.11049553,-0.16154428,-0.19091532,-0.18271741,-0.1448855,-0.104970776,-0.091112666,-0.10686922,-0.13132896,-0.13491957,-0.104956284,-0.05140353,3.9674673e-05,0.025464036,0.015766459,-0.009232553,-0.021532144,-0.004259085,0.033939,0.067736186,0.06986374
0.025758566,0.008561746,-0.019860864,-0.02797996,0.0030376678,0.06613448,0.12513347,0.15291913,0.14114127,0.11183328,0.096722856,0.115155414,0.15899307,0.19874942,0.2026926,0.1643964,0.10722336,0.062777095,0.054458544,0.07604215,0.095676765,0.084674105,0.03640651,-0.0254593
0.013811174,0.03402167,-0.0037583495,-0.067007616,-0.0998977,-0.06422676,0.022977816,0.11143719,0.14779818,0.11963597,0.06187778,0.029445319,0.058094755,0.13384539,0.20284851,0.21693206,0.16805542,0.08440525,0.025016798,0.024612641,0.07318882,0.12068349,0.11869536,0.054376233
-0.067852356,-0.1250652,-0.12984465,-0.08944205,-0.044163037,-0.038568165,-0.08619503,-0.15956135,-0.2084889,-0.19912577,-0.14203334,-0.07764169,-0.0531251,-0.081904635,-0.1346267,-0.16318427,-0.13738821,-0.06321232,0.012166926,0.044697866,0.019337295,-0.034686938,-0.069510646,-0.054028053
-0.044578146,-0.020440565,0.037209902,0.09640824,0.12264274,0.10730922,0.071466595,0.05238736,0.07054122,0.117648944,0.16268551,0.1729141,0.138312,0.0822801,0.041179318,0.038267095,0.06749815,0.09774545,0.09363621,0.04819074,-0.015338198,-0.059521873,-0.058894858,-0.02265842
-0.0025717348,0.004674524,-0.025041305,-0.06486084,-0.080572724,-0.051825155,0.009020318,0.067671664,0.08935899,0.06964076,0.03785706,0.02416197,0.048133604,0.101227656,0.14667915,0.15252703,0.11893327,0.06646528,0.031013785,0.03177114,0.062259216,0.09020777,0.081537314,0.032650914
-0.02696209,-0.031162571,-0.069428615,-0.122825205,-0.15495129,-0.14811581,-0.10533534,-0.05935046,-0.04319011,-0.06336131,-0.094862685,-0.10831068,-0.08306131,-0.026208913,0.027389327,0.049037624,0.032850698,-0.00035548268,-0.017839646,-0.002719222,0.039864562,0.07825973,0.082056426,0.04733002
-0.051222958,-0.13073842,-0.18032183,-0.16957328,-0.10698691,-0.039175544,-0.016378472,-0.04960706,-0.10810011,-0.13802378,-0.10911673,-0.031777836,0.047424354,0.08072618,0.052693043,-0.005117475,-0.0418826,-0.022207418,0.043158602,0.10912617,0.12442478,0.0760372,-0.0051247412,-0.06303942
0.044288386,-0.027452344,-0.077424616,-0.07531397,-0.024918027,0.0300956,0.041849013,-0.0050149416,-0.078842945,-0.12636352,-0.120603815,-0.06625203,-0.00418613,0.016044155,-0.019659562,-0.0803675,-0.12130374,-0.10556845,-0.0401855,0.032445677,0.061184455,0.030607615,-0.029946454,-0.06946531
-0.06693275,-0.14786968,-0.19489594,-0.18036589,-0.11577503,-0.04703254,-0.022094749,-0.05398227,-0.110492185,-0.13612494,-0.10097075,-0.020250147,0.060943257,0.094566055,0.064415425,0.0057120854,-0.02814986,-0.0041410085,0.061695475,0.12422459,0.13445373,0.080738634,-0.0046573523,-0.06352445
-0.031540718,-0.010944592,0.04753592,0.10118705,0.10447768,0.051081005,-0.024388894,-0.07397223,-0.0669972,-0.017253004,0.028533971,0.027860874,-0.027076919,-0.10110981,-0.14324398,-0.12638366,-0.06534099,-0.00569822,0.0072343294,-0.031503834,-0.08840886,-0.11554438,-0.08453961,-0.011307811
0.040882178,0.06104368,0.014194105,-0.061858907,-0.104817934,-0.07315073,0.015243598,0.1045482,0.13719329,0.09762032,0.026263673,-0.014766254,0.013293959,0.094968095,0.17132214,0.18846026,0.13556413,0.04612373,-0.013388709,-0.0054635205,0.05647324,0.11851123,0.124416485,0.060247432
0.06339029,0.13586451,0.17305157,0.16040222,0.11722966,0.08609458,0.09603757,0.14558211,0.20004345,0.2159236,0.1793229,0.11355657,0.058612794,0.044893958,0.07170904,0.10713417,0.111205906,0.06629015,-0.0041736667,-0.059862163,-0.068851575,-0.030497177,0.02350395,0.047966916
-0.202898,-0.14540707,-0.08108446,-0.060212966,-0.101890475,-0.17287028,-0.21433295,-0.18148258,-0.091453314,-0.0047321594,0.036456265,0.016359862,-0.037134826,-0.06421817,-0.030363467,0.049351744,0.1281131,0.15392897,0.11196607,0.033968654,-0.023501726,-0.021420944,0.029119337,0.07930372
0.060096856,0.12152475,0.13277309,0.08133108,-0.0016431883,-0.061571736,-0.061266232,-0.014008482,0.035866093,0.038720436,-0.016914507,-0.09787894,-0.15230778,-0.14602815,-0.08753115,-0.023611013,-0.0012843405,-0.037269935,-0.098529406,-0.13464119,-0.10871603,-0.03139285,0.049851708,0.08441352
-0.13106795,-0.12793933,-0.08119672,-0.025266161,-0.0038309637,-0.027750952,-0.07655935,-0.10738453,-0.0905077,-0.032396257,0.031772953,0.061222747,0.042221222,-0.0030665721,-0.03525938,-0.024464201,0.02735681,0.0829725,0.09934403,0.06658177,0.0051420913,-0.04324884,-0.0473359,-0.01043873
-0.0012726833,0.042707965,0.09008628,0.118115224,0.11449655,0.09458621,0.08140794,0.09359837,0.12716061,0.16018185,0.16932939,0.14521812,0.10485897,0.071709566,0.06303231,0.07653153,0.09260101,0.08648352,0.05133711,0.0032098398,-0.032544263,-0.039961085,-0.01961299,0.006839084
-0.04712966,-0.077377975,-0.050617605,0.015334809,0.07588086,0.08771319,0.048052303,-0.011002188,-0.042858187,-0.019313708,0.043363944,0.0978963,0.10240341,0.055569284,-0.0105074765,-0.04879098,-0.033616554,0.023283504,0.07205178,0.074164964,0.024367588,-0.044471387,-0.084513046,-0.06695761
0.15015371,0.18121365,0.1567639,0.1061918,0.079049625,0.10458564,0.17074324,0.23153181,0.24238156,0.19600354,0.12245516,0.069297016,0.06913167,0.1097622,0.1481128,0.14283276,0.0838025,0.000313318,-0.055191867,-0.05482968,-0.006151109,0.04614466,0.05948392,0.021766795
0.0047204485,-0.048629876,-0.08782235,-0.09574939,-0.07735828,-0.060850088,-0.0711833,-0.112522416,-0.16201618,-0.1895109,-0.18191288,-0.14500265,-0.10883248,-0.097540624,-0.112793624,-0.13608417,-0.1418303,-0.11268503,-0.058164604,-0.0062554185,0.01622962,0.0063302163,-0.018052436,-0.02942414
-0.046219803,-0.027967054,0.041608367,0.11068029,0.117646545,0.047578577,-0.05572588,-0.12783189,-0.12566271,-0.064775184,-0.0015206368,0.004677378,-0.061596684,-0.15813541,-0.21583472,-0.19571131,-0.11388521,-0.026739256,0.001929351,-0.041306645,-0.1148836,-0.15207584,-0.11406843,-0.018923407
-0.13885933,-0.1986356,-0.19029528,-0.12471793,-0.053980272,-0.030099671,-0.07058693,-0.13853538,-0.17692348,-0.14609843,-0.060796343,0.026577203,0.06072474,0.03060585,-0.030833282,-0.06787091,-0.04232268,0.034204062,0.10654377,0.1260633,0.07699343,-0.0070733083,-0.06756571,-0.06551022
0.0033518183,0.025860848,0.08406395,0.1409025,0.15215905,0.11112419,0.048553824,0.004085422,0.00640693,0.047835525,0.08848529,0.08499614,0.031233277,-0.042135,-0.08969551,-0.08602748,-0.039219942,0.0096416725,0.016164124,-0.02483335,-0.081048466,-0.11022699,-0.08749275,-0.023611045
-0.035719823,-0.063407436,-0.027533276,0.05776566,0.14120269,0.17601204,0.14596894,0.08762315,0.053719092,0.07972898,0.14840934,0.21134824,0.22125559,0.16778639,0.085300714,0.02734687,0.027186936,0.07386999,0.11705344,0.11373497,0.051002964,-0.03781414,-0.09626691,-0.09078227
-0.004042046,0.05449596,0.11213824,0.13675769,0.11904195,0.083384305,0.06376188,0.08219562,0.12932274,0.17037292,0.17490526,0.13796249,0.08378689,0.044794988,0.04224486,0.069640875,0.0959692,0.089692496,0.044794828,-0.014863663,-0.05491725,-0.054120596,-0.017050622,0.022527864
0.06969087,0.035990782,-0.024015917,-0.061769925,-0.03755963,0.04112391,0.122753896,0.1568567,0.12741344,0.065490864,0.022268526,0.037139032,0.10594172,0.17575808,0.19288942,0.14512984,0.062373687,2.0756052e-05,-0.00046306325,0.05322926,0.10864235,0.11521626,0.058709145,-0.026641585
0.04716745,0.08333201,0.08412826,0.044162866,-0.015170243,-0.058439884,-0.06178704,-0.035001796,-0.0072371894,-0.010463799,-0.05030701,-0.10451063,-0.13929527,-0.13387561,-0.09353847,-0.04936432,-0.032270033,-0.051907416,-0.08656017,-0.10447628,-0.08167013,-0.025111262,0.0326852,0.057715807
0.0257933,0.042559434,0.0760124,0.10216603,0.09783853,0.060588833,0.013554103,-0.018716147,-0.020459527,7.351004e-05,0.015496675,0.002645538,-0.037736993,-0.085261114,-0.11086397,-0.10139539,-0.06859732,-0.037699297,-0.032472868,-0.053566616,-0.07940788,-0.08545453,-0.057903357,-0.008380574
-0.095713094,-0.09481748,-0.068726756,-0.043792866,-0.048865795,-0.089784734,-0.14473987,-0.17481956,-0.1633691,-0.12296454,-0.08324608,-0.070014864,-0.093057215,-0.12804016,-0.1377206,-0.11000336,-0.055501934,-0.004336025,0.015128137,-0.003315555,-0.036279354,-0.051363233,-0.030863784,0.011615122
0.002003271,-0.066128194,-0.10358477,-0.09394145,-0.05222259,-0.019585894,-0.030025644,-0.08530899,-0.14968412,-0.17935768,-0.15923624,-0.103884496,-0.05500645,-0.04795067,-0.08267366,-0.12728868,-0.1425521,-0.10591558,-0.03631717,0.025341105,0.041313592,0.009849553,-0.03794608,-0.057835728
0.17446332,0.15930201,0.11788796,0.09078278,0.107269734,0.16067806,0.2130387,0.2227926,0.18100178,0.115299284,0.06314291,0.05299168,0.08047428,0.111015975,0.10775368,0.058711443,-0.013553356,-0.06781898,-0.072462566,-0.032529138,0.015970267,0.03449147,0.00840823,-0.038124885
-0.031767048,-0.06292093,-0.02987351,0.055175234,0.13856809,0.17143199,0.13888308,0.07658398,0.03883313,0.061419595,0.13077214,0.19478334,0.20490567,0.15155996,0.06834007,0.009323939,0.009531555,0.05953906,0.10706009,0.107465304,0.046787992,-0.039989337,-0.09896411,-0.09278022
-0.10697036,-0.056379255,-0.010850978,-0.00751014,-0.05880889,-0.13221672,-0.17687699,-0.16008967,-0.09666156,-0.036241703,-0.016868755,-0.049698282,-0.10899051,-0.1398017,-0.110804915,-0.038594197,0.034194753,0.059413042,0.025600838,-0.036717866,-0.07321552,-0.051596705,0.013765583,0.07290811
-0.053158574,-0.012247257,-0.011721112,-0.060307134,-0.12902722,-0.1744808,-0.16375346,-0.10782604,-0.049969193,-0.034409072,-0.06424948,-0.11342435,-0.13891098,-0.11058925,-0.042188693,0.024284694,0.05006959,0.024023669,-0.024469282,-0.05363316,-0.033574615,0.024724606,0.07888984,0.089991935
-0.03948213,-0.09367878,-0.08625561,-0.030975243,0.025026169,0.033212632,-0.018803865,-0.10193611,-0.15779217,-0.1463479,-0.08497036,-0.021208234,-0.0048976634,-0.04763302,-0.11705101,-0.1572676,-0.13491216,-0.059617665,0.01503411,0.043119676,0.009668783,-0.054655317,-0.09376625,-0.0710665
0.008296561,0.07293699,0.12711883,0.12935622,0.07259425,-0.011868552,-0.06752907,-0.06372173,-0.015215647,0.02608506,0.019302746,-0.04060016,-0.12131722,-0.17025837,-0.15472233,-0.09207087,-0.03304499,-0.019378774,-0.056955315,-0.11418121,-0.13913919,-0.10336021,-0.021242948,0.055888724
-0.087387726,-0.089037195,-0.06511322,-0.04074195,-0.04232871,-0.07283696,-0.11602513,-0.14286251,-0.13441102,-0.10033522,-0.065693766,-0.05230858,-0.06453018,-0.09162529,-0.10557695,-0.08722014,-0.043270297,0.0020193914,0.021574793,0.009950276,-0.019836443,-0.039346695,-0.02920597,0.0038419368
0.031130388,-0.042031057,-0.07567316,-0.036338024,0.05823927,0.15235701,0.18488507,0.1427871,0.0683374,0.031623792,0.062907785,0.14285804,0.21491787,0.22488472,0.16059935,0.065654226,0.0051350975,0.014746609,0.074010484,0.12953041,0.12631337,0.053929236,-0.045693785,-0.107238345
-0.0014086514,0.021567296,0.097606614,0.17597084,0.19515255,0.13989371,0.045437235,-0.027717298,-0.031797174,0.024761144,0.083897114,0.08924845,0.020245763,-0.08448587,-0.15711685,-0.15418434,-0.086009994,-0.008804531,0.01332976,-0.03390043,-0.113378584,-0.15956078,-0.12854461,-0.036005333
-0.101561554,-0.10129926,-0.06569645,-0.028732395,-0.02618792,-0.06715631,-0.1246812,-0.16068313,-0.1507663,-0.10484599,-0.055348966,-0.03757191,-0.06263169,-0.10460533,-0.12645921,-0.10518989,-0.048659418,0.010060601,0.03269181,0.011031161,-0.03205,-0.0586257,-0.044946264,0.0024938004
0.021476662,-0.061985366,-0.10836715,-0.073895566,0.024832418,0.12616034,0.1627723,0.120629564,0.040622327,-0.002681327,0.029857216,0.118069954,0.20082623,0.22003797,0.16032559,0.063045025,-0.0024111052,0.0065924134,0.07280569,0.13778329,0.14150013,0.07025187,-0.036547747,-0.108744085
-0.022347191,-0.059271578,-0.10910995,-0.14523931,-0.14495948,-0.11229014,-0.07242965,-0.05580759,-0.07212554,-0.10375711,-0.11940945,-0.098954424,-0.05043136,0.0035076593,0.030569376,0.020041412,-0.008624621,-0.025894456,-0.011388519,0.029697428,0.07079454,0.08340429,0.054868866,0.0073522357
-0.15695009,-0.08566224,-0.016232843,0.0036839806,-0.040571596,-0.11175574,-0.14974484,-0.112044424,-0.020075865,0.062927864,0.09356279,0.059542958,-0.006225746,-0.0403851,-0.008964124,0.06916908,0.14193507,0.155895,0.100930996,0.014030139,-0.044327613,-0.036142446,0.02363841,0.07863978
-0.019387392,-0.0048602293,0.041469693,0.08406919,0.08839883,0.046673324,-0.015643086,-0.059607286,-0.057763614,-0.019632636,0.015799178,0.017300613,-0.024641914,-0.08600699,-0.12437723,-0.113596566,-0.06529318,-0.014611129,0.0006240536,-0.026689027,-0.072864085,-0.09778676,-0.07327018,-0.012656231
-0.04574206,-0.09256325,-0.06273105,0.030412192,0.12873726,0.16969259,0.13382874,0.058026023,0.0075804577,0.029045166,0.110479064,0.19309695,0.21427222,0.15837759,0.06155543,-0.009700263,-0.010134909,0.054316845,0.12029224,0.13056853,0.064335234,-0.038707078,-0.11238344,-0.10860997
0.06044759,0.020122638,-0.041834407,-0.08984693,-0.091769755,-0.054612964,-0.01239641,-0.0053998907,-0.042354904,-0.09733867,-0.13465227,-0.12497405,-0.07669369,-0.022998126,-0.002437617,-0.024493933,-0.06867843,-0.09538578,-0.07619469,-0.018686973,0.040875476,0.06482673,0.041657194,-0.004328277
-0.08459114,-0.04450829,-0.003125364,0.01497301,-0.0011391182,-0.03422181,-0.052423485,-0.030760424,0.019349098,0.06633495,0.0871515,0.0707948,0.034976684,0.013793429,0.026953446,0.06427865,0.09993251,0.10487758,0.072361514,0.020860827,-0.015581659,-0.017208021,0.009225042,0.03518817
-0.025085783,-0.09635552,-0.13765705,-0.12265689,-0.060588762,0.0053084353,0.028073693,-0.0053695748,-0.062884524,-0.09148463,-0.06441261,0.0069273645,0.07600921,0.09912035,0.06298218,0.0019120391,-0.033870157,-0.014031905,0.045665227,0.10224223,0.10969743,0.05988472,-0.015767597,-0.06544334
-0.05093497,-0.09545962,-0.0972232,-0.068694584,-0.04144202,-0.043635022,-0.08381746,-0.14458889,-0.18364553,-0.17512774,-0.13361666,-0.088500954,-0.07095459,-0.09333011,-0.13454846,-0.15333831,-0.1275484,-0.06594306,-0.0065915007,0.020942427,0.0044375462,-0.034725294,-0.05690212,-0.037950296
-0.13771617,-0.06898014,-0.0042695175,0.010700825,-0.03928004,-0.11483467,-0.15556264,-0.12271202,-0.037036806,0.039228637,0.06417693,0.024957005,-0.041794136,-0.07524208,-0.042832803,0.03565215,0.10923051,0.12500824,0.07303976,-0.008417262,-0.05922746,-0.043598123,0.02047345,0.07816459
0.0001458045,-0.05288148,-0.08657533,-0.0827337,-0.050088212,-0.02132983,-0.023472734,-0.06105164,-0.10952855,-0.13436851,-0.11922572,-0.075387694,-0.036272094,-0.025946207,-0.04841196,-0.08241656,-0.09711613,-0.073189154,-0.022345558,0.024721934,0.03899764,0.017264692,-0.020919023,-0.040985875
-0.03961454,0.023181794,0.08685472,0.11224565,0.08505522,0.029893681,-0.005201254,0.011233432,0.06865927,0.12228472,0.1368655,0.099660456,0.033502538,-0.012558116,-0.008154335,0.03603127,0.08255908,0.09047769,0.046770785,-0.022753209,-0.0709202,-0.06563616,-0.015662566,0.038207166
0.060770854,0.0089303255,-0.07221192,-0.12607706,-0.11186432,-0.039152097,0.036391586,0.061479796,0.020103255,-0.050204203,-0.09359212,-0.07135347,0.004945247,0.08290991,0.10892789,0.06820921,-0.0048447894,-0.053490948,-0.037453335,0.030728528,0.10007254,0.1182717,0.06816972,-0.015780956
0.068528466,0.13434845,0.16480292,0.15350209,0.119284324,0.10074895,0.119932786,0.171931,0.22079116,0.23016313,0.19386116,0.1337206,0.08725916,0.080222845,0.10736525,0.13363574,0.12657739,0.07481845,0.0049688504,-0.045884706,-0.05017154,-0.014155033,0.028007498,0.038966045
0.1520055,0.119932905,0.06200921,0.02577589,0.043872606,0.1065445,0.16617267,0.17598435,0.12670283,0.052562453,-0.00040642775,0.00045295776,0.049060475,0.096195646,0.098359324,0.046161387,-0.03176494,-0.08406856,-0.07588034,-0.018348968,0.04200447,0.059834916,0.022259802,-0.039082948
-0.12291503,-0.0764389,-0.030840104,-0.013409947,-0.037457332,-0.07661213,-0.09324386,-0.0607925,0.004258235,0.06148879,0.08642901,0.06680189,0.029683301,0.013504517,0.03793473,0.08727166,0.13163944,0.13605222,0.09467042,0.03368308,-0.0065758573,-0.0049546356,0.024704136,0.049185727
0.053712677,0.1354703,0.16623566,0.13366067,0.06869977,0.028787844,0.04827515,0.118215516,0.18768077,0.20184948,0.15029038,0.06826717,0.011919866,0.014242226,0.06690835,0.120359086,0.12622096,0.06772642,-0.01809191,-0.07756205,-0.07246387,-0.012352436,0.054714285,0.0739229
0.02642552,-0.014808025,0.0019949572,0.06548505,0.12587139,0.13726936,0.08706323,0.0027708078,-0.056941073,-0.052425724,-0.00043603082,0.050139707,0.052267853,-0.0039803996,-0.08473624,-0.13621108,-0.12444085,-0.06031139,0.0030099084,0.02235492,-0.01496692,-0.07715107,-0.11238432,-0.08533001
-0.06770679,-0.030863272,0.05767918,0.14610901,0.1785229,0.14546758,0.08055028,0.044255372,0.07083354,0.14334908,0.20987071,0.22138186,0.16469727,0.07657754,0.016114403,0.017815562,0.069990724,0.12131651,0.11797792,0.052049175,-0.04127702,-0.10265537,-0.09404812,-0.030946363
0.08773978,0.09727854,0.061555397,0.0054397685,-0.032324865,-0.031177945,0.0033611755,0.038663033,0.040607397,0.00048527267,-0.05720491,-0.09638809,-0.091244236,-0.05055989,-0.006096434,0.0071513923,-0.022402683,-0.07066207,-0.09567965,-0.07750925,-0.022915127,0.03326175,0.054972764,0.033009157
-0.17326462,-0.16444743,-0.109530345,-0.05113966,-0.033199355,-0.06457225,-0.11371152,-0.13466035,-0.10322523,-0.03126503,0.042412315,0.07264633,0.049065664,0.004345914,-0.020672616,0.000955977,0.062229853,0.12080022,0.13072757,0.08538275,0.015594751,-0.03504812,-0.03687947,0.002643341
0.039234526,0.065106295,0.028792087,-0.03861228,-0.08126545,-0.05987278,0.016610375,0.0994986,0.13424669,0.101760685,0.036497965,-0.007967623,0.010064339,0.08021421,0.15076523,0.17120364,0.1266616,0.044945925,-0.014120124,-0.013229105,0.040410217,0.09926565,0.11027516,0.05747473
0.16235457,0.2035538,0.18161842,0.12388376,0.08544325,0.10465843,0.17181103,0.23885652,0.25703302,0.20959218,0.124323174,0.058361318,0.052110106,0.09557199,0.14255269,0.14482857,0.08518671,-0.008059482,-0.07384933,-0.07497513,-0.02024254,0.043290842,0.06632705,0.03163419
-0.019690854,-0.00897595,0.03390446,0.07899293,0.09178666,0.061144073,0.008647937,-0.030366851,-0.030622756,0.0039874366,0.04095272,0.0468508,0.011488367,-0.04365122,-0.08111852,-0.077853896,-0.039565414,0.0037480278,0.016881555,-0.009014965,-0.052801397,-0.081004575,-0.0679058,-0.019701371
-0.012086779,-0.015782155,-0.07598891,-0.15972847,-0.20959133,-0.19417785,-0.1270837,-0.057647333,-0.035544634,-0.07433321,-0.13384871,-0.15851632,-0.11950165,-0.032818258,0.04813043,0.07631548,0.042922955,-0.016885836,-0.045961834,-0.01734236,0.05269866,0.116242826,0.12366987,0.067903005
-0.07288903,-0.13161407,-0.16823511,-0.16353956,-0.12505239,-0.081482746,-0.06660652,-0.086711705,-0.12169147,-0.13651124,-0.111393414,-0.05411161,0.0064611947,0.035724286,0.023547964,-0.008611745,-0.026049653,-0.006716398,0.04086974,0.08685679,0.09753513,0.06410792,0.0075427573,-0.034701012
-0.12028449,-0.113748744,-0.06847285,-0.023413897,-0.02249158,-0.07295044,-0.14211525,-0.1811786,-0.16409157,-0.10566902,-0.04634056,-0.02862792,-0.06382184,-0.11784916,-0.14230424,-0.113311015,-0.04252581,0.026161298,0.04712852,0.0127790095,-0.043315846,-0.07339939,-0.051679373,0.006842786
-0.15161061,-0.14442693,-0.09973328,-0.05244721,-0.04083975,-0.07115668,-0.117806084,-0.13737549,-0.10981128,-0.049590286,0.010596577,0.035023477,0.015375111,-0.021202672,-0.038255267,-0.015624957,0.037882037,0.08730044,0.09738486,0.062963635,0.0076089883,-0.030692674,-0.0290121,0.0051528797
0.10915402,0.12217148,0.065969825,-0.02496576,-0.0851806,-0.07645769,-0.0070094666,0.060592346,0.07050861,0.012755672,-0.07468164,-0.13255599,-0.11679706,-0.041314643,0.03436943,0.055355877,0.007912246,-0.07154975,-0.11728313,-0.09243458,-0.0069765244,0.077130854,0.10280901,0.05950405
0.15523577,0.14065124,0.10557465,0.084911466,0.10339777,0.1518176,0.19728875,0.20484452,0.16653863,0.10826574,0.064359516,0.057786122,0.08263146,0.10733292,0.10066962,0.054242548,-0.011563035,-0.05813755,-0.059627127,-0.024307413,0.016262539,0.029099641,0.0034392814,-0.03805962
-0.09688014,-0.04596934,0.0033945807,0.009790653,-0.038958415,-0.111019075,-0.15482076,-0.13984789,-0.079334386,-0.020891963,-0.004261545,-0.04024818,-0.09766178,-0.12817141,-0.10341127,-0.035936557,0.031235939,0.053236626,0.019656742,-0.038917765,-0.07259466,-0.053911667,0.0070238505,0.06520911
-0.00012030039,0.06568917,0.13235761,0.16447406,0.14950709,0.11325457,0.094446935,0.114996165,0.1659178,0.21433343,0.22449365,0.18450373,0.1217444,0.07476964,0.066944934,0.09368087,0.12350726,0.117572516,0.06485567,-0.007873431,-0.057680707,-0.061938092,-0.02331429,0.021326277
-0.19038616,-0.18566798,-0.1329197,-0.07375943,-0.057038054,-0.09457305,-0.15600124,-0.18617095,-0.15624577,-0.08186608,-0.0034175443,0.032129005,0.009572295,-0.03892014,-0.064821094,-0.038226217,0.032109976,0.101698585,0.1213767,0.08047617,0.008193988,-0.04313312,-0.041189,0.0038673359
-0.0065888986,-0.060211524,-0.13817793,-0.18755187,-0.17400208,-0.10773116,-0.038022198,-0.010988096,-0.041041825,-0.095274016,-0.12147498,-0.0899341,-0.01034371,0.06939197,0.10093241,0.07207734,0.015698425,-0.019384976,-0.0004577845,0.06042607,0.118562944,0.12926328,0.07734154,-0.0054275966
0.026707405,-0.011658108,0.006737833,0.06411757,0.116062246,0.11765277,0.061823532,-0.023346994,-0.081048645,-0.07668355,-0.03070354,0.013223999,0.013280989,-0.042322457,-0.11966528,-0.16410193,-0.14900362,-0.08354904,-0.018545672,0.0043946146,-0.028123293,-0.08529064,-0.11293017,-0.07915247
0.09546403,0.09938515,0.05859646,-0.0070012887,-0.056813143,-0.06390628,-0.03426873,-0.006427419,-0.010897392,-0.05463546,-0.11892023,-0.16263683,-0.1571376,-0.1132013,-0.06528099,-0.04723328,-0.070193216,-0.11292116,-0.13274592,-0.10538059,-0.039644558,0.02519076,0.05433486,0.039696198
-0.062401935,-0.11659159,-0.10080227,-0.033567924,0.028762843,0.034215473,-0.026149413,-0.11480826,-0.16819324,-0.14718859,-0.07334583,-0.0030581045,0.010382997,-0.040975016,-0.11648519,-0.15676783,-0.12639704,-0.0410352,0.03692143,0.058530774,0.013083668,-0.06086601,-0.1030876,-0.07615653
0.027782079,0.048091188,0.019038845,-0.028575338,-0.049840823,-0.016878488,0.055028852,0.12778242,0.1565703,0.13099611,0.0823217,0.05407278,0.075386964,0.1334351,0.18621066,0.19318135,0.14729191,0.07402268,0.022993067,0.020438688,0.057817217,0.0950097,0.091832146,0.03703349
0.15325837,0.18710005,0.15341511,0.086529285,0.045105312,0.06523961,0.13735935,0.208833,0.22471045,0.17201622,0.08636844,0.022948256,0.023651887,0.07636489,0.13147098,0.13652812,0.07663239,-0.015179266,-0.0768941,-0.07391403,-0.011893853,0.057027817,0.078939304,0.03715129
-0.039038777,0.04670123,0.13400723,0.17166145,0.13667203,0.06434935,0.016617013,0.036043536,0.10992759,0.18139122,0.20012788,0.14624868,0.055902638,-0.008850192,-0.006728264,0.049798448,0.11070372,0.118919075,0.057757813,-0.03659306,-0.100504644,-0.09409513,-0.02714667,0.045695163
0.009088132,0.018508485,0.049226638,0.073373355,0.0654979,0.021886699,-0.036936942,-0.08075018,-0.086630724,-0.063274235,-0.044073552,-0.04997162,-0.08809391,-0.13889317,-0.16679442,-0.15290119,-0.10901364,-0.06411779,-0.04659611,-0.060739007,-0.08745614,-0.09517957,-0.0630317,-0.005022517
0.013177604,-0.034124177,-0.014733716,0.051427327,0.1113853,0.113549784,0.050167914,-0.046801873,-0.11155132,-0.103264876,-0.04485084,0.010585857,0.0119056,-0.049764503,-0.13640821,-0.18546252,-0.1646292,-0.08644492,-0.010889098,0.014367388,-0.024558147,-0.091168106,-0.12458415,-0.08669654
0.07818711,0.15166642,0.18017776,0.15763016,0.110493295,0.08434999,0.10686613,0.16718948,0.22224371,0.22890246,0.18203053,0.10933446,0.057943217,0.056456756,0.09492946,0.13035971,0.12451544,0.06589267,-0.012684203,-0.06581067,-0.062576815,-0.013474477,0.038824156,0.051642008
-0.129417,-0.17315668,-0.14584103,-0.063541636,0.019293835,0.048849095,0.014337152,-0.042293407,-0.06869753,-0.030961813,0.057990193,0.14206475,0.16643107,0.12572491,0.055806853,0.010850599,0.026498351,0.09209084,0.15027061,0.1516946,0.08579517,-0.008739383,-0.07516945,-0.075600386
0.111408286,0.121930964,0.06608182,-0.024511682,-0.088646725,-0.091360785,-0.041999165,0.009258773,0.013471921,-0.043054115,-0.12983587,-0.18639085,-0.17517732,-0.110747635,-0.039702367,-0.01338556,-0.049083717,-0.11460213,-0.14814693,-0.11768646,-0.033672903,0.05158275,0.08796178,0.058601175
0.016664889,-0.057288714,-0.11442632,-0.12609695,-0.09473045,-0.060072746,-0.058350712,-0.1047629,-0.17320573,-0.21758828,-0.21067925,-0.16029961,-0.10338952,-0.07886409,-0.098953575,-0.13962007,-0.16185893,-0.13357611,-0.0640035,0.008209424,0.042940315,0.027720707,-0.016781906,-0.046217814
0.057020698,0.028929962,-0.020404026,-0.049049802,-0.024592593,0.043097507,0.11005371,0.13776419,0.11331427,0.06344249,0.031294264,0.048336122,0.1041147,0.1577754,0.16859004,0.1270424,0.05895967,0.0096409125,0.010715445,0.051973917,0.09209521,0.09367455,0.046452083,-0.02365803
-0.055124417,-0.10043736,-0.096214086,-0.05353459,-0.011337166,-0.008680148,-0.05341157,-0.11939313,-0.16047828,-0.14918081,-0.09720633,-0.04345136,-0.02656499,-0.057845987,-0.10944962,-0.13652495,-0.11357727,-0.047786664,0.016165446,0.040292554,0.012467708,-0.03878156,-0.06995602,-0.05271087
0.017557612,-0.057442334,-0.10767311,-0.107688904,-0.06841666,-0.03138784,-0.03741196,-0.0951771,-0.16832949,-0.20667803,-0.19166209,-0.13567075,-0.08089839,-0.068030246,-0.10131534,-0.14770153,-0.16483542,-0.12807275,-0.05418244,0.015311176,0.039606728,0.0129035525,-0.033896595,-0.056809213
0.11315667,0.055065013,-0.032760296,-0.096557885,-0.09438774,-0.041064285,0.012744652,0.014054166,-0.04668389,-0.13167125,-0.18756025,-0.17524424,-0.10725714,-0.038342226,-0.017917179,-0.056348305,-0.12313204,-0.15856129,-0.12496251,-0.039064754,0.045114055,0.07747838,0.044061072,-0.019709727
-0.163413,-0.15620609,-0.111076124,-0.058982458,-0.03664272,-0.053392965,-0.08735397,-0.09810949,-0.06726043,-0.005840455,0.058383085,0.088952914,0.07677984,0.04554168,0.027547248,0.042791553,0.08720029,0.129257,0.13455467,0.09664225,0.036530193,-0.010799678,-0.022140384,-0.0009961418
-0.105511665,-0.13572082,-0.12691765,-0.08748449,-0.046331722,-0.033576455,-0.056211673,-0.08806182,-0.100470364,-0.076544076,-0.024164148,0.02767331,0.04858975,0.032529082,0.0012072994,-0.0154110575,0.0010659556,0.04449306,0.08339964,0.08928548,0.055410206,0.0040442306,-0.031663537,-0.033270255
-0.02777819,-0.054493558,-0.026138743,0.045837253,0.117100954,0.14381942,0.11614627,0.06425054,0.032304246,0.05111651,0.1103872,0.16467,0.17308243,0.12791213,0.05776184,0.0077745537,0.007357812,0.050334178,0.09153734,0.0915296,0.040285725,-0.033526793,-0.08407603,-0.07911181
-0.06821371,-0.023385393,-0.019791478,-0.067816034,-0.14061286,-0.19044687,-0.18267676,-0.12469811,-0.060909186,-0.039713494,-0.068270005,-0.12074051,-0.1482668,-0.11968852,-0.04650155,0.026703158,0.057856884,0.03155421,-0.021115033,-0.05411841,-0.03497389,0.025153428,0.08273366,0.095331185
0.08092676,0.04717326,-0.007898641,-0.03663224,-0.007487274,0.069310084,0.1442421,0.17035961,0.13641272,0.07799575,0.04270126,0.059870414,0.119938895,0.17789069,0.18612494,0.13477953,0.057356484,0.0023763855,0.0032026223,0.04993575,0.09724288,0.099594936,0.04470818,-0.03281836
-0.050189123,-0.13320485,-0.1850703,-0.16910839,-0.09852836,-0.02241764,0.003465419,-0.02947316,-0.09043636,-0.12231976,-0.08952912,-0.0057963496,0.07667951,0.10896417,0.07833754,0.0137795815,-0.027283922,-0.008220119,0.058374688,0.123059735,0.13503525,0.08277031,-0.0052848128,-0.070681565
0.0062928083,-0.062496692,-0.15778056,-0.2203915,-0.20808023,-0.13660352,-0.06476657,-0.044108447,-0.08821698,-0.15724863,-0.19283909,-0.15597962,-0.0631409,0.028650256,0.06410636,0.031147981,-0.034116853,-0.07099752,-0.03893987,0.04436916,0.12128802,0.13842498,0.08258515,-0.007222629
0.026378393,-0.01242781,-0.06601236,-0.095153436,-0.074801326,-0.013627593,0.04738694,0.06716281,0.038658652,-0.0051459703,-0.025731543,-0.002048013,0.05587446,0.11156149,0.12447329,0.08867008,0.035421886,0.0016105989,0.0105215525,0.053352136,0.094090335,0.09498124,0.047612734,-0.017656066
0.040917806,-0.00028041596,0.011273321,0.063448876,0.1145638,0.12005105,0.067342125,-0.017778603,-0.079564996,-0.08149942,-0.040321343,0.004337019,0.007080753,-0.046356574,-0.12323477,-0.17008145,-0.15856516,-0.09513062,-0.028272793,-0.0013023069,-0.02982487,-0.083572894,-0.110143825,-0.07901951
0.010785747,-0.029899945,-0.05334267,-0.036114126,0.019881656,0.08440872,0.117711306,0.10776093,0.07099083,0.046459552,0.058256622,0.104473375,0.15474021,0.17251995,0.14395998,0.08754626,0.041074697,0.03281214,0.059933417,0.093088746,0.09615512,0.05562882,-0.008798898,-0.05903432
-0.043965958,0.01385099,0.03679048,0.013032981,-0.036827438,-0.066262566,-0.04456923,0.022104898,0.09122193,0.11761931,0.095122986,0.04482786,0.012880031,0.028722297,0.08203658,0.1339912,0.14801778,0.108202934,0.040822405,-0.010385524,-0.012886285,0.026403215,0.0678616,0.07201895
-0.117801756,-0.072748505,-0.026792575,-0.009536066,-0.031925093,-0.073281206,-0.094131395,-0.066359974,-0.004410113,0.052617423,0.07890402,0.06228038,0.022748489,0.0019116778,0.021934852,0.070364095,0.1164805,0.12593918,0.08969709,0.029796699,-0.0129479,-0.013717255,0.018127184,0.048270833
0.19305727,0.15440853,0.08627164,0.043748487,0.06865364,0.1454383,0.21681985,0.22594717,0.1638016,0.0735947,0.009296146,0.011641472,0.06870879,0.122646205,0.12055585,0.05425551,-0.042126246,-0.10534148,-0.09393788,-0.023332445,0.048277836,0.06684444,0.020923391,-0.050272673
-1.9428482e-05,-0.03803466,-0.09623844,-0.13616107,-0.1295283,-0.079228476,-0.022570241,0.0012127751,-0.019639313,-0.06065418,-0.08404088,-0.064078376,-0.0051278314,0.057419434,0.08351491,0.06261653,0.01917482,-0.011371092,-0.001996443,0.042691093,0.088815905,0.09963521,0.06200621,-0.0005080447
0.00026846174,0.01920743,0.0724794,0.12228076,0.12860382,0.08162008,0.010697213,-0.04002815,-0.040454973,-0.0020147995,0.03448843,0.03245872,-0.018490698,-0.09137666,-0.13757016,-0.12909926,-0.078805685,-0.024305012,-0.008202251,-0.039573148,-0.09131328,-0.11727863,-0.08859125,-0.019696094
-0.117812686,-0.14793234,-0.1403168,-0.102008276,-0.06304236,-0.04897417,-0.066708505,-0.09412543,-0.10330989,-0.07761553,-0.024225967,0.026294323,0.04987538,0.040128265,0.013427658,-0.00086363585,0.015834656,0.05604751,0.09059654,0.09591332,0.06430988,0.014536074,-0.023593234,-0.029213335
0.118395,0.12704162,0.06691207,-0.029279029,-0.09785587,-0.10003505,-0.043606333,0.012191177,0.015204401,-0.046512987,-0.1380937,-0.19885226,-0.18500537,-0.112756535,-0.036963385,-0.01103897,-0.050801296,-0.1209095,-0.15687336,-0.123179615,-0.031121816,0.06013361,0.095042825,0.061362304
0.012949364,-0.07638041,-0.13902983,-0.14483665,-0.10312813,-0.06260955,-0.06796888,-0.13119395,-0.21408686,-0.2605132,-0.24426404,-0.17786121,-0.11394328,-0.09389265,-0.12562092,-0.1757803,-0.19578499,-0.15390441,-0.0673982,0.015363577,0.04780153,0.022567539,-0.030201579,-0.058296297
-0.010623049,0.008393241,0.07583718,0.13918296,0.14709136,0.088392735,-0.00095245836,-0.067935094,-0.070730805,-0.019240733,0.03024872,0.031469475,-0.03006341,-0.12045252,-0.18016079,-0.17001818,-0.10356509,-0.030885756,-0.007841287,-0.045116156,-0.109644406,-0.14577289,-0.1122596,-0.024041144
-0.059251394,-0.06963197,-0.115193784,-0.172949,-0.20827468,-0.20004201,-0.15864918,-0.11268565,-0.09427731,-0.11157074,-0.14075087,-0.14821763,-0.11490462,-0.049663093,0.013411078,0.041751098,0.030260475,-0.0019567525,-0.016894849,0.0041549327,0.051702656,0.09268985,0.09532846,0.055075653
-0.047396727,-0.07148983,-0.053288367,-0.0013926465,0.049305785,0.06613037,0.040697124,-2.3369974e-05,-0.021938398,-0.0021716761,0.048305154,0.09481154,0.10249109,0.06959577,0.021295246,-0.009305765,-0.0005018271,0.038768582,0.073334254,0.0731149,0.033280026,-0.022077106,-0.057200704,-0.05123938
-0.0072197793,0.011032776,0.071558796,0.12961897,0.13848828,0.090034604,0.015005339,-0.04152338,-0.042895075,0.003391659,0.04838834,0.04944036,-0.0054233233,-0.0854344,-0.139416,-0.13251902,-0.075365864,-0.013517779,0.0032703034,-0.033188708,-0.09257445,-0.12590535,-0.09808942,-0.02211818
-0.037636165,-0.014780428,0.057795607,0.12909386,0.14555854,0.09557106,0.016696833,-0.038506586,-0.03132459,0.02680174,0.08423058,0.089963056,0.03203916,-0.053645484,-0.11129295,-0.10362262,-0.04228092,0.023441352,0.037889447,-0.008039653,-0.08062915,-0.124656,-0.10259375,-0.02556627
-0.034854084,-0.06215871,-0.025072219,0.053440467,0.12269692,0.13972962,0.09839224,0.032988314,-0.0017825927,0.025027212,0.0903053,0.1449783,0.14761928,0.092769,0.01431314,-0.033115853,-0.021616908,0.033844836,0.08079242,0.08114738,0.024796486,-0.05430171,-0.10049162,-0.08076905
0.0054356684,-0.0324049,-0.049117886,-0.024099844,0.03345069,0.092246115,0.1162697,0.099976785,0.06413945,0.046310894,0.06529061,0.11153636,0.15487313,0.16382782,0.12998033,0.075867124,0.036776725,0.034848187,0.062538125,0.09058776,0.08632843,0.042299803,-0.018940264,-0.060708873
-0.114781246,-0.116833776,-0.08126118,-0.044162046,-0.043885365,-0.089187354,-0.1556243,-0.1990111,-0.18999064,-0.1387385,-0.08488565,-0.06290095,-0.08884213,-0.13623042,-0.16015543,-0.13436407,-0.06699317,0.0022055227,0.0306222,0.00859761,-0.039030105,-0.068179786,-0.04909789,0.005768114
-0.03791505,-0.037583623,-0.08212753,-0.14613439,-0.18913844,-0.18422227,-0.13916747,-0.08471606,-0.059896387,-0.07937164,-0.11751998,-0.1353247,-0.10974501,-0.046379086,0.020627016,0.053352386,0.041116625,0.0021548367,-0.022217305,-0.00891887,0.03785061,0.08711555,0.10035279,0.063151345
0.100005016,0.037372615,0.0028744645,0.022357795,0.084199004,0.1391211,0.14294259,0.08500353,0.0034911465,-0.044377867,-0.036652416,0.012748018,0.05704131,0.053505767,-0.0035844021,-0.0779432,-0.12277693,-0.105906196,-0.043466497,0.018254139,0.03391504,-0.004701817,-0.06309247,-0.089698315
-0.21183515,-0.14094321,-0.064662606,-0.04113413,-0.093168594,-0.17749849,-0.22670536,-0.1918709,-0.09058789,0.008900258,0.05235252,0.021008119,-0.04594504,-0.08182713,-0.046388987,0.04577595,0.13922326,0.16866621,0.11633377,0.023379946,-0.0426744,-0.03805341,0.026434833,0.09052183
0.049737487,0.12719566,0.15617318,0.12273895,0.05677938,0.015054364,0.035532966,0.10434401,0.1710169,0.1852423,0.13682228,0.055673514,-0.0006137069,0.004375841,0.058145005,0.11188973,0.11951461,0.063627824,-0.020797577,-0.07911621,-0.07089371,-0.009725717,0.055605922,0.07544508
0.031789128,0.04938874,0.0058469772,-0.063407965,-0.10053899,-0.06771988,0.01984462,0.10699556,0.13832437,0.102149494,0.03833615,0.0015862637,0.02958507,0.109092355,0.1816809,0.19571842,0.14358234,0.057641253,-0.00021199655,0.0054858015,0.06349889,0.119575106,0.11975094,0.05509054
-0.10638789,-0.03356997,0.035826016,0.057469588,0.017454306,-0.049100317,-0.08534214,-0.052613143,0.028608326,0.09993922,0.12018843,0.07771732,0.010681879,-0.026754804,-0.0026892116,0.064427495,0.12487515,0.13076065,0.07497093,-0.0065338016,-0.057852224,-0.047774307,0.009690808,0.062733375
-0.028126778,-0.07886962,-0.1093655,-0.100533746,-0.060015228,-0.019933071,-0.008115793,-0.03138888,-0.070238724,-0.08885286,-0.06734163,-0.018199056,0.028004104,0.045072388,0.025273636,-0.011716121,-0.032234043,-0.015483326,0.027250616,0.06585221,0.07305807,0.042254668,-0.007864664,-0.04137117
0.080285035,0.0812135,0.041204434,-0.01915182,-0.060963105,-0.061520685,-0.028809331,-0.00020897806,-0.0042049903,-0.04447705,-0.100954816,-0.13564897,-0.12599134,-0.08327679,-0.040028032,-0.026498085,-0.04950249,-0.0882461,-0.10535631,-0.08100724,-0.023383416,0.031982556,0.053955663,0.035517525
-0.16079634,-0.14830899,-0.092624284,-0.032155428,-0.01123965,-0.03860428,-0.08852358,-0.1099516,-0.078387104,-0.007751299,0.062994614,0.09243071,0.067855075,0.01946217,-0.008528117,0.01073184,0.0682074,0.12217846,0.13010588,0.084167294,0.012186623,-0.03932397,-0.039835025,-0.0010417195
0.021885023,-0.034717288,-0.07278274,-0.07480562,-0.045970477,-0.016226994,-0.0145699,-0.053151246,-0.108052924,-0.14027295,-0.13226433,-0.09162701,-0.04997273,-0.037287142,-0.06128027,-0.09907226,-0.117166184,-0.09352399,-0.04005476,0.012200345,0.03317993,0.015017419,-0.022150949,-0.042425208
0.015517565,-0.060144518,-0.11361005,-0.11499434,-0.06919171,-0.021504546,-0.014502958,-0.060805794,-0.13129675,-0.17511605,-0.16376871,-0.105932154,-0.04306117,-0.019382045,-0.047352757,-0.09932507,-0.13186972,-0.10896968,-0.039421424,0.033497196,0.063296415,0.036080904,-0.021912934,-0.060249012
0.035598963,0.04925384,0.08964959,0.12726346,0.13151978,0.09486929,0.03999259,-0.0050526527,-0.014778733,0.009147827,0.032940425,0.026163511,-0.017857663,-0.078709245,-0.12028444,-0.11918836,-0.08218724,-0.039744426,-0.026962584,-0.05023766,-0.08634024,-0.104071654,-0.07922698,-0.021139601
0.015193595,-0.040989857,-0.12217363,-0.1744873,-0.15826428,-0.08650616,-0.013646396,0.011686052,-0.024720453,-0.086899035,-0.1210649,-0.09029548,-0.0067058774,0.07604078,0.10575422,0.07055415,0.0037816006,-0.038464125,-0.017506527,0.052447896,0.11850015,0.13013782,0.0748591,-0.011713656
-0.12469661,-0.10769482,-0.05460281,-0.00040380476,0.014923561,-0.014616022,-0.06488244,-0.08642712,-0.057791814,0.0046540005,0.063666865,0.08417898,0.054389887,0.0035258422,-0.023153618,-0.0042568916,0.04963476,0.09841052,0.10349284,0.05859045,-0.0078304615,-0.0501289,-0.04230098,-0.0008811977
-0.061850905,-0.11589329,-0.15216784,-0.14809613,-0.11062832,-0.0708723,-0.05964529,-0.079424724,-0.11275892,-0.12715292,-0.1019742,-0.046887893,0.0046116533,0.028293716,0.017569374,-0.011298329,-0.026530778,-0.008070596,0.03622037,0.076425076,0.08457803,0.055662125,0.006413574,-0.030754663
0.030999484,-0.010701157,-0.0707216,-0.10612961,-0.08521327,-0.018625425,0.04879129,0.07280624,0.042923547,-0.009022003,-0.03726331,-0.013142336,0.053327236,0.11829575,0.13486694,0.09623769,0.03234562,-0.00943999,0.0015701244,0.054362074,0.10363604,0.10731455,0.05526706,-0.018693712
0.060538284,0.12784368,0.13744108,0.07960185,-0.008100549,-0.066952266,-0.05813426,0.0016664749,0.05884934,0.059735257,-0.0030752555,-0.09129226,-0.14504766,-0.13076797,-0.062037904,0.006076854,0.022650322,-0.025118137,-0.09593549,-0.13466762,-0.10307396,-0.018653436,0.06398316,0.09146979
-0.1293716,-0.08345528,-0.037969526,-0.024564713,-0.05382051,-0.10111058,-0.12680365,-0.099200256,-0.034310494,0.02494575,0.048582446,0.028055092,-0.010993509,-0.029022614,-0.0025639953,0.053653285,0.10398787,0.11302848,0.076422326,0.019263001,-0.018304786,-0.014123525,0.022726333,0.054765906
0.030397067,0.044911847,0.093680784,0.14475526,0.15612653,0.114711866,0.045035977,-0.011772986,-0.02312932,0.008314574,0.043630507,0.042441327,-0.009257432,-0.08574064,-0.13829063,-0.13832659,-0.09252558,-0.038069308,-0.019378735,-0.048527446,-0.09784128,-0.12401267,-0.097327724,-0.029223168
0.05666571,0.015073827,0.025478516,0.078642584,0.13384785,0.14408135,0.096651845,0.013167992,-0.051746912,-0.058256347,-0.018460607,0.02591939,0.029013881,-0.02393475,-0.10356882,-0.15643112,-0.15151925,-0.091860645,-0.0261651,0.0008145873,-0.02697364,-0.08142612,-0.11192084,-0.08441257
0.023459157,0.0658413,0.09875346,0.095614016,0.049447525,-0.017499348,-0.0640701,-0.069392666,-0.042384423,-0.017825186,-0.024547765,-0.069740646,-0.13086592,-0.16971675,-0.15989405,-0.113260366,-0.06476833,-0.04666069,-0.067204736,-0.10526426,-0.11966981,-0.08782123,-0.0213003,0.040958066
-0.047944907,0.0077397088,0.064159706,0.08692506,0.062246263,0.014742162,-0.015583152,0.00075671944,0.054479867,0.10486188,0.119162545,0.08725882,0.031766612,-0.0067946813,-0.0018868513,0.03927835,0.081535414,0.08782588,0.048349626,-0.013061722,-0.056490626,-0.053317357,-0.009781047,0.03632017
0.033108816,0.003075162,-0.04143504,-0.06403844,-0.04111089,0.01796673,0.07363291,0.09325372,0.07001448,0.028698565,0.006591436,0.027351929,0.07983517,0.12738511,0.13535735,0.09897572,0.043929692,0.007781202,0.014221946,0.052940253,0.08624359,0.08419943,0.03953837,-0.021790175
0.11840526,0.13047643,0.08259733,0.0029152373,-0.05234772,-0.049524624,0.003642984,0.05430771,0.05799932,0.0036955792,-0.077334166,-0.13055038,-0.122111626,-0.062985614,-0.0019279047,0.014941885,-0.025115078,-0.0911381,-0.12712462,-0.10182168,-0.02640427,0.05018935,0.07878558,0.04929014
0.08423101,0.047846276,-0.020653151,-0.0612739,-0.027516514,0.070473574,0.17510316,0.2240077,0.19328569,0.121621415,0.0744464,0.092731535,0.17043452,0.2528551,0.27364835,0.21404512,0.11147425,0.03183817,0.023464102,0.07763664,0.13847262,0.14472158,0.073928155,-0.031827416
-0.00926419,0.012631089,0.08227711,0.14741468,0.15549529,0.092678025,-0.001736057,-0.07086177,-0.07278942,-0.02022316,0.030388964,0.029870143,-0.035154562,-0.12975514,-0.19082156,-0.178691,-0.109626055,-0.034342926,-0.010448515,-0.04976652,-0.11723551,-0.15349376,-0.117001876,-0.025074812
0.022521013,-0.033759132,-0.06251423,-0.03484578,0.040242504,0.1194995,0.15643997,0.1347847,0.08054817,0.04910982,0.07112725,0.13291186,0.19227976,0.20840022,0.1645705,0.08877111,0.033177797,0.031089004,0.07103886,0.11280254,0.11390468,0.059730444,-0.023433898,-0.08130679
-0.02749047,0.06919704,0.16552243,0.20958349,0.17885746,0.10966974,0.063345104,0.08805017,0.1688592,0.2439476,0.26124424,0.2041704,0.10677899,0.034526426,0.03294842,0.087319806,0.14400226,0.14456409,0.07430731,-0.029879112,-0.10254295,-0.099436335,-0.030624954,0.043120794
0.018096661,-0.041965492,-0.12477885,-0.17552891,-0.15815574,-0.08780062,-0.019593267,-0.00037023262,-0.041519657,-0.10366984,-0.13410002,-0.10015084,-0.018267618,0.060413867,0.08666249,0.05058749,-0.012407589,-0.048545558,-0.022900432,0.047648102,0.112410076,0.12324769,0.06934934,-0.013373122
0.12559156,0.09328153,0.04585804,0.018246716,0.038329527,0.09258,0.14215884,0.14517856,0.09894607,0.036247164,-0.004760759,0.0020469802,0.045699283,0.08446743,0.07975934,0.03044523,-0.036355037,-0.075291105,-0.061636046,-0.008620663,0.040612552,0.049051736,0.011705713,-0.038306534
0.018509986,-0.035186216,-0.06654998,-0.0596118,-0.024132775,0.0061927545,0.003908554,-0.037810113,-0.09209313,-0.11843461,-0.103800416,-0.061766032,-0.024521124,-0.018415779,-0.0472457,-0.08662186,-0.10324938,-0.07885203,-0.027556056,0.019183638,0.03358656,0.009021799,-0.030397698,-0.04817176
-0.03960757,-0.01581657,0.05065067,0.11165486,0.11706899,0.057105713,-0.031219333,-0.089654535,-0.081498146,-0.024050698,0.028186308,0.029950816,-0.030857064,-0.11697627,-0.16711664,-0.14772077,-0.0772997,-0.007311806,0.010358844,-0.032414135,-0.100092605,-0.13418286,-0.09825732,-0.013772766
-0.0048127584,0.02400987,0.08200714,0.13007179,0.1302011,0.078427516,0.012363797,-0.026411332,-0.015379839,0.027218543,0.062486514,0.05271008,-0.0055912444,-0.07690687,-0.115556926,-0.10016257,-0.048360232,-4.301142e-05,0.0041513033,-0.03824083,-0.09250549,-0.112554796,-0.07855801,-0.0091318125
-0.04661005,-0.101892866,-0.13631123,-0.12583947,-0.07579062,-0.022811543,-0.005216358,-0.026246307,-0.064723186,-0.08279338,-0.058430437,0.0016976976,0.059415918,0.08154901,0.060229592,0.018187884,-0.008989314,0.004190334,0.050064918,0.09351743,0.09825736,0.05840014,-0.0017534124,-0.045643225
0.030069817,0.005745188,0.03275096,0.09630572,0.15173067,0.15628815,0.10521619,0.032301333,-0.013066507,-0.004547386,0.0404552,0.07860039,0.071483396,0.012340124,-0.06279119,-0.10637814,-0.097228914,-0.04428892,0.006439748,0.016138336,-0.024455303,-0.081710316,-0.108387314,-0.07864695
0.0063375835,0.019596785,-0.013936652,-0.07065566,-0.10934056,-0.09925479,-0.046924617,0.0130136125,0.039687075,0.01716256,-0.02880646,-0.057506006,-0.04159289,0.014216425,0.073763266,0.09693439,0.073160194,0.020809537,-0.017100796,-0.013321707,0.029141763,0.077616446,0.090370946,0.053091995
-0.071230225,0.012422901,0.09325681,0.11988433,0.07340046,-0.0073114745,-0.05853574,-0.03674779,0.042990796,0.118610576,0.1378058,0.084784456,-0.0022373605,-0.060363647,-0.04762907,0.022710979,0.09531884,0.110442236,0.052593227,-0.039638136,-0.10073032,-0.08841439,-0.013178465,0.06290817
-0.050155476,-0.08559222,-0.052501272,0.036256377,0.12621789,0.16444536,0.13598357,0.07492423,0.03706734,0.063256375,0.14039584,0.21209629,0.22710048,0.1757392,0.09021207,0.028006772,0.028082013,0.08100038,0.13058794,0.1295943,0.0645779,-0.03028746,-0.097306475,-0.09538961
-0.0460227,-0.079384536,-0.081703745,-0.060257815,-0.041191485,-0.047996134,-0.0844826,-0.13275096,-0.1615584,-0.15208447,-0.11670893,-0.0824034,-0.0730548,-0.09292861,-0.121775255,-0.13049747,-0.10442832,-0.053445257,-0.0075926483,0.010300143,-0.003726061,-0.031337604,-0.043306198,-0.024949724
0.17695846,0.14595306,0.09409079,0.06643361,0.09132282,0.15272322,0.20607544,0.20686238,0.15070884,0.077018246,0.028589863,0.030332856,0.06961788,0.10335651,0.093402445,0.034413,-0.042270977,-0.088818744,-0.078210086,-0.02570006,0.027238436,0.03963044,0.003262104,-0.049195115
0.036960308,0.08345651,0.11819295,0.11454118,0.06634197,0.0013339475,-0.041493043,-0.043587096,-0.015363414,0.006575985,-0.007127055,-0.05923939,-0.12069648,-0.15677851,-0.14478648,-0.09942296,-0.056925666,-0.048213217,-0.07532083,-0.11226628,-0.1215287,-0.08586245,-0.019641723,0.039533954
-0.061840028,-0.017779397,-0.009468294,-0.05002806,-0.115542606,-0.16229035,-0.15673988,-0.103792824,-0.04309302,-0.020578815,-0.044939,-0.092528716,-0.12151318,-0.100011066,-0.036602914,0.029888336,0.05960682,0.036710896,-0.012615828,-0.046715945,-0.03450801,0.017739866,0.07179262,0.087191805
-0.099281445,-0.103420705,-0.070591874,-0.032636553,-0.02615836,-0.06359387,-0.12118736,-0.16082153,-0.15566452,-0.11287836,-0.062542,-0.040798854,-0.060652543,-0.10276644,-0.1293158,-0.11264204,-0.058114078,0.003981263,0.03279418,0.015591531,-0.028079173,-0.05866899,-0.04898112,-0.0037349754
-0.064881,-0.11767881,-0.11350362,-0.06410664,-0.013328971,-0.009320824,-0.06076903,-0.13669081,-0.18436474,-0.17047203,-0.10845294,-0.044246506,-0.026023805,-0.06262809,-0.12201767,-0.15319231,-0.1270727,-0.05170746,0.021883626,0.048749972,0.015949972,-0.04391365,-0.080086544,-0.05991782
-0.0076795616,0.028646354,0.057883035,0.052925188,0.005807917,-0.05979339,-0.10685862,-0.11220004,-0.08321484,-0.055999484,-0.05990883,-0.09881498,-0.15076937,-0.18221712,-0.16730513,-0.11727691,-0.06636895,-0.04586416,-0.06183045,-0.09344045,-0.105030835,-0.0747377,-0.012574591,0.044622935
-0.05395059,-0.10971815,-0.14110607,-0.12810956,-0.07808039,-0.025091963,-0.0059913574,-0.027631875,-0.06560134,-0.08042751,-0.053253055,0.0070863697,0.06507849,0.088118166,0.06567166,0.022993626,-0.0020916883,0.012536625,0.056880876,0.099140376,0.10271447,0.06021745,-0.0027526345,-0.04594309
0.041078515,-0.0020318725,0.006767797,0.057171468,0.10962075,0.120418504,0.07720239,-0.0025109756,-0.06458791,-0.069650084,-0.029575372,0.015244301,0.022409752,-0.023866944,-0.09829285,-0.14871477,-0.14274655,-0.08397791,-0.019961592,0.008063573,-0.017142817,-0.07062283,-0.10367446,-0.079944566
0.07460348,0.034594767,-0.023195991,-0.065452285,-0.065212,-0.03288292,0.0001381816,-0.0013371233,-0.04285133,-0.09924297,-0.13556919,-0.12723185,-0.08324387,-0.038302362,-0.025289003,-0.05012156,-0.092846535,-0.11374559,-0.08913199,-0.030684764,0.026066586,0.048311844,0.027048891,-0.012607349
-0.032619096,0.00040590725,0.066947415,0.13183112,0.15973616,0.1417498,0.10277543,0.08411497,0.10602965,0.15601805,0.20003897,0.2047886,0.16211374,0.09874745,0.054058418,0.050869394,0.07898965,0.10564535,0.0957577,0.04390459,-0.024845127,-0.07036458,-0.06671602,-0.025734257
-0.011683336,-0.050745744,-0.1017092,-0.1357972,-0.1335133,-0.09978677,-0.063793525,-0.054634575,-0.07757137,-0.110417426,-0.12567168,-0.10589487,-0.05630012,-0.005904914,0.015515905,0.0023782973,-0.024906136,-0.038989052,-0.021021897,0.022719774,0.06430705,0.0743525,0.04596197,0.0007733025
-0.05194299,-0.095854856,-0.09149728,-0.04855591,-0.0074683516,-0.0040027676,-0.048159335,-0.11377039,-0.1544841,-0.14211547,-0.09061378,-0.03875816,-0.023671027,-0.05527863,-0.105766535,-0.13201562,-0.1083569,-0.044972908,0.015332187,0.03749754,0.010371994,-0.039211776,-0.0688491,-0.051426448
-0.033118233,0.022921504,0.08589388,0.117162116,0.096015945,0.044078954,0.00666836,0.014326125,0.062628284,0.114815205,0.13440585,0.101347305,0.037818015,-0.011354887,-0.015192395,0.021963982,0.0684206,0.08206192,0.044605166,-0.021422006,-0.07013023,-0.070562474,-0.026399763,0.027717326
-0.17497058,-0.16741008,-0.121737,-0.07290599,-0.05808025,-0.08277382,-0.124674834,-0.13960093,-0.10674636,-0.0406351,0.024233848,0.0542482,0.039788794,0.0056073256,-0.011377032,0.011695778,0.06666816,0.11650234,0.12499227,0.08706613,0.025390983,-0.020065192,-0.022669397,0.0073448513
0.019091856,-0.042078815,-0.08343611,-0.08402425,-0.052357793,-0.023569608,-0.029506331,-0.07676658,-0.13702697,-0.16980559,-0.15858687,-0.11367419,-0.071021974,-0.060844593,-0.0865295,-0.124137074,-0.13915294,-0.11024762,-0.0501062,0.007004675,0.028676245,0.009433139,-0.027786389,-0.046139587
0.008547265,0.022563882,0.06210743,0.099770136,0.10347422,0.06834559,0.016482115,-0.022827163,-0.025407821,0.003207948,0.03132038,0.028152436,-0.012532686,-0.06841732,-0.104515985,-0.099218056,-0.059700835,-0.017842537,-0.0076865554,-0.0335274,-0.07247096,-0.09088249,-0.06832164,-0.014823422
0.11473407,0.121826656,0.08611339,0.028070733,-0.01257828,-0.015742078,0.014430597,0.0400654,0.03271295,-0.0110453805,-0.0717305,-0.11360029,-0.1136111,-0.07894252,-0.04123613,-0.031081857,-0.057326544,-0.099202745,-0.11976272,-0.09884825,-0.04210317,0.015440777,0.04212872,0.030067004
0.03567571,-0.040786117,-0.09001866,-0.08238849,-0.025744947,0.03177088,0.043076843,-0.0067265527,-0.083078936,-0.12814213,-0.11372408,-0.05115274,0.011616695,0.028000942,-0.013264881,-0.07831775,-0.11654709,-0.09295111,-0.022715438,0.04695915,0.06859721,0.030952293,-0.034462936,-0.07389757
0.14675991,0.11637623,0.06026321,0.022747863,0.040689386,0.10375798,0.16613406,0.1782259,0.13115373,0.059683405,0.006997229,0.007835585,0.056349922,0.104925774,0.10725671,0.056081414,-0.02162945,-0.07515066,-0.069143,-0.012908837,0.046378333,0.0619455,0.024018947,-0.03615281
-0.05268797,-0.018848624,-0.016741605,-0.055296324,-0.111689515,-0.14738864,-0.13796541,-0.091703385,-0.0426548,-0.025849016,-0.048573818,-0.08809618,-0.107709534,-0.084406465,-0.028229231,0.027228147,0.050867677,0.029860197,-0.0117140515,-0.037626628,-0.022874184,0.022208093,0.065974206,0.07477138
-0.119713575,-0.077615686,-0.03704132,-0.024540648,-0.04836775,-0.08549629,-0.10300926,-0.074526824,-0.013746187,0.041328225,0.06499526,0.050918255,0.016459674,-0.00024817855,0.021311805,0.06960819,0.114769235,0.12301644,0.08808349,0.03221678,-0.007866507,-0.007867527,0.023853997,0.05121114
-0.1185405,-0.16933885,-0.15304156,-0.081396595,-0.008887939,0.012157554,-0.031688556,-0.09859256,-0.13393499,-0.102788806,-0.019260652,0.062130775,0.08655692,0.047268737,-0.0180225,-0.056624465,-0.033317324,0.03973723,0.10660603,0.11833182,0.06361797,-0.019612027,-0.075992696,-0.0698597
0.056340832,0.09201167,0.09045639,0.049309824,-0.009124413,-0.050998386,-0.052214444,-0.02436499,0.001299024,-0.0062439395,-0.049121495,-0.105879,-0.13991953,-0.13104914,-0.08825785,-0.045600023,-0.034115974,-0.059402484,-0.09552654,-0.110158645,-0.08149548,-0.021537308,0.034103695,0.055329263
0.14066552,0.16390589,0.13507739,0.08547054,0.061332244,0.08886447,0.15187374,0.20500693,0.21003804,0.16185524,0.09108954,0.04416381,0.04996187,0.09366629,0.13146196,0.12397061,0.06547219,-0.01398421,-0.06229103,-0.053016238,-0.00083732884,0.049620587,0.0573877,0.017303739
-0.2016651,-0.18959795,-0.13034916,-0.065677896,-0.046548493,-0.08391011,-0.14442481,-0.16833961,-0.129939,-0.04884956,0.03356175,0.06773394,0.040428042,-0.0107505,-0.034208383,-0.00497662,0.06641212,0.13214536,0.14356326,0.09245878,0.013293655,-0.040037055,-0.038209796,0.0054108915
-0.16478463,-0.16337746,-0.13034102,-0.0906633,-0.075363375,-0.091210514,-0.12044747,-0.12729993,-0.09791035,-0.044119265,0.013068805,0.044270884,0.039007068,0.018195994,0.0097214645,0.028234133,0.070579015,0.1104298,0.1187668,0.089122064,0.03945448,0.0014637004,-0.007917763,0.0072747907
0.10452945,0.03339831,-0.00886861,0.009036457,0.07632139,0.14200635,0.15476902,0.09659725,0.007820726,-0.047920816,-0.042116143,0.012301591,0.06801838,0.07321753,0.014845483,-0.068411596,-0.1226233,-0.10926576,-0.042733654,0.028616497,0.050729264,0.009772899,-0.059871696,-0.09755606
0.026783707,-0.012387661,-0.0015814133,0.0483775,0.098729275,0.10663595,0.060759418,-0.015898194,-0.07177744,-0.070842355,-0.028513718,0.016082475,0.020298477,-0.027621647,-0.098360136,-0.14225559,-0.1313558,-0.072465666,-0.011609747,0.011036769,-0.017690118,-0.070868865,-0.09917073,-0.073057875
0.00168779,0.026209118,0.077847056,0.11902578,0.1185652,0.07297323,0.013043062,-0.024874028,-0.018351326,0.017993297,0.045172594,0.03458941,-0.015024977,-0.07687712,-0.11183988,-0.09908181,-0.055364102,-0.014819156,-0.009875736,-0.041600592,-0.08453533,-0.10248787,-0.07286003,-0.010531762
-0.08813482,-0.0875591,-0.06296736,-0.03876937,-0.039473273,-0.07114043,-0.113982245,-0.13732098,-0.12644,-0.09073276,-0.054570816,-0.041691355,-0.058268465,-0.086083874,-0.0967278,-0.07608068,-0.03267252,0.009671388,0.025692787,0.009738197,-0.020309554,-0.038032547,-0.026270462,0.0069246884
0.0057288115,-0.0562926,-0.092295595,-0.0732451,-0.008200545,0.058450866,0.081233196,0.04987937,-0.007083446,-0.038962033,-0.017859403,0.044367425,0.10565491,0.123220466,0.08536405,0.021043701,-0.022498466,-0.01295852,0.038469948,0.0902137,0.09787605,0.05087102,-0.022696303,-0.072594576
0.0274855,0.049248423,0.08931209,0.12117508,0.12189451,0.08950209,0.0460518,0.01738867,0.019890767,0.04353411,0.06023082,0.04905508,0.0072916285,-0.044461425,-0.075679064,-0.070658,-0.04109909,-0.012790855,-0.011365583,-0.03839624,-0.07280519,-0.08553926,-0.060688596,-0.011811816
0.03097948,-0.014125197,0.00076548505,0.06368547,0.12663852,0.13967241,0.08825021,-0.00019763634,-0.06440744,-0.06278586,-0.0113282325,0.04312362,0.048039116,-0.009015942,-0.09363995,-0.14867009,-0.13861091,-0.07150569,-0.0021297005,0.022233726,-0.014732,-0.07957909,-0.116704054,-0.08909755
-0.047928143,-0.095278904,-0.093608685,-0.0543082,-0.015788868,-0.017190438,-0.06609965,-0.13652267,-0.1810941,-0.1715164,-0.12099696,-0.067974456,-0.053217452,-0.086196765,-0.13815127,-0.16328007,-0.13698468,-0.06743929,-1.6512868e-05,0.026773311,0.0014883148,-0.04638495,-0.07257357,-0.05013129
0.052140098,0.06823112,0.026444629,-0.04120303,-0.08077328,-0.055362377,0.021359865,0.09578611,0.1192629,0.0813137,0.017186858,-0.021406557,0.0005712852,0.07031068,0.13426484,0.1471566,0.10144513,0.025601264,-0.024942758,-0.016722431,0.039852194,0.09638408,0.10333866,0.05094442
-0.13626349,-0.12188683,-0.06974837,-0.015052252,0.0029191237,-0.021731641,-0.06564118,-0.08339004,-0.053793695,0.009130249,0.07017445,0.09379026,0.069595456,0.024365306,-0.0013266084,0.015216528,0.065907985,0.11262164,0.117067605,0.07333603,0.0075447313,-0.037959784,-0.036972716,-0.0016477656
0.061177492,0.08290245,0.13250585,0.1762037,0.18141359,0.14014558,0.07780792,0.027360667,0.017469684,0.042027444,0.06340877,0.051540922,-0.0028870383,-0.076530226,-0.12718382,-0.12858,-0.09082565,-0.047062147,-0.035673313,-0.063808545,-0.10705632,-0.12627381,-0.095045336,-0.026726006
-0.054033928,-0.08914484,-0.050963737,0.038864728,0.12353732,0.15037231,0.10843449,0.036875352,-0.0027273912,0.027951475,0.10642502,0.17599615,0.18680048,0.12780139,0.037657917,-0.01928777,-0.008357944,0.05597269,0.11241377,0.11328813,0.045982186,-0.050153133,-0.1094205,-0.094291866
-0.013872182,-0.09930103,-0.1516578,-0.1346733,-0.060846247,0.014815496,0.03739514,-0.005441703,-0.07829964,-0.1180831,-0.08944148,-0.008842359,0.070807986,0.0981533,0.058471233,-0.0138288075,-0.059960064,-0.0400258,0.031692434,0.10293795,0.11935677,0.0669302,-0.02140382,-0.0816964
-0.0010344293,0.018265003,0.07934743,0.13859504,0.14689694,0.0901082,-0.0011911279,-0.069361776,-0.07395208,-0.029030357,0.014577984,0.015185081,-0.042980388,-0.13195318,-0.18976119,-0.17942095,-0.11703429,-0.0474343,-0.021416634,-0.052700687,-0.11382687,-0.14622572,-0.11083377,-0.026109148
0.013533045,-0.04358456,-0.06792501,-0.03459683,0.04033487,0.111413956,0.13241057,0.09891999,0.04311382,0.016667355,0.04377901,0.10838549,0.16418856,0.17021367,0.12080523,0.04852022,0.002826706,0.012429033,0.060795054,0.1037396,0.09910752,0.041693795,-0.036118004,-0.083832674
-0.057597917,-0.015118549,0.07951416,0.17258592,0.20560709,0.16831109,0.09874278,0.0599124,0.08706765,0.16347197,0.23256718,0.23987946,0.1744754,0.07811076,0.013267052,0.01606611,0.07204435,0.12498945,0.11818027,0.04500099,-0.053628683,-0.11627176,-0.10291182,-0.03228915
0.115069516,0.09417721,0.059530344,0.040352643,0.05626887,0.09893037,0.13656178,0.13837297,0.10139857,0.05186777,0.017364174,0.017186202,0.04719803,0.073053166,0.067363136,0.027737923,-0.025496295,-0.059163753,-0.05277232,-0.015135352,0.022809044,0.030614145,0.0042744093,-0.03355807
-0.026395928,0.011120566,0.09099323,0.1738308,0.21561569,0.2047715,0.16187224,0.13705347,0.1583135,0.21587783,0.26797664,0.27731565,0.230042,0.15294708,0.09322816,0.08014715,0.10607384,0.13289908,0.1206896,0.061110426,-0.021697313,-0.082083724,-0.08488891,-0.0412096
0.00046899784,-0.038305618,-0.05066132,-0.017509567,0.04676464,0.10501714,0.12313399,0.10135744,0.06362033,0.0495085,0.07596676,0.12645231,0.16779329,0.16980635,0.1295858,0.072928175,0.03633263,0.04026575,0.0717499,0.0971351,0.08619962,0.035203557,-0.028766287,-0.06781541
-0.031927176,-0.024970492,-0.055938397,-0.10949432,-0.15088813,-0.15359111,-0.11570286,-0.06452385,-0.03709772,-0.05133714,-0.08621761,-0.10918683,-0.09377267,-0.039773192,0.021592151,0.053491276,0.04313405,0.0057454454,-0.021829057,-0.014986457,0.02606444,0.07257655,0.08673724,0.057535615
0.07458193,0.07955105,0.051680602,0.0067205294,-0.024833005,-0.0236715,0.0048195156,0.02991929,0.028680917,-0.0048060394,-0.052337557,-0.082723714,-0.07767718,-0.04470132,-0.011489975,-0.003955174,-0.027313402,-0.063593246,-0.08165502,-0.064010076,-0.019179972,0.02532307,0.041082058,0.02498836
-0.16642176,-0.09064356,-0.014186494,0.008983634,-0.037573785,-0.11334431,-0.15463494,-0.11611517,-0.01923991,0.07171436,0.10612771,0.07018508,-0.00054068194,-0.04018956,-0.010407464,0.07180039,0.15174615,0.16963845,0.111658335,0.016655765,-0.04827765,-0.043076616,0.02106993,0.08229496
-0.013550738,0.015829546,0.08496824,0.14323623,0.1449986,0.08367247,0.00045771277,-0.05241893,-0.043239027,0.009330707,0.053507663,0.046811968,-0.018447798,-0.10522086,-0.1558695,-0.13874072,-0.07403282,-0.010090108,0.002243555,-0.043348942,-0.108806215,-0.13826114,-0.09911038,-0.013706352
0.07967685,0.07872558,0.0366672,-0.024707945,-0.06443135,-0.061862674,-0.0238854,0.007852242,0.0033270265,-0.039348476,-0.09577132,-0.1290448,-0.11646413,-0.069348454,-0.025394885,-0.014349772,-0.04202005,-0.083599865,-0.10082814,-0.074583575,-0.014935498,0.039983608,0.057492115,0.034800954
-0.11326299,-0.16643837,-0.156741,-0.09508234,-0.027899886,-0.0056799687,-0.04401817,-0.10829721,-0.14550187,-0.120357834,-0.04513478,0.033484697,0.0640217,0.03375083,-0.027227214,-0.064772844,-0.045852836,0.022681277,0.090640016,0.110989206,0.06576292,-0.012648392,-0.06853137,-0.06525897
0.118561715,0.14116597,0.11170436,0.059059545,0.029025933,0.050561544,0.11101726,0.16710556,0.17750196,0.13278173,0.06368653,0.0168848,0.023207415,0.07044927,0.115336604,0.115492925,0.06244922,-0.014373195,-0.062131952,-0.053100567,0.00057543913,0.05486134,0.065633535,0.026169004
-0.047842376,-0.13046288,-0.18074726,-0.16596223,-0.09674018,-0.022470457,0.0030193604,-0.032610323,-0.09498802,-0.12548661,-0.09280958,-0.010088547,0.07115643,0.10283405,0.06924357,0.0050384603,-0.034029905,-0.013078141,0.054058194,0.11988777,0.13167311,0.07765385,-0.009044616,-0.06928875
-0.053581852,-0.09212685,-0.09453634,-0.0686105,-0.042136602,-0.043107614,-0.07796996,-0.12858686,-0.15986405,-0.15186715,-0.11278514,-0.06999174,-0.054053463,-0.073201194,-0.108087726,-0.12386195,-0.10214039,-0.048307084,0.0042164177,0.02697792,0.009470864,-0.02572169,-0.04650887,-0.032297418
0.07715782,0.011545091,-0.07919555,-0.14247209,-0.14019778,-0.089173675,-0.038768914,-0.040002484,-0.099982545,-0.17979339,-0.22680882,-0.20678067,-0.13352999,-0.059456613,-0.03457887,-0.06823913,-0.12841132,-0.15685426,-0.11761561,-0.028028795,0.05711124,0.08744007,0.0499158,-0.015372282
-0.053240977,0.007911049,0.026818255,-0.0059440164,-0.06341896,-0.0931472,-0.06686262,0.007330956,0.08242527,0.111391045,0.085008256,0.031471983,3.0490975e-05,0.021158196,0.0833624,0.1433745,0.16114317,0.117419556,0.043730084,-0.010838852,-0.010923229,0.033578392,0.08154822,0.08484458
0.10997899,0.076053485,0.023191815,-0.0075017717,0.0122501915,0.06904249,0.11970905,0.12451698,0.079884514,0.019365007,-0.019288573,-0.009565364,0.037671622,0.08003222,0.080527246,0.035340514,-0.028078727,-0.066769235,-0.053774998,-0.0014581486,0.048047457,0.056938916,0.019955877,-0.03374677
0.04027173,0.012213382,0.019054668,0.05372552,0.08789661,0.090974316,0.055215307,-0.003848598,-0.048292167,-0.052694242,-0.026698943,0.0018648836,0.0013770628,-0.0356229,-0.08822893,-0.12149218,-0.11521548,-0.07314517,-0.028040145,-0.008911563,-0.026199987,-0.059870947,-0.07687018,-0.05474604
0.024943108,-0.024641111,-0.013885974,0.042048033,0.09684479,0.10153574,0.043406732,-0.04991224,-0.11725075,-0.11544666,-0.06533287,-0.012678947,-0.007415304,-0.0628504,-0.14353186,-0.19138348,-0.17380054,-0.1002566,-0.025197914,0.004403238,-0.025766212,-0.08547984,-0.11578464,-0.08205553
-0.040984273,-0.1228022,-0.17247826,-0.1580497,-0.09115554,-0.022993045,-0.0030243474,-0.041116085,-0.10468246,-0.13731638,-0.10627909,-0.027185878,0.051260173,0.080349796,0.04700917,-0.01530284,-0.05305549,-0.029598564,0.040159695,0.10696416,0.12045872,0.06975441,-0.01341723,-0.070496276
0.017357068,-0.03210617,-0.017738333,0.046146445,0.10949961,0.11845246,0.061255533,-0.031364106,-0.09729818,-0.09395956,-0.03810067,0.019672573,0.02624784,-0.031312007,-0.11600088,-0.16888782,-0.15475741,-0.08097742,-0.0051633087,0.02197033,-0.014709811,-0.08122463,-0.11904573,-0.08957093
-0.20227075,-0.18192427,-0.102190785,-0.018807566,0.00875125,-0.035257056,-0.11046784,-0.14439617,-0.103184566,-0.009391544,0.083662786,0.11951735,0.07989241,0.0076202266,-0.033508863,-0.0073025874,0.0711752,0.14681117,0.16002665,0.09818433,-0.00015567611,-0.068359114,-0.0644687,-0.0049431156
-0.028372878,0.079530835,0.17885192,0.21232986,0.16508794,0.08473475,0.039237216,0.073937505,0.16603956,0.24496005,0.25272545,0.18119931,0.07597041,0.0071775145,0.017920205,0.0864383,0.14900123,0.14299566,0.06085209,-0.04973588,-0.117311396,-0.10179791,-0.01847097,0.061633248
-0.07195273,-0.0066637318,0.014440335,-0.023111152,-0.092570834,-0.13539468,-0.11314106,-0.03368377,0.050367016,0.08391895,0.05735247,-0.0027483942,-0.03951287,-0.01579752,0.056431647,0.12888905,0.15548746,0.114330605,0.037217982,-0.021569008,-0.019685127,0.033777654,0.09048316,0.09898144
-0.0073539624,0.03197186,0.07160496,0.081901625,0.051924746,-0.0016155159,-0.044447634,-0.049328983,-0.019610312,0.012396852,0.015775867,-0.016284293,-0.067535475,-0.10507388,-0.10219552,-0.06425201,-0.02307914,-0.008158598,-0.027270686,-0.063833095,-0.08654153,-0.072185606,-0.02300325,0.02939538
-0.05508985,-0.037867244,0.017441388,0.07945428,0.107585005,0.089936405,0.04944457,0.023479752,0.036530774,0.0830915,0.13377209,0.147592,0.11622732,0.06152567,0.019259384,0.015649471,0.047866073,0.084997535,0.08789282,0.047736585,-0.013677112,-0.05918367,-0.06298462,-0.027020805
-0.11239915,-0.16109726,-0.15791619,-0.104632236,-0.041415103,-0.010943777,-0.03079785,-0.07591779,-0.10534348,-0.08472769,-0.017352961,0.054340433,0.08935187,0.07337307,0.027082639,-0.00878269,0.0006675561,0.05223722,0.10548468,0.12098405,0.08364555,0.014313377,-0.044778164,-0.057704195
-0.051467564,-0.09269644,-0.089890145,-0.052414063,-0.017514305,-0.021276267,-0.07032628,-0.13483498,-0.17281455,-0.16078453,-0.112776406,-0.06482321,-0.05426569,-0.08622742,-0.13014849,-0.14902438,-0.122081324,-0.05906965,0.0005366481,0.022312805,-0.0014796582,-0.04361954,-0.065084666,-0.043878116
0.014983549,0.08957951,0.1524119,0.15827087,0.097279675,0.005775517,-0.052616645,-0.045777984,0.00966822,0.055407323,0.048287567,-0.01955701,-0.11113683,-0.16657238,-0.15058146,-0.08396214,-0.020724084,-0.0081223175,-0.054016396,-0.12170678,-0.15228026,-0.11327452,-0.024324778,0.059292506
-0.043401923,0.026769474,0.05039021,0.014436146,-0.04951493,-0.08397525,-0.0546078,0.02884305,0.11155643,0.13984244,0.10551973,0.041476157,0.004060065,0.027224254,0.096318915,0.16067347,0.17433374,0.12053112,0.0370719,-0.021749144,-0.017897042,0.034507886,0.08759763,0.09094045
0.09159425,0.10691667,0.057780094,-0.025500638,-0.0820873,-0.07434497,-0.0130181955,0.049714155,0.06399173,0.01340819,-0.068416044,-0.120016016,-0.104499795,-0.03696535,0.03152862,0.052890465,0.010795698,-0.061584957,-0.102884956,-0.07988663,-0.0061507877,0.06928107,0.095463656,0.05737982
0.13340013,0.16986805,0.16720499,0.13927257,0.12013347,0.13538933,0.18048602,0.22455443,0.2373998,0.2092901,0.1540571,0.10660969,0.092852645,0.108699575,0.12758447,0.12170136,0.07989691,0.016410997,-0.03378653,-0.04616552,-0.02160769,0.012976622,0.029021924,0.011935614
0.035385013,-0.05275109,-0.11389302,-0.11675389,-0.06746288,-0.014855218,-0.009109951,-0.06848306,-0.15448691,-0.20710394,-0.19714119,-0.13224825,-0.06361397,-0.040119916,-0.075832896,-0.1376828,-0.17234157,-0.14238155,-0.060838886,0.024601169,0.059965227,0.0308227,-0.032116085,-0.06997047
0.013057468,0.035956956,0.003197445,-0.05827194,-0.096769825,-0.07515059,-0.0029961423,0.07827903,0.11552818,0.089786485,0.03225588,-0.005210228,0.01557789,0.08444077,0.15386555,0.17535427,0.13371387,0.05602763,0.00058104994,0.0012517336,0.05066263,0.10297937,0.10995034,0.056527082
0.14663202,0.12732723,0.086479954,0.060023252,0.07568689,0.12231487,0.16598026,0.17152049,0.13093117,0.070718594,0.02568057,0.021157328,0.051006205,0.079590246,0.07600807,0.032538146,-0.03072211,-0.07322362,-0.06877725,-0.02758577,0.017133614,0.0314923,0.006806427,-0.0352104
0.033506684,-0.039608497,-0.07444775,-0.0352546,0.063575655,0.15692106,0.18474592,0.14102377,0.06548878,0.025239302,0.054380972,0.13544528,0.20841986,0.21824586,0.15521148,0.060186014,-0.0059307804,0.0005824252,0.06387558,0.124948695,0.12470099,0.052765235,-0.047964454,-0.11144084
-0.11397472,-0.10921149,-0.06281731,-0.017331084,-0.018706385,-0.07374477,-0.14796343,-0.1939922,-0.18140435,-0.123337984,-0.06400213,-0.04825169,-0.0848094,-0.14158624,-0.1700234,-0.14105725,-0.066452205,0.0077554635,0.032716956,0.001361302,-0.053489268,-0.08372298,-0.05985715,0.0047959806
-0.03592728,-0.09917884,-0.1404726,-0.13245244,-0.08242987,-0.028431725,-0.00875791,-0.03392739,-0.0810259,-0.10648283,-0.08247987,-0.020974116,0.04084777,0.06646281,0.04364472,-0.003061127,-0.031843733,-0.014547538,0.037515264,0.08735482,0.09774049,0.06016013,-0.0037338247,-0.050129354
0.07276992,0.11451985,0.114563055,0.06907712,0.0038309426,-0.043162916,-0.04681141,-0.018119892,0.009115093,0.0018319759,-0.046929337,-0.11143256,-0.15216729,-0.14749928,-0.10388452,-0.056723177,-0.042132642,-0.06888144,-0.109140575,-0.12772462,-0.0984335,-0.033323485,0.032672856,0.060932055
-0.025304498,0.056712676,0.14112023,0.18029174,0.15413852,0.09348153,0.051409867,0.06982434,0.13774206,0.20410223,0.22049227,0.17182697,0.0879261,0.02422245,0.020633303,0.067344464,0.11795147,0.12085319,0.062104806,-0.026912896,-0.08968601,-0.08916089,-0.029945977,0.036040004
0.08683542,0.09556748,0.04999507,-0.021629885,-0.069755465,-0.06556935,-0.01786518,0.03015521,0.036584634,-0.010338275,-0.07992055,-0.12298191,-0.11161508,-0.05527497,0.004006498,0.021619983,-0.01377732,-0.073025435,-0.10413252,-0.080859534,-0.013631147,0.054660913,0.07797836,0.046705414
