0.022972636,0.037649326,0.07133114,0.10230762,0.098350644,0.058813114,0.003735413,-0.038428053,-0.043673106,-0.0228709,-0.003127917,-0.010777469,-0.051672842,-0.10457001,-0.13813381,-0.12967494,-0.09105329,-0.05053687,-0.036650535,-0.056267686,-0.086433426,-0.0961656,-0.067724794,-0.013648587
-0.18009819,-0.17021146,-0.107834674,-0.042515766,-0.023975717,-0.05454264,-0.114504986,-0.14088641,-0.10854129,-0.028595222,0.051348165,0.08062524,0.05703789,0.0030823387,-0.027540963,-0.005622891,0.06257567,0.12663667,0.13875194,0.087547325,0.008599492,-0.047346372,-0.047844406,-0.0005086591
0.02557271,-0.019799642,-0.013331207,0.04639661,0.10463316,0.11974804,0.07656886,-0.011683484,-0.0733826,-0.07751542,-0.028214687,0.025208702,0.036782723,-0.0103738615,-0.092926644,-0.14683338,-0.13958089,-0.075512104,-0.0037060329,0.026366647,-0.0039786263,-0.067916535,-0.10821524,-0.08759438
0.15130387,0.07782857,0.032313216,0.060699265,0.13396429,0.19731295,0.20826104,0.12585582,0.023033466,-0.046269465,-0.04202564,0.014967869,0.06634614,0.060668692,-0.01952198,-0.11568604,-0.17477274,-0.1515406,-0.07057583,0.011511614,0.03308376,-0.015750656,-0.08734688,-0.117955305
0.04090615,0.10405171,0.11162045,0.049575057,-0.03979558,-0.10259438,-0.102544814,-0.043087855,0.012721675,0.016384007,-0.04508421,-0.12719372,-0.18113026,-0.16504863,-0.0925332,-0.018228974,0.004399108,-0.03712036,-0.10369784,-0.13880725,-0.10701443,-0.019988468,0.06732255,0.09798149
-0.0039041166,0.0088363495,0.05613538,0.10397983,0.10691222,0.061465967,-0.009208591,-0.06490638,-0.070022106,-0.0369572,0.0003642407,0.0009069079,-0.04415037,-0.110666856,-0.158262,-0.15084234,-0.1005222,-0.042612366,-0.018415665,-0.042532343,-0.08865151,-0.114352636,-0.08863592,-0.021474633
-0.04877053,0.010095684,0.037718926,0.016180802,-0.022092272,-0.03971916,-0.012616551,0.0676931,0.13952813,0.17032291,0.15101315,0.10570897,0.07609953,0.0889135,0.1444978,0.1909942,0.1969858,0.14863077,0.07531223,0.014445303,0.0034847192,0.037697192,0.07202497,0.06966549
-0.028423106,0.074975416,0.17495914,0.20899561,0.15836504,0.077541836,0.024877822,0.053764332,0.13847327,0.21777946,0.22666477,0.15844688,0.052264072,-0.018816844,-0.010117292,0.058578312,0.123972446,0.12524661,0.04928677,-0.0577292,-0.12722237,-0.11136807,-0.026942983,0.058796335
0.20129722,0.23152639,0.1857583,0.10788141,0.065772,0.09011747,0.17171961,0.24218293,0.24568386,0.17316815,0.0699724,0.005541363,0.006499276,0.06468763,0.12127533,0.118893646,0.04324964,-0.056556284,-0.11548624,-0.09659777,-0.021113656,0.05682077,0.07965037,0.032352086
0.05405051,0.021319015,-0.033810854,-0.07020614,-0.04747606,0.021666441,0.0943449,0.123977326,0.099254206,0.046631232,0.013296702,0.02875461,0.087571934,0.14856882,0.16906133,0.12877105,0.05966583,0.0071868272,0.0059964447,0.0516715,0.10123554,0.10638191,0.056811668,-0.019365838
0.0084026465,0.019481169,0.056635097,0.09948735,0.10813844,0.07800781,0.023732046,-0.023513954,-0.031615682,-0.005675998,0.025988828,0.029909577,-0.0059971744,-0.06484022,-0.10980042,-0.10994982,-0.072790615,-0.024550395,-0.0034644292,-0.024475196,-0.06886926,-0.09512565,-0.07761392,-0.025150878
-0.07948295,-0.05024113,0.023867195,0.094557256,0.10660582,0.06236927,-0.007867646,-0.045262598,-0.021916589,0.045953948,0.108258136,0.114911646,0.06200473,-0.015409944,-0.062294547,-0.04645706,0.01730103,0.07524156,0.08008825,0.022324173,-0.05629021,-0.10122594,-0.081879884,-0.013770446
-0.14263403,-0.18237746,-0.15861234,-0.08629244,-0.015849682,0.011025914,-0.018863281,-0.06829659,-0.0862494,-0.044827204,0.03962645,0.11377453,0.14402574,0.110298954,0.051950376,0.017308075,0.038067937,0.09903156,0.15074052,0.14862338,0.08682544,0.0006482576,-0.059876982,-0.06158881
0.010309061,0.05688169,0.06171179,0.010649439,-0.06336466,-0.11708,-0.11929069,-0.06997756,-0.022457492,-0.016230103,-0.06174878,-0.1256663,-0.16579407,-0.14838962,-0.08526877,-0.021175597,0.0028385478,-0.027877769,-0.08071215,-0.10881376,-0.079807356,-0.008364493,0.06061045,0.084022656
-0.13136578,-0.11995556,-0.07010002,-0.017606035,-0.0016561215,-0.019687764,-0.055717997,-0.0659372,-0.036832906,0.023283398,0.08259579,0.101961136,0.083357364,0.04517351,0.02264252,0.03535933,0.08140209,0.12155953,0.12196451,0.076733075,0.016674388,-0.026450409,-0.031792834,-0.001005758
-0.034944348,0.01006392,0.108312994,0.20493457,0.23661663,0.20277384,0.1354206,0.0954694,0.120121285,0.19152354,0.25859895,0.2622611,0.19556247,0.09442778,0.023987565,0.021145964,0.071572185,0.120930865,0.11586383,0.040360935,-0.060338493,-0.12380308,-0.11264606,-0.040470287
0.08559333,0.0379678,-0.033861578,-0.07230563,-0.0377386,0.044489224,0.13051116,0.15575676,0.11148878,0.036929242,-0.004675291,0.02029937,0.0962661,0.16767454,0.17964637,0.121505305,0.02988057,-0.027284564,-0.013556833,0.054051988,0.1152123,0.11884114,0.053723417,-0.037409037
-0.13441451,-0.07123929,-0.002914418,0.01901434,-0.015481342,-0.07204583,-0.1104754,-0.077029034,0.0006590126,0.07894125,0.107058436,0.076202594,0.019459104,-0.015779786,0.008542059,0.073052004,0.13527513,0.14758392,0.097174324,0.015870625,-0.041560277,-0.038230456,0.012309182,0.0627734
-0.02726247,-0.069141865,-0.12719354,-0.16528665,-0.15216407,-0.103409775,-0.048829924,-0.023375904,-0.041740138,-0.07745203,-0.09423848,-0.06725823,-0.0039460068,0.059678897,0.08823911,0.06909651,0.026071329,-0.0014366342,0.01204579,0.059051387,0.10204657,0.10843833,0.066582814,0.0015339695
-0.061556205,0.005453357,0.028916702,-0.010956529,-0.07082977,-0.101670645,-0.07424573,0.017590651,0.100426614,0.13184504,0.097391516,0.038250737,0.005607136,0.032360997,0.109712005,0.17622566,0.18624134,0.12938541,0.044979237,-0.012417614,-0.009725845,0.04439876,0.095578484,0.094358824
0.07867198,0.044306234,-0.012744998,-0.043467246,-0.009312801,0.06823262,0.14770874,0.17471765,0.14251293,0.080403686,0.042162873,0.06067465,0.1256932,0.18661359,0.19883803,0.14647152,0.060921997,0.0037982063,0.0058458042,0.057123777,0.10638702,0.10760318,0.04918171,-0.03449837
-0.036318906,-0.08813459,-0.117632516,-0.10635497,-0.060999587,-0.014065553,0.001785653,-0.02359099,-0.060687594,-0.077856705,-0.05373889,-0.0023044657,0.051853217,0.06920687,0.04600375,0.005335488,-0.018283432,-0.0012467391,0.043851748,0.08441376,0.08719321,0.04784522,-0.008206653,-0.04517503
0.05841626,0.016702393,-0.04497218,-0.09433362,-0.097830966,-0.07165028,-0.04159098,-0.044272095,-0.08239819,-0.13959846,-0.17588432,-0.16824375,-0.122168265,-0.07215414,-0.052373666,-0.069961786,-0.108165056,-0.12486813,-0.09712698,-0.03527904,0.025725137,0.051546246,0.035253324,-0.004114789
0.09159778,0.039507456,-0.0030594636,-0.0066880467,0.0204958,0.04702828,0.04992256,-2.7954915e-05,-0.06550955,-0.11625316,-0.12439019,-0.095839694,-0.061486118,-0.05290092,-0.08606727,-0.13164553,-0.1604648,-0.14509818,-0.091347046,-0.029603679,0.0037957483,-0.005946937,-0.037290618,-0.054332934
0.15214583,0.17885907,0.14785129,0.08771937,0.049644995,0.058454037,0.11283042,0.16533832,0.17070076,0.11946765,0.040958654,-0.012398892,-0.020001,0.020807065,0.065840095,0.07041895,0.02088626,-0.05374629,-0.100998506,-0.08985993,-0.03093209,0.033499114,0.05892713,0.030500144
0.11003859,0.061060797,0.029159801,0.043542996,0.08619321,0.123511046,0.13090338,0.07667137,0.008296252,-0.041914176,-0.0449503,-0.01263894,0.020751761,0.01921746,-0.03028342,-0.09080159,-0.12990977,-0.116790645,-0.064849086,-0.008417251,0.012859734,-0.012207339,-0.055570036,-0.07469602
0.10580403,0.06511874,0.030416535,0.032364793,0.06325428,0.08989999,0.09131029,0.042060006,-0.020278119,-0.068452895,-0.08014683,-0.05593351,-0.028151384,-0.02655036,-0.06327788,-0.11010498,-0.14450368,-0.13338797,-0.085918315,-0.030085625,-0.004700973,-0.016214857,-0.044082556,-0.059551828
0.015348603,-0.056936845,-0.11090277,-0.111753404,-0.068970755,-0.027089566,-0.02058292,-0.07110709,-0.1373832,-0.17902675,-0.16734816,-0.112623215,-0.052384246,-0.030414006,-0.059803244,-0.10869275,-0.13485152,-0.10723746,-0.0398628,0.029054577,0.057717066,0.032047875,-0.021120854,-0.055823278
-0.02625311,0.009687299,0.08084141,0.1469915,0.16778643,0.14579,0.10158104,0.07767202,0.09918203,0.15085658,0.19400682,0.19366871,0.14586784,0.0790094,0.033823017,0.03340831,0.0652667,0.09277005,0.08240887,0.029645853,-0.038617674,-0.08197267,-0.07360479,-0.025763717
0.13717952,0.16597345,0.13276786,0.06660046,0.02774495,0.042928856,0.110477,0.17794485,0.19263844,0.14084344,0.057473388,0.002259106,0.0024501327,0.054963045,0.11145962,0.11865399,0.06024491,-0.025586491,-0.081670396,-0.07273598,-0.010732107,0.05706504,0.078439705,0.038872294
0.017867526,0.061471857,0.05847436,-0.0009093876,-0.07824429,-0.12997374,-0.13020588,-0.08183234,-0.0386702,-0.03843971,-0.09093197,-0.1557296,-0.19236822,-0.16717054,-0.09938196,-0.035175677,-0.014765099,-0.049063742,-0.10063189,-0.11905884,-0.080050014,-0.0035411702,0.066407196,0.08551293
-0.08526776,-0.13988829,-0.14488621,-0.11035089,-0.07397613,-0.074802026,-0.12367123,-0.19566406,-0.23659895,-0.22550651,-0.17079513,-0.11386849,-0.085400425,-0.106595315,-0.15140966,-0.17045166,-0.14106363,-0.06911345,0.004187571,0.0380202,0.018732924,-0.029334558,-0.059403967,-0.04418667
-0.13519634,-0.12319948,-0.070215866,-0.024732823,-0.03160177,-0.090222865,-0.17182986,-0.21267961,-0.19063811,-0.122396804,-0.05836394,-0.04576549,-0.08502202,-0.14661296,-0.1724965,-0.13446693,-0.050646797,0.025382778,0.04823126,0.006405294,-0.05837945,-0.088495225,-0.05725103,0.01340376
-0.15981148,-0.13434978,-0.04424169,0.04550188,0.068144545,0.023190703,-0.05987938,-0.102856375,-0.06840827,0.026099982,0.11796426,0.14152965,0.091624595,0.0051463963,-0.04791898,-0.027224999,0.05511327,0.13172533,0.14240669,0.07282058,-0.029448198,-0.09762364,-0.08767282,-0.013715998
0.021917265,-0.013412792,-0.0011929041,0.055545475,0.108222835,0.12122334,0.083197355,0.008100536,-0.042019982,-0.041676167,0.0042983997,0.04958852,0.056248024,0.009340085,-0.06489865,-0.11184791,-0.10433167,-0.049482666,0.009716728,0.028934475,-0.0040204483,-0.06283289,-0.09774155,-0.077923864
-0.057106778,-0.0052154213,-0.00052683987,-0.058510084,-0.13748702,-0.18338051,-0.171238,-0.095490895,-0.026745165,-0.0044604437,-0.041702,-0.10174197,-0.13442364,-0.10317429,-0.021449143,0.054759894,0.083772555,0.04710712,-0.017790195,-0.05811063,-0.038753036,0.029045083,0.09443873,0.10688513
-0.011315531,-0.028894005,-0.007975271,0.047244824,0.09965558,0.12475626,0.11373893,0.07937231,0.058581308,0.07004337,0.11375055,0.15113835,0.15897112,0.12643544,0.07192032,0.030017901,0.026232935,0.05425535,0.08178067,0.076479234,0.037359785,-0.01963932,-0.061560225,-0.059704587
0.05554023,0.029583357,0.05214265,0.115578145,0.16577233,0.17054054,0.12733038,0.04815324,-0.0021224678,-0.0030111729,0.038557988,0.074184924,0.0673046,0.008182273,-0.074045755,-0.121861875,-0.11427889,-0.061170157,-0.0067051863,0.0060936403,-0.030339627,-0.086684026,-0.11374457,-0.08277996
0.044604447,0.024957724,0.03857375,0.08259289,0.11537554,0.11613229,0.0832959,0.02501695,-0.013389532,-0.01567493,0.013345097,0.037567183,0.031141406,-0.011327843,-0.07053324,-0.10401828,-0.095412634,-0.05472083,-0.01419631,-0.0039850594,-0.027758995,-0.06561386,-0.08276478,-0.058429763
0.18277931,0.21096748,0.16220655,0.07651454,0.02891136,0.0511189,0.1339326,0.21022654,0.2194706,0.14863338,0.04262415,-0.023870867,-0.019880518,0.048996616,0.11804223,0.12247262,0.049086053,-0.056530524,-0.121475175,-0.10084681,-0.01411007,0.07141532,0.09518341,0.042901173
-0.11769809,-0.1138455,-0.07133601,-0.030797493,-0.03077017,-0.074458465,-0.14141841,-0.17941529,-0.16479181,-0.10906991,-0.05321486,-0.037223663,-0.06425707,-0.112528116,-0.13637823,-0.10965954,-0.042721435,0.02055738,0.042524293,0.012987003,-0.03788345,-0.067422956,-0.048931397,0.0050491584
-0.016542006,0.052353524,0.11273872,0.11669398,0.05715203,-0.029209446,-0.0899992,-0.08054418,-0.025345683,0.026418325,0.024255896,-0.034378923,-0.117821015,-0.16834426,-0.14917237,-0.07909692,-0.011040614,0.0029387611,-0.040919125,-0.10798666,-0.1391687,-0.10218618,-0.015991537,0.061626706
0.110724926,0.08214166,0.03227673,-0.0006581203,0.009749753,0.04667364,0.08767711,0.08996449,0.050642516,-0.010053288,-0.050469432,-0.047823522,-0.012861405,0.025809838,0.030462155,-0.0047668754,-0.05972397,-0.0923522,-0.07858826,-0.028598374,0.02429174,0.042977393,0.018782102,-0.024105826
-0.13974245,-0.074417114,-0.0013526228,0.026131244,-0.0009465704,-0.051288057,-0.08484932,-0.045140583,0.035175815,0.11650406,0.14983043,0.12225895,0.06614777,0.028690247,0.050107356,0.10982651,0.16847384,0.1757038,0.12261085,0.03576919,-0.028047664,-0.03150412,0.012350361,0.05781165
-0.008340556,-0.06460665,-0.113268875,-0.13176568,-0.117298126,-0.09928008,-0.102108866,-0.1385095,-0.18544121,-0.21609588,-0.212425,-0.17603207,-0.13163374,-0.1065321,-0.113362364,-0.13316707,-0.14085265,-0.116222896,-0.062126044,-0.002999812,0.029477354,0.024453932,-0.00081306003,-0.02111062
0.18559684,0.17600621,0.13617095,0.106858954,0.110438555,0.14272305,0.18596712,0.18726255,0.14641108,0.07843998,0.022451669,0.0059023816,0.019805022,0.04256766,0.03741098,-0.001421574,-0.063232616,-0.10577299,-0.10487187,-0.06373732,-0.015285255,0.009940037,-0.0003168473,-0.030710347
0.09680418,0.05777942,0.02645774,0.0336141,0.06972514,0.10527651,0.11769681,0.07958634,0.023087425,-0.02166288,-0.02793605,-0.0014013923,0.028009789,0.031122664,-0.0063446397,-0.058183808,-0.09599429,-0.09089089,-0.050158475,-0.0031707436,0.016409606,-0.0016996948,-0.038581267,-0.06032215
0.10011077,0.03395176,-0.01311361,-0.006258505,0.04311958,0.08870638,0.09607437,0.032581344,-0.04920593,-0.10896051,-0.11073924,-0.0653746,-0.015055565,-0.0062991846,-0.05628956,-0.12331623,-0.16843969,-0.14923266,-0.07868153,-0.0018516027,0.028434195,-0.00017768434,-0.05289084,-0.081200205
-0.030837132,-0.116138496,-0.17407553,-0.1638445,-0.09528465,-0.02212916,0.0034237753,-0.039307065,-0.107167765,-0.14398025,-0.11513389,-0.03590134,0.048457406,0.08174864,0.047081683,-0.019986156,-0.06012049,-0.037095815,0.03491595,0.10803924,0.12710363,0.07516541,-0.011011242,-0.07236969
-0.023625791,0.037219055,0.09873447,0.121736735,0.09359604,0.04443534,0.009111115,0.025239583,0.07644606,0.12600031,0.13591157,0.09650831,0.032686073,-0.012072139,-0.008277411,0.032105464,0.07458517,0.07918247,0.035552323,-0.031662676,-0.07528111,-0.06797249,-0.018705625,0.033771656
0.12280407,0.06656715,0.028125895,0.044052932,0.10312888,0.16200559,0.18582538,0.13575174,0.058732245,-0.0018407793,-0.0060504265,0.036202714,0.08353505,0.09020966,0.03520963,-0.04313317,-0.10326231,-0.102346696,-0.046506897,0.020290373,0.044479214,0.009217111,-0.053300418,-0.09140001
-0.037452705,-0.0703869,-0.11123577,-0.13425383,-0.12041443,-0.07990207,-0.03951258,-0.022385681,-0.035234775,-0.057240486,-0.06352678,-0.038472157,0.012245721,0.05971942,0.078111686,0.061945014,0.0310663,0.014560441,0.026441988,0.06136381,0.087958336,0.084418975,0.04772576,-0.0022843697
0.07959446,0.009138825,-0.03572867,-0.019530378,0.040258855,0.09386247,0.10709756,0.046342243,-0.033833962,-0.08855798,-0.08045705,-0.025775986,0.03135721,0.03937899,-0.014889832,-0.08741739,-0.1341835,-0.113976546,-0.04311189,0.029169025,0.051476546,0.012679455,-0.052125294,-0.08720756
0.079293415,0.033696815,-0.033801127,-0.06757141,-0.02828629,0.058975328,0.14490421,0.1695579,0.12987742,0.061057393,0.023543727,0.049380887,0.12500468,0.19332059,0.20514177,0.14542359,0.05500507,-0.0015460153,0.0065682963,0.06625684,0.12231191,0.12127849,0.053188764,-0.039269675
0.05581008,0.07487569,0.04274871,-0.013993292,-0.042560764,-0.017899195,0.05056889,0.12246605,0.14483897,0.11169322,0.054308347,0.019895911,0.03361726,0.08953033,0.14575401,0.15409052,0.107372224,0.03636971,-0.011561432,-0.0087746885,0.035244785,0.08244347,0.08814829,0.042320065
-0.14506562,-0.18779682,-0.17657597,-0.11939789,-0.061034404,-0.036675524,-0.06003268,-0.10203694,-0.1203032,-0.08609814,-0.012283553,0.0577848,0.09277257,0.07482981,0.02902304,0.0009771663,0.019861756,0.075780086,0.12661697,0.13476117,0.08783845,0.0141173825,-0.042032592,-0.04840051
-0.036710512,0.020686993,0.044314314,0.01947401,-0.025555953,-0.047790214,-0.024536358,0.049826425,0.11670085,0.14466816,0.12158712,0.073458396,0.040053133,0.053423755,0.10844957,0.15673448,0.16729207,0.12229712,0.05074446,-0.0047938596,-0.009662811,0.029120116,0.06867391,0.071414515
0.019297237,0.076964,0.08246494,0.021615913,-0.06289109,-0.12347083,-0.1253964,-0.0664002,-0.010712504,-0.0027210596,-0.05702755,-0.13176443,-0.18116836,-0.16322976,-0.089197546,-0.015111971,0.011415098,-0.02755106,-0.09157656,-0.12666257,-0.09480457,-0.010830928,0.07133805,0.09758513
-0.027449414,-0.023583015,0.020284105,0.06836478,0.06521226,0.009082948,-0.076842725,-0.14632323,-0.15661526,-0.11644544,-0.06859254,-0.061481982,-0.10873699,-0.18044434,-0.23060934,-0.21563013,-0.14486551,-0.06769834,-0.03170849,-0.052370816,-0.10003646,-0.12672347,-0.09525145,-0.016352572
-0.06559713,-0.01915793,0.00067286985,-0.019879892,-0.05397884,-0.06678267,-0.045787796,0.021167194,0.08324492,0.11408357,0.101910524,0.06749583,0.047062892,0.062742405,0.11407474,0.15686882,0.16789836,0.13222885,0.07172597,0.022334766,0.013155698,0.03957927,0.06726802,0.0628915
0.046815928,-0.0035589929,-0.0033541836,0.051402815,0.104084425,0.11472054,0.070299044,-0.024865631,-0.094522715,-0.1081941,-0.06533366,-0.0147822155,-0.0018531189,-0.048862193,-0.13335353,-0.18716094,-0.1807009,-0.112768225,-0.033840645,0.0048136315,-0.018908083,-0.07694436,-0.113098055,-0.08840046
-0.018488454,0.053128507,0.12089104,0.13320583,0.07821037,-0.0049831783,-0.06582967,-0.05705996,-8.88791e-05,0.055384025,0.058365323,0.0010452471,-0.08539169,-0.13971394,-0.12732618,-0.062140014,0.0048854677,0.01994725,-0.024746101,-0.095825754,-0.13396432,-0.10570904,-0.023808379,0.056415625
-0.0072666574,0.08834587,0.18475325,0.2240813,0.18884745,0.1184018,0.06815536,0.09120681,0.16466892,0.23527862,0.24746785,0.18745555,0.0880406,0.012483721,0.010463207,0.064152464,0.119497366,0.12076426,0.054326624,-0.04881668,-0.119398996,-0.110768445,-0.037827346,0.040762432
-0.12634824,-0.08561067,-0.04390601,-0.043632828,-0.09154219,-0.15751982,-0.2047517,-0.18609995,-0.12836435,-0.06739704,-0.045825113,-0.07284062,-0.11899809,-0.14264758,-0.11220316,-0.042732123,0.028674293,0.05549234,0.028812662,-0.026255757,-0.05945559,-0.040554456,0.016947487,0.0699182
-0.055420037,-0.12369596,-0.16435175,-0.15044205,-0.087965325,-0.022090586,0.006723288,-0.016902165,-0.06234247,-0.08648828,-0.056139223,0.012488356,0.08835079,0.11892747,0.09277105,0.03727116,-0.0005663391,0.014259281,0.06957972,0.12223173,0.12927383,0.07871085,-0.0008539676,-0.05795758
-0.020773051,-0.02192809,-0.06058353,-0.113479815,-0.13969563,-0.12156132,-0.069948785,-0.012429911,0.006504214,-0.012109364,-0.046228778,-0.05963911,-0.03362238,0.024625638,0.08134207,0.09809593,0.075373925,0.031266987,0.0028068586,0.012574324,0.052961193,0.09076595,0.09037638,0.04747218
0.06168491,0.07962046,0.03389309,-0.042245053,-0.079317175,-0.049570248,0.03517645,0.123028226,0.14891899,0.10474016,0.029076885,-0.013014821,0.011083966,0.089071885,0.16628247,0.17968658,0.1204537,0.028887795,-0.030846747,-0.0190434,0.047454063,0.11217392,0.1180008,0.054067925
-0.1784731,-0.111644015,-0.035680186,-0.010845082,-0.051965766,-0.116669655,-0.16149577,-0.12278817,-0.033244,0.061210066,0.10103864,0.0712509,0.009149618,-0.028496573,0.0007071386,0.07703954,0.15631527,0.17602223,0.121886656,0.029512316,-0.037194647,-0.036805894,0.018363452,0.076268256
-0.048536822,-0.091944605,-0.1015312,-0.07590432,-0.046881907,-0.0412968,-0.07101292,-0.123629265,-0.15980761,-0.15661617,-0.11633394,-0.07169486,-0.04904297,-0.06440241,-0.10200824,-0.122682616,-0.10391455,-0.050599705,0.0060678944,0.032812167,0.018329045,-0.01920759,-0.04565188,-0.0371293
0.048758704,0.0035442288,-0.021102568,0.009679434,0.07927854,0.1452055,0.17642353,0.14714141,0.09474814,0.060241476,0.074881434,0.12615335,0.1768485,0.18243039,0.13305557,0.060884632,0.0053291493,0.0069000167,0.048478972,0.088897705,0.08573015,0.035483427,-0.036603257,-0.08238192
0.085632205,0.010669914,-0.03927578,-0.022322562,0.041171886,0.09703193,0.107455485,0.040037777,-0.048119556,-0.10623275,-0.09747407,-0.0382859,0.021364393,0.029470649,-0.0292866,-0.10651333,-0.15424937,-0.12991299,-0.052250437,0.026688175,0.05085067,0.009912132,-0.057544142,-0.09410903
0.040463448,0.015144681,-0.021639476,-0.032302678,0.0032372517,0.06684188,0.12952389,0.15428926,0.13300154,0.0943781,0.07784328,0.09979675,0.14829698,0.18999608,0.19181594,0.14643358,0.08325881,0.041957136,0.04266147,0.07254507,0.097981185,0.08719454,0.0334253,-0.031618617
0.10034428,0.111007944,0.063578926,-0.010088677,-0.055591717,-0.049697675,0.0022489864,0.054469638,0.05990762,0.01078054,-0.062915586,-0.106942005,-0.09905823,-0.042122725,0.017891966,0.033702895,-0.004360814,-0.06769716,-0.10504526,-0.08355297,-0.014092001,0.05637825,0.080794305,0.046724983
-0.03096381,-0.0754645,-0.053500704,0.028352812,0.10838852,0.13725239,0.09976345,0.021331312,-0.02736017,-0.012275299,0.061574813,0.13058968,0.14971204,0.09606555,0.0064366125,-0.054675758,-0.047406666,0.018547906,0.08635634,0.09710413,0.041577045,-0.046893917,-0.10779542,-0.09672867
0.17348526,0.14977942,0.098451965,0.06562443,0.084665485,0.13885807,0.19525516,0.19828305,0.15171526,0.07689029,0.02230308,0.01887365,0.053761475,0.09105102,0.08951949,0.03809641,-0.038883943,-0.08948185,-0.08485396,-0.03249282,0.024940243,0.042938557,0.012423511,-0.040770862
-0.0039405464,-0.056584585,-0.09225322,-0.0922032,-0.06565132,-0.045494236,-0.050505634,-0.09141337,-0.13841242,-0.16345155,-0.15021256,-0.109939486,-0.069605574,-0.058912344,-0.08078141,-0.10876821,-0.11775184,-0.08959151,-0.035315026,0.0141482875,0.030890191,0.012763397,-0.019312201,-0.03593292
0.035369944,-0.010606456,-0.00222198,0.05708378,0.10710797,0.10998339,0.056318,-0.040621642,-0.10445403,-0.10943692,-0.060316153,-0.012202029,-0.0073570106,-0.061875436,-0.14713316,-0.19558744,-0.178382,-0.10433975,-0.027743332,0.0013636347,-0.028502695,-0.087472014,-0.1180963,-0.08425101
-0.15727177,-0.10262947,-0.03927076,-0.024799593,-0.06636715,-0.1305431,-0.17736948,-0.14780957,-0.070423044,0.011056449,0.043610483,0.015078778,-0.040321838,-0.07159903,-0.039654143,0.033275336,0.10909505,0.12769246,0.08173693,0.0041652536,-0.044231966,-0.035101686,0.019341206,0.072736576
-0.12780476,-0.074611075,-0.018395409,-0.012667578,-0.06465426,-0.136824,-0.18794592,-0.1648293,-0.09572501,-0.02474446,-0.0022189973,-0.0378416,-0.097214215,-0.12759295,-0.09580276,-0.020761793,0.05615079,0.07771744,0.037585728,-0.030569134,-0.06896961,-0.049711503,0.014450173,0.07510359
0.06437853,0.018099755,-0.052576255,-0.10743109,-0.11395286,-0.08231091,-0.04194655,-0.040569704,-0.082483076,-0.14576395,-0.18831478,-0.180158,-0.12912658,-0.067703895,-0.043960772,-0.06400944,-0.10747771,-0.13152164,-0.1066294,-0.036091715,0.036057573,0.065707415,0.044869862,-0.0025603906
-0.101106025,-0.13944341,-0.11538619,-0.038719006,0.031303495,0.054892402,0.023122426,-0.03425865,-0.062020812,-0.029684776,0.04888885,0.118657246,0.1415196,0.10142847,0.03156432,-0.010557544,0.0058710244,0.068049386,0.12354783,0.12567131,0.06596675,-0.018916825,-0.07699286,-0.0713641
-0.10351082,-0.05561576,-0.0023740798,0.018900285,-0.0010621101,-0.036137726,-0.057978954,-0.02745277,0.03233198,0.093339354,0.11843722,0.098451406,0.05741777,0.03020779,0.04627656,0.089873195,0.13385262,0.13824162,0.09620421,0.030422607,-0.016878134,-0.01987115,0.010874113,0.042738277
0.16758673,0.1987665,0.16932634,0.107162684,0.06683045,0.07290885,0.12911956,0.18598671,0.19462307,0.1399848,0.054408938,-0.0065457034,-0.017081574,0.02472634,0.07389448,0.07960046,0.026096353,-0.055720493,-0.11053431,-0.10328094,-0.03883665,0.033298448,0.06186132,0.032336082
0.024251621,-0.006908428,-0.024052212,-0.004000426,0.04763674,0.0995148,0.12749131,0.11359084,0.08126217,0.058423135,0.06772381,0.10458447,0.14445832,0.15427947,0.12521417,0.07429362,0.030385042,0.023488421,0.046773445,0.074376635,0.07460299,0.039087567,-0.01604205,-0.056430534
-0.035124015,-0.11086675,-0.15996224,-0.14590059,-0.078273624,-0.007766093,0.023660587,-0.0064361924,-0.063452326,-0.09608897,-0.06756517,0.006216022,0.086385235,0.11697195,0.08444906,0.020762062,-0.02214365,-0.0058682067,0.056850497,0.11779065,0.12893857,0.077903815,-0.006612688,-0.06729883
-0.03237142,-0.088810116,-0.12418078,-0.11437575,-0.06833741,-0.022476612,-0.00411022,-0.029721187,-0.071006626,-0.09326512,-0.07299824,-0.020073656,0.038656082,0.060848158,0.03910488,-0.002462329,-0.02963696,-0.014949011,0.03140721,0.07775447,0.088004455,0.05361896,-0.004836192,-0.04677997
0.13720684,0.114671335,0.07049061,0.04180519,0.060420588,0.10870648,0.15822381,0.1602918,0.12034658,0.056197334,0.009748442,0.01051623,0.045796268,0.0809387,0.08018885,0.036335308,-0.033637993,-0.07736761,-0.06964327,-0.01931844,0.029087028,0.041587777,0.012762785,-0.035431303
0.010460127,-0.04019249,-0.11821353,-0.17278883,-0.15716039,-0.08991539,-0.0136176,0.018409014,-0.010439374,-0.06948178,-0.10589583,-0.08042761,0.00018152615,0.08432055,0.12120735,0.09055554,0.022180947,-0.023830732,-0.0111223245,0.05474068,0.11998904,0.13514625,0.08317103,-0.0042869044
0.077924944,0.08179748,0.02266785,-0.07150592,-0.13271593,-0.13688858,-0.08844463,-0.032875195,-0.026463663,-0.08112173,-0.16268392,-0.20996095,-0.19511336,-0.12143367,-0.044335697,-0.014805426,-0.048634663,-0.1110969,-0.14135927,-0.10516996,-0.018330673,0.06651391,0.10003346,0.065744705
0.06690008,0.049038593,0.0078266235,-0.012190641,0.017321397,0.08761884,0.16757698,0.20577063,0.18900375,0.14130087,0.10698609,0.11779736,0.16820985,0.22129902,0.23322292,0.18784682,0.109368116,0.04919991,0.034876376,0.06624839,0.10173224,0.101251625,0.048740778,-0.02657198
0.02831963,-0.029732,-0.07213722,-0.07350692,-0.038470354,-0.00024757851,0.009641138,-0.031352773,-0.087647356,-0.12673593,-0.12170536,-0.07975526,-0.030262785,-0.01087968,-0.037191454,-0.08128969,-0.10979801,-0.09349042,-0.03912689,0.021878678,0.047953792,0.025217827,-0.02012189,-0.050002918
-0.054216232,-0.002319681,0.015586337,-0.01506486,-0.05788438,-0.07694636,-0.0519363,0.024326736,0.090741366,0.116946064,0.09307329,0.04970247,0.025779039,0.048112687,0.10955376,0.15896249,0.16550215,0.11817981,0.05029012,0.0024173404,0.0033288184,0.043162107,0.0788023,0.07329154
-0.059218124,-0.023419017,0.059601318,0.14023058,0.16574395,0.12765671,0.05673957,0.018264364,0.041401003,0.10975777,0.17354801,0.18057418,0.12351967,0.03627342,-0.019081606,-0.013022013,0.041822955,0.093897484,0.094971806,0.029603994,-0.056730792,-0.10827225,-0.093606085,-0.027939979
-0.15321417,-0.16611919,-0.13743578,-0.10407618,-0.102977075,-0.14275888,-0.2082773,-0.24923562,-0.23949948,-0.18536074,-0.124679565,-0.09655463,-0.107012235,-0.14180925,-0.15891227,-0.1305215,-0.06086325,0.009310075,0.042383965,0.025961097,-0.015988141,-0.04595069,-0.03566366,0.00928681
-0.1624762,-0.14478269,-0.075639635,-0.0029826427,0.02115669,-0.0045454213,-0.059853308,-0.08209277,-0.04795552,0.032176808,0.11058329,0.13682808,0.10817048,0.050077822,0.014135189,0.029440163,0.09040798,0.14678976,0.15122989,0.09365481,0.010001082,-0.04983563,-0.053522766,-0.008231873
-0.10615386,-0.057460222,-0.005617302,0.010845855,-0.012517517,-0.04970161,-0.067109205,-0.030422572,0.03271849,0.09083473,0.110787116,0.08792622,0.04968013,0.02802379,0.049876276,0.09699755,0.13648638,0.13589834,0.09203096,0.027960107,-0.015519063,-0.013137788,0.019100478,0.048554353
0.05652383,0.03334028,-0.0077187903,-0.023220865,0.011313742,0.07872659,0.14488155,0.17024285,0.14849833,0.10666003,0.082910806,0.10107592,0.14990975,0.19354711,0.19972959,0.15411717,0.087245494,0.040837172,0.035442837,0.06515927,0.09518477,0.089718856,0.03802808,-0.031375743
-0.13575825,-0.08683682,-0.035143856,-0.027786968,-0.07560366,-0.1498011,-0.20592377,-0.18838015,-0.124849714,-0.05357337,-0.027152762,-0.05552034,-0.11128096,-0.14462863,-0.116502,-0.041584704,0.03742683,0.06731459,0.03668408,-0.027815767,-0.070553295,-0.053024363,0.010738628,0.071643844
-0.08420968,-0.058517855,-0.05492989,-0.08862489,-0.13452484,-0.1648028,-0.16064481,-0.112702966,-0.06488384,-0.040935412,-0.05180194,-0.07844047,-0.09158048,-0.06988498,-0.015904766,0.03714257,0.062952526,0.048258565,0.013840468,-0.012357666,-0.006519546,0.029844135,0.06603268,0.07276976
0.0670265,-0.0006382363,-0.04153506,-0.0067121433,0.08828805,0.18527502,0.23538482,0.19807802,0.12499846,0.07349654,0.089619905,0.16074587,0.2378036,0.25370347,0.19323575,0.09380492,0.014080546,0.009132842,0.06323175,0.12375836,0.12913062,0.06398344,-0.03889407,-0.11136852
-0.061940238,-0.014269678,-0.011405268,-0.069932625,-0.14682052,-0.19392292,-0.18288097,-0.10787313,-0.039252836,-0.017164169,-0.051758565,-0.10907269,-0.13968097,-0.10896862,-0.026319258,0.05005637,0.08066599,0.046308555,-0.016067443,-0.057921827,-0.03758747,0.03177081,0.09596341,0.10832707
-0.046443805,0.014295888,0.03418865,-0.0010038575,-0.052139185,-0.07197415,-0.040109165,0.04765816,0.123147905,0.15102704,0.12140814,0.06821415,0.037532695,0.062110987,0.13120921,0.18542065,0.1928201,0.13727657,0.055686366,-0.001908949,0.00042993785,0.047238313,0.08860597,0.083752416
0.07601679,0.041473005,-0.020266233,-0.052000392,-0.015454704,0.07057113,0.1635521,0.20292443,0.17348948,0.11003503,0.07162281,0.09206073,0.16110747,0.22865632,0.24402134,0.18778732,0.0966699,0.03221668,0.028394116,0.07567396,0.12516302,0.12618423,0.060668357,-0.03231416
0.05846506,0.05708251,0.012890669,-0.05546538,-0.10340137,-0.11157813,-0.07982107,-0.044926643,-0.044743244,-0.08635761,-0.14423999,-0.17762187,-0.16727577,-0.11614869,-0.063770026,-0.04096423,-0.061146975,-0.100456215,-0.11554234,-0.08486961,-0.021370566,0.040523544,0.06703148,0.04781156
-0.11216928,-0.14205398,-0.13276675,-0.09003935,-0.048214808,-0.033188015,-0.051900774,-0.08039083,-0.0906195,-0.062312007,-0.00541721,0.04541832,0.068757035,0.053003676,0.02063769,0.0026884426,0.02111061,0.06458692,0.10026157,0.0998789,0.062377002,0.009693902,-0.02943214,-0.03190772
0.008823431,-0.04077559,-0.025392449,0.04486197,0.10713554,0.11307514,0.049145307,-0.058391828,-0.124502145,-0.12100303,-0.05830551,0.00146988,0.010380935,-0.05170368,-0.14620595,-0.19844677,-0.17818262,-0.093683735,-0.0066121602,0.023865014,-0.018398166,-0.09291731,-0.13040785,-0.095410705
0.14197189,0.1124131,0.055487424,0.017059075,0.03045986,0.079383545,0.13743626,0.14546764,0.10246868,0.02927814,-0.024595238,-0.024935003,0.017340265,0.06490984,0.07244109,0.029342012,-0.044079263,-0.092753924,-0.08573159,-0.028670259,0.034213994,0.057347126,0.026701795,-0.029348433
0.056048878,0.1172695,0.12412382,0.06396112,-0.018113667,-0.076045714,-0.074618086,-0.017608076,0.03466707,0.03382102,-0.029417787,-0.11027623,-0.16232453,-0.1467733,-0.076952085,-0.009664815,0.0059127277,-0.03946593,-0.10614259,-0.14022823,-0.105168626,-0.018690761,0.063839324,0.09011878
-0.0862649,-0.12475769,-0.11222151,-0.05476359,0.0043269712,0.027605537,0.0034436653,-0.045667727,-0.07180611,-0.04820731,0.014351202,0.07527241,0.10074904,0.07436134,0.021901267,-0.013322412,-0.0016679558,0.046684626,0.09329636,0.10184713,0.06179241,-0.0049174116,-0.055996895,-0.058445286
-0.010815345,-0.040347703,0.0012255923,0.1046591,0.20209108,0.24443941,0.21577859,0.140558,0.09769257,0.11945428,0.19584881,0.26452175,0.27673995,0.21042816,0.10597096,0.030989945,0.022775043,0.07663268,0.13057037,0.12782526,0.05328054,-0.052379258,-0.12367862,-0.11600967
-0.13620804,-0.13419273,-0.08807923,-0.040327474,-0.03922645,-0.08702128,-0.16280067,-0.20832479,-0.19490255,-0.13131703,-0.065522164,-0.043885555,-0.07333088,-0.12816444,-0.15835458,-0.12992783,-0.052712157,0.022507507,0.050682615,0.019655,-0.039812416,-0.076618865,-0.05780443,0.003434087
0.17794645,0.2163679,0.17700136,0.09725498,0.050535806,0.072238125,0.1567943,0.23982076,0.25769997,0.19324178,0.08819532,0.017985951,0.01683753,0.08153657,0.14990988,0.15610516,0.08115673,-0.027685288,-0.100525655,-0.0899104,-0.013071333,0.06925554,0.09457533,0.044151288
-0.09085151,-0.13376032,-0.10921198,-0.029897803,0.043612953,0.06664802,0.024762753,-0.046600144,-0.081513725,-0.050032362,0.032006145,0.10415658,0.12565713,0.078211084,0.001744428,-0.043867074,-0.022940848,0.04761411,0.11035269,0.115317956,0.05553188,-0.032774027,-0.09023646,-0.07942852
-0.0921678,-0.11056154,-0.090643175,-0.047863666,-0.010854664,-0.004456817,-0.030323634,-0.06107513,-0.06698466,-0.03747835,0.012554975,0.05279655,0.064696155,0.040820155,0.00813274,-0.0048538116,0.012849476,0.051862158,0.08183444,0.077693544,0.038229395,-0.009957295,-0.03750814,-0.030558005
-0.16714567,-0.0981885,-0.020897545,0.0011674521,-0.042459793,-0.111515,-0.16030186,-0.122908644,-0.032182727,0.0608335,0.09623436,0.060891278,-0.0050812196,-0.043761846,-0.011085972,0.06763025,0.14776453,0.16436031,0.10609708,0.011973056,-0.04875793,-0.041634306,0.018356826,0.07795969
0.07280623,0.004063197,-0.093072385,-0.16212589,-0.1594547,-0.10616766,-0.045433365,-0.042871553,-0.101674125,-0.18730614,-0.23740731,-0.21578819,-0.13634191,-0.05280648,-0.025787167,-0.060448553,-0.125684,-0.15576771,-0.11512127,-0.018490018,0.07114796,0.10039297,0.06039,-0.0111754285
-0.11741955,-0.07004155,-0.015715271,0.006186105,-0.01608752,-0.06179426,-0.09495648,-0.06783452,-0.0069556427,0.05804455,0.08860745,0.06963939,0.02529666,-0.007067924,0.008737352,0.058230467,0.111946166,0.12724972,0.0918314,0.022297101,-0.029027034,-0.02971555,0.007260934,0.047525413
0.08531521,0.04213021,0.011119522,0.019717012,0.05407143,0.081304476,0.081402354,0.0335643,-0.02512109,-0.06615199,-0.06762458,-0.03897159,-0.011246668,-0.011833494,-0.05025967,-0.09772115,-0.12513846,-0.109640114,-0.06312021,-0.014924039,0.005728563,-0.011256959,-0.044282876,-0.059268292
-0.047120277,-0.1294813,-0.17825331,-0.15198119,-0.06414377,0.025795,0.06381723,0.029616805,-0.03229631,-0.062436454,-0.022956612,0.06577082,0.1580789,0.18661764,0.14371574,0.06532711,0.013572102,0.031733572,0.09931814,0.16093905,0.16098623,0.09089941,-0.012681482,-0.08587218
0.04149274,-0.03529954,-0.073136665,-0.030968044,0.06769226,0.15660544,0.18804073,0.1332196,0.054074463,0.010183257,0.041261178,0.12303221,0.19931845,0.20605457,0.13630123,0.03829033,-0.026672026,-0.011674774,0.059033096,0.12335314,0.12209821,0.04801805,-0.054597873,-0.11541246
0.065504715,0.03421725,-0.018825088,-0.04964604,-0.024853898,0.040121306,0.10649162,0.12626062,0.096883036,0.04461169,0.010897518,0.027587261,0.082468644,0.1357604,0.14842339,0.10705919,0.03833028,-0.0077708084,-0.0046307794,0.042867143,0.08719067,0.09055298,0.04434166,-0.024934622
0.03919497,-0.006092734,-0.078157656,-0.1270983,-0.11127376,-0.04667407,0.02516778,0.0519635,0.019036055,-0.04104082,-0.077351615,-0.056056645,0.013764915,0.08630939,0.113310814,0.07844512,0.012017044,-0.032650385,-0.01988518,0.041944288,0.10212491,0.11507818,0.06730024,-0.011532989
0.024041414,-0.02111331,-0.0058445907,0.06803507,0.14175852,0.1634368,0.11632239,0.021370672,-0.042947948,-0.041171208,0.018703792,0.08062807,0.09136872,0.032800414,-0.062006094,-0.12522173,-0.11975582,-0.05337875,0.021177249,0.046390615,0.0038297945,-0.0740144,-0.122924045,-0.10327287
0.14033875,0.10417741,0.08093871,0.10075837,0.14380373,0.17540611,0.17752703,0.12181008,0.054926977,0.0055313925,-0.0023324843,0.021956196,0.041149262,0.028430764,-0.027143456,-0.088891484,-0.13014533,-0.1197057,-0.07392963,-0.025832253,-0.010577314,-0.03319255,-0.06806833,-0.07836915
-0.03216014,-0.03844543,-0.09143929,-0.16617002,-0.20648204,-0.19121604,-0.13391536,-0.06753407,-0.045479473,-0.07141598,-0.11704008,-0.13568917,-0.10095419,-0.024342539,0.05241978,0.08033845,0.05705063,0.00742474,-0.022051502,-0.0026210258,0.055788755,0.10993319,0.115990594,0.06649702
0.0110761775,0.02924737,0.010520816,-0.028569523,-0.051314343,-0.032004453,0.024883796,0.088960834,0.1164518,0.10127468,0.06345666,0.03868137,0.05049757,0.094828814,0.14176421,0.15367688,0.12179003,0.066352695,0.022843113,0.016898165,0.04245882,0.07421883,0.0761191,0.039052878
0.21531145,0.17982319,0.10519458,0.05008617,0.059318867,0.116718315,0.18593906,0.18952958,0.1275559,0.026440907,-0.050521143,-0.058577552,-0.01252896,0.04494929,0.05174619,-0.0034013563,-0.096341796,-0.15832214,-0.1463052,-0.067077845,0.019460153,0.054859187,0.025066122,-0.03832575
-0.21032065,-0.19854692,-0.1234006,-0.046001643,-0.02289838,-0.06197678,-0.13991846,-0.17678176,-0.14135003,-0.04674456,0.048310366,0.08359362,0.05379337,-0.013361291,-0.05179401,-0.0256679,0.05629666,0.13466662,0.15330297,0.09561644,0.0020800724,-0.064570196,-0.062509455,-0.0034828538
0.034107506,-0.00424335,0.0039952667,0.05812322,0.11104432,0.12289648,0.08323436,0.003074988,-0.052460033,-0.058543768,-0.017593144,0.027445354,0.03633765,-0.008332664,-0.08350829,-0.13240506,-0.1294196,-0.07416088,-0.01033775,0.016503975,-0.01051805,-0.066188045,-0.10049554,-0.080847494
0.043126024,0.10253541,0.10884835,0.04385614,-0.048517376,-0.11719268,-0.1245795,-0.07117302,-0.018665828,-0.016240634,-0.07820848,-0.16119292,-0.21704195,-0.2010171,-0.12718424,-0.050466,-0.022665063,-0.062215146,-0.12585297,-0.15663056,-0.11717179,-0.025692608,0.06503088,0.098933734
-0.04930706,-0.018764038,-0.023271518,-0.0703469,-0.12476853,-0.15023352,-0.13314591,-0.074723996,-0.026813276,-0.015347564,-0.04489787,-0.08419134,-0.096685015,-0.06329228,0.0015025241,0.0542399,0.06834668,0.036262754,-0.010289302,-0.032054473,-0.009978788,0.04009953,0.079770274,0.07700226
-0.029602434,-0.010809793,0.053894877,0.12515843,0.14363416,0.10346118,0.026345022,-0.03465849,-0.034838997,0.017783713,0.07606262,0.08780608,0.03609005,-0.04915293,-0.11280675,-0.11099493,-0.05282283,0.01466499,0.03807233,-0.002129733,-0.07607231,-0.12460319,-0.10666937,-0.033756714
0.017130436,-0.023132915,1.7091585e-05,0.0812242,0.14901198,0.16369984,0.111796685,0.013936398,-0.046444897,-0.037191313,0.02673905,0.085135356,0.08870799,0.023119744,-0.075887546,-0.13404866,-0.11889433,-0.045152023,0.026592586,0.045305967,-0.00557608,-0.08657399,-0.13063318,-0.10090699
0.05777804,0.12074592,0.13734542,0.10255433,0.04668557,0.016440513,0.036427088,0.099052556,0.14964157,0.15476096,0.107148856,0.040679578,-0.0063155647,0.00020323331,0.04898661,0.092142016,0.094000615,0.043055728,-0.027993765,-0.073361665,-0.062069077,-0.0051311166,0.050681416,0.06353568
0.062685914,-0.003990255,-0.050280344,-0.042543106,0.0068732174,0.050400957,0.056371335,0.00016442755,-0.07381169,-0.12238352,-0.11431924,-0.06398836,-0.012468305,-0.0031742211,-0.046784747,-0.106752776,-0.14125796,-0.11913643,-0.05171141,0.016111668,0.041126445,0.011656617,-0.041946635,-0.072671905
-0.009063234,-0.070854984,-0.11828038,-0.12701264,-0.102653295,-0.07622023,-0.07371921,-0.11227012,-0.1639991,-0.19714966,-0.18732293,-0.14368032,-0.092881456,-0.06847743,-0.08562574,-0.11631112,-0.13047817,-0.10330689,-0.043229446,0.01809559,0.04531809,0.028782113,-0.009053897,-0.0332558
0.10999573,0.03551615,-0.020054989,-0.011078073,0.046780083,0.10309302,0.11565878,0.046647977,-0.045517825,-0.111034445,-0.11116251,-0.057173695,0.0006024649,0.011170262,-0.045583714,-0.12315513,-0.17407717,-0.15267153,-0.075278275,0.009013126,0.0402721,0.0056554163,-0.05677954,-0.09209969
0.03834532,0.08276399,0.083016865,0.02405619,-0.054558765,-0.11009331,-0.1170274,-0.07729087,-0.038581353,-0.04097528,-0.0941835,-0.16171761,-0.20418988,-0.18777703,-0.12627126,-0.06321132,-0.04080865,-0.070918106,-0.11732129,-0.13459153,-0.097745135,-0.021827167,0.053629678,0.08176077
-0.1354254,-0.08232558,-0.026886098,-0.025141284,-0.08669495,-0.17141163,-0.2334645,-0.21514578,-0.14665446,-0.073176675,-0.050478548,-0.089073986,-0.15323883,-0.18567999,-0.15106867,-0.06652412,0.022169657,0.0514543,0.0152141135,-0.050941184,-0.08684615,-0.061300468,0.01305233,0.082440935
0.032648712,-0.009689676,-0.0017132043,0.05155998,0.092108585,0.0858456,0.028529145,-0.06562017,-0.12564792,-0.1288162,-0.08258487,-0.039870694,-0.04019606,-0.095116764,-0.17442416,-0.21371555,-0.18974584,-0.11453198,-0.039897427,-0.013212726,-0.041673098,-0.09257746,-0.1132733,-0.07354321
0.10479167,0.06180714,-0.008965575,-0.046042867,-0.009858851,0.077611424,0.16907366,0.19652756,0.15233976,0.07694523,0.03265059,0.054984473,0.1273977,0.195023,0.20478658,0.14302477,0.047952205,-0.014227998,-0.0066904007,0.05613403,0.11419425,0.11709644,0.051910933,-0.04058484
0.05833294,0.13111861,0.15188348,0.10873603,0.03818003,-0.0058974433,0.009533385,0.07937031,0.14028321,0.14775915,0.091171235,0.010632593,-0.045651514,-0.036769208,0.024459833,0.08151125,0.08923856,0.032649618,-0.049469106,-0.100577556,-0.082193,-0.010490518,0.060060162,0.07937884
0.1344035,0.1604471,0.13984412,0.096365094,0.07088476,0.085355215,0.13804144,0.18639457,0.19355601,0.15031096,0.084036686,0.038254425,0.033229798,0.06680381,0.10132423,0.09893156,0.049093936,-0.020257061,-0.06632033,-0.061567698,-0.015716016,0.033174142,0.047563277,0.018227246
0.031630103,0.0013392568,0.01391122,0.06797534,0.11537294,0.12473144,0.08689328,0.013381907,-0.03542576,-0.03518588,0.0052800286,0.04566612,0.04695727,0.0002336327,-0.071767,-0.11534244,-0.10766505,-0.056390364,-0.0018998219,0.017234987,-0.013621699,-0.06735321,-0.09632188,-0.07385308
0.0006838085,0.015103889,0.06004,0.10199143,0.094319195,0.0397122,-0.03746813,-0.096487254,-0.1025707,-0.06855268,-0.034022555,-0.03819399,-0.08985522,-0.15859321,-0.20324618,-0.1878362,-0.12778156,-0.06532269,-0.040570833,-0.063661784,-0.1070935,-0.125574,-0.088906266,-0.013530094
0.020273404,0.08903473,0.15365407,0.18004054,0.15469322,0.11081118,0.08459606,0.105253704,0.1548867,0.19702323,0.1985574,0.15142186,0.08138592,0.03170473,0.029815188,0.061647106,0.09290144,0.08649744,0.03418695,-0.038458996,-0.0828103,-0.07392451,-0.025333153,0.025446085
-0.1297964,-0.114308976,-0.09612888,-0.10443046,-0.1408248,-0.18842107,-0.22294809,-0.21020176,-0.17068575,-0.12712893,-0.10880416,-0.11924937,-0.13808137,-0.14014055,-0.10817321,-0.052893564,0.0021857822,0.025914242,0.014901674,-0.012130026,-0.024735907,-0.008237805,0.028026255,0.05779256
0.050129734,0.10702236,0.11086283,0.05220978,-0.030377965,-0.08849384,-0.087657146,-0.032398183,0.014929425,0.014619406,-0.04404127,-0.12017952,-0.17193848,-0.15595001,-0.08994277,-0.024153953,-0.0039621964,-0.045460794,-0.10690283,-0.13688436,-0.10187163,-0.018573822,0.061495684,0.08841052
0.037585642,-0.015409112,-0.039985735,-0.0047007645,0.076181896,0.15392038,0.19183812,0.16367985,0.10940261,0.074874975,0.09585214,0.15592368,0.21534608,0.2252687,0.17364608,0.09249373,0.03086743,0.026898822,0.069229096,0.11247823,0.11142766,0.05233623,-0.034341156,-0.0910249
-0.06923043,-0.121941894,-0.12002595,-0.06989992,-0.023442874,-0.019695971,-0.069908835,-0.14768349,-0.1939603,-0.18043974,-0.11589159,-0.05420731,-0.031874523,-0.067777455,-0.1304243,-0.16085862,-0.13045122,-0.051151928,0.026205549,0.051999442,0.01728602,-0.044147044,-0.08011452,-0.05916026
-0.049314532,0.006234527,0.028530557,-0.00036696522,-0.05204558,-0.08364339,-0.066191934,0.005558564,0.07272082,0.10226634,0.07760485,0.028694127,-0.004303247,0.0109536005,0.070818566,0.12791656,0.14441468,0.10206221,0.03289924,-0.017680297,-0.01824143,0.026509214,0.072165735,0.07794314
-0.023649942,0.03706881,0.06172716,0.03620668,-0.00858751,-0.02854739,-0.0021966642,0.07311624,0.13987303,0.1644052,0.13678937,0.08576686,0.051958196,0.06503997,0.118759364,0.16493987,0.16916311,0.12106124,0.048663173,-0.0059073633,-0.012021426,0.026474625,0.06679766,0.06948061
0.01801722,0.029047424,0.004564107,-0.0325312,-0.04240039,-0.01059178,0.053213295,0.11714037,0.13769545,0.11634882,0.079348125,0.062569134,0.08362366,0.13252679,0.17625734,0.17625064,0.13324352,0.0720359,0.031443723,0.031093018,0.0610633,0.088071816,0.07693832,0.02691623
-0.10731345,-0.080426715,-0.052467853,-0.05277714,-0.091956764,-0.13948312,-0.17016746,-0.15310141,-0.10955383,-0.06252721,-0.043101963,-0.060455415,-0.093396716,-0.10570998,-0.08250444,-0.030503446,0.02619962,0.04850844,0.029453801,-0.010125831,-0.03419783,-0.022402447,0.017371269,0.057023257
0.07869358,0.024114806,-0.007883516,0.013358565,0.070893474,0.12568067,0.13970463,0.087501004,0.018888263,-0.024491655,-0.01505114,0.032349963,0.07645887,0.07870981,0.025363227,-0.044372518,-0.087921835,-0.07516635,-0.019994564,0.037951004,0.050584123,0.007966203,-0.052165315,-0.08362773
0.19406167,0.23448752,0.2074737,0.14767878,0.112149075,0.12724961,0.1924747,0.25420782,0.26359844,0.2065835,0.11386779,0.049311675,0.035064563,0.07549357,0.12185977,0.12073668,0.05511013,-0.037884288,-0.101994246,-0.09777137,-0.036742087,0.033501584,0.06039023,0.0260064
-0.124706864,-0.18187588,-0.16377278,-0.07974872,0.007087342,0.04400585,0.0077058948,-0.06665763,-0.107134715,-0.07249503,0.022912975,0.1139088,0.1511951,0.10819054,0.027326988,-0.026015239,-0.006495283,0.06994601,0.14369099,0.15564515,0.09050716,-0.012438414,-0.08692754,-0.08734857
-0.13356224,-0.08822118,-0.03738092,-0.030321537,-0.077210836,-0.14693142,-0.20091183,-0.1858255,-0.12486491,-0.056287937,-0.030856876,-0.05837949,-0.11113043,-0.13998806,-0.112630114,-0.041488368,0.034340594,0.06193503,0.03194036,-0.026625654,-0.06398318,-0.049056925,0.010158588,0.06831329
-0.09350934,-0.046552338,0.0071120476,0.03000844,0.011110008,-0.028019508,-0.06059518,-0.040248852,0.013494136,0.07426101,0.10261638,0.08399208,0.037890386,0.002466142,0.011752767,0.053730924,0.10323394,0.11685325,0.08308572,0.018394956,-0.03202507,-0.03692321,-0.0018827296,0.038254246
0.0025013355,0.030459005,0.055141628,0.05329161,0.012791053,-0.04496039,-0.09047507,-0.101496086,-0.084181316,-0.062198494,-0.06374744,-0.0946003,-0.14249489,-0.17184544,-0.16679627,-0.12688503,-0.079549946,-0.056818716,-0.06567905,-0.089914285,-0.0990725,-0.07433245,-0.020411456,0.03386427
0.015382943,-0.055019803,-0.10146001,-0.09569475,-0.051607873,-0.012034737,-0.01028758,-0.06454744,-0.13089165,-0.16971034,-0.15366618,-0.09943135,-0.042913612,-0.027401876,-0.06306457,-0.11316365,-0.13649555,-0.105798684,-0.036655873,0.030122269,0.053351972,0.022055734,-0.031214815,-0.06075652
-0.15260562,-0.122681916,-0.083138674,-0.0781241,-0.118301295,-0.18006527,-0.22940521,-0.21800643,-0.16525276,-0.1016183,-0.07133391,-0.08596855,-0.12261463,-0.1428071,-0.11622431,-0.050309565,0.02190353,0.054645084,0.037440162,-0.008664625,-0.041942857,-0.03216617,0.015236937,0.06382207
0.04080109,0.0555605,0.03299972,-0.005068754,-0.022069162,0.0051221596,0.06692221,0.1270128,0.14595966,0.12139017,0.0784185,0.053841032,0.0676753,0.113740884,0.1553169,0.15632887,0.11468145,0.053503223,0.010480619,0.010880102,0.043793,0.07469863,0.070187904,0.027640317
-0.05024803,-0.11267425,-0.15068771,-0.1380308,-0.0826069,-0.028336175,-0.009132212,-0.035373,-0.078867435,-0.0991844,-0.070477664,-0.00786601,0.058738105,0.08205168,0.057863373,0.010781583,-0.017388428,0.0012246409,0.053829983,0.10099494,0.10674512,0.063663095,-0.004038475,-0.05256871
0.11478785,0.13958845,0.108561434,0.048142828,0.008180534,0.015778879,0.071603924,0.12989871,0.14292112,0.09872543,0.02464657,-0.025600895,-0.027019877,0.020783763,0.07344329,0.08488848,0.039541047,-0.033258792,-0.08284221,-0.07363229,-0.015631234,0.048269507,0.07119168,0.038900893
-0.04155636,0.02841991,0.04356461,-0.0102511905,-0.08766192,-0.12743856,-0.099776395,-0.0022328673,0.08137906,0.10819802,0.06526245,-0.005307436,-0.047131065,-0.017742716,0.06870641,0.143812,0.16343987,0.10612583,0.016699482,-0.043712568,-0.03111756,0.03914784,0.10429876,0.1100749
0.027796501,0.045597617,0.010988598,-0.044133235,-0.06342334,-0.025575452,0.057491332,0.14281742,0.1718575,0.14313403,0.08851618,0.061881624,0.08723033,0.15335515,0.21649721,0.22220837,0.16659895,0.08485577,0.028681943,0.02877819,0.07110061,0.11363457,0.10626212,0.042471174
-0.05051171,-0.1273316,-0.17231624,-0.15292886,-0.078284696,-0.0012834849,0.03154241,0.0014800689,-0.052612215,-0.08033315,-0.04628876,0.031990476,0.11629131,0.14701319,0.113647535,0.047122154,0.0026565655,0.017868448,0.078524254,0.13704541,0.14425331,0.085654676,-0.006052173,-0.071649656
-0.05429263,-0.016676255,0.0729385,0.15965553,0.18392913,0.1432685,0.067481115,0.021614783,0.043830827,0.11567892,0.18312395,0.18930428,0.12658878,0.030821094,-0.032051973,-0.026165761,0.033789355,0.09204597,0.09495571,0.027588373,-0.06582382,-0.12299535,-0.10580705,-0.031006634
0.11539387,0.047097623,0.007286784,0.033819098,0.103410944,0.16223411,0.17206134,0.09783505,0.0073826923,-0.051533584,-0.04465078,0.011627697,0.06396693,0.061035726,-0.009309487,-0.094110616,-0.14877552,-0.12751427,-0.052456774,0.023948876,0.040688295,-0.007077699,-0.07490735,-0.10627272
-0.026511623,-0.06871551,-0.122056365,-0.15282704,-0.13761589,-0.08959458,-0.039674096,-0.021894736,-0.042439174,-0.075205475,-0.088367864,-0.060051978,0.0009803349,0.059404593,0.08133697,0.060149733,0.020160193,-0.0025584658,0.012238385,0.059312705,0.09868399,0.09950499,0.056328945,-0.004591052
-0.120862454,-0.07837714,-0.020590033,0.010789915,0.0031956702,-0.024399964,-0.046764243,-0.02148588,0.03686532,0.10148829,0.1364955,0.1266198,0.09217691,0.06282994,0.07090026,0.106827505,0.14735785,0.15628314,0.12056896,0.055851765,0.00095345074,-0.01562629,0.0035517046,0.032540597
-0.13762078,-0.11409282,-0.08457739,-0.08431809,-0.12159149,-0.17443779,-0.21568461,-0.20474796,-0.15914512,-0.10464003,-0.07934321,-0.09131401,-0.12040302,-0.13376945,-0.106925175,-0.04792062,0.016000913,0.045231264,0.03060579,-0.0074493666,-0.033234607,-0.022339523,0.019023193,0.05922977
-0.056636754,-0.103255816,-0.09641999,-0.042187862,0.0093887225,0.016681656,-0.029544828,-0.10292448,-0.14694491,-0.13310744,-0.0708395,-0.011201179,0.007624645,-0.030564725,-0.09499955,-0.1295778,-0.105971284,-0.03555259,0.034501556,0.055590127,0.019030947,-0.04340115,-0.081527755,-0.06395246
-0.0627494,-0.118263446,-0.12593155,-0.08324598,-0.03649372,-0.023717048,-0.06170324,-0.13152038,-0.17932151,-0.17193003,-0.11385246,-0.05136812,-0.022991138,-0.04745322,-0.1036766,-0.13770775,-0.11568485,-0.046591822,0.026163528,0.057024125,0.03187216,-0.025367346,-0.06662541,-0.05722074
0.04479157,0.06224524,0.028458428,-0.025985617,-0.04762055,-0.0144318575,0.060368754,0.13509724,0.15875296,0.12816148,0.07208193,0.042983685,0.06309298,0.12316798,0.18148108,0.18691775,0.13534969,0.059232805,0.006806353,0.009655358,0.053359482,0.09701728,0.09494584,0.038968895
0.049995583,-0.017791908,-0.053693008,-0.017983781,0.06628418,0.14561687,0.17393024,0.12479788,0.051506296,0.010111588,0.03497792,0.104561664,0.16875759,0.17616281,0.114019156,0.025387922,-0.030683653,-0.019569628,0.040638573,0.099381916,0.10389792,0.040577482,-0.049446423,-0.1033226
0.1350379,0.08602136,0.052756004,0.07206432,0.12694083,0.17886145,0.19456807,0.13927877,0.063797295,0.007056433,0.0033571194,0.040263627,0.076840654,0.072971664,0.0134717,-0.061834816,-0.1146935,-0.10597786,-0.05132176,0.0075131874,0.023760572,-0.010807994,-0.06391593,-0.08977942
-0.015108488,-0.07613404,-0.11812956,-0.10750285,-0.053361602,0.0063508307,0.0338895,0.006793136,-0.042650122,-0.07084095,-0.050093815,0.009351768,0.07297002,0.0958093,0.06722531,0.01390422,-0.021667946,-0.008681225,0.04170194,0.09259564,0.10101861,0.059474308,-0.007919237,-0.05643955
0.03954257,-0.028400473,-0.06554434,-0.031123329,0.059479423,0.14746302,0.18494289,0.14297055,0.07352604,0.031009737,0.054511927,0.12744813,0.2009306,0.21398595,0.1556895,0.06482879,-0.0019721284,0.0029659274,0.061657175,0.120781966,0.122720465,0.056545373,-0.040095877,-0.10393682
-0.098185934,-0.07038657,-0.06576683,-0.1037207,-0.1582613,-0.1960368,-0.19708961,-0.14846672,-0.095712654,-0.066449784,-0.077920474,-0.10854034,-0.12505478,-0.10183658,-0.04052268,0.022309203,0.057290696,0.043903682,0.005374463,-0.022429831,-0.013495999,0.028518798,0.0720554,0.08247961
0.07954883,0.13440755,0.15604886,0.13593109,0.09617521,0.07050306,0.085826434,0.13187903,0.1699744,0.16984433,0.12682003,0.068117104,0.023963768,0.021484887,0.053056583,0.081268296,0.07540912,0.02697131,-0.035143726,-0.07379818,-0.06301855,-0.016634032,0.02751802,0.03980058
0.0055606025,-0.06361562,-0.109452195,-0.10369496,-0.05953897,-0.017159637,-0.008248808,-0.054888368,-0.11669662,-0.15437786,-0.13807407,-0.083166055,-0.024143519,-0.004603701,-0.037942108,-0.08768948,-0.11455565,-0.08758127,-0.021291537,0.043556046,0.06454905,0.031875744,-0.024370909,-0.057046067
0.013805689,0.020637609,-0.027634261,-0.10363272,-0.14406681,-0.12402747,-0.05647808,0.01853419,0.042570014,0.008404046,-0.05338716,-0.085256025,-0.05718616,0.020256368,0.09831692,0.121022046,0.081369534,0.0108608985,-0.034327343,-0.017138574,0.047257498,0.10794635,0.11617464,0.06062105
-0.07180311,-0.0069329757,0.019176872,-0.011263197,-0.06230755,-0.08486701,-0.054605503,0.038360246,0.12256307,0.1600193,0.1374636,0.08527938,0.05304118,0.07466638,0.1454222,0.20473942,0.21813971,0.1661554,0.081201956,0.013631553,0.006274034,0.049672514,0.09165578,0.089055814
-0.048737302,-0.09297391,-0.06727755,0.021039845,0.104427285,0.13063015,0.08579731,0.00053961633,-0.047897294,-0.025385633,0.053645715,0.12787898,0.14609274,0.08967938,-0.0033215606,-0.06275359,-0.05155915,0.020668725,0.090883136,0.10275346,0.04188469,-0.051832296,-0.1130382,-0.09882166
0.1638099,0.15541992,0.13079496,0.121562295,0.13948841,0.17082831,0.20341913,0.19621775,0.15799889,0.1028983,0.06210919,0.05394356,0.064761624,0.07486435,0.05772325,0.014363747,-0.042996116,-0.07825203,-0.07600928,-0.04378997,-0.009661213,0.0008945322,-0.016877173,-0.04327966
-0.11016221,-0.0832041,-0.055024825,-0.05656408,-0.0915421,-0.13982294,-0.17563418,-0.1623676,-0.11997192,-0.07283412,-0.054732975,-0.07016966,-0.100417994,-0.11382161,-0.08907722,-0.035895213,0.018060012,0.039697196,0.023227202,-0.013012545,-0.03671266,-0.024102775,0.016851377,0.05388798
-0.09225433,-0.12402132,-0.10770564,-0.053920552,-0.0041059526,0.009870084,-0.019950787,-0.06534523,-0.084404975,-0.05608713,0.0065072193,0.060423948,0.07855883,0.048184466,0.0005833483,-0.025046648,-0.0043169404,0.047741953,0.09147004,0.09191081,0.047869638,-0.01355286,-0.053743694,-0.047600977
0.07721958,0.082534395,0.03719623,-0.03536519,-0.084882036,-0.08517879,-0.041735295,0.0027633428,0.007991748,-0.036226057,-0.103578694,-0.14412071,-0.13599458,-0.07854011,-0.019602638,0.0008840836,-0.027892778,-0.081442244,-0.11156694,-0.08511677,-0.015524687,0.051458303,0.077225246,0.050777797
-0.13442117,-0.0928815,-0.053315137,-0.061300278,-0.117492884,-0.18566754,-0.23023403,-0.20638397,-0.14426392,-0.08293159,-0.06511956,-0.09570016,-0.14183773,-0.15910912,-0.12038407,-0.044309877,0.02897107,0.05242594,0.022672018,-0.030513242,-0.05876092,-0.034539517,0.027430898,0.08076774
-0.07847773,-0.13241158,-0.13318162,-0.08677689,-0.044194948,-0.04264845,-0.09396373,-0.17199916,-0.21717498,-0.20206065,-0.13840134,-0.076608114,-0.053233214,-0.085982226,-0.1441885,-0.17005883,-0.13632268,-0.05578631,0.021194825,0.04902932,0.01702261,-0.041421425,-0.074861445,-0.0537567
-0.047208164,-0.04236693,0.009434746,0.07013187,0.08223948,0.036808446,-0.044061717,-0.108682096,-0.1142396,-0.06691268,-0.009242698,0.0059607546,-0.036159564,-0.10993482,-0.16489865,-0.1577675,-0.09311415,-0.019873213,0.01235846,-0.016024817,-0.07410094,-0.11390159,-0.09613502,-0.026515894
-0.033631176,0.039196946,0.0612045,0.016131088,-0.049768593,-0.083134025,-0.057105422,0.036615245,0.11986951,0.1483342,0.1085393,0.04031928,-0.0017593496,0.020641826,0.100131445,0.16754405,0.18111473,0.12244643,0.031956118,-0.032892488,-0.027334234,0.03489363,0.09455265,0.09804646
0.08301024,0.016278585,-0.07870553,-0.14375207,-0.13873845,-0.08862393,-0.03452562,-0.037417334,-0.098482415,-0.18190579,-0.23023365,-0.20881857,-0.13535129,-0.059567653,-0.03659895,-0.07211693,-0.13311116,-0.16021329,-0.120152116,-0.027664725,0.059629235,0.08943322,0.052360617,-0.015228558
0.022234019,-0.056404363,-0.115437366,-0.11798518,-0.073835835,-0.025872838,-0.012366316,-0.06339306,-0.13603412,-0.18519847,-0.17477573,-0.11668945,-0.049828608,-0.023072608,-0.0561,-0.11106143,-0.14384837,-0.1171134,-0.042888556,0.035239138,0.06676658,0.037460323,-0.021958653,-0.060302883
-0.049167685,-0.008331878,0.002207845,-0.024010273,-0.058351386,-0.06945535,-0.042918976,0.02280676,0.07727522,0.097379014,0.077593565,0.044289038,0.029962217,0.05164647,0.10301199,0.14246964,0.14493187,0.10673069,0.051881358,0.013332734,0.012116187,0.043389846,0.069436096,0.060809962
-0.022746254,-0.049775902,-0.019956108,0.06250362,0.1366837,0.16641791,0.14157443,0.08157481,0.04655356,0.06602828,0.12994465,0.18711253,0.19712088,0.14777529,0.06564416,0.008618292,0.008494699,0.056007553,0.10108156,0.10077085,0.044036698,-0.03885404,-0.09581152,-0.08843957
0.06247631,0.12552519,0.14592819,0.1159296,0.067031324,0.040431775,0.0614295,0.122295216,0.17271817,0.17625298,0.128099,0.0626734,0.017938877,0.024164466,0.069752455,0.1076135,0.10187963,0.04771177,-0.023870084,-0.06856762,-0.0574994,-0.004145768,0.046498574,0.05645804
0.12980686,0.16048339,0.13160336,0.071808435,0.034734916,0.04947104,0.113457255,0.17779215,0.1929665,0.1473684,0.06943862,0.016657645,0.013358178,0.060940184,0.11289509,0.11991506,0.06639227,-0.01537464,-0.071849644,-0.06603032,-0.0105569735,0.05166727,0.07258556,0.03631201
0.02096068,0.059863456,0.07104734,0.041948576,-0.004556687,-0.041874286,-0.04832725,-0.018252406,0.015384235,0.02354477,-0.0064835385,-0.05222646,-0.088189624,-0.08633525,-0.048564494,-0.0068311607,0.009834815,-0.012095884,-0.051966447,-0.077944204,-0.064896844,-0.0188919,0.03136515,0.052327625
-0.13469516,-0.11975312,-0.06654247,-0.010257278,0.013652072,0.0015502684,-0.031252533,-0.037831288,-0.007033221,0.05533278,0.11620289,0.13897412,0.12199379,0.0824856,0.05809092,0.06708298,0.106381476,0.14135161,0.13998437,0.09286549,0.026780024,-0.021758439,-0.03158573,-0.006320421
0.1098188,0.069778204,-0.0011717358,-0.03991355,-0.002219929,0.08799401,0.18308647,0.21551985,0.17436035,0.09674682,0.047360644,0.06636944,0.13992286,0.2124295,0.22661673,0.16347277,0.061799537,-0.0076569556,-0.0063916896,0.055135865,0.117955774,0.12426576,0.057585716,-0.040475305
-0.00086414325,-0.058459938,-0.09702616,-0.09573982,-0.06206495,-0.035456926,-0.038043138,-0.08084685,-0.13295041,-0.16261716,-0.14923118,-0.104383744,-0.057802517,-0.043551542,-0.06806501,-0.10318544,-0.11927083,-0.09343686,-0.03515893,0.020494394,0.04084036,0.01915726,-0.020662589,-0.044118013
0.04849607,-0.0024796694,-0.034239706,-0.0107122855,0.05843556,0.13101834,0.16672644,0.13883577,0.08291227,0.043678965,0.05609092,0.10919694,0.16598126,0.18015319,0.13525254,0.060596544,0.0021836183,-0.00076176366,0.0422038,0.09050364,0.0965962,0.04722495,-0.029051628,-0.08233462
0.15674478,0.11492124,0.046325326,0.009251719,0.03464447,0.09641156,0.15960635,0.15846181,0.09964793,0.014497751,-0.040022977,-0.02933706,0.026403517,0.07835637,0.07667249,0.019100225,-0.066791944,-0.11236382,-0.09132687,-0.018641336,0.047704794,0.06343406,0.019841159,-0.046245683
0.0329408,-0.035309426,-0.0878303,-0.08986015,-0.04716197,-0.002043755,0.011775099,-0.032745928,-0.098169655,-0.14403422,-0.13814837,-0.08808869,-0.028888537,-0.006151565,-0.0348847,-0.08624829,-0.11968663,-0.101957776,-0.040396392,0.02760277,0.058199827,0.0345669,-0.019249594,-0.057856098
-0.039981365,-0.012755779,0.048276305,0.10368222,0.11830168,0.08974087,0.0381256,0.009312795,0.026532697,0.07506554,0.11988313,0.12287259,0.08064338,0.016033178,-0.024340661,-0.017880341,0.02207069,0.06173347,0.0652178,0.019372948,-0.04583543,-0.08379977,-0.069360234,-0.017424345
-0.05476724,-0.021985011,-0.018989826,-0.05742031,-0.10587539,-0.13188636,-0.12144056,-0.06884565,-0.020537278,-0.0028438375,-0.02447515,-0.059869025,-0.07620716,-0.05275529,0.0038529425,0.05447538,0.07180629,0.04674167,0.004022433,-0.022769863,-0.012483935,0.02887333,0.06808141,0.071563035
-0.06950157,-0.026626235,-0.010454321,-0.035644934,-0.06591342,-0.072698325,-0.042402513,0.031197142,0.09379385,0.11934691,0.10246553,0.07023648,0.05934074,0.084380135,0.1413803,0.18216987,0.18186638,0.13555941,0.07399823,0.031052211,0.02877226,0.057106845,0.078280605,0.062436987
-0.013636219,0.0013303066,0.055051815,0.10768625,0.10909925,0.055921137,-0.025649093,-0.088150576,-0.092279,-0.05074241,-0.007215253,-0.0057782023,-0.057912905,-0.13342927,-0.1842682,-0.1716943,-0.11029222,-0.04545251,-0.020072602,-0.04790865,-0.100144565,-0.1280524,-0.09670767,-0.020832736
-0.011752636,-0.054929294,-0.11377069,-0.15268295,-0.13911101,-0.08940085,-0.035089478,-0.011893146,-0.033526827,-0.07451893,-0.09430509,-0.070167065,-0.0063053393,0.05694171,0.08431477,0.062024135,0.016423156,-0.012672246,0.0013145759,0.05004755,0.097538546,0.10560168,0.0631093,-0.0030095691
-0.11983833,-0.123412244,-0.0892498,-0.051786542,-0.049729545,-0.08602293,-0.14666624,-0.18464857,-0.17587644,-0.12614319,-0.07152627,-0.050573256,-0.0687107,-0.10796059,-0.13173926,-0.110226795,-0.048955686,0.013525579,0.040639516,0.021088867,-0.023768952,-0.055557255,-0.044561066,0.0018499922
0.16695504,0.14435495,0.0973623,0.06955804,0.085977525,0.13204587,0.18100736,0.17794253,0.13105316,0.06026227,0.008364073,0.005262698,0.035645604,0.06846439,0.062481813,0.014509054,-0.056692608,-0.10003838,-0.09204356,-0.039021835,0.0144322505,0.030934146,0.004390341,-0.040125422
0.033580255,0.09600684,0.102103345,0.03550643,-0.06148216,-0.1332625,-0.13868321,-0.07934761,-0.020631414,-0.014437666,-0.07665022,-0.16222823,-0.21973732,-0.20248228,-0.1233076,-0.040895674,-0.009127582,-0.04843706,-0.117640845,-0.15500686,-0.11716494,-0.021523023,0.072612934,0.107513994
-0.06584494,-0.11186984,-0.10614376,-0.056941032,-0.01622238,-0.015961953,-0.063047215,-0.13403073,-0.1741803,-0.15816605,-0.09726659,-0.042060643,-0.025462633,-0.061412353,-0.12002947,-0.14578436,-0.11414575,-0.041049063,0.026946938,0.04699376,0.012611771,-0.04412331,-0.075444534,-0.052883692
0.022638282,-0.010240249,-0.0022198488,0.044392794,0.087504774,0.092242405,0.050361495,-0.02191004,-0.06984473,-0.07081934,-0.03080182,0.008483672,0.012385722,-0.031930324,-0.097215466,-0.13505106,-0.12281373,-0.06827501,-0.010321233,0.009376044,-0.01768496,-0.065266795,-0.0897971,-0.067274064
0.10052376,0.06017325,-0.005909018,-0.035088863,0.013219046,0.11138731,0.21059681,0.24390146,0.20385322,0.13085954,0.08887113,0.11473958,0.19152431,0.26002115,0.2681053,0.19878392,0.09353573,0.02334635,0.02390121,0.08086978,0.13409401,0.12987399,0.053962834,-0.0487478
-0.037432376,-0.018748684,0.04237669,0.11290434,0.13994883,0.11725004,0.06321516,0.022747543,0.029333254,0.079774566,0.13746904,0.15273783,0.11145585,0.03763003,-0.019767437,-0.025699258,0.017788732,0.06851606,0.08110193,0.035102695,-0.03851956,-0.090124376,-0.08720278,-0.03374902
0.045450266,0.09295228,0.10099448,0.05535672,-0.013718187,-0.06435418,-0.07042602,-0.032303575,0.0060800575,0.008028923,-0.037915416,-0.102133065,-0.14921202,-0.14218807,-0.091797195,-0.037194587,-0.01586314,-0.044955023,-0.09370265,-0.11957818,-0.09339528,-0.0275132,0.04150703,0.07107897
0.10246076,0.06546309,-0.0020703613,-0.04308779,-0.008468932,0.07889094,0.17208736,0.20643751,0.17055753,0.09619966,0.04713041,0.06349263,0.13543154,0.20613642,0.22394283,0.16600889,0.06702848,-0.0020753609,-0.0025755684,0.055077184,0.11491145,0.12246871,0.06022822,-0.034802638
0.014032391,-0.06372582,-0.12231468,-0.12551914,-0.085401386,-0.041982397,-0.03288658,-0.08582552,-0.15715733,-0.20230469,-0.19028273,-0.13244174,-0.06874654,-0.043143928,-0.07496696,-0.12530325,-0.1515763,-0.1207685,-0.046389326,0.030979468,0.06141749,0.033250824,-0.021867143,-0.055650916
0.08882107,0.09361269,0.04055347,-0.044208895,-0.10226281,-0.10992328,-0.06881858,-0.022864928,-0.019226762,-0.0706953,-0.14804138,-0.1951098,-0.18677428,-0.123968534,-0.05586164,-0.028890334,-0.057599306,-0.113843806,-0.14360088,-0.112017654,-0.030485692,0.050691385,0.08523515,0.058468927
-0.13816918,-0.07677768,-0.009710778,0.008428866,-0.028731009,-0.08409263,-0.11877018,-0.08152271,-0.0019925348,0.07569702,0.10243344,0.070379816,0.0153593635,-0.015077972,0.01408775,0.0801643,0.14245947,0.14975101,0.095972545,0.015850646,-0.035913344,-0.030063845,0.019353207,0.06653287
-0.018253105,-0.012231827,0.022322422,0.05542131,0.046134725,-0.005330888,-0.07753122,-0.13249794,-0.13833407,-0.10763871,-0.073548004,-0.07337947,-0.11426977,-0.17165259,-0.20787804,-0.19033127,-0.1315756,-0.06766691,-0.038495384,-0.055950284,-0.092686415,-0.10769147,-0.074537426,-0.005911695
-0.10337875,-0.102756806,-0.06996721,-0.03659075,-0.03547128,-0.07027803,-0.1225849,-0.15332893,-0.14217646,-0.09796576,-0.054118846,-0.038947307,-0.05623286,-0.08997705,-0.10807569,-0.08657674,-0.03580185,0.013875371,0.03228464,0.013630219,-0.024156516,-0.04814221,-0.036523134,0.0032846497
0.06647303,0.06633733,0.027278217,-0.029579243,-0.065367945,-0.071081534,-0.046040695,-0.01965027,-0.02279946,-0.060249,-0.112322435,-0.14083321,-0.13403799,-0.09334388,-0.050210457,-0.03447872,-0.054667864,-0.090737574,-0.10596814,-0.080926605,-0.024278516,0.031187508,0.053708464,0.034933984
-0.01864836,0.053291228,0.12509155,0.15309708,0.118496045,0.059796806,0.020463506,0.040783264,0.100111686,0.15638839,0.16682395,0.11864412,0.04128151,-0.011627859,-0.008802561,0.03721298,0.08700273,0.09165563,0.03894252,-0.04142301,-0.09149416,-0.08131856,-0.023341399,0.039690435
0.046255667,-0.0039536925,-0.03317736,-0.0040841005,0.07336619,0.15145434,0.19278328,0.1690662,0.11611781,0.07874447,0.09384844,0.15008052,0.20970224,0.22171077,0.17539959,0.096768774,0.033171277,0.026403027,0.0653066,0.106928974,0.107742295,0.055028044,-0.027540172,-0.08647194
0.010116154,0.014594678,-0.042144764,-0.12788902,-0.17495409,-0.1544545,-0.08246984,-0.0038682697,0.019776111,-0.01704159,-0.0832976,-0.11537298,-0.0844364,0.00082092563,0.08584915,0.11260714,0.07329363,0.0015376883,-0.043034505,-0.020384109,0.049747247,0.11600192,0.12708877,0.069504194
0.071249455,0.07343441,0.03196953,-0.031099815,-0.06990427,-0.068530105,-0.032153152,0.0032130692,0.0041666767,-0.03696961,-0.09606881,-0.12879282,-0.11876067,-0.06914742,-0.019405073,-0.0043302234,-0.032654088,-0.07874323,-0.10127053,-0.07498115,-0.013388576,0.04439372,0.06492684,0.039524414
-0.050202224,0.0081701055,0.017462088,-0.038828515,-0.1160008,-0.16299036,-0.1487201,-0.06731654,0.0055726357,0.029169802,-0.011313484,-0.07479789,-0.11148155,-0.0817653,0.0017046361,0.078437276,0.10330928,0.0579463,-0.014780427,-0.060104653,-0.041025635,0.029792024,0.09646087,0.10669316
0.08915806,0.027665524,-0.061470162,-0.122061394,-0.11319044,-0.0585384,0.0012532894,0.004014287,-0.053238243,-0.13558549,-0.18372115,-0.16407542,-0.09226834,-0.019224336,0.0014571241,-0.037532087,-0.10390895,-0.13719942,-0.10281362,-0.01645052,0.06535913,0.091342166,0.051230237,-0.01861694
0.057206836,0.032948986,0.044604946,0.089111336,0.1289443,0.13189827,0.0956648,0.028101522,-0.018220492,-0.026663061,0.00028386008,0.028612284,0.02649652,-0.017518075,-0.08197695,-0.12119737,-0.12008195,-0.0781265,-0.028816301,-0.009445283,-0.031204747,-0.0712341,-0.09101474,-0.06790302
-0.011125456,-0.06510142,-0.13911375,-0.18350184,-0.16127892,-0.094477974,-0.02386936,0.0026182223,-0.02732747,-0.07795101,-0.10239305,-0.06787401,0.012616631,0.09102979,0.120658,0.088292286,0.02694983,-0.010425627,0.0071419184,0.0705089,0.12701723,0.1326945,0.07566166,-0.00917271
0.07947707,0.04740816,-0.00866853,-0.037863515,-0.0036182455,0.07146445,0.15061352,0.17956881,0.14802438,0.08695016,0.049703125,0.06838911,0.13061912,0.18884927,0.19934855,0.14749971,0.06264096,0.006514076,0.00909812,0.057550933,0.103010125,0.10450416,0.0477758,-0.033502255
-0.07404495,-0.028193995,-0.013276763,-0.041259076,-0.08088123,-0.09828497,-0.07125653,0.004187748,0.07011123,0.097981155,0.0790221,0.042697106,0.026215356,0.051200155,0.111831255,0.16106683,0.16802067,0.12628159,0.06336427,0.017464109,0.015333234,0.051352553,0.0814812,0.07337627
0.005434707,-0.05915247,-0.104760446,-0.10461077,-0.07259142,-0.04316203,-0.042864554,-0.09146224,-0.15032145,-0.18560754,-0.17355542,-0.12631534,-0.074394345,-0.057165466,-0.08489339,-0.123075746,-0.1399996,-0.10827054,-0.04372724,0.019385561,0.042387914,0.01944382,-0.02314843,-0.046496376
-0.042074166,-0.0923125,-0.12494019,-0.11319858,-0.06895613,-0.023599437,-0.006192898,-0.026731579,-0.06284183,-0.07766401,-0.05222666,0.00055200193,0.052676618,0.0712859,0.049169388,0.009819697,-0.010889364,0.007131404,0.050312452,0.08745244,0.0887136,0.051461075,-0.0039432202,-0.041538972
0.10356631,0.051017392,-0.03178327,-0.0888078,-0.0768462,-0.01431335,0.055835783,0.06581008,0.01308139,-0.06915746,-0.12373412,-0.10856194,-0.03928507,0.035723116,0.0561188,0.012695561,-0.065375224,-0.1133189,-0.09150344,-0.0074378788,0.07339791,0.09677603,0.053115305,-0.022784622
0.030717365,0.068121806,0.063826464,0.008775499,-0.06783409,-0.12414759,-0.1329053,-0.09804321,-0.06481696,-0.067217,-0.11482262,-0.17589918,-0.2155136,-0.19937113,-0.14278263,-0.08215534,-0.055301785,-0.07673775,-0.11609153,-0.13073504,-0.09476583,-0.021699142,0.049763065,0.078943014
-0.043756526,-0.10010951,-0.13531435,-0.12265641,-0.067468226,-0.007926825,0.019262766,0.0019427097,-0.03592024,-0.05343543,-0.025441255,0.03402154,0.09613434,0.1186984,0.09663713,0.048516225,0.018820845,0.029100025,0.071311586,0.109911375,0.112848915,0.069492824,0.0012667723,-0.049678385
0.0015175842,-0.024300363,-0.005794713,0.05268575,0.11559227,0.14644149,0.13014646,0.08104637,0.04718692,0.052981246,0.09958261,0.14571671,0.15928733,0.121307604,0.055929128,0.0046322425,-0.0041992855,0.029323,0.07107615,0.07738834,0.036808144,-0.028696222,-0.076389425,-0.07564282
0.013484738,-0.027077269,-0.08654982,-0.12689541,-0.11181666,-0.057700586,0.000355913,0.021985635,-0.0025476476,-0.049520943,-0.07696024,-0.05636614,0.0064740726,0.070192695,0.09593677,0.06885461,0.014379825,-0.021004004,-0.009756883,0.04229307,0.093183085,0.10258633,0.06012695,-0.007877071
-0.13674228,-0.07030287,0.005083236,0.030502958,-0.0072183614,-0.07440613,-0.1251045,-0.0981596,-0.019285724,0.06523601,0.09702743,0.06402141,-0.0023094653,-0.046090726,-0.024418931,0.04536885,0.11776664,0.1356229,0.08586142,0.0008645193,-0.059325945,-0.054946505,0.0033448061,0.06462023
0.11056067,0.060845103,0.02749215,0.04500024,0.0978978,0.14364582,0.15422624,0.101543196,0.031035645,-0.019776592,-0.019340858,0.019359257,0.05606613,0.05372008,0.00022334073,-0.06800818,-0.11367373,-0.10158288,-0.04686741,0.008486998,0.024721218,-0.0065233824,-0.056854397,-0.08168179
-0.0066913054,0.02332556,0.04864784,0.04252974,0.0017735919,-0.053478803,-0.09479858,-0.09896105,-0.07537196,-0.05341168,-0.05925557,-0.092970066,-0.13631159,-0.15855809,-0.14480568,-0.10209615,-0.060224008,-0.045554236,-0.060809586,-0.085401125,-0.09002738,-0.06202931,-0.009271596,0.03785275
-0.13712639,-0.06749638,0.0075638955,0.028263312,-0.01621612,-0.08713527,-0.13674007,-0.1038677,-0.02115637,0.06487295,0.096085265,0.058690302,-0.010854228,-0.056688216,-0.03039115,0.045504693,0.12361963,0.14086105,0.0878865,-0.002913268,-0.06490434,-0.055695474,0.008748688,0.072294705
-0.052845012,0.015442081,0.042047042,0.0028450144,-0.062533915,-0.103775695,-0.08732337,-0.0017333386,0.07959079,0.11276408,0.0806264,0.017536482,-0.024789909,-0.006360579,0.06797256,0.13817962,0.15907158,0.10937574,0.02749058,-0.033641845,-0.031186206,0.026483333,0.086151674,0.09659812
-0.16010149,-0.16020499,-0.107064575,-0.05236675,-0.04672505,-0.097607724,-0.18176183,-0.2326422,-0.21649364,-0.14505252,-0.07007317,-0.04340379,-0.07257917,-0.13139936,-0.16428189,-0.1343639,-0.05142519,0.030202486,0.061786927,0.028430115,-0.03621087,-0.07947841,-0.06301453,0.0017722622
0.155283,0.18173093,0.13731328,0.060035355,0.020187778,0.04379242,0.120794505,0.1939067,0.2050175,0.14409144,0.051394083,-0.0059972913,-0.00033218332,0.061505463,0.12563114,0.12976213,0.0634452,-0.032406095,-0.09230118,-0.077926986,-0.004269597,0.070876665,0.090447515,0.039614797
-0.044124782,-0.11081716,-0.15217885,-0.13739169,-0.07349301,-0.0039032295,0.028948821,0.006267548,-0.040286843,-0.06519784,-0.036287785,0.032056376,0.10647306,0.13538636,0.10754458,0.04933827,0.0093399575,0.021153219,0.07328012,0.124250166,0.13003068,0.07894149,-0.0015519959,-0.060272302
-0.07078068,-0.11180936,-0.11124797,-0.07562667,-0.04413253,-0.047230728,-0.08843103,-0.14528748,-0.17629446,-0.16259226,-0.11213604,-0.065449744,-0.047423746,-0.072294876,-0.113929935,-0.13013735,-0.1014255,-0.038489155,0.019745508,0.03733878,0.012495974,-0.029716684,-0.054041617,-0.037244692
0.16549869,0.1928382,0.15816739,0.09205382,0.047775853,0.05809314,0.12089566,0.17979465,0.18676136,0.12923376,0.04091791,-0.019794255,-0.026336418,0.024167843,0.07622224,0.08111734,0.026084788,-0.058724366,-0.11470438,-0.10082852,-0.029398354,0.043153975,0.06837575,0.034688946
-0.15772246,-0.14693783,-0.086715475,-0.026216619,-0.009686664,-0.0419794,-0.10476631,-0.13500513,-0.10757903,-0.034863718,0.037852217,0.06259145,0.037633065,-0.016656134,-0.047540013,-0.02676097,0.03740786,0.09933593,0.11402008,0.06863991,-0.004526429,-0.05581739,-0.051966995,-0.0035603957
0.16041064,0.11552194,0.03539094,-0.017972348,-0.004439942,0.05891654,0.12984353,0.13684724,0.0781674,-0.012856664,-0.07561615,-0.069637336,-0.012384394,0.05320213,0.064076275,0.010951608,-0.07386754,-0.12698133,-0.11003469,-0.030865109,0.050961602,0.077569835,0.037586097,-0.033028364
0.042453215,-0.02710456,-0.06017018,-0.018656401,0.078206666,0.16653256,0.20325802,0.15879592,0.08670832,0.04375744,0.070617385,0.14662556,0.2204137,0.2296195,0.1647465,0.06906003,-0.00039479032,0.0041216374,0.06541497,0.12483642,0.1244498,0.05373931,-0.047764983,-0.111937515
0.1713471,0.21217477,0.17974134,0.10566218,0.056494325,0.06752269,0.1406399,0.2186692,0.23866521,0.18116437,0.08324637,0.011993424,0.0023384031,0.056314312,0.12045093,0.13156131,0.06878649,-0.030269038,-0.100772075,-0.0982031,-0.028734123,0.05302758,0.08491416,0.046302132
0.14175293,0.17153703,0.13640587,0.06886695,0.025960797,0.036461044,0.09778877,0.16180336,0.1749346,0.124623045,0.041645687,-0.015828585,-0.020324929,0.028482065,0.0854543,0.09578735,0.04545011,-0.03523101,-0.09146601,-0.08519579,-0.022664752,0.04888305,0.07602312,0.040757228
0.17683268,0.13360101,0.056179088,0.00864497,0.03224036,0.102721006,0.17738023,0.18274558,0.12200579,0.02767175,-0.03648149,-0.029124092,0.030992527,0.09185695,0.096862495,0.035874516,-0.059334833,-0.11591527,-0.09950089,-0.022216858,0.05445796,0.07637704,0.030945092,-0.04432513
0.09929078,0.019971741,-0.03885949,-0.030062204,0.030864751,0.09217154,0.11132989,0.04770714,-0.043870594,-0.11081004,-0.10885827,-0.05120104,0.013265224,0.030166514,-0.024310261,-0.10464962,-0.15865043,-0.14020209,-0.0630295,0.022077959,0.056383736,0.020487951,-0.049497064,-0.09221861
-0.00877438,-0.07303238,-0.11264663,-0.09498486,-0.034452103,0.026346747,0.051316373,0.015941564,-0.039755117,-0.070525624,-0.04881666,0.014536386,0.08017918,0.10103081,0.064021,0.0044535347,-0.036077894,-0.021333786,0.034768254,0.092506476,0.10078446,0.053537477,-0.019013787,-0.06731544
-0.13436414,-0.063945636,0.0121096615,0.035089165,-0.0034031163,-0.066455714,-0.11056512,-0.07365191,0.010529886,0.09510634,0.12697808,0.09051647,0.02372426,-0.02029867,0.0048524286,0.074523605,0.1457786,0.15913115,0.10387669,0.010293007,-0.05330164,-0.04830246,0.009759625,0.06799867
-0.08951729,-0.13886389,-0.14269727,-0.10571708,-0.0717271,-0.07194576,-0.11529789,-0.17910907,-0.2155241,-0.19916795,-0.14251603,-0.08650608,-0.06268243,-0.08496521,-0.12910606,-0.14635246,-0.11344432,-0.043924354,0.021865625,0.047669508,0.022947812,-0.025396604,-0.054839894,-0.0398289
-0.013343673,0.037843447,0.0862448,0.10087224,0.07559029,0.03200348,-0.0011485845,0.009997601,0.050409976,0.089758374,0.0951411,0.06121219,0.0069160983,-0.031284582,-0.026472932,0.009274698,0.045431357,0.05026604,0.016427236,-0.03707097,-0.07155796,-0.061558094,-0.015711568,0.029403908
0.07930805,0.039158765,-0.022407202,-0.050193965,-0.009059462,0.07781556,0.16394673,0.19095792,0.15399955,0.08983968,0.055296466,0.08090622,0.15122879,0.21431448,0.22218429,0.16171345,0.072267145,0.014791577,0.019454924,0.07306335,0.12175365,0.116954796,0.04903447,-0.040925775
0.099493064,0.115215,0.06848624,-0.010028616,-0.057697635,-0.047790784,0.011718792,0.07341223,0.084609166,0.034860663,-0.0447253,-0.092883505,-0.08413619,-0.020039665,0.04695559,0.06413461,0.019252488,-0.054880153,-0.10018082,-0.078705914,-0.005853054,0.06706338,0.09131022,0.051436245
-0.06779601,-0.1358211,-0.17639461,-0.1648004,-0.107998624,-0.04492823,-0.021225601,-0.04769795,-0.091090046,-0.10910604,-0.07632925,-0.008207381,0.06431146,0.095040664,0.07237941,0.022649502,-0.005441861,0.013223554,0.06649998,0.118516795,0.12644716,0.076552235,0.0014127861,-0.05185461
0.16908318,0.20255253,0.18412684,0.13233903,0.098458834,0.10697131,0.15582608,0.20164332,0.2091755,0.15939997,0.078972965,0.01978573,0.00588215,0.039272908,0.07848919,0.079377875,0.02561596,-0.052206583,-0.10497962,-0.097511426,-0.040874243,0.01944687,0.045447342,0.021474402
0.076866664,0.043085765,-0.016370028,-0.05054408,-0.02201276,0.04933434,0.12570387,0.15355542,0.12162503,0.05986643,0.020328918,0.03670679,0.09880274,0.16053386,0.17576502,0.12817131,0.04772045,-0.0073283194,-0.005057552,0.046168067,0.09811695,0.10486588,0.05176416,-0.028715484
0.021813015,0.042532895,0.008907515,-0.04931172,-0.073488206,-0.0367567,0.04973322,0.14258508,0.17739528,0.14953692,0.09199871,0.0607237,0.08497932,0.15728639,0.2269081,0.23591259,0.18008283,0.09257702,0.029478466,0.027523093,0.07471827,0.121242575,0.114845455,0.049190372
-0.018366115,-0.10867837,-0.16480958,-0.14904314,-0.074767336,-0.00068245525,0.023694348,-0.026617173,-0.101011015,-0.14261158,-0.11226114,-0.03025431,0.056840133,0.0853159,0.042194795,-0.031082619,-0.07509961,-0.049667884,0.029154623,0.106407434,0.12462614,0.068360746,-0.022391232,-0.08274903
-0.036984667,0.03105365,0.052539594,0.00942383,-0.05945983,-0.098794855,-0.07996015,0.0044063046,0.08214911,0.11039216,0.0747249,0.009489724,-0.03362171,-0.01504162,0.057939515,0.12635803,0.14644301,0.09939692,0.01981369,-0.039533205,-0.036640376,0.022524435,0.08463709,0.09736417
-0.07254217,-0.011437014,0.0040869094,-0.041438363,-0.106001236,-0.13847862,-0.1121841,-0.01942503,0.06287847,0.09521417,0.06455568,0.0072900928,-0.023416579,0.005422943,0.08775357,0.15816577,0.17812976,0.12797672,0.045827404,-0.01396005,-0.008378542,0.05001009,0.10281639,0.10187956
0.041913684,0.08978267,0.09528952,0.048960637,-0.018070394,-0.0646708,-0.06127722,-0.013708303,0.027213335,0.026155805,-0.021269206,-0.08476554,-0.12598826,-0.114724986,-0.062266603,-0.009206481,0.005000489,-0.028027851,-0.07777897,-0.10555896,-0.0817182,-0.01566162,0.04905478,0.072096094
-0.20944393,-0.19722395,-0.12422747,-0.04832331,-0.027462067,-0.06708518,-0.14215735,-0.17682311,-0.14132841,-0.046812203,0.046496503,0.08152653,0.051379092,-0.014465899,-0.051453006,-0.023726145,0.0584852,0.13525277,0.15211536,0.09484468,0.0020073613,-0.062367924,-0.059191015,-0.0008762899
0.14551857,0.17344172,0.13108878,0.05443462,0.008491278,0.023416847,0.09517603,0.16656034,0.17944022,0.121775985,0.027938407,-0.03177914,-0.029611237,0.0341149,0.10024336,0.11056566,0.049477737,-0.04451717,-0.10575905,-0.08910594,-0.012224748,0.06649584,0.09069194,0.044497624
0.13845101,0.11456127,0.06306638,0.028332714,0.040554073,0.08414832,0.13477658,0.13918804,0.09814087,0.031145258,-0.021008959,-0.022728452,0.0135145765,0.05441232,0.06003334,0.021103857,-0.046874672,-0.09188454,-0.08625008,-0.032784153,0.023824427,0.045904886,0.020988388,-0.029328875
0.10113567,0.05402244,-0.023289524,-0.06409957,-0.020392753,0.079624146,0.18252273,0.21789019,0.17437685,0.093768224,0.04669187,0.07270403,0.15633278,0.234962,0.25034794,0.18207197,0.074786134,0.0035066355,0.008289434,0.07377426,0.13794443,0.140347,0.06450454,-0.04306787
0.0041742814,0.04382234,0.07385862,0.067891926,0.022165379,-0.036731757,-0.07936209,-0.0811323,-0.053690806,-0.028455943,-0.03623955,-0.076029085,-0.12848641,-0.15798666,-0.14527462,-0.098730005,-0.0537327,-0.038803775,-0.05864404,-0.0906637,-0.103233226,-0.074002475,-0.012681318,0.04161452
-0.0026126788,-0.08333133,-0.13420522,-0.11339952,-0.032365493,0.049354717,0.08200962,0.039365053,-0.03198744,-0.073715225,-0.047231887,0.03244856,0.11690505,0.14336948,0.09741512,0.018065616,-0.037450157,-0.023216395,0.046715382,0.11851879,0.13075949,0.07097517,-0.023205625,-0.08952356
0.05465175,-0.01930909,-0.058038086,-0.016341785,0.089494385,0.1906045,0.23567861,0.19111718,0.11358404,0.064293705,0.08985026,0.17078356,0.25219923,0.26465675,0.19676484,0.0908536,0.010771713,0.011462466,0.07473398,0.13817143,0.13895726,0.063611075,-0.047358993,-0.12105038
0.050287236,0.017388875,0.015268538,0.044540547,0.06854842,0.060629543,0.01443251,-0.060402565,-0.11260777,-0.12568614,-0.10243878,-0.07656159,-0.077441975,-0.11355607,-0.16933286,-0.19836618,-0.18376198,-0.1296528,-0.070502624,-0.03987694,-0.04777049,-0.07581577,-0.08470014,-0.054667655
-0.11495755,-0.14857547,-0.13558483,-0.088066205,-0.0419791,-0.027085245,-0.055561993,-0.09672926,-0.111264914,-0.080767274,-0.017820325,0.03718652,0.06024972,0.038205262,-0.0013456917,-0.022074418,0.00015404559,0.052868865,0.096771486,0.09946401,0.058096822,-0.0021673376,-0.04228996,-0.038847346
-0.15141134,-0.15506464,-0.11472757,-0.07013988,-0.07128701,-0.11955936,-0.19423644,-0.23926814,-0.2259026,-0.16182846,-0.09501555,-0.07026213,-0.09513086,-0.14321557,-0.16881935,-0.13788247,-0.057655722,0.019839084,0.049186252,0.021461256,-0.03269179,-0.06700901,-0.050051123,0.0086407475
0.12985964,0.15180576,0.12485821,0.07452805,0.045261495,0.05635564,0.105700165,0.15100968,0.15606517,0.11066458,0.043034088,-0.0014301261,-0.0042344593,0.032182578,0.070204996,0.07149225,0.024363728,-0.03965147,-0.07959194,-0.07000228,-0.020686546,0.032569475,0.050969012,0.024104297
-0.054688953,-0.051332545,-0.012015761,0.03027407,0.02900055,-0.019262148,-0.0919195,-0.14746459,-0.15046667,-0.10994647,-0.06502977,-0.05441205,-0.088937595,-0.14715648,-0.18633106,-0.16849877,-0.10778884,-0.03998641,-0.008165988,-0.026170222,-0.07291057,-0.09917903,-0.074221976,-0.009611988
-0.1244372,-0.18414718,-0.17542247,-0.105774626,-0.02864073,0.00673227,-0.024592437,-0.09251007,-0.13171124,-0.10489321,-0.01930909,0.06611102,0.10912467,0.07876402,0.010054687,-0.037625194,-0.021285163,0.050619774,0.12388373,0.1428871,0.09051794,-0.0012455416,-0.071664795,-0.07639477
0.042045023,0.0893099,0.093547605,0.043501355,-0.02872552,-0.079338476,-0.08067128,-0.037575312,0.0023856468,0.002239593,-0.04814015,-0.11379165,-0.15769027,-0.14407395,-0.08815756,-0.031024706,-0.012487387,-0.04567492,-0.09702905,-0.12033551,-0.08940107,-0.018971885,0.050218023,0.07563241
-0.018515432,-0.06705494,-0.12683842,-0.16103458,-0.14229432,-0.089151934,-0.033244908,-0.012807215,-0.037541565,-0.07886385,-0.0933818,-0.06289364,0.0054331715,0.068256,0.09016235,0.06319757,0.016384548,-0.00801172,0.011949933,0.06262607,0.106545225,0.108255744,0.05923715,-0.0076599126
0.097014025,0.10548229,0.058868546,-0.013223309,-0.059905086,-0.05727235,-0.009461819,0.03712844,0.03924531,-0.0111608,-0.08363805,-0.12594052,-0.11733114,-0.06090343,-0.0054939077,0.010164091,-0.027497731,-0.084564984,-0.1138036,-0.086038694,-0.018267084,0.048887637,0.07395166,0.045076393
0.17704304,0.16384877,0.12837978,0.10756757,0.12563299,0.16717729,0.21245228,0.2112592,0.16992533,0.10272624,0.050885532,0.04174119,0.06291738,0.0875663,0.07814836,0.030094542,-0.04182106,-0.08862881,-0.08726678,-0.04403822,0.00374308,0.019691667,-0.0034557383,-0.042528164
-0.1863602,-0.17906837,-0.12348768,-0.0633599,-0.037398405,-0.055075653,-0.09778963,-0.10879209,-0.07405113,0.00039637423,0.07605132,0.109221645,0.09823816,0.057126734,0.034716196,0.051636323,0.1045842,0.1526359,0.15933655,0.110647455,0.03764861,-0.016941924,-0.028906826,-0.0012857256
0.066252634,0.036559626,-0.01655515,-0.0467852,-0.014590601,0.06281784,0.14776616,0.18430936,0.16078258,0.10459297,0.06628564,0.08242949,0.14570075,0.20916764,0.22768578,0.17986527,0.09523248,0.030202221,0.021222906,0.06544316,0.11433156,0.11778121,0.05923871,-0.027891984
-0.09679687,-0.076006316,-0.08186225,-0.12569821,-0.17628358,-0.2044875,-0.19550787,-0.14273101,-0.09483964,-0.074320644,-0.088444695,-0.114003666,-0.11880962,-0.086830884,-0.02380341,0.033222347,0.058287743,0.042567525,0.01020351,-0.00978798,0.0028122938,0.044036485,0.07996423,0.080224976
0.103457175,0.112765096,0.0601246,-0.021357339,-0.06848821,-0.053474564,0.0113602895,0.07331318,0.079710774,0.023682619,-0.05745423,-0.10361435,-0.08860363,-0.018225655,0.048883576,0.061719596,0.012821869,-0.0631611,-0.10510672,-0.07660205,0.002853017,0.07534467,0.09401105,0.048736393
-0.0023803187,-0.046259094,-0.11043655,-0.15347809,-0.14158943,-0.089879245,-0.03135809,-0.007339859,-0.030848667,-0.07630946,-0.10160189,-0.07847158,-0.012997429,0.054784086,0.08412367,0.060816117,0.010794567,-0.020491444,-0.0070784832,0.045463864,0.09730703,0.10892499,0.06681716,-0.0013234079
-0.13182639,-0.089426145,-0.046782956,-0.046675425,-0.09493417,-0.15806274,-0.2017774,-0.17990068,-0.119291164,-0.055202544,-0.034802787,-0.06211272,-0.108588554,-0.12834361,-0.09428844,-0.023919148,0.046830375,0.06718937,0.033325505,-0.021822998,-0.05198372,-0.032888543,0.022834565,0.07152626
-0.06468341,-0.033149026,-0.025791,-0.05686755,-0.10013407,-0.12693647,-0.11977542,-0.06989201,-0.021410374,0.0011501272,-0.013952932,-0.044990562,-0.062063422,-0.042811874,0.009538218,0.05866576,0.07891479,0.05639489,0.014456769,-0.0152177485,-0.009115034,0.027455833,0.063119404,0.067384236
0.09434515,0.02737738,-0.018257864,-0.0066144587,0.05211063,0.108672276,0.12495076,0.06604078,-0.01341698,-0.07129263,-0.069992885,-0.019585814,0.0361825,0.046478204,-0.004540249,-0.077821285,-0.1301353,-0.116994634,-0.050991047,0.02244974,0.048931964,0.013599823,-0.04913178,-0.08655542
