0.019034151,0.06973949,0.11409229,0.11744498,0.07424099,0.010493586,-0.03361934,-0.033427052,0.000489712,0.032038454,0.02641228,-0.021980638,-0.087078005,-0.12831728,-0.121326834,-0.075624175,-0.029471342,-0.018208442,-0.04775789,-0.092993304,-0.11432462,-0.086899236,-0.022159617,0.04034134
0.060928863,0.030099653,0.03989008,0.08116528,0.1198267,0.121087916,0.07568667,0.0071988776,-0.044277456,-0.052193645,-0.024003752,0.0058396677,0.0029644235,-0.042305607,-0.10511987,-0.14597154,-0.13797121,-0.0898714,-0.038369603,-0.018452607,-0.039481007,-0.077870555,-0.09434052,-0.06474076
-0.00884589,-0.0019999116,-0.031212807,-0.078261055,-0.11065609,-0.10597979,-0.06777953,-0.02378899,-0.004497925,-0.020974705,-0.055743244,-0.07688834,-0.06208455,-0.015524651,0.034542665,0.057020713,0.04073178,0.003401055,-0.022337524,-0.014030589,0.02382206,0.06310484,0.07313705,0.04397518
-0.007481694,0.0060168006,-0.02975942,-0.0865615,-0.11815715,-0.094743565,-0.026236106,0.044702154,0.07633833,0.055960268,0.010628025,-0.014596918,0.009246946,0.073177606,0.13596442,0.15594533,0.12136266,0.058907527,0.013489196,0.015783684,0.058470257,0.1013651,0.103004,0.051469862
-0.15062584,-0.08190506,-0.005765622,0.023249017,-0.012261764,-0.07943763,-0.12041442,-0.0942517,-0.010208193,0.079038195,0.11729497,0.08690829,0.0193493,-0.0262113,-0.009213063,0.06312088,0.13800962,0.15887661,0.10906489,0.020819524,-0.046169925,-0.048407417,0.0068424167,0.06603924
0.04365844,0.11248777,0.13787697,0.10824156,0.052083626,0.016803728,0.03340129,0.09260357,0.15075926,0.16448295,0.12147514,0.050844897,0.0007042267,0.0032889743,0.049887467,0.09835153,0.10385732,0.055098314,-0.018606426,-0.068849474,-0.06297214,-0.009303285,0.048095465,0.06473384
0.07316732,0.15539958,0.19400293,0.17307442,0.12006161,0.08512556,0.102489404,0.164534,0.22642973,0.242075,0.19557084,0.11576234,0.05411422,0.046537984,0.08595083,0.12978327,0.13014303,0.072929345,-0.012104321,-0.0730635,-0.07419511,-0.023002725,0.03660394,0.057488583
-0.025672609,-0.113106154,-0.16347788,-0.13817632,-0.054620523,0.027641116,0.05208507,0.00761457,-0.06429036,-0.10168037,-0.06643211,0.02391736,0.10975232,0.13437045,0.08665832,0.007184637,-0.040283736,-0.017525397,0.058541056,0.12782168,0.13515294,0.07000399,-0.026203167,-0.08960502
0.054612175,0.027273972,0.03548201,0.0709822,0.10369863,0.10391503,0.06406374,0.0041539073,-0.041170012,-0.048587944,-0.02456205,0.00080581213,-0.001992596,-0.041041717,-0.0952027,-0.13058871,-0.12351215,-0.08135065,-0.03643214,-0.018577684,-0.035757985,-0.06824018,-0.08238259,-0.056206204
0.0754089,0.07769788,0.031245103,-0.03960702,-0.09235007,-0.10021602,-0.06877437,-0.034560885,-0.033937633,-0.07687937,-0.13875085,-0.17896947,-0.170398,-0.12066166,-0.06508228,-0.04221508,-0.062315024,-0.101804204,-0.12163822,-0.095396064,-0.030657263,0.035985935,0.06617679,0.048279364
-0.007085981,0.06761201,0.14211106,0.17519175,0.15505096,0.11147391,0.08919926,0.11489256,0.17559625,0.23097321,0.23987073,0.19323541,0.12073269,0.069726594,0.06749313,0.1034815,0.13656685,0.1272144,0.066549994,-0.014116591,-0.06697968,-0.06469174,-0.019573277,0.028504292
0.057465073,0.11665908,0.1347993,0.105398156,0.056865115,0.031203844,0.05166652,0.105319165,0.15224785,0.1568393,0.11245104,0.048485417,0.007511558,0.013892204,0.05521139,0.09259904,0.08941571,0.040043183,-0.025753103,-0.064972535,-0.053665023,-0.0041555674,0.043542657,0.053178888
-0.022436121,0.07399014,0.1695871,0.21074137,0.18187651,0.12010136,0.085293,0.11585123,0.19514132,0.26885512,0.28238764,0.223049,0.12864314,0.0621766,0.06140866,0.11367917,0.16225311,0.15487193,0.08030069,-0.02295547,-0.09131548,-0.08637579,-0.02387066,0.04142732
-0.06208886,-0.11475857,-0.11096118,-0.06400455,-0.018854303,-0.019513026,-0.07499076,-0.15195316,-0.19861372,-0.18530317,-0.12469807,-0.063246295,-0.04605947,-0.08333217,-0.14166062,-0.17047888,-0.13898906,-0.062038347,0.012308455,0.038391314,0.0062183156,-0.05053061,-0.08034647,-0.05470759
0.16257347,0.19529986,0.15186362,0.07227772,0.02363456,0.047190614,0.12791055,0.20548104,0.2204465,0.15860638,0.06030725,-0.0072745737,-0.0009103726,0.0645773,0.13037436,0.13685445,0.06915048,-0.031515352,-0.09695377,-0.084013954,-0.007885191,0.07065045,0.092885464,0.042840023
0.021636825,-0.023022579,-0.08911292,-0.12932181,-0.11332934,-0.052099593,0.010639847,0.031644776,0.0019131663,-0.05017629,-0.07783402,-0.052316528,0.015047074,0.0804213,0.10172713,0.06882589,0.0118278805,-0.02342146,-0.0082634,0.04644164,0.09790609,0.104732685,0.058155887,-0.013134094
-0.07648845,-0.14060627,-0.13896489,-0.084036715,-0.027811414,-0.02296681,-0.082352266,-0.1695379,-0.22468185,-0.21080089,-0.13961707,-0.06452196,-0.03939323,-0.078404084,-0.14566153,-0.18235894,-0.15050855,-0.06351958,0.023403013,0.0557969,0.01966783,-0.048517298,-0.08965085,-0.06642712
0.029178057,0.05172003,0.10751088,0.15696682,0.16293687,0.11725888,0.048361167,0.00039616114,-0.0011249407,0.03359397,0.06542732,0.0570479,0.000723907,-0.07438243,-0.12308721,-0.11867819,-0.07240889,-0.024396233,-0.013911909,-0.049573075,-0.10134209,-0.12368476,-0.092195876,-0.02106696
0.042292085,0.081814036,0.08339311,0.039759,-0.02383737,-0.06843011,-0.069215834,-0.03623957,-0.004696702,-0.0072835763,-0.0508035,-0.11026816,-0.1461371,-0.1349298,-0.08718685,-0.03869703,-0.023779524,-0.049026445,-0.09012177,-0.10778547,-0.079684004,-0.018039854,0.040616278,0.06332359
-0.12855063,-0.12757301,-0.076847315,-0.022030383,-0.012302473,-0.062478818,-0.13967866,-0.18976861,-0.17851888,-0.11531521,-0.04597068,-0.020089172,-0.053395014,-0.11419011,-0.14991312,-0.12618765,-0.05276589,0.02449718,0.055455346,0.023366993,-0.040230855,-0.08134685,-0.06623314,-0.003404259
-0.02020258,-0.08601764,-0.12488489,-0.1064832,-0.042850006,0.022384793,0.044773746,0.013579237,-0.04104139,-0.07149963,-0.04739066,0.020112548,0.08727354,0.10968585,0.07541573,0.014113671,-0.025577888,-0.0126769915,0.042941656,0.09786594,0.107426375,0.05905531,-0.016319536,-0.06814466
0.12148295,0.14978372,0.13729405,0.10466696,0.08616376,0.105175346,0.15387283,0.19959491,0.2094263,0.1755164,0.118870385,0.07578903,0.07026319,0.09641049,0.122669615,0.1169352,0.07056906,0.0058856425,-0.04051341,-0.043626532,-0.0095748035,0.029129632,0.038875848,0.01182487
0.07798603,0.022096746,-0.05942105,-0.11484157,-0.11142099,-0.06269494,-0.01546077,-0.014427683,-0.06729163,-0.14137392,-0.18511067,-0.16786021,-0.10259593,-0.037577316,-0.01718916,-0.05109089,-0.106274225,-0.13277467,-0.100515045,-0.02332813,0.05055625,0.075859375,0.043543138,-0.015120095
0.0018402892,0.022450238,0.08872362,0.15322012,0.16678652,0.115182295,0.031901136,-0.027431428,-0.028737517,0.018436952,0.06693327,0.067676015,0.0072380686,-0.08065011,-0.13976672,-0.13489462,-0.076719984,-0.012950806,0.005569898,-0.03585891,-0.102175474,-0.13715777,-0.107996136,-0.027617432
0.025449738,-0.050251782,-0.10425296,-0.107630014,-0.0688355,-0.029325213,-0.030293213,-0.08194668,-0.15378655,-0.1996145,-0.18979412,-0.13444893,-0.07543188,-0.0556704,-0.08511409,-0.13554375,-0.15967043,-0.12958567,-0.05681413,0.015766045,0.044988506,0.020639544,-0.028179277,-0.055900387
-0.029683353,-0.06814656,-0.07042307,-0.04013951,-0.0058781942,-0.0006910132,-0.03472316,-0.08710651,-0.122888654,-0.11956694,-0.08142381,-0.038015984,-0.022996606,-0.046787534,-0.087931745,-0.11219555,-0.09665945,-0.04737944,0.0051178113,0.026097598,0.006400159,-0.03151165,-0.054156244,-0.041562088
0.07354992,0.16067988,0.18586552,0.1394966,0.064724,0.025797512,0.058427628,0.14168368,0.21478137,0.22379467,0.15905641,0.06458076,0.0052319067,0.018129328,0.08379871,0.14284876,0.14018194,0.06740709,-0.031861745,-0.0916094,-0.074328616,0.0003809947,0.07135577,0.08420041
-0.041499052,-0.110948846,-0.15443094,-0.14144187,-0.08243676,-0.022011777,-0.004835103,-0.03904948,-0.09384718,-0.12319772,-0.09742937,-0.027079694,0.043766193,0.069886066,0.040444203,-0.013958401,-0.046817698,-0.028325377,0.03379206,0.09439157,0.106979065,0.06116667,-0.010690043,-0.060944412
-0.009180016,-0.053582363,-0.11001412,-0.14321,-0.13342977,-0.091666214,-0.050944537,-0.04228238,-0.068879105,-0.10698586,-0.12155376,-0.09456192,-0.037720386,0.015095645,0.033471424,0.012740256,-0.021939635,-0.036562447,-0.013867913,0.034953848,0.07685821,0.081625216,0.045641907,-0.006205544
-0.05741573,-0.039243262,0.012403619,0.06448025,0.08596596,0.068570845,0.03165441,0.009858125,0.026317503,0.07383502,0.11980717,0.13242482,0.10311776,0.052241594,0.015328154,0.017071975,0.051364392,0.08486292,0.08592465,0.046432495,-0.012714522,-0.054837093,-0.053160682,-0.016704671
-0.14632781,-0.102264695,-0.052896116,-0.035821903,-0.0617773,-0.10666546,-0.12969305,-0.10434841,-0.03841802,0.030605279,0.06404999,0.049902152,0.011009225,-0.011493364,0.008670536,0.06513338,0.12094105,0.13722733,0.10231642,0.039892517,-0.0079909265,-0.012489223,0.02074034,0.054974865
0.032698765,0.050415836,0.00019396894,-0.07413335,-0.10921071,-0.069281496,0.02619603,0.117429875,0.14838424,0.10751114,0.037114233,0.00072937674,0.034565367,0.12008517,0.19758539,0.21134557,0.14989936,0.05668087,-0.0026683218,0.00906319,0.07376466,0.13199963,0.12848623,0.053255647
-0.14975902,-0.1302877,-0.060779657,0.007370896,0.024473125,-0.019847445,-0.08889759,-0.12463313,-0.095177226,-0.016856687,0.05819557,0.08102083,0.0403905,-0.026462875,-0.064294145,-0.039254557,0.03161684,0.09686731,0.10950633,0.05774647,-0.022597319,-0.073935896,-0.06228213,-0.0029759484
-0.020009177,-0.06322397,-0.13258067,-0.18239526,-0.17944188,-0.12904851,-0.06803437,-0.039055295,-0.0570141,-0.100872286,-0.12622221,-0.102243036,-0.03476214,0.038470436,0.07561803,0.06044075,0.015238273,-0.016348785,-0.0035914888,0.047494497,0.10101177,0.11634119,0.07804161,0.0078080287
-0.048386697,-0.11265611,-0.15197445,-0.1416801,-0.09290776,-0.043223947,-0.028762192,-0.057686612,-0.10258948,-0.12355099,-0.09606233,-0.032128055,0.029570222,0.052427847,0.028743569,-0.015363147,-0.038065553,-0.015649466,0.039129682,0.08801937,0.095698856,0.05515057,-0.0067197513,-0.04812966
0.1420202,0.16828999,0.14207932,0.093271285,0.06652582,0.08901852,0.14885892,0.20311758,0.2099753,0.16216671,0.08993662,0.039985284,0.041188408,0.08240517,0.1214831,0.11662497,0.059534248,-0.017640185,-0.067313634,-0.060349226,-0.008126365,0.044797324,0.05590842,0.018168462
0.08816634,0.09387369,0.038650762,-0.04247631,-0.09426743,-0.08504812,-0.02796266,0.0265733,0.032142207,-0.020276379,-0.095365375,-0.13948059,-0.12049468,-0.052965462,0.013588927,0.031224137,-0.009206944,-0.07253784,-0.10588066,-0.07752882,-0.0025483938,0.06916128,0.08998639,0.050591186
-0.017261125,-0.005698792,0.050201986,0.10615759,0.11604547,0.06631647,-0.013122982,-0.07144655,-0.07551,-0.032362916,0.014710406,0.020265965,-0.029476164,-0.10494318,-0.15571846,-0.14841272,-0.09088476,-0.026669951,-0.002278913,-0.032552578,-0.08891208,-0.120727055,-0.09569385,-0.022355618
0.056244418,0.03233428,0.049303114,0.10034269,0.15157187,0.16720939,0.13553764,0.07833354,0.03420343,0.030484192,0.061603058,0.094451405,0.09394284,0.04889002,-0.017400116,-0.06631647,-0.0699864,-0.034376435,0.0063695256,0.016856536,-0.01311824,-0.061693463,-0.09009273,-0.073032424
-0.12939309,-0.08790392,-0.046584014,-0.045747932,-0.094893016,-0.16575293,-0.21074092,-0.19920577,-0.14174026,-0.08121531,-0.05924262,-0.08639398,-0.13502829,-0.15878944,-0.12917805,-0.056393653,0.015344546,0.043959223,0.019819627,-0.03011217,-0.06029234,-0.041292448,0.016759835,0.07062632
-0.0095700575,0.0073913247,0.063579924,0.11463145,0.11879057,0.068743154,-0.004407878,-0.054473933,-0.053042695,-0.010285325,0.030945916,0.02918325,-0.023605831,-0.09627751,-0.14163873,-0.13130422,-0.075416006,-0.017953798,-0.0028167246,-0.037623726,-0.09128975,-0.117417134,-0.088128395,-0.015304326
-0.03050835,-0.012120185,0.048572663,0.10525337,0.11455855,0.06619787,-0.009620921,-0.06172291,-0.05874358,-0.011179176,0.03563416,0.038930357,-0.011341457,-0.08515906,-0.13302755,-0.12265679,-0.06539982,-0.0069592916,0.0108530335,-0.02308591,-0.081438676,-0.11469735,-0.08944369,-0.018178597
0.08076854,0.035792433,-0.031685553,-0.079618886,-0.08041881,-0.04400883,-0.007998737,-0.0094132675,-0.05516238,-0.11906586,-0.15904576,-0.14934641,-0.09952286,-0.048439007,-0.03215992,-0.059594586,-0.1041423,-0.12549604,-0.09903427,-0.03496822,0.02815134,0.053294815,0.031877935,-0.011861989
-0.1819333,-0.12265,-0.0601729,-0.045137227,-0.089630224,-0.15745209,-0.1923465,-0.16052726,-0.075836495,0.0100151505,0.045765173,0.019101946,-0.035685588,-0.062521346,-0.02947972,0.050690938,0.12630649,0.14669125,0.10103518,0.024543695,-0.02818798,-0.022982614,0.029131822,0.07889196
-0.08576757,-0.047469877,0.051924467,0.14899431,0.18170944,0.13746494,0.057957087,0.011901026,0.03971609,0.1245797,0.20327899,0.2162336,0.14984003,0.048411798,-0.019637536,-0.011407079,0.05629362,0.12034702,0.12197074,0.04856467,-0.056025453,-0.12227848,-0.10747853,-0.029481402
-0.02178663,-0.07587745,-0.15344594,-0.20486785,-0.1990415,-0.14659654,-0.08889185,-0.068427645,-0.09661163,-0.14700702,-0.17159268,-0.1410132,-0.06613283,0.010386117,0.04574881,0.02678146,-0.019255655,-0.044961337,-0.02068347,0.042262148,0.102494925,0.11783234,0.07530344,0.0027019014
0.18835144,0.15598316,0.09074426,0.052234624,0.07926531,0.15871005,0.23441152,0.25146052,0.19575644,0.10521527,0.040285848,0.041709065,0.09817107,0.15458412,0.15584695,0.08791711,-0.011804535,-0.08104822,-0.07698467,-0.011761285,0.057398736,0.07446283,0.025519665,-0.05134196
0.005941803,-0.035222936,-0.0544971,-0.02730543,0.0363801,0.10042093,0.12815222,0.11120545,0.07340149,0.05267833,0.073088765,0.12518276,0.17361902,0.18302356,0.14540364,0.08551514,0.042476874,0.041039955,0.07258913,0.10210622,0.09609752,0.047001593,-0.0203686,-0.06684791
-0.044687882,-0.11917418,-0.16455331,-0.14993164,-0.08902242,-0.028248148,-0.011732014,-0.047841102,-0.10412397,-0.13244963,-0.10267659,-0.028243247,0.04365362,0.06861982,0.03760981,-0.018209478,-0.049397685,-0.02598325,0.03928473,0.09895078,0.10918775,0.061527144,-0.0124031175,-0.062475935
-0.06460027,-0.008793889,0.0024849644,-0.03736326,-0.09553202,-0.1234393,-0.09244757,-0.016783064,0.05669262,0.08355464,0.055401772,0.0043218858,-0.0213414,0.0075460495,0.07660913,0.14014412,0.15322544,0.108131096,0.03772429,-0.008825931,-0.0011640134,0.047841266,0.0917234,0.087100096
0.009193085,0.05357256,0.08879472,0.08150882,0.028562237,-0.042277638,-0.089809425,-0.09115538,-0.058721986,-0.029517073,-0.037136894,-0.08606521,-0.14824681,-0.18332544,-0.16786118,-0.11436888,-0.061357316,-0.043982483,-0.0684301,-0.107584216,-0.120732985,-0.0848174,-0.01387742,0.05101411
-0.09827087,-0.10181846,-0.079179235,-0.057172112,-0.062300615,-0.101715446,-0.15443566,-0.18672244,-0.1796701,-0.14227794,-0.102444716,-0.08746037,-0.10529558,-0.13600834,-0.14767171,-0.12168392,-0.06787371,-0.015148607,0.009782687,-0.002477902,-0.032800157,-0.048000194,-0.029669195,0.011856623
0.047035422,0.08665259,0.08881964,0.045803133,-0.018169241,-0.06510663,-0.06877731,-0.037782256,-0.0066763773,-0.008567869,-0.05105422,-0.11085704,-0.14931135,-0.14153068,-0.0955724,-0.04665003,-0.029455738,-0.051785715,-0.09191919,-0.111710265,-0.08588652,-0.024050225,0.037156846,0.063157685
-0.0023221967,0.021474581,0.09973642,0.1749336,0.19007584,0.1309541,0.03522942,-0.033850193,-0.035483893,0.0196854,0.07567488,0.07627141,0.0073094084,-0.09309695,-0.16161442,-0.1563662,-0.08872528,-0.015595393,0.0052734637,-0.04055061,-0.11581656,-0.15775134,-0.12535122,-0.031928893
-0.013419353,-0.014034692,-0.05035724,-0.100167066,-0.1294382,-0.11848424,-0.07572273,-0.032261524,-0.017128041,-0.037396524,-0.07153838,-0.08650108,-0.06330101,-0.010923335,0.03955389,0.058198843,0.03831417,0.0012419014,-0.019531908,-0.0047897785,0.03625836,0.07330718,0.0771613,0.041589838
-0.00920461,-0.04255869,-0.0872417,-0.113939986,-0.10466899,-0.06815433,-0.031757522,-0.021148615,-0.040182125,-0.07038014,-0.08281501,-0.061052263,-0.01398063,0.030219037,0.046102248,0.02884865,-0.0019859397,-0.0180493,-0.0024323259,0.035691783,0.06845686,0.070996284,0.0402021,-0.005178253
-0.09250712,-0.043735463,0.0082858335,0.021887036,-0.014958222,-0.07680461,-0.11842673,-0.108160034,-0.0534593,0.0057723057,0.027157562,-0.0019825774,-0.056347683,-0.091011874,-0.07603924,-0.017531091,0.04350941,0.064756736,0.034583777,-0.022186344,-0.061676867,-0.052624714,-0.0009043182,0.05305501
-0.06199761,-0.115156986,-0.117223784,-0.07669539,-0.034163885,-0.0300602,-0.07568867,-0.1443019,-0.1894802,-0.18134084,-0.12758811,-0.068746366,-0.04689668,-0.07426676,-0.1244378,-0.15273862,-0.12825812,-0.060293496,0.009273484,0.038727093,0.015449917,-0.035004765,-0.06724055,-0.05070826
0.0942814,0.10662616,0.06010498,-0.013733455,-0.06366721,-0.059326336,-0.009579094,0.04161006,0.04874799,0.00026633684,-0.07268593,-0.11982504,-0.10917326,-0.05110418,0.010308497,0.028633498,-0.00896765,-0.07060274,-0.10551344,-0.08329683,-0.014777237,0.055307534,0.08002662,0.047021307
0.05214588,0.07236863,0.019445473,-0.06264353,-0.10498251,-0.06724765,0.031265102,0.12590632,0.15742283,0.11261731,0.034827884,-0.008677755,0.02287932,0.1107291,0.19191018,0.20734009,0.14478621,0.0476315,-0.0162867,-0.0047123586,0.064796634,0.12936886,0.13153094,0.05849865
0.07721301,0.030067015,0.0046469285,0.021940142,0.06882739,0.10908261,0.10986779,0.06657324,0.0061259964,-0.032214474,-0.026672479,0.010544095,0.04414795,0.041127525,-0.0024417646,-0.0606458,-0.093748026,-0.08006555,-0.032744456,0.012574819,0.023541149,-0.0056006126,-0.049517922,-0.06911619
0.018612606,0.05175908,0.051615264,0.009375673,-0.05274347,-0.0987097,-0.10325124,-0.07400013,-0.0420163,-0.03894244,-0.07336053,-0.12466372,-0.15720898,-0.14697321,-0.100504845,-0.04981058,-0.02732817,-0.042587586,-0.07712602,-0.09532913,-0.07271884,-0.016411796,0.040643472,0.06538219
0.05795245,0.10717807,0.124289624,0.10398128,0.067384474,0.04790338,0.06486571,0.10774685,0.14460233,0.14756419,0.11141777,0.058505926,0.022783808,0.024593275,0.05453424,0.08137787,0.0764208,0.035475124,-0.019501355,-0.053744264,-0.04623618,-0.0073698713,0.030234093,0.038480658
-0.1916772,-0.17810693,-0.11500056,-0.05270521,-0.03891595,-0.08171572,-0.14476308,-0.1735197,-0.13761763,-0.054029167,0.026305242,0.05568759,0.024162682,-0.031765204,-0.059403528,-0.027277367,0.04814409,0.11577238,0.12896651,0.07830479,-0.00028546524,-0.05198381,-0.04406713,0.008230389
-0.080821425,-0.06364089,-0.07329225,-0.114362694,-0.16519792,-0.1956445,-0.18767545,-0.15043563,-0.110576846,-0.095023714,-0.10896134,-0.13331757,-0.13888974,-0.10944082,-0.054048356,-0.0005144577,0.024816506,0.01539537,-0.010091974,-0.02217977,-0.004475008,0.034472056,0.068693064,0.07120723
0.027581165,0.01199696,-0.016261889,-0.024075087,0.0077584554,0.07094052,0.13217811,0.16076148,0.149558,0.11928906,0.10264106,0.120413035,0.16445602,0.20345822,0.20671324,0.16796695,0.1090478,0.06399268,0.055648603,0.07703973,0.09673024,0.084750436,0.03566176,-0.027574442
0.012396878,0.034235917,-0.0035782019,-0.06709894,-0.09958313,-0.064832814,0.02342487,0.11191342,0.14989685,0.12328584,0.0654048,0.032106522,0.059156734,0.13383675,0.20460273,0.22090836,0.17020305,0.08605166,0.025059525,0.024949815,0.074039,0.12158785,0.11893612,0.05327057
-0.06862315,-0.1273681,-0.1329218,-0.09218562,-0.046503026,-0.041495852,-0.09025052,-0.16382664,-0.21260133,-0.20439905,-0.14608116,-0.080617264,-0.054465864,-0.0822113,-0.13511238,-0.1648936,-0.13846728,-0.06454757,0.01255677,0.04526183,0.01966622,-0.034849167,-0.069627345,-0.053393025
-0.045515433,-0.021914115,0.03633682,0.09536382,0.12118498,0.1053037,0.068960115,0.04855577,0.06665817,0.11556011,0.16160102,0.1716239,0.13690567,0.08034015,0.039000675,0.037303302,0.06804804,0.09792409,0.09405145,0.048282433,-0.015701191,-0.059809715,-0.059303045,-0.022534039
-0.004371566,0.0036902418,-0.025217319,-0.065293364,-0.08122694,-0.05267831,0.009143998,0.06800074,0.09172404,0.07443885,0.041060083,0.026573647,0.05064125,0.10301969,0.1491079,0.156795,0.12125847,0.06789,0.031147439,0.032348484,0.06347365,0.090792805,0.0816251,0.032084815
-0.028539576,-0.032799825,-0.07249971,-0.12581359,-0.15886062,-0.1513844,-0.10978233,-0.066028215,-0.04972147,-0.06804818,-0.09941842,-0.11223896,-0.086567424,-0.03043403,0.02450094,0.047622807,0.032218754,-0.00017750714,-0.018641116,-0.0028965555,0.039996702,0.07831757,0.08245775,0.04709648
-0.04976123,-0.12919153,-0.18053426,-0.16924539,-0.10581678,-0.03773863,-0.014126694,-0.047925394,-0.106719755,-0.13893567,-0.110237874,-0.03147324,0.049423106,0.08254161,0.053707123,-0.0058351927,-0.04281693,-0.02293961,0.044173323,0.11034824,0.12538497,0.075602785,-0.005725496,-0.064238615
0.046578754,-0.025819445,-0.077777594,-0.074776515,-0.023224711,0.03226605,0.043558598,-0.0030798595,-0.07749063,-0.12918723,-0.123221,-0.066716775,-0.0033736373,0.017544439,-0.018437082,-0.08239933,-0.123222925,-0.10675556,-0.0396856,0.03306995,0.061540727,0.03036675,-0.030258657,-0.070256546
-0.0678818,-0.1496697,-0.19934605,-0.18476816,-0.11934247,-0.051017594,-0.027390512,-0.060764622,-0.11677304,-0.1431536,-0.107364364,-0.023756327,0.058936663,0.09186545,0.06252991,0.0036770965,-0.029748673,-0.0053709894,0.06243409,0.12540613,0.13541993,0.080201626,-0.0049042013,-0.06377231
-0.030658735,-0.010024912,0.05032424,0.103959754,0.10749746,0.054560516,-0.02084304,-0.06870748,-0.06129505,-0.012186778,0.032815948,0.031365845,-0.023493778,-0.097287245,-0.14040641,-0.12451453,-0.064027734,-0.005431645,0.007701352,-0.031427354,-0.0889227,-0.11561088,-0.084574185,-0.010706622
0.040112376,0.061563607,0.014432496,-0.0621729,-0.10458053,-0.07367856,0.015528846,0.10502588,0.13825656,0.100086816,0.028624568,-0.013503941,0.013144993,0.09407504,0.17231794,0.19141077,0.13693771,0.04744177,-0.013575753,-0.0057064723,0.057247635,0.11922674,0.124598615,0.059019577
0.06348014,0.13636814,0.17463934,0.16143346,0.11834906,0.086726665,0.09661891,0.14598809,0.19979504,0.21744736,0.18157852,0.11391848,0.057165165,0.04315741,0.07105251,0.1080339,0.11253808,0.067571044,-0.0045181545,-0.060957596,-0.0694288,-0.030134067,0.023381745,0.04723735
-0.20421444,-0.1460385,-0.081246845,-0.062228583,-0.10526313,-0.17652881,-0.21658894,-0.18681023,-0.0997127,-0.007890786,0.03495919,0.012779332,-0.042099904,-0.07088027,-0.037619557,0.04619805,0.12740308,0.15377015,0.1114429,0.032806065,-0.024510019,-0.022274105,0.029098,0.08010652
0.05893585,0.12100869,0.13302854,0.08114952,-0.0020175152,-0.062380217,-0.063138455,-0.01475001,0.03539612,0.039574448,-0.015826482,-0.09866964,-0.15467814,-0.147803,-0.08759099,-0.022011535,-0.00031588165,-0.036428757,-0.099676594,-0.1358823,-0.109423205,-0.030862894,0.050497282,0.08490459
-0.13226432,-0.12936917,-0.08188228,-0.026850438,-0.0053464747,-0.030000802,-0.078562796,-0.10924167,-0.09216945,-0.032753505,0.032165356,0.061959732,0.042344846,-0.0040363814,-0.03652641,-0.024526034,0.02746174,0.082454935,0.09999264,0.06685546,0.005006541,-0.043484244,-0.047130194,-0.009134865
-0.00066413207,0.04394946,0.09262008,0.12004145,0.11660257,0.096899144,0.084692664,0.0972729,0.13091289,0.16451968,0.17312254,0.14901924,0.10703621,0.07275645,0.063606,0.07759098,0.09343124,0.08702773,0.05155931,0.0031222908,-0.03305283,-0.04000148,-0.019560779,0.007266969
-0.047127824,-0.07809535,-0.051741797,0.015066782,0.074953645,0.08723766,0.046377786,-0.013768374,-0.045312747,-0.02187406,0.040674392,0.09597893,0.102631345,0.055653796,-0.011460154,-0.05027185,-0.033677023,0.022961967,0.07290701,0.07503679,0.024383567,-0.045202583,-0.08516756,-0.067349516
0.15113847,0.18317962,0.15892461,0.10892235,0.08215754,0.108304076,0.17462388,0.23568024,0.24751663,0.2006744,0.12573585,0.07213067,0.07130496,0.11196693,0.15117626,0.14559081,0.08547687,0.0019726856,-0.055503055,-0.054856904,-0.005932592,0.04671034,0.05929685,0.020170266
0.0053881626,-0.048462845,-0.08801421,-0.095096566,-0.07644224,-0.059937347,-0.0701761,-0.11034295,-0.15967287,-0.1895066,-0.18197553,-0.14518948,-0.10734109,-0.09447348,-0.110335775,-0.13576853,-0.14223665,-0.113309905,-0.05796068,-0.005848882,0.016794493,0.006538748,-0.018128034,-0.02965842
-0.046891347,-0.030454721,0.04099134,0.10952312,0.11619478,0.046284433,-0.057977945,-0.12929493,-0.12726553,-0.06564683,-0.0022717153,0.003978503,-0.061821233,-0.1576035,-0.21624109,-0.19674636,-0.11416786,-0.027623141,0.0017946943,-0.0417961,-0.11555376,-0.1522903,-0.11383918,-0.016824149
-0.13779747,-0.19689141,-0.18768166,-0.121340714,-0.05010346,-0.025921425,-0.06445379,-0.13135421,-0.16834821,-0.13920835,-0.05507708,0.032156438,0.06820198,0.03781801,-0.025767151,-0.06452703,-0.04045369,0.034443166,0.10836624,0.12802064,0.07797831,-0.0071606818,-0.06816424,-0.06621754
0.0020683839,0.02402691,0.0841239,0.1407727,0.15204404,0.11092594,0.047235742,0.004576847,0.00894059,0.05100394,0.09042538,0.08720829,0.033588067,-0.039593827,-0.087433316,-0.083634205,-0.03770894,0.009819623,0.016439138,-0.024475165,-0.08126111,-0.11025594,-0.0872954,-0.022060433
-0.033834424,-0.061135415,-0.024709981,0.0611356,0.14541946,0.18026944,0.15154313,0.093580075,0.060189836,0.08435964,0.15241347,0.21591452,0.22660196,0.17264292,0.088274345,0.028711254,0.028338796,0.07405568,0.11876631,0.115196474,0.051348556,-0.038272828,-0.09726084,-0.091726854
-0.0047790217,0.053557225,0.11147449,0.13521864,0.1172448,0.08085842,0.06055129,0.07792882,0.12402031,0.16685805,0.17310697,0.13614765,0.07982429,0.039893705,0.038080044,0.0673603,0.0953927,0.08961078,0.044433616,-0.01580158,-0.056033395,-0.05430456,-0.016868362,0.023339383
0.070072174,0.03611132,-0.02666837,-0.06448096,-0.039783735,0.03819961,0.11937195,0.1522166,0.121633835,0.058464788,0.016627407,0.03369399,0.10180791,0.17098378,0.18925159,0.14152029,0.059701078,-0.0010003629,-0.0005234265,0.05312096,0.10890649,0.1149869,0.058681075,-0.02724745
0.0459346,0.08191617,0.0831738,0.04274734,-0.016599681,-0.060239263,-0.06459552,-0.03717381,-0.00924317,-0.01145527,-0.050959114,-0.10609084,-0.1418194,-0.13560534,-0.09389267,-0.048782136,-0.032050677,-0.051676396,-0.08762758,-0.10547125,-0.08205937,-0.024655182,0.03325305,0.058477312
0.026288247,0.04262854,0.07732534,0.103744954,0.099161685,0.06267001,0.015227865,-0.015806537,-0.016975434,0.0026543152,0.01723372,0.0047217878,-0.035672598,-0.08279661,-0.10914295,-0.10095946,-0.068384424,-0.03780624,-0.03262981,-0.05366138,-0.07998939,-0.08537643,-0.057583954,-0.007319513
-0.095130764,-0.09360831,-0.065872654,-0.04088016,-0.04639712,-0.08723856,-0.13956459,-0.16905713,-0.15813828,-0.11796357,-0.07837522,-0.06695674,-0.08987382,-0.12392284,-0.13592654,-0.10894466,-0.054886676,-0.004452436,0.015127678,-0.0031192948,-0.036475968,-0.051270496,-0.030915095,0.012318881
0.0024545598,-0.06652542,-0.10600955,-0.09585175,-0.053544626,-0.021369988,-0.03283214,-0.08802119,-0.15305577,-0.1854075,-0.16432935,-0.10745957,-0.05720504,-0.04896332,-0.08385802,-0.13017383,-0.14486873,-0.10763255,-0.03615743,0.025724426,0.041492004,0.00934587,-0.03813609,-0.05762968
0.17663212,0.16230321,0.121394925,0.09548993,0.112578,0.16646235,0.21937022,0.23190844,0.19153361,0.12299136,0.068383716,0.05772201,0.086156316,0.11767441,0.11394766,0.06267815,-0.011901723,-0.066736326,-0.07185118,-0.03193266,0.016786698,0.034852836,0.007932067,-0.03982278
-0.030124594,-0.061444882,-0.027979096,0.057189368,0.14130227,0.1744949,0.1426177,0.08062399,0.04302831,0.06460508,0.13276696,0.19761144,0.20915976,0.15522861,0.070227355,0.00993829,0.010132915,0.059389193,0.10866177,0.10864468,0.047254007,-0.040818814,-0.09999217,-0.09347248
-0.10818153,-0.05666097,-0.008096001,-0.005360741,-0.057284072,-0.13069169,-0.17359369,-0.15589085,-0.0916458,-0.028155599,-0.009653903,-0.04593111,-0.10551762,-0.13627021,-0.10788179,-0.033950407,0.037438802,0.06097779,0.025539959,-0.036936417,-0.07310625,-0.050989844,0.013943307,0.07319979
-0.05435067,-0.012802723,-0.01208785,-0.061247468,-0.13118096,-0.17605397,-0.16548495,-0.11068115,-0.053445753,-0.034968495,-0.06487419,-0.11545287,-0.14150211,-0.113923825,-0.04473142,0.024045588,0.050268024,0.02464853,-0.025429621,-0.054572087,-0.03400038,0.02479571,0.079423085,0.090186514
-0.038688164,-0.093240455,-0.08626361,-0.029868634,0.02687003,0.035241768,-0.018096121,-0.10014228,-0.15479161,-0.14615561,-0.08493817,-0.020283304,-0.0020576706,-0.04421271,-0.11404434,-0.15642084,-0.1344016,-0.059985194,0.016177889,0.044336755,0.009895528,-0.054889362,-0.094143525,-0.071492724
0.009179932,0.07376651,0.12925793,0.13135679,0.07325346,-0.010266358,-0.0658913,-0.06248622,-0.015962033,0.026304819,0.01990082,-0.041779708,-0.123283096,-0.17170618,-0.15706645,-0.09428708,-0.033611555,-0.019327,-0.058051974,-0.11570003,-0.1407064,-0.1035283,-0.020978596,0.056662656
-0.08970655,-0.09329405,-0.07089665,-0.04811362,-0.049480695,-0.08164516,-0.12654163,-0.1549476,-0.14838149,-0.11321408,-0.074946806,-0.059384156,-0.07338719,-0.10075623,-0.11341864,-0.093542926,-0.047151767,-0.0005569213,0.020734081,0.00886537,-0.0208096,-0.03977838,-0.028411355,0.0066799223
0.031401545,-0.041660823,-0.07587232,-0.035429664,0.060604528,0.15407969,0.18662749,0.14568883,0.0740066,0.034936544,0.06500841,0.14636302,0.22036013,0.23044488,0.16596434,0.06940296,0.00700112,0.015217832,0.075867064,0.1317659,0.12800805,0.054019235,-0.04660077,-0.10885759
-0.0018407727,0.020266853,0.09882008,0.17735124,0.19710834,0.14106984,0.045487333,-0.025094004,-0.02763392,0.028564649,0.087771535,0.091838084,0.023203772,-0.080423445,-0.15328118,-0.15110242,-0.08365353,-0.008347146,0.014138437,-0.033735566,-0.11361757,-0.15923694,-0.12872034,-0.03533391
-0.102189116,-0.102368034,-0.06674051,-0.030112468,-0.028027978,-0.06891309,-0.1272675,-0.16393393,-0.15468763,-0.10773279,-0.057568323,-0.03995943,-0.064488284,-0.106701575,-0.12882215,-0.1068613,-0.04918699,0.009471622,0.032752115,0.010854854,-0.032553963,-0.05915226,-0.04491587,0.0032357022
0.023502352,-0.059396096,-0.105218515,-0.06955589,0.030672936,0.13268055,0.17156996,0.13101733,0.053618845,0.0075666416,0.036797646,0.12573703,0.2113747,0.23079775,0.16915971,0.068837345,0.00035141766,0.0075867795,0.074906535,0.14038582,0.14377396,0.07037256,-0.037773423,-0.11100296
-0.022845374,-0.058808245,-0.11010994,-0.14580657,-0.14543223,-0.11306911,-0.07372463,-0.05728364,-0.073178016,-0.104623854,-0.120603554,-0.10102673,-0.051045943,0.0030497897,0.03093232,0.021337342,-0.007997031,-0.025456913,-0.011063041,0.030221408,0.0716087,0.083190165,0.054480895,0.0058152284
-0.1571919,-0.08490091,-0.01334578,0.0052838544,-0.040262993,-0.111033715,-0.14664659,-0.110663526,-0.020517647,0.06691919,0.0977844,0.06079791,-0.006128324,-0.041814197,-0.011582507,0.06940134,0.14325404,0.15693033,0.10079552,0.013166901,-0.044982977,-0.036363,0.023535233,0.07870681
-0.019786993,-0.006261646,0.04056095,0.08329892,0.08747343,0.04517729,-0.01838394,-0.062111124,-0.060567636,-0.022847872,0.014268475,0.015707916,-0.026584221,-0.08736912,-0.12564664,-0.1152369,-0.06573873,-0.015182082,0.00059376395,-0.027103564,-0.07368694,-0.09771071,-0.073082075,-0.011716321
-0.046472944,-0.09485984,-0.06605062,0.027630772,0.12564038,0.16594028,0.12829036,0.05103677,0.0006772472,0.022338107,0.10471035,0.18887205,0.21230353,0.15618531,0.058637477,-0.01264965,-0.010980951,0.053315263,0.12159413,0.13155934,0.064628355,-0.039706353,-0.11332517,-0.108864225
0.062191088,0.02281555,-0.040443268,-0.087106764,-0.08836687,-0.050621822,-0.008935618,-0.0011460466,-0.037618194,-0.09524352,-0.13328707,-0.124305144,-0.07449425,-0.020023841,0.0012617019,-0.0224456,-0.067762,-0.09455788,-0.075799316,-0.018173596,0.041530058,0.065083526,0.041251995,-0.0067507816
-0.08436795,-0.043354232,4.1850535e-07,0.017544534,0.00045833335,-0.03180754,-0.04749101,-0.02640487,0.023373924,0.07262493,0.09228302,0.07455983,0.038147755,0.015916964,0.027311854,0.065666825,0.10119759,0.10568903,0.07239018,0.02085602,-0.015784064,-0.017269425,0.0092022475,0.035522707
-0.026227271,-0.09831805,-0.14164001,-0.12603989,-0.063059725,0.0017484659,0.022756118,-0.011383261,-0.06779162,-0.09717568,-0.06909097,0.0035342872,0.07451639,0.097817704,0.062941164,0.0017539345,-0.03393367,-0.014438532,0.046679355,0.103398465,0.110872485,0.059766173,-0.016327102,-0.0666314
-0.052762993,-0.09877085,-0.102587774,-0.074188665,-0.045855828,-0.049600467,-0.09309171,-0.15371823,-0.19233932,-0.1852917,-0.14107184,-0.09369768,-0.07616564,-0.098195575,-0.13731275,-0.15613617,-0.12947464,-0.06768605,-0.006416821,0.021086935,0.0041821343,-0.03486814,-0.05644616,-0.036678713
-0.13907848,-0.07001498,-0.003415316,0.009712625,-0.04134937,-0.11684478,-0.15611953,-0.12441184,-0.04015098,0.040705193,0.06588483,0.024911981,-0.043436307,-0.07832274,-0.04645908,0.03517307,0.10957386,0.12526755,0.072487734,-0.009507839,-0.059941508,-0.043860953,0.020856185,0.07960445
0.0017645187,-0.051099215,-0.08485348,-0.08006832,-0.047117036,-0.017532699,-0.019161541,-0.055588767,-0.10361511,-0.1304926,-0.116948,-0.07347111,-0.03194942,-0.020808173,-0.044410486,-0.08055791,-0.09641605,-0.073058695,-0.021548953,0.025588745,0.03986519,0.017135391,-0.021458317,-0.042228166
-0.041417316,0.021068802,0.08609386,0.110841766,0.08188789,0.026257275,-0.009208423,0.0061622066,0.062735505,0.12020849,0.13559878,0.09661165,0.029886734,-0.016546294,-0.0124475295,0.034522884,0.08280415,0.09073469,0.046290655,-0.023763746,-0.071758166,-0.06593712,-0.015608483,0.03912114
0.061635017,0.010611512,-0.07180679,-0.1250412,-0.109382115,-0.036844417,0.039558508,0.06499815,0.024581805,-0.047623053,-0.09185325,-0.069601044,0.007632938,0.08628211,0.113018714,0.07113456,-0.0038524033,-0.052795064,-0.03705855,0.031668365,0.10151429,0.11872524,0.06766204,-0.01788293
0.06983585,0.13721307,0.1697372,0.1580164,0.12409937,0.105957314,0.12708558,0.17994164,0.22893204,0.23946883,0.20151025,0.13911363,0.09129637,0.083887205,0.11059575,0.13757311,0.12924196,0.076751456,0.004995897,-0.046219688,-0.050250903,-0.0138715375,0.027608149,0.037872307
0.15355125,0.1212396,0.06166715,0.025723333,0.045197237,0.1078668,0.16706786,0.1774524,0.12802458,0.051039346,-0.0023655624,0.00025369073,0.04883353,0.096675485,0.09955029,0.045477938,-0.033078466,-0.08456057,-0.076019704,-0.01826191,0.04244212,0.059819076,0.022030076,-0.039861254
-0.12446901,-0.07750017,-0.030000951,-0.014426862,-0.039353356,-0.078434564,-0.09262807,-0.060732663,0.003987464,0.06511506,0.089184016,0.06924403,0.030439474,0.012545489,0.035738222,0.08770454,0.13180514,0.13598977,0.09432699,0.033368956,-0.006773274,-0.0051974487,0.025222076,0.05128189
0.052015968,0.1341022,0.16575894,0.13202767,0.06658879,0.025513342,0.045175105,0.11476032,0.18362603,0.20059787,0.15029404,0.067019716,0.0077096005,0.009794663,0.06367575,0.11992251,0.12628676,0.0682013,-0.019294027,-0.078993104,-0.0733109,-0.01194327,0.05526213,0.07497819
0.026908029,-0.014859283,0.0025937587,0.06689078,0.12832378,0.1395819,0.08806993,0.006485007,-0.05107286,-0.049097963,0.0015810771,0.052887622,0.056838643,0.001499593,-0.079745956,-0.13333002,-0.12305448,-0.060419403,0.004295402,0.023584096,-0.014433572,-0.077297956,-0.112800054,-0.08533633
-0.06879584,-0.032581516,0.056895416,0.14450747,0.17664716,0.1421436,0.076944806,0.039987545,0.0657572,0.14016585,0.20861149,0.21978024,0.16200672,0.0733171,0.012299112,0.015758943,0.06981768,0.12079459,0.118507974,0.051779073,-0.042118315,-0.1032271,-0.0943816,-0.029834025
0.0898877,0.10002139,0.0645276,0.0086348085,-0.029205075,-0.026397832,0.009453645,0.045197565,0.046460237,0.0050451765,-0.05446531,-0.09376451,-0.08876627,-0.04772024,-0.0039432547,0.0076420074,-0.022748042,-0.07030325,-0.096463524,-0.07797687,-0.022993848,0.033468887,0.05516566,0.032584995
-0.17483972,-0.16575165,-0.11037041,-0.052388813,-0.03524371,-0.06652655,-0.11581813,-0.13827603,-0.10634854,-0.031821195,0.04212422,0.072387375,0.049035843,0.0026590638,-0.022806434,0.00084346626,0.06305455,0.12096685,0.13134162,0.08600231,0.015345573,-0.035546515,-0.036909755,0.0032399795
0.03799544,0.06423755,0.027578944,-0.040607363,-0.08356424,-0.06240741,0.01441605,0.09681331,0.13169266,0.10114053,0.035789732,-0.0084005045,0.008075385,0.07711846,0.14912412,0.17148083,0.12640618,0.045384355,-0.014817579,-0.013838749,0.040710896,0.099734575,0.110893235,0.057618037
0.16389056,0.20630142,0.18436445,0.12683542,0.08865662,0.10786046,0.175323,0.24364321,0.26157513,0.21311133,0.12733254,0.06053344,0.052625243,0.09603197,0.1439154,0.14617054,0.0856902,-0.0070071802,-0.074200675,-0.07571509,-0.020505244,0.043706864,0.06638544,0.030459534
-0.019207155,-0.008493133,0.035609353,0.08107479,0.093525074,0.0633105,0.011007879,-0.027206704,-0.026987182,0.0069860076,0.0434377,0.049179558,0.014003054,-0.040926896,-0.07962842,-0.07724173,-0.038944952,0.0037776332,0.017156139,-0.008731265,-0.05328589,-0.08109377,-0.06791371,-0.019051159
-0.013415382,-0.01691926,-0.07957855,-0.16399106,-0.21408017,-0.19930229,-0.13306016,-0.0658754,-0.045488887,-0.08237857,-0.14017715,-0.16523051,-0.12669162,-0.040269203,0.042849634,0.07342036,0.041135818,-0.017212724,-0.047020942,-0.0183682,0.0528068,0.11614955,0.123900905,0.06722817
-0.0733534,-0.13252635,-0.1711492,-0.16689683,-0.127505,-0.08452655,-0.06953622,-0.09076982,-0.12615655,-0.14186585,-0.1157255,-0.056212235,0.0045221862,0.033381768,0.02145681,-0.010915147,-0.028063161,-0.00816113,0.041105002,0.087501414,0.09804029,0.06373574,0.007562666,-0.034225598
-0.12153493,-0.11538319,-0.06869335,-0.024169764,-0.023484118,-0.07416668,-0.1429204,-0.18194287,-0.16456126,-0.10456672,-0.045097236,-0.028233858,-0.06306955,-0.11690128,-0.14216636,-0.11251772,-0.04172458,0.025985556,0.047246385,0.012928783,-0.043413438,-0.073474295,-0.051607072,0.008032016
-0.15093483,-0.1431133,-0.09793162,-0.05155069,-0.040091854,-0.07002081,-0.115106456,-0.13559273,-0.10945128,-0.048024055,0.012218958,0.036252152,0.016293319,-0.02159754,-0.040079314,-0.016607642,0.03763272,0.08696677,0.097881876,0.06305255,0.0071954383,-0.031444278,-0.029233012,0.0055691944
0.109542795,0.12397859,0.06694839,-0.023223428,-0.083695166,-0.073612526,-0.0049752267,0.0632026,0.074428886,0.01577035,-0.07353255,-0.13113962,-0.11572953,-0.04045236,0.0366381,0.05746296,0.008565401,-0.070404254,-0.11818798,-0.09253276,-0.0070035034,0.07761258,0.10341381,0.058708802
0.15742153,0.14320795,0.10772112,0.08808059,0.10716916,0.1563959,0.20181644,0.2101123,0.17219903,0.111709505,0.06606773,0.059577003,0.08552149,0.11102878,0.1041142,0.055723216,-0.010883217,-0.057387598,-0.059368975,-0.023931872,0.016750941,0.029065626,0.002729302,-0.039929215
-0.097685196,-0.04640324,0.0039780517,0.009418057,-0.039958477,-0.11169374,-0.1552191,-0.14088428,-0.08103588,-0.020471781,-0.00333629,-0.04002282,-0.09900327,-0.13044988,-0.10561842,-0.03651497,0.031290267,0.05333927,0.019009704,-0.03968912,-0.07358908,-0.053928353,0.0076481337,0.06654736
-0.0013896942,0.06479974,0.13326456,0.16517238,0.14989384,0.11354291,0.09417199,0.114918716,0.16765405,0.2179436,0.22790602,0.18776459,0.12329067,0.07497659,0.06785686,0.096154965,0.12579611,0.11894367,0.06503375,-0.0077969357,-0.058245435,-0.061471812,-0.022984544,0.021859752
-0.19171332,-0.18764417,-0.13417241,-0.076166116,-0.060112443,-0.09804869,-0.15861994,-0.19031124,-0.16153741,-0.08444817,-0.0047510704,0.030617297,0.007932965,-0.041663248,-0.06858227,-0.04031846,0.031452615,0.1008644,0.12170138,0.080388874,0.007930373,-0.043631334,-0.04112916,0.00523988
-0.008285905,-0.062359426,-0.14119463,-0.19068517,-0.1767152,-0.111030094,-0.04054648,-0.013670567,-0.042306863,-0.09631992,-0.12287466,-0.090031475,-0.009856178,0.0699591,0.10219584,0.07340469,0.015466099,-0.019684136,-0.0004967576,0.061201684,0.12013109,0.12989274,0.07766346,-0.005316876
0.026805328,-0.013424047,0.0033741517,0.061522808,0.11362933,0.114936635,0.05588052,-0.029209714,-0.08711883,-0.08548282,-0.037845172,0.008715463,0.009674808,-0.04524138,-0.122271135,-0.16854808,-0.15153438,-0.08541828,-0.018304357,0.004504774,-0.028908832,-0.08586851,-0.11285733,-0.07810425
0.0969949,0.10221399,0.06075981,-0.0044287904,-0.05347926,-0.060036927,-0.030688437,-0.0007935485,-0.0049970117,-0.051580504,-0.116640344,-0.16035569,-0.15589155,-0.11139679,-0.06249341,-0.045733344,-0.07033051,-0.1126631,-0.13337225,-0.10574587,-0.040021926,0.02558269,0.054908235,0.03944399
-0.0633202,-0.118413016,-0.10285202,-0.03489992,0.027498,0.032379456,-0.029304171,-0.11694832,-0.16893509,-0.14947842,-0.075402796,-0.0038936057,0.011323,-0.03931039,-0.11556962,-0.15697359,-0.12663193,-0.04212577,0.037810545,0.05968572,0.013304529,-0.06122692,-0.1032015,-0.075189374
0.027375031,0.048609015,0.020271575,-0.027707465,-0.04900782,-0.016168034,0.0579763,0.13054697,0.16007103,0.13578883,0.0863225,0.057648744,0.07766022,0.13492207,0.18782665,0.195753,0.14849141,0.07510337,0.022813939,0.020580823,0.0585343,0.09574698,0.0920288,0.03658913
0.15337911,0.18774667,0.15424313,0.08762571,0.045976188,0.06679112,0.13915642,0.21063364,0.22733678,0.17487097,0.08779566,0.024490844,0.024278656,0.07712057,0.1329406,0.13802516,0.07725169,-0.014104641,-0.07785255,-0.0742758,-0.011784878,0.05761752,0.07919769,0.036676124
-0.039588895,0.04657308,0.13660318,0.17310752,0.13715272,0.0651565,0.018532963,0.03810305,0.11173595,0.18630728,0.20435672,0.14917125,0.05696176,-0.008914027,-0.007759136,0.050696198,0.11192487,0.11965106,0.057431754,-0.03737105,-0.10150957,-0.09420185,-0.026855499,0.047151066
0.009108478,0.017885506,0.049334258,0.07382119,0.0661288,0.021779912,-0.037909724,-0.08025003,-0.086193174,-0.06429328,-0.043668523,-0.05028506,-0.08877862,-0.13824055,-0.16605288,-0.15318628,-0.10907736,-0.06456415,-0.046698846,-0.061181128,-0.08813766,-0.09482128,-0.06276333,-0.004207101
0.014384929,-0.033838894,-0.01532238,0.052070167,0.112722114,0.11524938,0.048947606,-0.046790093,-0.11076325,-0.10573011,-0.047314346,0.009501271,0.012958712,-0.048053846,-0.13466361,-0.18614571,-0.16483243,-0.08710865,-0.009788665,0.015167334,-0.024779795,-0.09174118,-0.12503254,-0.08713939
0.07762655,0.15181315,0.18235025,0.15928388,0.11126461,0.08508374,0.108523615,0.16979127,0.22526959,0.2341416,0.18621795,0.111961044,0.05890102,0.05702107,0.095445365,0.13250966,0.12596206,0.06709747,-0.013243442,-0.06661808,-0.06292643,-0.013057565,0.039144166,0.052088343
-0.12912579,-0.17311783,-0.14620164,-0.06353845,0.018775376,0.048642203,0.014904938,-0.04399653,-0.07091276,-0.03232233,0.056498453,0.14092605,0.16762483,0.12625192,0.054197744,0.009273131,0.026506398,0.091725394,0.15155335,0.15298805,0.086253926,-0.00981262,-0.076325856,-0.07642748
0.1119044,0.123116285,0.06662345,-0.023338025,-0.0878585,-0.09042904,-0.04072181,0.01140318,0.015300437,-0.043097764,-0.12958743,-0.18653484,-0.17654112,-0.11086056,-0.03918918,-0.013779376,-0.050147004,-0.114660986,-0.14955463,-0.118512996,-0.034107473,0.05235734,0.08877277,0.05883287
0.016988307,-0.05827986,-0.11699171,-0.12779835,-0.096213065,-0.060816187,-0.06036721,-0.10692665,-0.17512962,-0.22169864,-0.21525455,-0.16312519,-0.10370967,-0.07800355,-0.098207206,-0.14121573,-0.16342781,-0.13472126,-0.06404652,0.008762754,0.04361156,0.027554117,-0.016832005,-0.04631694
0.05727695,0.029105349,-0.021665921,-0.049799155,-0.025133828,0.04189913,0.10914215,0.13568859,0.11081235,0.060483154,0.029187031,0.046363346,0.102608375,0.15648755,0.16778563,0.12615426,0.05850495,0.009750312,0.010951499,0.05221076,0.09283975,0.09381812,0.045925375,-0.025276441
-0.056970343,-0.10464202,-0.102075286,-0.059688944,-0.01758029,-0.01588344,-0.063039325,-0.1301249,-0.17186016,-0.16073222,-0.10654211,-0.05032001,-0.0326,-0.06341136,-0.11454031,-0.14170544,-0.11670428,-0.050155595,0.016016908,0.040193003,0.0122142555,-0.039361108,-0.06969223,-0.050838582
0.017850213,-0.058075845,-0.10889199,-0.108007826,-0.06758325,-0.030792039,-0.03733442,-0.09319207,-0.16484232,-0.2066431,-0.19184797,-0.13449134,-0.07811098,-0.06378689,-0.09701693,-0.14630462,-0.16505058,-0.12887771,-0.05363974,0.016309403,0.040579062,0.013397956,-0.03377276,-0.056716215
0.11397243,0.054877006,-0.0357605,-0.09875999,-0.095978,-0.042637523,0.009678761,0.01043274,-0.05127354,-0.1390957,-0.1940626,-0.18025772,-0.11117036,-0.040689692,-0.019088024,-0.059524484,-0.12577115,-0.15972781,-0.12567711,-0.039373968,0.045481164,0.07754514,0.044061538,-0.020510893
-0.16411325,-0.15667483,-0.11086761,-0.05964536,-0.038332902,-0.05492059,-0.08729545,-0.09944291,-0.069355056,-0.005551971,0.0587447,0.089525834,0.07708009,0.044106536,0.024468336,0.04133406,0.086745575,0.12876447,0.13501236,0.096936345,0.036291935,-0.011459816,-0.022121774,0.00011905711
-0.1064267,-0.13756545,-0.12937535,-0.09007126,-0.049598325,-0.03734639,-0.05927931,-0.09313103,-0.10650678,-0.08185563,-0.027960181,0.0248094,0.046236917,0.030036435,-0.002484798,-0.018857762,-0.000659559,0.043201324,0.08353505,0.089630336,0.05542053,0.003643701,-0.0317907,-0.032390393
-0.02705372,-0.054376956,-0.02626883,0.04601625,0.11712888,0.14437714,0.11663416,0.063593954,0.03149934,0.050090007,0.10872838,0.16435611,0.17428231,0.1286439,0.056893896,0.00614948,0.0069192657,0.04982221,0.09243026,0.09242584,0.04038928,-0.034447342,-0.08488617,-0.079324745
-0.06894743,-0.02307859,-0.018628685,-0.06766806,-0.14148882,-0.190699,-0.1815851,-0.12367382,-0.060495116,-0.037088774,-0.06615514,-0.11954392,-0.14875682,-0.121233195,-0.04804478,0.0269861,0.05768209,0.03179874,-0.022126567,-0.05501402,-0.03551979,0.025362289,0.08369116,0.096589796
0.08199636,0.049410228,-0.0061419844,-0.034153454,-0.0040379805,0.07282861,0.14861138,0.17590316,0.14360932,0.08359239,0.046466485,0.0638253,0.124649696,0.18241023,0.19086307,0.13867341,0.059058722,0.0034862282,0.004121143,0.051107436,0.098554984,0.09986942,0.04417262,-0.0348151
-0.049467016,-0.13212694,-0.18470438,-0.16862188,-0.09682012,-0.021037495,0.00714165,-0.025682023,-0.08616436,-0.11939807,-0.08787599,-0.0036324752,0.080859825,0.11370014,0.081490815,0.015638614,-0.02698977,-0.008653304,0.059481826,0.124721296,0.13673778,0.08239357,-0.0062212124,-0.07167838
0.008061125,-0.05998496,-0.15697332,-0.21884261,-0.20555183,-0.13362005,-0.060065746,-0.039736744,-0.08411663,-0.15566571,-0.19168857,-0.15459637,-0.06061046,0.03166359,0.067057185,0.0321524,-0.034401886,-0.07090207,-0.038668677,0.045148704,0.122564286,0.13880466,0.08225981,-0.009230153
0.025641996,-0.0120340455,-0.06565661,-0.09395503,-0.072836064,-0.011973598,0.04920611,0.07071431,0.045492686,0.00086178636,-0.021533405,0.002144171,0.061093766,0.11659137,0.130392,0.09447934,0.038234245,0.00301354,0.01152001,0.05492411,0.09569062,0.09567863,0.04748974,-0.01909857
0.0412216,-0.0017379671,0.008637519,0.061644018,0.113659635,0.118508324,0.06295192,-0.021702431,-0.08338201,-0.0881601,-0.04537253,0.0008402029,0.004812386,-0.047260754,-0.1235493,-0.17250842,-0.15982173,-0.096370414,-0.027810857,-0.0010541568,-0.030118097,-0.08382454,-0.11043474,-0.07886784
0.010576253,-0.03013597,-0.05489714,-0.037160147,0.019204775,0.08286958,0.11639549,0.105523035,0.06913476,0.043759663,0.05619375,0.10350696,0.1543394,0.17213467,0.14336568,0.08677941,0.040651985,0.032461766,0.060585845,0.094062276,0.09677791,0.055411216,-0.009374542,-0.059770904
-0.04572769,0.012720481,0.03600541,0.01064687,-0.039496653,-0.069211714,-0.047324337,0.018099705,0.0868592,0.11704047,0.09467018,0.04397272,0.009986223,0.024163425,0.07869762,0.13403492,0.14830062,0.10875273,0.040141862,-0.011186931,-0.0132303415,0.026314324,0.068283215,0.072735734
-0.11931667,-0.07397282,-0.026264088,-0.009763348,-0.033929836,-0.075018674,-0.094209425,-0.06796269,-0.0064692753,0.054656528,0.080726236,0.06253806,0.022626895,0.00068240694,0.019453116,0.07035712,0.117297165,0.12648393,0.08944707,0.029475013,-0.013188656,-0.013819116,0.018264279,0.049088653
0.19609082,0.15760933,0.08735712,0.046177212,0.07235039,0.1496499,0.22015437,0.22973102,0.16721348,0.072871275,0.008117231,0.0114962915,0.06941699,0.12429843,0.122947045,0.053806804,-0.042843286,-0.10515009,-0.09369179,-0.023117274,0.048693843,0.06685543,0.020233575,-0.052790485
-0.0013933134,-0.03911686,-0.097968616,-0.13781044,-0.13049161,-0.08097634,-0.024222301,0.00043212704,-0.018525314,-0.059804782,-0.08354443,-0.06296156,-0.00380278,0.058610223,0.0859265,0.06537704,0.019974498,-0.011097515,-0.0016611307,0.043501627,0.09006967,0.100263044,0.062286302,-0.00083074707
-0.0004913969,0.01667021,0.07043588,0.11999831,0.1259775,0.078396246,0.005857813,-0.045021787,-0.046303015,-0.007617227,0.030629814,0.028925853,-0.022244288,-0.094279975,-0.14054042,-0.13228032,-0.08014706,-0.02542629,-0.008580481,-0.04037091,-0.0922734,-0.11746876,-0.08841699,-0.018116811
-0.117803246,-0.14822985,-0.1407468,-0.103091635,-0.06398704,-0.049674574,-0.066299506,-0.09432325,-0.103793174,-0.077902004,-0.024641423,0.027478747,0.051182397,0.040176205,0.012422991,-0.001995519,0.014845246,0.05511013,0.09120876,0.096545674,0.06458073,0.014109753,-0.023510465,-0.028306408
0.11851039,0.12782304,0.06610864,-0.029830338,-0.098357536,-0.099929824,-0.04479549,0.011564873,0.014680616,-0.04856085,-0.14049038,-0.2003427,-0.18764977,-0.11495599,-0.03736719,-0.011739024,-0.052186042,-0.121046446,-0.15837096,-0.12397638,-0.031623505,0.060501084,0.095973544,0.0616905
0.014263843,-0.07532955,-0.1388031,-0.143075,-0.100319706,-0.059416935,-0.06540145,-0.12698916,-0.20871048,-0.25850767,-0.24340975,-0.17740352,-0.109926626,-0.08788054,-0.11990213,-0.17311788,-0.19479042,-0.15387748,-0.0664606,0.01659808,0.049169406,0.022692941,-0.030885516,-0.060128067
-0.011016548,0.0071051237,0.07488113,0.1385617,0.14675362,0.08723045,-0.0046796068,-0.07084904,-0.07351921,-0.02309441,0.028363412,0.029483838,-0.032384224,-0.12199269,-0.18102507,-0.17128353,-0.10356782,-0.031365305,-0.0076508475,-0.045450028,-0.11082416,-0.14585868,-0.11217808,-0.023189543
-0.058181226,-0.06657974,-0.111921854,-0.1698695,-0.2048608,-0.19600777,-0.1518998,-0.10519124,-0.086757295,-0.10440873,-0.13491502,-0.14364947,-0.11074894,-0.046012368,0.016639825,0.044963602,0.03133939,-0.0011399495,-0.016867803,0.004470881,0.052335154,0.09308857,0.09553935,0.054246582
-0.04567444,-0.06884698,-0.04935057,0.0033442178,0.05439222,0.07185164,0.048431467,0.008389859,-0.012630505,0.0060625277,0.054808654,0.10023791,0.1095403,0.07679247,0.026313536,-0.005793021,0.0018810837,0.0397282,0.0746914,0.074527465,0.033978455,-0.02222793,-0.058159392,-0.052635558
-0.0073228925,0.010545682,0.07201884,0.1302724,0.14005291,0.09110945,0.014066555,-0.040941853,-0.041204125,0.004188058,0.049798284,0.05048227,-0.004497598,-0.08409756,-0.13726595,-0.13083652,-0.07382284,-0.013161745,0.0038739345,-0.03307475,-0.09314579,-0.12580377,-0.09816899,-0.021911662
-0.038346786,-0.01645429,0.056709062,0.12778886,0.14399654,0.09376669,0.012685765,-0.042201553,-0.034939997,0.023722464,0.08196558,0.08816613,0.030198608,-0.055807337,-0.11328619,-0.10514494,-0.04246921,0.02292256,0.03821463,-0.008299783,-0.08159098,-0.12516075,-0.10251824,-0.024376184
-0.03380574,-0.06130143,-0.024996871,0.05406535,0.123577856,0.14062504,0.09801012,0.032780908,-0.0019044263,0.023075208,0.08871286,0.14500815,0.14837162,0.09267604,0.01359255,-0.03474606,-0.022214565,0.033159588,0.08209287,0.08199215,0.02440174,-0.05514204,-0.10095852,-0.08091826
0.0072557917,-0.030021666,-0.046804253,-0.02133798,0.03715645,0.09634205,0.12193926,0.105999045,0.07076049,0.05116743,0.06885483,0.115849786,0.1600011,0.16847591,0.13349001,0.07779164,0.037651137,0.035218187,0.06375423,0.09184968,0.087218784,0.042166412,-0.019661011,-0.06204905
-0.11652943,-0.11901728,-0.08252529,-0.045489207,-0.045469183,-0.092167534,-0.15871826,-0.20146325,-0.1921049,-0.14028235,-0.08453915,-0.06383294,-0.08983875,-0.13643411,-0.16048673,-0.13404742,-0.06649291,0.0017660235,0.030825416,0.008631802,-0.039247192,-0.06784953,-0.04882002,0.0069166115
-0.038741782,-0.037687793,-0.08179345,-0.14622127,-0.18915667,-0.18450014,-0.13767333,-0.083214104,-0.058141872,-0.076238945,-0.1146044,-0.13397829,-0.10873942,-0.045257404,0.022274354,0.05595498,0.042221215,0.0029418385,-0.022619495,-0.009052048,0.03870846,0.08790485,0.10064623,0.06266609
0.10267601,0.039759357,0.0044005252,0.025644625,0.088452145,0.14428814,0.14738023,0.090569966,0.00987771,-0.042249095,-0.035864424,0.014512633,0.06132694,0.059054535,0.0011892761,-0.07691183,-0.12240974,-0.10585163,-0.042475823,0.019419309,0.034571223,-0.0048538875,-0.06394943,-0.09155993
-0.21412323,-0.14273791,-0.06499976,-0.043733895,-0.0966555,-0.18161072,-0.22942752,-0.19623376,-0.09632716,0.008053375,0.053111058,0.02065345,-0.0491113,-0.08722676,-0.051702853,0.044520445,0.13911855,0.16855697,0.11582354,0.022361126,-0.043678336,-0.03821204,0.027214581,0.092678666
0.048957214,0.1278867,0.15808654,0.12413031,0.05784328,0.01641107,0.036692362,0.10591796,0.17356995,0.19006136,0.14050455,0.057993915,-0.00016314647,0.0039033731,0.05884649,0.114863016,0.12162038,0.06534788,-0.021441566,-0.07971893,-0.07145193,-0.0094138635,0.05597217,0.075398535
0.03124433,0.050681915,0.007047817,-0.06244069,-0.09931036,-0.06638573,0.022008259,0.10939296,0.14213963,0.10741319,0.04205304,0.0044907336,0.03170777,0.10999853,0.18398531,0.19986153,0.14569561,0.059402026,-0.00019764501,0.0057815593,0.06435526,0.12007523,0.119853675,0.05367549
-0.106892794,-0.03394114,0.03704173,0.057072736,0.015460998,-0.05056282,-0.08474472,-0.05379019,0.025283204,0.10011114,0.12086574,0.078036785,0.00860143,-0.030521905,-0.007959856,0.06134498,0.12357327,0.13030075,0.074068986,-0.007738769,-0.05918546,-0.048165098,0.010305189,0.06493308
-0.02840979,-0.07938134,-0.1104322,-0.100947686,-0.060583584,-0.020030003,-0.008129598,-0.031826753,-0.069618344,-0.088617414,-0.06822397,-0.018209385,0.030006018,0.047199324,0.026687328,-0.011054203,-0.032017212,-0.015611178,0.02776291,0.06696835,0.07396523,0.042064436,-0.008194516,-0.0418191
0.0797007,0.08117655,0.04046031,-0.019358605,-0.060906123,-0.061806615,-0.030222625,-0.00042308468,-0.003353229,-0.044887673,-0.101237535,-0.13608097,-0.12698732,-0.08340323,-0.0385575,-0.025154315,-0.049278233,-0.087932,-0.10604903,-0.0812237,-0.023425333,0.032611825,0.05451769,0.035454962
-0.16022478,-0.14713326,-0.09003874,-0.030244928,-0.009174117,-0.03637283,-0.08417864,-0.10638633,-0.07539196,-0.0033829215,0.0674848,0.095927164,0.071043536,0.021380251,-0.008044578,0.011821287,0.069518216,0.12262291,0.13103677,0.08464311,0.012146991,-0.039559096,-0.040236793,-0.001182409
0.021221258,-0.036083177,-0.076055184,-0.07729157,-0.04756824,-0.018230446,-0.018976456,-0.057710197,-0.11160807,-0.14544067,-0.1369819,-0.095227234,-0.051767103,-0.03801378,-0.060708713,-0.099363655,-0.11748552,-0.09399965,-0.03982886,0.012903094,0.03373911,0.014874582,-0.022453578,-0.04311708
0.017705,-0.058535174,-0.113692924,-0.114100374,-0.067829825,-0.018928701,-0.011857786,-0.058526516,-0.1296843,-0.17679964,-0.16619773,-0.106604494,-0.0415216,-0.01706194,-0.046159532,-0.101288386,-0.13365003,-0.11005367,-0.039122783,0.034232657,0.06379644,0.03563619,-0.022320721,-0.061016556
0.03445777,0.04729963,0.088737465,0.12703033,0.13118617,0.09430976,0.037430547,-0.0062182327,-0.013962141,0.009212561,0.033076704,0.026724719,-0.017161591,-0.07717105,-0.11834116,-0.11795636,-0.08117963,-0.039645217,-0.026969898,-0.050000023,-0.08681595,-0.10368501,-0.07886924,-0.020027531
0.01594982,-0.039886534,-0.12284736,-0.17465577,-0.15786411,-0.08614717,-0.012082832,0.012609644,-0.02396481,-0.08792882,-0.121919185,-0.090215094,-0.0061623175,0.076722026,0.106603935,0.07027576,0.0028398728,-0.038752336,-0.017412204,0.05305387,0.11948584,0.13045259,0.07477282,-0.012869177
-0.12550889,-0.10857382,-0.053824537,-0.00034579705,0.014758065,-0.015792152,-0.06403442,-0.08602157,-0.057917956,0.006333383,0.06649212,0.085594185,0.055177867,0.004193371,-0.023860175,-0.0039222203,0.05039627,0.0983365,0.10392661,0.05869295,-0.007890363,-0.050084613,-0.042508166,-0.00010532525
-0.060092475,-0.11321025,-0.14876825,-0.1439969,-0.10612134,-0.06543408,-0.051369376,-0.07057271,-0.10328452,-0.118831806,-0.095828034,-0.041849915,0.011914634,0.0359718,0.023167485,-0.0075324806,-0.024663039,-0.0073042936,0.037308346,0.07783079,0.08600915,0.055742823,0.0056318836,-0.03245161
0.031747274,-0.00958076,-0.07164837,-0.106679246,-0.08495308,-0.018242735,0.04868382,0.071900606,0.04205717,-0.010902759,-0.03927907,-0.014221315,0.053038713,0.11743564,0.13514641,0.09624932,0.032088682,-0.009203101,0.0020555323,0.054896377,0.10448571,0.10721589,0.054854862,-0.020590119
0.05972385,0.12771297,0.13793822,0.079499744,-0.008841407,-0.0675115,-0.059024487,0.0010453458,0.05787865,0.060262423,-0.0026193094,-0.09199312,-0.14773746,-0.1332299,-0.06346677,0.0061806957,0.02263664,-0.02461986,-0.09751529,-0.13604933,-0.104063585,-0.01830602,0.06478284,0.0924709
-0.12880181,-0.08185468,-0.034770563,-0.02244357,-0.05280672,-0.09934166,-0.12165919,-0.095244065,-0.03209303,0.029269092,0.052767012,0.031266544,-0.00955504,-0.028983887,-0.004655773,0.052701235,0.10366138,0.113025725,0.07602681,0.018776659,-0.019082949,-0.014316393,0.023058515,0.055956747
0.03017143,0.043939415,0.095098555,0.14667614,0.1582097,0.11681622,0.046848126,-0.00784974,-0.017410198,0.013277725,0.04768545,0.045857187,-0.005265229,-0.08036848,-0.13381445,-0.13536377,-0.09059669,-0.037665542,-0.019128637,-0.048167367,-0.09793326,-0.12354993,-0.09732325,-0.028315088
0.05671904,0.013126336,0.022331532,0.07647906,0.13234349,0.14249273,0.09152604,0.008067594,-0.056251116,-0.06494418,-0.024363134,0.021845847,0.026957585,-0.024818266,-0.10372561,-0.15855904,-0.15238366,-0.09278272,-0.025688754,0.0012168771,-0.02707966,-0.08181661,-0.11235347,-0.08456214
0.022377765,0.063919865,0.098574996,0.0952433,0.048283555,-0.01835573,-0.065466255,-0.07024311,-0.042998485,-0.017121274,-0.024073692,-0.070326835,-0.13165726,-0.16938831,-0.1596913,-0.11293852,-0.06434065,-0.0465423,-0.068244986,-0.10614892,-0.12027446,-0.08742304,-0.020782107,0.04239395
-0.047799494,0.007951386,0.06540717,0.08705406,0.062221367,0.014725366,-0.015138453,0.00024749056,0.05246502,0.10514484,0.12012527,0.087090045,0.030243978,-0.009254363,-0.004364367,0.03836869,0.08176616,0.088173494,0.048182715,-0.013994295,-0.05724312,-0.053570166,-0.0098683955,0.0365407
0.032665845,0.0023248477,-0.04349962,-0.06617681,-0.04270794,0.01534048,0.07086971,0.09004898,0.06665894,0.02529693,0.0039990847,0.025208304,0.077939086,0.12548763,0.13438375,0.09843704,0.043352835,0.007552346,0.014536433,0.053103406,0.08707684,0.08426661,0.039246738,-0.02268893
0.118608914,0.13156207,0.08247211,0.0033249625,-0.051928066,-0.04899245,0.0025007394,0.054031543,0.057879135,0.0027897006,-0.07850704,-0.13254902,-0.124295615,-0.064562246,-0.001554679,0.01568515,-0.025014222,-0.09045875,-0.12787999,-0.102529444,-0.026559506,0.0504519,0.07905526,0.048203513
0.085597545,0.050190665,-0.020153306,-0.060126457,-0.025937326,0.07283315,0.17780346,0.22556767,0.19525504,0.12302123,0.07410472,0.09333544,0.17226781,0.25367615,0.27485144,0.21506618,0.111909576,0.032774035,0.024137072,0.078564286,0.13967614,0.14440887,0.07309344,-0.03454519
-0.010318898,0.009457807,0.0796165,0.14483558,0.15227106,0.08883525,-0.008114841,-0.07717425,-0.079641566,-0.027334314,0.025609955,0.025882665,-0.039508816,-0.13329223,-0.19424444,-0.18259352,-0.11123593,-0.035715275,-0.010820401,-0.050588984,-0.1186318,-0.15359725,-0.116532944,-0.022946829
0.022897175,-0.03278623,-0.062233325,-0.03339733,0.042289607,0.12188405,0.15868782,0.13700986,0.085078046,0.05265707,0.07258327,0.1352107,0.19706172,0.21289475,0.16858995,0.092008136,0.035193272,0.032027554,0.072527714,0.114828624,0.11533388,0.059398625,-0.024505928,-0.083368845
-0.027056219,0.070398085,0.17006709,0.21312633,0.18145873,0.11231365,0.06843022,0.09313638,0.17285208,0.2510709,0.26802608,0.2080832,0.108809404,0.03590597,0.032589074,0.08869064,0.14590347,0.14578891,0.074218765,-0.030790288,-0.10348304,-0.099457435,-0.030869043,0.043607265
0.019818967,-0.03906045,-0.122553244,-0.17237142,-0.15377375,-0.08287172,-0.012570227,0.007151953,-0.032972503,-0.09752351,-0.12944019,-0.095769286,-0.012587773,0.06658011,0.09256172,0.054455176,-0.010915727,-0.0475915,-0.022248263,0.048932895,0.11400016,0.12386447,0.06885837,-0.01569996
0.12627651,0.09338339,0.042928733,0.016144592,0.03674508,0.09079777,0.1374074,0.13951053,0.09263612,0.027972933,-0.011994296,-0.0036028633,0.040872037,0.08001718,0.07716008,0.027217356,-0.038217776,-0.07584224,-0.061701737,-0.008806401,0.040558785,0.048605572,0.011309897,-0.039788518
0.019892158,-0.033248104,-0.06468714,-0.056249693,-0.020289939,0.011027273,0.008792639,-0.03135864,-0.08372945,-0.11310964,-0.1004419,-0.057968687,-0.018625572,-0.011791278,-0.041476775,-0.08347303,-0.10185886,-0.078389004,-0.026712727,0.020633787,0.034344625,0.009163417,-0.030712344,-0.049232986
-0.03934819,-0.016611416,0.05174932,0.11272192,0.1178477,0.0575672,-0.030771742,-0.08803044,-0.080353156,-0.023363255,0.029997753,0.030987626,-0.030192945,-0.115583755,-0.16677251,-0.14838448,-0.07725425,-0.007819167,0.010530443,-0.032902334,-0.10092838,-0.13398801,-0.09804857,-0.012434639
-0.0061358875,0.0208681,0.079634026,0.12725447,0.12664917,0.07486537,0.0066217924,-0.03276184,-0.02217525,0.022352975,0.058244724,0.048576742,-0.00920063,-0.08017512,-0.11868209,-0.1025733,-0.04897054,-0.00063109724,0.0037742665,-0.039034575,-0.09323455,-0.11297546,-0.07851753,-0.007830318
-0.044925854,-0.10003426,-0.13482396,-0.12355163,-0.07318689,-0.019868394,-0.00020409445,-0.021931492,-0.060814522,-0.08042069,-0.05625854,0.0036459162,0.06300919,0.08542373,0.06255599,0.018690895,-0.008702152,0.0042628367,0.051005978,0.094552174,0.09924903,0.05843787,-0.0025194243,-0.047292996
0.031811304,0.005789462,0.03230317,0.09610053,0.15158106,0.15673606,0.10480952,0.03149113,-0.015426218,-0.008882864,0.036503617,0.07650747,0.07041376,0.011772736,-0.06479423,-0.11070164,-0.0996383,-0.04590044,0.0067047197,0.016022481,-0.025055245,-0.0825534,-0.108797505,-0.07800914
0.0043827523,0.018094154,-0.015379987,-0.072703585,-0.11151124,-0.102437556,-0.04966347,0.010357013,0.037594665,0.017185107,-0.02858077,-0.05840937,-0.043226212,0.012580217,0.073408805,0.0986971,0.07389535,0.021386283,-0.017594311,-0.013660996,0.02978156,0.078170195,0.09070048,0.05305284
-0.07283523,0.0103851715,0.09384208,0.119148135,0.07156382,-0.009390944,-0.05982033,-0.038393907,0.040867664,0.12009204,0.14008963,0.085839525,-0.0034183417,-0.062472336,-0.050003853,0.022510123,0.09594277,0.110783234,0.05195044,-0.040792212,-0.10172516,-0.088045135,-0.012477722,0.06489462
-0.049345814,-0.084873,-0.05130861,0.038105022,0.12826638,0.16709565,0.13876708,0.077617936,0.04113527,0.066829935,0.14238624,0.21513587,0.2321753,0.17988536,0.09273399,0.029567774,0.029549139,0.08134838,0.13237311,0.13130902,0.06524673,-0.030962562,-0.098284036,-0.09628647
-0.046101347,-0.079895645,-0.08167619,-0.05982286,-0.04026508,-0.04691561,-0.08346127,-0.13030724,-0.15774971,-0.14994207,-0.11496884,-0.079949886,-0.06986385,-0.08924734,-0.11847013,-0.12883551,-0.10394146,-0.053784687,-0.0071591963,0.01104783,-0.0033851122,-0.030973218,-0.04299927,-0.024246277
0.17847332,0.14774427,0.09550252,0.06935791,0.095018975,0.15702936,0.20989318,0.21214347,0.15779921,0.08125402,0.030732851,0.032866083,0.07371636,0.108737625,0.09888163,0.037476834,-0.040902525,-0.08787694,-0.07785205,-0.024814848,0.028149819,0.039968684,0.0026794348,-0.051039923
0.037425704,0.08384121,0.11998837,0.11558015,0.06745461,0.002857375,-0.03978792,-0.040414996,-0.012770375,0.009028432,-0.0051456625,-0.057643082,-0.12059507,-0.15614244,-0.1444319,-0.09944589,-0.057330627,-0.048514668,-0.07625356,-0.11332393,-0.12251782,-0.08577492,-0.019018035,0.04123186
-0.062365163,-0.017285539,-0.008602931,-0.049896672,-0.11619285,-0.16259305,-0.15656058,-0.10428631,-0.044528794,-0.019659,-0.043869272,-0.093138985,-0.1232206,-0.10255994,-0.03856467,0.030030072,0.059944764,0.037359305,-0.013330134,-0.047646314,-0.035021808,0.01780906,0.072237216,0.08725547
-0.101535186,-0.10777356,-0.07599852,-0.038992647,-0.032992113,-0.071114026,-0.13091144,-0.17274049,-0.16895704,-0.12426762,-0.07140617,-0.04814594,-0.06803456,-0.11031747,-0.13610727,-0.11809749,-0.060839474,0.0021157975,0.032183234,0.014844558,-0.028829658,-0.059256487,-0.048593134,-0.0017286849
-0.06484982,-0.119033195,-0.115493454,-0.065394305,-0.014866109,-0.010581588,-0.0632332,-0.13961136,-0.18739034,-0.17463385,-0.11211846,-0.046907466,-0.026431125,-0.0624166,-0.12262961,-0.15531395,-0.12810265,-0.052815538,0.022449156,0.049338672,0.016086383,-0.044358168,-0.08035824,-0.05968938
-0.008055941,0.027731756,0.057866454,0.052040353,0.0047960957,-0.06109033,-0.10804123,-0.1129199,-0.08520499,-0.057430692,-0.06039794,-0.10006457,-0.15334389,-0.18390542,-0.16906223,-0.11880765,-0.06742349,-0.046601724,-0.06291494,-0.094687454,-0.10596556,-0.07463334,-0.01199752,0.046377353
-0.053277466,-0.1086001,-0.14060521,-0.12685296,-0.07648253,-0.023609223,-0.0036728205,-0.024930406,-0.06214203,-0.078519106,-0.051595356,0.009117937,0.068400696,0.09109426,0.06804807,0.024368236,-0.001542617,0.012593381,0.058103435,0.10039044,0.10366538,0.060257144,-0.003129561,-0.04708728
0.039678093,-0.00554994,0.001585003,0.05267582,0.105506435,0.11550218,0.0678342,-0.011457148,-0.0724576,-0.07919097,-0.03778229,0.009573374,0.018229611,-0.027276568,-0.10024422,-0.15151943,-0.14429222,-0.08543546,-0.019579023,0.008396367,-0.017364232,-0.07107283,-0.10363878,-0.07909591
0.07566487,0.035191268,-0.024984902,-0.066629,-0.06585716,-0.033151604,-0.0016870892,-0.003949681,-0.04649302,-0.10487241,-0.14071691,-0.131474,-0.086366676,-0.040510792,-0.026496304,-0.052639928,-0.09464024,-0.11440194,-0.089558095,-0.030936578,0.026174754,0.048049517,0.026819259,-0.01372158
-0.032805692,-0.0004366209,0.06687629,0.13167231,0.15855084,0.14038594,0.10133188,0.08114929,0.10212254,0.15377371,0.19884057,0.20337896,0.1604748,0.096436396,0.050732646,0.04842545,0.0787763,0.1055612,0.096083514,0.043668166,-0.025574962,-0.070829235,-0.06711864,-0.025456712
-0.011741546,-0.05006819,-0.10163728,-0.13548411,-0.1323896,-0.09869973,-0.062195145,-0.051879026,-0.07340078,-0.10771525,-0.123781614,-0.10331845,-0.053539086,-0.0032373925,0.01871413,0.0049204472,-0.024366254,-0.038848113,-0.020722497,0.023545722,0.065154836,0.07477916,0.04625261,0.0004926965
-0.052138686,-0.096900836,-0.09268458,-0.049835276,-0.00789516,-0.0049065934,-0.049551606,-0.11391861,-0.15402237,-0.14330937,-0.09156807,-0.03834325,-0.022591181,-0.053791057,-0.1046137,-0.13214232,-0.109020874,-0.046144325,0.015944332,0.03813742,0.010628932,-0.039376836,-0.06874321,-0.050348204
-0.034690946,0.021304041,0.08589161,0.11637764,0.09434405,0.042406686,0.004561645,0.012164958,0.060961563,0.11605309,0.13520241,0.101570815,0.037189793,-0.012808012,-0.016725073,0.02249865,0.06934374,0.08249771,0.044359494,-0.021851033,-0.070759006,-0.07074749,-0.026126591,0.029011248
-0.17586891,-0.16823207,-0.12204872,-0.074189074,-0.05962813,-0.08509648,-0.1257029,-0.14174071,-0.10980126,-0.041867986,0.024621721,0.054374952,0.03893893,0.0034338837,-0.014230614,0.01043932,0.06637998,0.11599272,0.12550989,0.08714493,0.025107164,-0.020301856,-0.022571025,0.008274401
0.020158792,-0.041123867,-0.082636245,-0.0821242,-0.049852863,-0.020733085,-0.026429294,-0.071953006,-0.13114055,-0.1668616,-0.15675837,-0.1116857,-0.06700062,-0.0553866,-0.081893794,-0.122142635,-0.13870469,-0.11047246,-0.049532052,0.007975935,0.029525252,0.009632628,-0.028022898,-0.04672117
0.007576561,0.020872157,0.061951183,0.09961088,0.10360286,0.068142526,0.0150143085,-0.022397319,-0.023298932,0.005326888,0.03303338,0.029748153,-0.010789022,-0.066189595,-0.10195767,-0.09693707,-0.05829544,-0.017621044,-0.0073913536,-0.033394344,-0.07254048,-0.09056597,-0.06807773,-0.013856004
0.114943385,0.122639515,0.08710572,0.030343104,-0.010815983,-0.013263837,0.01591784,0.043244366,0.037483666,-0.007795245,-0.06972519,-0.11219273,-0.111816786,-0.07618054,-0.037736412,-0.028615355,-0.056230955,-0.098254845,-0.12030998,-0.09890894,-0.04210471,0.016173756,0.042602643,0.029545352
0.035547286,-0.04195963,-0.093043745,-0.08421163,-0.026904505,0.030372858,0.03996782,-0.010022451,-0.0853606,-0.1327509,-0.118143424,-0.05400634,0.011198052,0.028800452,-0.012068523,-0.0789609,-0.11716607,-0.09364852,-0.022181947,0.048027143,0.069488056,0.030832788,-0.034947228,-0.07476647
0.14839514,0.11799822,0.060150996,0.023827607,0.04242121,0.10576322,0.16696177,0.17961073,0.13291018,0.05821842,0.0054188157,0.0077012717,0.0565614,0.105495684,0.10881323,0.055644087,-0.022345357,-0.07509814,-0.068971075,-0.012658668,0.04665432,0.062186193,0.023887761,-0.037622705
-0.053876985,-0.018828921,-0.016108744,-0.055016626,-0.11191335,-0.14778025,-0.137761,-0.091192745,-0.041578107,-0.023371246,-0.045957327,-0.086658575,-0.10772621,-0.08501931,-0.028110033,0.029043237,0.051855538,0.03059857,-0.012250417,-0.03794907,-0.023156142,0.022743937,0.06669119,0.07527605
-0.120661214,-0.07782174,-0.03523533,-0.023455057,-0.048016485,-0.08553348,-0.100907505,-0.07306268,-0.012525315,0.045806885,0.069786154,0.053105786,0.017928962,0.0004337404,0.021317376,0.07174608,0.11680565,0.1241527,0.08830774,0.032028433,-0.007759023,-0.007519775,0.023779068,0.051070374
-0.11749238,-0.16811983,-0.150877,-0.078814834,-0.0061795106,0.015254451,-0.026364941,-0.093131356,-0.12810016,-0.09763672,-0.0153324725,0.0657631,0.092334755,0.05313788,-0.014934938,-0.0549651,-0.032230966,0.03961473,0.10803637,0.11987476,0.06447096,-0.020084705,-0.07686488,-0.07032238
0.057390284,0.093659796,0.09302702,0.051540572,-0.007003688,-0.047590695,-0.048433874,-0.01948909,0.005846308,-0.0017315327,-0.046312653,-0.10380977,-0.13844809,-0.129334,-0.08663489,-0.044399787,-0.033862874,-0.05893607,-0.09643033,-0.1109821,-0.08196931,-0.021424606,0.0345382,0.055712193
0.14228816,0.16694754,0.13883449,0.08960893,0.065661155,0.093618676,0.157712,0.21307223,0.21883948,0.16939768,0.09667903,0.04892823,0.053934105,0.09758966,0.13541512,0.12731932,0.066796795,-0.012756883,-0.062240873,-0.053119417,-0.00056101644,0.05007382,0.05742856,0.01625316
-0.20290813,-0.19094919,-0.12955219,-0.06597853,-0.04823824,-0.08570227,-0.1434236,-0.16808985,-0.1303384,-0.046046525,0.036277696,0.06955862,0.042213432,-0.010059728,-0.036156453,-0.0053400043,0.06656804,0.13163354,0.14399706,0.092695594,0.013278111,-0.040418416,-0.038117148,0.007227007
-0.16595474,-0.1644682,-0.13120979,-0.09269687,-0.07801181,-0.09434236,-0.122187346,-0.13083799,-0.1027257,-0.045987394,0.011928428,0.042604964,0.037308704,0.015408394,0.0058502844,0.02656191,0.07005118,0.109857336,0.11903869,0.08916972,0.03945348,0.0007525858,-0.008152682,0.008010705
0.10648613,0.034590118,-0.0094019715,0.009686159,0.07832222,0.14452773,0.15549861,0.09848657,0.0105134575,-0.04935032,-0.044539228,0.01222921,0.07005473,0.076016575,0.017782375,-0.06865702,-0.123392574,-0.109930374,-0.04181339,0.029635418,0.051378526,0.009375905,-0.060464107,-0.09871661
0.026933927,-0.013431805,-0.0030038531,0.04818397,0.09895732,0.10667897,0.05861232,-0.017102856,-0.07174593,-0.07335935,-0.03053669,0.015198329,0.021008963,-0.025847835,-0.09650084,-0.14249955,-0.13130942,-0.07298209,-0.0108937,0.011788111,-0.01767799,-0.07086462,-0.09939321,-0.07310634
0.0020899002,0.025732271,0.07756576,0.118808456,0.11771979,0.07227431,0.010947644,-0.026922463,-0.021472497,0.014262574,0.042667665,0.03264042,-0.01756319,-0.07936939,-0.11463373,-0.10236952,-0.056850486,-0.01571796,-0.010125168,-0.042352915,-0.08586591,-0.1028298,-0.072555855,-0.0093075475
-0.08794134,-0.087510094,-0.06276481,-0.03879576,-0.039945792,-0.07124842,-0.11341448,-0.13770182,-0.12789017,-0.09193652,-0.055164192,-0.042250488,-0.058918715,-0.08683938,-0.09852573,-0.078016385,-0.033590738,0.0090097105,0.025484271,0.0096045565,-0.020867743,-0.038333554,-0.026163463,0.0077491337
0.0063313167,-0.056171358,-0.09302998,-0.07328109,-0.007991072,0.05880567,0.08210114,0.050575487,-0.0058410554,-0.039305694,-0.018887479,0.044841263,0.107849844,0.12557454,0.08668254,0.02077757,-0.023033326,-0.01352404,0.039289843,0.09137766,0.09883808,0.050633997,-0.023192449,-0.07317943
0.02669939,0.04732602,0.08770295,0.11964538,0.12016058,0.08723539,0.041940253,0.013216787,0.01563869,0.03959604,0.05753328,0.046342567,0.0044567296,-0.046676345,-0.07734267,-0.07217792,-0.041370682,-0.013099352,-0.011577317,-0.038923644,-0.07348041,-0.08555782,-0.0606467,-0.011154423
0.030717516,-0.015638953,-0.0010889384,0.062909745,0.12644738,0.13868514,0.08469241,-0.002233037,-0.065077305,-0.06562812,-0.013742945,0.041347362,0.048362613,-0.0073328307,-0.091799706,-0.14840586,-0.13826078,-0.07207924,-0.001091869,0.023055801,-0.014476219,-0.0798258,-0.11721307,-0.08927202
-0.048881765,-0.09809946,-0.097729236,-0.058271185,-0.019414792,-0.021431774,-0.07264486,-0.14360201,-0.18843874,-0.17975713,-0.12754971,-0.07302652,-0.056886934,-0.089071654,-0.14050037,-0.16641457,-0.13875957,-0.069017105,0.00016727159,0.026910273,0.0014482817,-0.046755847,-0.07259459,-0.049345795
0.050503004,0.06753473,0.02528277,-0.042703483,-0.081684604,-0.056945007,0.018878026,0.09383573,0.11904336,0.082596876,0.017981784,-0.02109721,5.207441e-05,0.069032185,0.13566543,0.15068857,0.10323504,0.0270081,-0.025059473,-0.016734274,0.04064714,0.097044155,0.103634275,0.04992478
-0.13747768,-0.123207174,-0.070175245,-0.016352767,0.0014495724,-0.024144778,-0.06697713,-0.08571346,-0.056553967,0.008474921,0.07081969,0.09388886,0.068965174,0.02293959,-0.0034354303,0.014727479,0.06623084,0.112390205,0.11752316,0.073482074,0.007378247,-0.038151525,-0.037088037,-0.00081132154
0.059342608,0.079201825,0.12931757,0.17350914,0.17832874,0.13587177,0.07033047,0.020607129,0.01150953,0.03601947,0.05927445,0.047513824,-0.0068480102,-0.079082854,-0.12869734,-0.13011067,-0.09101746,-0.04759237,-0.03594942,-0.064365625,-0.10786848,-0.12603778,-0.09479858,-0.025464527
-0.054515213,-0.09102753,-0.05385949,0.036397267,0.12102459,0.14739916,0.10374895,0.031063924,-0.008211837,0.021583753,0.101456426,0.17374422,0.1852661,0.12543412,0.034904502,-0.022603037,-0.0097326245,0.054722477,0.11347547,0.11420232,0.045720957,-0.050812144,-0.109708175,-0.093641885
-0.01213758,-0.09745071,-0.15077578,-0.1329364,-0.058386322,0.018153103,0.04198313,-0.00068050873,-0.07290658,-0.11517805,-0.088484816,-0.0064842133,0.07579499,0.10337854,0.062009934,-0.012778628,-0.060035687,-0.04041588,0.032828588,0.104613684,0.120710395,0.06646779,-0.022199923,-0.08292757
-0.0010260481,0.015784612,0.07763737,0.13634881,0.1445323,0.086677745,-0.0055161826,-0.07341267,-0.080198675,-0.03605338,0.010604356,0.011557337,-0.047606744,-0.13521828,-0.19358453,-0.18443821,-0.11968623,-0.04943451,-0.021920493,-0.054086115,-0.11513835,-0.14625025,-0.11047204,-0.023834538
0.014311116,-0.042824373,-0.06806819,-0.034186646,0.041696493,0.112367764,0.1340434,0.10028404,0.045023806,0.017069839,0.043662764,0.10918678,0.16654098,0.17290075,0.1225995,0.04914037,0.0030626964,0.012232654,0.061904095,0.10510682,0.100152664,0.04128207,-0.03711836,-0.085069075
-0.05767248,-0.015353865,0.08168943,0.17454512,0.2071441,0.16963556,0.10074499,0.06233436,0.090037666,0.16761845,0.23671347,0.24348128,0.17743076,0.08024443,0.013934381,0.017149743,0.073655695,0.1254727,0.11908682,0.045318406,-0.05420207,-0.11640192,-0.10317533,-0.03152735
0.11615844,0.09514797,0.059250224,0.040523555,0.05743231,0.100201115,0.13716358,0.13944846,0.10283763,0.050731637,0.01597397,0.017626302,0.047341865,0.07354473,0.0684752,0.027235962,-0.026411513,-0.059506994,-0.052859973,-0.014893294,0.022903027,0.030675272,0.004255574,-0.03390128
-0.02464669,0.013592449,0.09521896,0.17820159,0.21990514,0.20869593,0.16768184,0.14293113,0.16347963,0.2209434,0.27352798,0.28152764,0.23337175,0.15564768,0.09396064,0.08072267,0.10748934,0.13360323,0.12185654,0.061416473,-0.022299886,-0.082351744,-0.085718945,-0.041881915
0.0023435936,-0.036072865,-0.048057523,-0.014263666,0.050371174,0.109553136,0.12988509,0.1080959,0.071050994,0.05529524,0.07990585,0.13148917,0.17393915,0.17551313,0.13317086,0.07445829,0.037000887,0.04050013,0.072814845,0.09856784,0.08705332,0.03504885,-0.029432029,-0.06870061
-0.032712735,-0.025053171,-0.056845218,-0.11101709,-0.15305658,-0.15558724,-0.117312066,-0.067145675,-0.04058182,-0.05304291,-0.08805263,-0.11150732,-0.09643346,-0.042972136,0.018898647,0.052576076,0.04233702,0.005695419,-0.022580912,-0.015532132,0.02608853,0.072379485,0.087045014,0.057615764
0.0739871,0.07921905,0.05026738,0.0052870596,-0.026272353,-0.025749916,0.0011792816,0.027134499,0.025752483,-0.0079678465,-0.055104118,-0.08579132,-0.08108327,-0.04757434,-0.012885001,-0.0045008124,-0.02803669,-0.06378908,-0.0822129,-0.06467956,-0.019382592,0.025270952,0.04136063,0.024977375
-0.16769515,-0.09085464,-0.012436836,0.009633152,-0.037949577,-0.11383889,-0.15327488,-0.11681598,-0.02077733,0.074545585,0.10999213,0.071503356,-0.0010499867,-0.04219681,-0.012850687,0.07254279,0.15354908,0.17086153,0.11141192,0.016099337,-0.049053263,-0.0429378,0.021168184,0.08263493
-0.015303589,0.011792149,0.08079405,0.1387783,0.14003426,0.07779479,-0.008577664,-0.062807955,-0.054641023,-0.000935678,0.04617257,0.04007513,-0.025539942,-0.11162327,-0.16134705,-0.14351597,-0.0757293,-0.011318937,0.001637223,-0.04441579,-0.11016308,-0.13856398,-0.098909855,-0.012044827
0.07970487,0.0792646,0.03594752,-0.024743842,-0.06437697,-0.06117232,-0.025157835,0.0068402193,0.003062069,-0.040496152,-0.09744456,-0.1305705,-0.11770207,-0.07033268,-0.024556145,-0.01362621,-0.04180916,-0.082989685,-0.10141452,-0.074807696,-0.014996145,0.040234942,0.057799146,0.033905122
-0.111783534,-0.1653548,-0.15620953,-0.09409052,-0.02662173,-0.0039280076,-0.041634083,-0.106840424,-0.14477935,-0.12102544,-0.04543929,0.03395011,0.066160776,0.035451453,-0.027035356,-0.066161044,-0.04635088,0.02202166,0.09188447,0.11197477,0.0660679,-0.013215214,-0.06919797,-0.065991454
0.12047086,0.14463533,0.1151565,0.06245507,0.03287974,0.054962363,0.11647769,0.17378847,0.18386221,0.1382691,0.0674921,0.019903472,0.025373321,0.07245317,0.11747174,0.11745401,0.06303565,-0.013445111,-0.06232735,-0.05345146,0.00065241294,0.05486844,0.065471664,0.024969932
-0.046708345,-0.12893644,-0.18015288,-0.1645166,-0.09428832,-0.019928014,0.0064555802,-0.028633283,-0.08994241,-0.12258765,-0.090938255,-0.0076168044,0.075934336,0.107563265,0.07327096,0.007373289,-0.033139274,-0.012974994,0.055621255,0.12161526,0.1332167,0.07754663,-0.00980117,-0.07106804
-0.054698102,-0.09503938,-0.098993085,-0.07336898,-0.04638182,-0.048132632,-0.08537773,-0.13688393,-0.16887005,-0.16100278,-0.11994227,-0.0758182,-0.058928452,-0.0777014,-0.111435056,-0.12722448,-0.104026146,-0.049780056,0.00431044,0.026790336,0.009465117,-0.026110923,-0.046505805,-0.031722087
0.079677746,0.014245947,-0.078775175,-0.14114223,-0.13810492,-0.08590511,-0.035722695,-0.036552846,-0.09740294,-0.18086341,-0.22878277,-0.20773742,-0.13289015,-0.057871934,-0.032840446,-0.06928825,-0.1301178,-0.15747836,-0.11779815,-0.027884819,0.057663567,0.08729667,0.049773976,-0.016816376
-0.054998897,0.00765739,0.028532438,-0.0051309634,-0.062691696,-0.093043074,-0.06493222,0.009755722,0.086331576,0.11814316,0.09151866,0.03623979,0.0023373626,0.022223558,0.08531873,0.14793031,0.16391595,0.11915671,0.04350694,-0.010956199,-0.0107465135,0.034613233,0.08218958,0.08516382
0.111105725,0.0772663,0.0238363,-0.0057313545,0.01447596,0.07131467,0.12203901,0.12824313,0.08463661,0.021319605,-0.017956838,-0.0075566927,0.040248968,0.083311945,0.083964095,0.0367495,-0.02791144,-0.06656197,-0.05343503,-0.000906052,0.048724767,0.05747622,0.019911638,-0.03475318
0.040822323,0.01191458,0.018380018,0.053808827,0.08852125,0.09151831,0.053825535,-0.004231407,-0.04819054,-0.054463223,-0.028414173,0.00053820683,0.0015890443,-0.03439281,-0.08682166,-0.12160842,-0.115165435,-0.073492624,-0.027478123,-0.008586467,-0.02616732,-0.060117435,-0.07726498,-0.055151902
0.025790308,-0.024392705,-0.014228075,0.043354813,0.09916146,0.103766024,0.04337329,-0.04846727,-0.11413452,-0.11630553,-0.06586672,-0.012146325,-0.0051596,-0.05920857,-0.1398196,-0.19055317,-0.1731966,-0.10057533,-0.024250472,0.005576559,-0.025824884,-0.0854751,-0.11614841,-0.082517385
-0.040717244,-0.12345069,-0.17501526,-0.1602719,-0.093040064,-0.02461389,-0.0044778334,-0.043895587,-0.107699886,-0.14158966,-0.11075407,-0.029358815,0.051139265,0.08025006,0.046076823,-0.017600413,-0.054911617,-0.030933548,0.04070905,0.10802962,0.121429145,0.06916773,-0.013861893,-0.07074876
0.017203046,-0.03384716,-0.020507175,0.044480063,0.10798787,0.11671178,0.056824476,-0.035628144,-0.10094927,-0.09981205,-0.0432669,0.016124476,0.024834199,-0.03147114,-0.116409026,-0.17112505,-0.15579472,-0.08218881,-0.0046096346,0.022666197,-0.014867132,-0.08178198,-0.11945156,-0.08923644
-0.20291653,-0.18326175,-0.102727406,-0.020238603,0.005820622,-0.03843151,-0.11222314,-0.1490104,-0.110247016,-0.013385347,0.08171494,0.11695216,0.077104524,0.0036057152,-0.03959806,-0.011666994,0.0699113,0.14586356,0.16034015,0.09785083,-0.001004469,-0.0691718,-0.064739764,-0.0038006327
-0.02785151,0.08127725,0.1837332,0.21645129,0.16825101,0.08783854,0.04456006,0.079414435,0.17054875,0.2519051,0.26002562,0.18567975,0.07763804,0.007988872,0.017499674,0.08773799,0.15088382,0.14435428,0.06061026,-0.05075892,-0.118695825,-0.101538815,-0.018375678,0.062203042
-0.07433815,-0.007982349,0.014005843,-0.025168976,-0.09481401,-0.13794136,-0.11512224,-0.036614995,0.04796004,0.08568937,0.059050433,-0.0019284256,-0.0410963,-0.019104304,0.05469175,0.13086273,0.15684171,0.11543121,0.03643204,-0.02219404,-0.019871473,0.03414372,0.091177195,0.09979682
-0.0050967564,0.03473204,0.07532952,0.08542946,0.055244807,0.002512091,-0.039120514,-0.04391885,-0.016312018,0.015102387,0.018718803,-0.014765774,-0.066933006,-0.10425806,-0.10258591,-0.06546398,-0.023450471,-0.008113683,-0.027638867,-0.064774394,-0.087657295,-0.07238485,-0.023071941,0.029401686
-0.05596204,-0.03965712,0.016163424,0.07736295,0.10498818,0.08763834,0.04646845,0.019521846,0.032461725,0.08091364,0.13135406,0.14664423,0.1151566,0.059145264,0.016296202,0.013697178,0.04717886,0.0843826,0.0881184,0.04775821,-0.014123184,-0.059904177,-0.06297079,-0.025636103
-0.11256537,-0.16129008,-0.15750965,-0.104238674,-0.041022472,-0.010165577,-0.028174981,-0.073187746,-0.10143216,-0.08102417,-0.015098178,0.05797449,0.09420783,0.077522844,0.02914066,-0.007524418,0.000990092,0.051720966,0.10651094,0.12255045,0.08450825,0.013997856,-0.044967223,-0.05696238
-0.05054147,-0.092156865,-0.08879063,-0.05085924,-0.01586704,-0.01946148,-0.06741689,-0.13081151,-0.16887146,-0.15879442,-0.111113876,-0.06311359,-0.05128857,-0.082166016,-0.12800686,-0.14898296,-0.12247585,-0.059956197,0.0009999046,0.0229198,-0.0012928862,-0.04375884,-0.06522918,-0.04325676
0.014302171,0.088379465,0.15279369,0.15800828,0.09528509,0.0041554146,-0.05497262,-0.048188835,0.0056831753,0.053915452,0.047063716,-0.02252215,-0.11489489,-0.16981865,-0.15434475,-0.08629854,-0.021433046,-0.008332499,-0.055303752,-0.12347564,-0.15379058,-0.1135927,-0.023872288,0.0609682
-0.04429363,0.027679035,0.052077003,0.0151006915,-0.049255345,-0.08380386,-0.053018183,0.029391084,0.11192675,0.14320531,0.1089383,0.04344592,0.003441393,0.025033562,0.094870165,0.16222171,0.17565332,0.12186905,0.03642935,-0.022339163,-0.018415973,0.034784842,0.08797933,0.09096284
0.09136181,0.10667144,0.055412143,-0.02816429,-0.084431425,-0.077327676,-0.01762496,0.044217847,0.056982264,0.006383322,-0.07357767,-0.12527607,-0.11107269,-0.043249305,0.027869456,0.050271675,0.009057762,-0.061787058,-0.10404845,-0.08127672,-0.0065483055,0.069515735,0.09583776,0.05671486
0.13281491,0.16959682,0.16699305,0.13951746,0.120520234,0.1349883,0.17888218,0.2235295,0.23752046,0.20949478,0.15463726,0.106698476,0.09184759,0.10786753,0.12842478,0.12330594,0.08116391,0.017554142,-0.03395716,-0.04644823,-0.021681601,0.013588076,0.029040363,0.011090755
0.035825666,-0.052711416,-0.115767725,-0.11719261,-0.06725204,-0.015165113,-0.011026096,-0.068892956,-0.15403779,-0.21019708,-0.20015807,-0.13455413,-0.06328132,-0.038088027,-0.07359989,-0.13762435,-0.1730234,-0.14327423,-0.060102485,0.025592685,0.060812082,0.030644294,-0.032494947,-0.070887156
0.014197914,0.038694654,0.005099788,-0.05708885,-0.09508931,-0.07306071,0.00092091656,0.08088863,0.11691441,0.09180189,0.03405769,-0.003676055,0.015331164,0.0829321,0.15296072,0.17550185,0.13355769,0.05675828,0.00011836269,0.000849334,0.050695483,0.1030427,0.10994498,0.055397473
0.14741455,0.12741488,0.0855475,0.060120236,0.07566179,0.122512884,0.16554338,0.17085335,0.13027324,0.06814446,0.023003746,0.01955937,0.050042406,0.079758085,0.076168366,0.030984506,-0.03184331,-0.073524676,-0.06918525,-0.027588718,0.017277041,0.031639896,0.006624173,-0.035785343
0.03662013,-0.036663223,-0.07228784,-0.031507704,0.06712197,0.16156054,0.19151965,0.14689043,0.07075065,0.027435832,0.055363048,0.13767241,0.21321282,0.22336641,0.1572476,0.05884637,-0.006723912,0.00014667423,0.06513828,0.1264486,0.12559265,0.052213214,-0.04918448,-0.113257915
-0.11583251,-0.112059206,-0.06498882,-0.02024153,-0.021644713,-0.07706239,-0.15241878,-0.19832717,-0.18525012,-0.1260224,-0.06584972,-0.049468968,-0.08625286,-0.14325216,-0.17141896,-0.1417185,-0.06671673,0.0069463565,0.032648332,0.0012937672,-0.053939003,-0.083811685,-0.059300564,0.006812704
-0.03661548,-0.1008261,-0.14319493,-0.13496862,-0.08462007,-0.030537806,-0.011108735,-0.037230413,-0.083621144,-0.109146915,-0.08562598,-0.022597533,0.04124144,0.06689497,0.043943673,-0.0033667749,-0.032303803,-0.015118532,0.038039144,0.08835397,0.09893295,0.059958868,-0.004086691,-0.05049522
0.074101135,0.11669009,0.11816405,0.07283829,0.007909605,-0.037922494,-0.040811196,-0.010702364,0.0169161,0.008666207,-0.041459817,-0.107185625,-0.14893582,-0.14352435,-0.09980948,-0.053864866,-0.040760905,-0.067784965,-0.11001881,-0.12831978,-0.098882325,-0.03257521,0.033131175,0.06088195
-0.024286292,0.058819417,0.1458961,0.18454076,0.15785563,0.09755786,0.05755248,0.07600972,0.1432534,0.21127953,0.22736445,0.17656927,0.09076854,0.02628712,0.021292036,0.068896614,0.11982548,0.12211783,0.06214516,-0.027445389,-0.09069044,-0.08908512,-0.030111846,0.03617981
0.08794794,0.09787876,0.051753063,-0.019602178,-0.06771087,-0.063165285,-0.015113495,0.0335913,0.039349955,-0.008215957,-0.078581296,-0.123190455,-0.1118512,-0.054723617,0.005052762,0.022625662,-0.013610432,-0.07238587,-0.104789644,-0.08147492,-0.013585676,0.05477701,0.07793001,0.045509387
