0.073800854,0.026967429,-0.029600145,-0.072058745,-0.088350035,-0.059826624,-0.038535498,-0.046756778,-0.0825776,-0.13955042,-0.17699847,-0.16539791,-0.1303614,-0.084398,-0.06593825,-0.081017554,-0.11247548,-0.12523997,-0.09788534,-0.036085196,0.023781966,0.05604731,0.044202495,0.01346191
-0.059038978,-0.11654991,-0.114290774,-0.06386604,-0.018305581,-0.01109279,-0.060914487,-0.13669917,-0.18430202,-0.17356507,-0.11099958,-0.045740344,-0.024760678,-0.05880141,-0.11635326,-0.15111992,-0.12801996,-0.046872847,0.028236628,0.05386978,0.021516195,-0.039225504,-0.07642465,-0.056202855
0.11017038,0.07520759,0.03406319,0.015844675,0.032174774,0.08801996,0.12512052,0.12411637,0.08398205,0.030324636,-0.0036228558,0.011021867,0.047450464,0.07667481,0.075896196,0.03285543,-0.026748704,-0.05927587,-0.04114713,0.0019198842,0.042884972,0.048564956,0.014346924,-0.03140479
-0.044932757,-0.10227356,-0.13791803,-0.1322992,-0.089685254,-0.038933735,-0.024209052,-0.045175776,-0.08580985,-0.10454592,-0.085056424,-0.025918877,0.03188687,0.054605745,0.03555519,-0.0061127404,-0.03143335,-0.018772578,0.028957028,0.07238266,0.08025006,0.041598186,-0.018314246,-0.06125221
-0.17052712,-0.09355854,-0.027082358,-0.0114554,-0.044788554,-0.13328186,-0.17117472,-0.1455516,-0.06929453,0.017790586,0.05904046,0.015711231,-0.04446859,-0.08448619,-0.06129494,0.018126354,0.09812824,0.124144785,0.07449783,-0.012395269,-0.071596354,-0.06524158,-0.0037223496,0.057572003
0.15368584,0.10780084,0.042459186,-0.0005311097,0.0055478415,0.074327156,0.12646073,0.13822757,0.09428504,0.014694874,-0.044636764,-0.03183031,0.014304628,0.07004337,0.08288232,0.035587862,-0.041558716,-0.095845155,-0.07950932,-0.012357755,0.057724033,0.082865864,0.0450433,-0.017952122
-0.014695831,-0.01076613,-0.05723082,-0.11976194,-0.15683942,-0.14997335,-0.09841254,-0.04516209,-0.025907576,-0.05130811,-0.09338135,-0.11582174,-0.092942834,-0.025436815,0.034270983,0.06181559,0.03923994,-0.009602877,-0.04137038,-0.02238514,0.030941732,0.08005262,0.08747908,0.0456267
-0.06341586,-0.09744526,-0.08447703,-0.030846283,0.017548839,0.036166124,0.011196423,-0.037071608,-0.06164139,-0.043365706,0.012003758,0.065939575,0.082757585,0.051605504,-0.00095049135,-0.033227254,-0.019148672,0.029108591,0.071537025,0.07966387,0.036179256,-0.028212406,-0.06836088,-0.06408262
0.08885389,0.031290576,-0.043539166,-0.09271282,-0.09929184,-0.05246433,-0.015420622,-0.01778726,-0.0627652,-0.13245058,-0.17518295,-0.15450783,-0.10444281,-0.043653823,-0.023279766,-0.049548548,-0.10033299,-0.12511937,-0.09356302,-0.020952862,0.05151423,0.079615094,0.051954005,0.0011128403
0.013799689,0.022277527,0.068258576,0.10982495,0.11245098,0.07342454,0.008349349,-0.040980395,-0.04427177,-0.0135839125,0.01693984,0.020006401,-0.025275283,-0.09411544,-0.1304639,-0.12141331,-0.070894875,-0.023497883,-0.00082780747,-0.025248745,-0.07006582,-0.08891698,-0.060871746,0.0029740143
0.10444211,0.10931368,0.074526004,0.019448262,-0.020515578,-0.010893871,0.026067147,0.058075156,0.059486534,0.014598147,-0.0466588,-0.08211693,-0.07891429,-0.03575123,0.0084917955,0.019128263,-0.016337372,-0.0683842,-0.09226608,-0.06963722,-0.011252584,0.04993903,0.06949352,0.045665164
0.02710735,-0.05488144,-0.10118495,-0.096569836,-0.064476125,-0.01641442,-0.020615589,-0.07900006,-0.14641346,-0.190746,-0.17887336,-0.115205646,-0.06048371,-0.046622925,-0.07823448,-0.1289105,-0.1557121,-0.121160254,-0.04209061,0.027225602,0.052630935,0.026925879,-0.023000324,-0.050130643
-0.05998762,-0.012831064,-0.0047261645,-0.034648106,-0.06753091,-0.10124288,-0.085866064,-0.03292236,0.01459361,0.03845218,0.02370348,-0.01694046,-0.035602596,-0.017105488,0.02765988,0.07446647,0.089872025,0.061919365,0.012757441,-0.023087617,-0.018048663,0.013998042,0.047052216,0.049568072
0.016388759,0.024677768,0.06804198,0.110792905,0.12083525,0.089603476,0.032685753,-0.0077796867,-0.011359092,0.01569196,0.046625916,0.049572643,0.009633928,-0.05043532,-0.08669179,-0.08760809,-0.051025394,-0.0067410353,0.0110987555,-0.011670697,-0.054210816,-0.075986184,-0.059171204,-0.003951801
-0.0034058895,0.06052082,0.12504295,0.14020695,0.098171055,0.01888148,-0.03528558,-0.036452908,0.0097688055,0.057639446,0.06130209,0.007911423,-0.0687425,-0.1266593,-0.12513287,-0.0702782,-0.0018291493,0.01844526,-0.016405066,-0.07688474,-0.11489787,-0.09157148,-0.014814924,0.063663304
0.039272584,-0.034414314,-0.08261624,-0.08523724,-0.06877541,-0.032057274,-0.035215337,-0.086636074,-0.14596452,-0.19099312,-0.18749219,-0.13820586,-0.094068006,-0.07445085,-0.09666242,-0.13432375,-0.15320493,-0.122901686,-0.05939591,0.008693438,0.03961989,0.026866104,-0.008844293,-0.029374935
-0.062714726,-0.023647029,-0.023916284,-0.066768445,-0.12180834,-0.17199767,-0.16707282,-0.12507334,-0.08137618,-0.06230496,-0.0815738,-0.12779348,-0.15027802,-0.12708071,-0.070139356,-0.0063867425,0.026096266,0.011254626,-0.03209865,-0.056080706,-0.039997682,0.011386549,0.061355878,0.07652046
-0.007955193,0.0619348,0.1271856,0.14088234,0.09753178,0.012286488,-0.04223513,-0.0393544,0.012835524,0.064422965,0.0724947,0.015265945,-0.06693984,-0.12598643,-0.116873,-0.0547159,0.012926827,0.0310403,-0.0070910784,-0.074882254,-0.1149673,-0.08829515,-0.010193088,0.069262244
0.039990015,-0.0004944261,0.023211002,0.08696113,0.13136765,0.14222394,0.08788988,0.00844261,-0.03882867,-0.033539187,0.012821422,0.06024192,0.052960966,-0.0078071994,-0.077303044,-0.12173539,-0.10754055,-0.044750597,0.015500548,0.029286472,-0.012873072,-0.067540474,-0.09254652,-0.056820434
-0.13722943,-0.117530815,-0.06826698,-0.024627248,-0.0072418675,-0.043799017,-0.08629763,-0.10579273,-0.08719536,-0.024688473,0.032216664,0.043931134,0.025572935,-0.019864157,-0.04588302,-0.029994857,0.021854674,0.07351483,0.08020675,0.035055522,-0.02440118,-0.06487046,-0.0567046,-0.016241299
0.14204477,0.15144892,0.09563999,0.01058982,-0.050744142,-0.03755268,0.022849588,0.07846015,0.08239345,0.0167659,-0.07840813,-0.13422062,-0.12454957,-0.05134834,0.014832081,0.032176446,-0.016577322,-0.09400837,-0.13708614,-0.10276089,-0.011669174,0.07710441,0.10829334,0.06944065
0.027206218,-0.017744664,4.1877283e-06,0.0605258,0.110002644,0.1275201,0.07902499,0.000945008,-0.049211454,-0.047582533,-0.00092117686,0.051364228,0.05648876,0.004698249,-0.065826304,-0.11584624,-0.10931027,-0.04716544,0.018267142,0.03607617,0.00014190204,-0.057896778,-0.09067901,-0.06577096
0.008089493,-0.05647725,-0.15040149,-0.20966543,-0.19651502,-0.11910623,-0.0423365,-0.01585904,-0.057957042,-0.12609285,-0.1636512,-0.12665695,-0.036031578,0.059008315,0.093613185,0.05768648,-0.017068459,-0.06152237,-0.036977697,0.039647117,0.11721865,0.13009275,0.067481145,-0.029800827
-0.014237148,-0.011438854,0.036782708,0.08916856,0.09762884,0.049725093,-0.028033964,-0.08512549,-0.08962611,-0.0514129,-0.0031895293,0.006679604,-0.03920082,-0.10756229,-0.15403266,-0.1489598,-0.0921491,-0.02021996,0.0088986205,-0.014500381,-0.065289,-0.0946025,-0.071426876,0.0024050327
-0.10637982,-0.025340553,0.047721017,0.06804169,0.042162597,-0.029002637,-0.060553662,-0.030143924,0.04216726,0.118118376,0.14144409,0.09478846,0.030125394,-0.017970566,-0.0055577178,0.05650401,0.12303384,0.12778966,0.07109768,-0.0135333035,-0.07344102,-0.069568455,-0.011935525,0.04442483
0.021200212,-0.040609963,-0.025382016,0.04829156,0.102316834,0.11657147,0.052783135,-0.049865488,-0.11269308,-0.11068651,-0.04944632,0.017578322,0.02363649,-0.03647168,-0.12413871,-0.17906873,-0.16036916,-0.072218694,0.011677889,0.03995889,-0.0013205406,-0.07220937,-0.106987864,-0.070742846
0.19507653,0.16187707,0.11177245,0.082283586,0.08918852,0.16260529,0.21956548,0.2296897,0.18910266,0.10883241,0.044637423,0.045709886,0.07947451,0.1214246,0.12453396,0.0707472,-0.013288327,-0.07640564,-0.07397796,-0.016930146,0.043238796,0.06724863,0.034323204,-0.024348868
0.028389601,-0.022408871,-0.04729715,-0.014944471,0.048608422,0.1218973,0.14874819,0.12634908,0.081963584,0.05651828,0.07790341,0.13551399,0.18218452,0.1901006,0.15032358,0.08335641,0.032193128,0.029588034,0.06305758,0.09949148,0.0919532,0.035907146,-0.040208865,-0.08888052
-0.026557276,-0.0580187,-0.0404765,0.021840576,0.07813454,0.10322479,0.07844707,0.026239116,-0.0018851063,0.013091824,0.06815541,0.121598914,0.13224696,0.09174097,0.030379567,-0.011527787,-0.00830155,0.0348659,0.0774866,0.081325,0.034174882,-0.034978412,-0.07856131,-0.073401414
0.07611321,0.1724152,0.2018363,0.15998958,0.090315536,0.04503358,0.07754772,0.15536179,0.2294862,0.2386037,0.17490049,0.073997274,0.011551516,0.018339032,0.07905013,0.142835,0.14549997,0.06700829,-0.03503033,-0.095356695,-0.07991079,-0.0034763997,0.0746626,0.08935962
-0.092319734,-0.019571457,-0.007579759,-0.0551429,-0.10307209,-0.14212023,-0.10488425,-0.013835619,0.06078258,0.094350435,0.06668503,0.00391304,-0.018830804,0.015592472,0.09028922,0.15750705,0.17222616,0.1157759,0.031009546,-0.021109156,-0.015055256,0.03520972,0.07688902,0.06870281
0.01712025,-0.052812584,-0.08630469,-0.05855432,0.0112717245,0.08920899,0.106009856,0.06977412,0.01235269,-0.019957868,0.005462571,0.08120341,0.1410332,0.14901163,0.10522832,0.031426053,-0.019714648,-0.011418106,0.05019945,0.10126684,0.100056514,0.040709082,-0.044301394,-0.09604931
-0.13602464,-0.08082485,-0.032118447,-0.03542446,-0.08406012,-0.17825064,-0.22866663,-0.22056909,-0.16628678,-0.10069813,-0.07399255,-0.1161823,-0.16992904,-0.20277637,-0.1728524,-0.09373942,-0.01256127,0.028213656,0.0036492676,-0.057585116,-0.09080445,-0.063111156,0.007891757,0.076873586
-0.05520309,-0.1303455,-0.1734762,-0.16128227,-0.11325445,-0.05950414,-0.051402878,-0.08850387,-0.1423306,-0.16333942,-0.13282493,-0.059786968,0.0054909466,0.029769596,0.0018115446,-0.046942964,-0.06917886,-0.037990045,0.024198676,0.08045667,0.08807652,0.040652674,-0.027620185,-0.06809698
-0.08482703,-0.09033242,-0.066668116,-0.040548146,-0.037306797,-0.06914982,-0.11442257,-0.14869659,-0.14712057,-0.11299757,-0.07177943,-0.054076802,-0.06758979,-0.10070691,-0.11907093,-0.10268025,-0.05217477,-0.0013967654,0.021844778,0.010526223,-0.024711385,-0.04689604,-0.037171554,0.00014751518
-0.11305516,-0.15108949,-0.14706743,-0.10151357,-0.04798731,-0.031975314,-0.054148667,-0.09639236,-0.12205441,-0.09693759,-0.03077666,0.03034534,0.059725385,0.03899706,-0.0026052918,-0.030931326,-0.02162474,0.034242377,0.08613515,0.09041308,0.051645186,-0.014230759,-0.062219568,-0.06509722
0.01693805,-0.044805527,-0.12789027,-0.17689861,-0.16114824,-0.09098812,-0.02787697,-0.0076178135,-0.046488207,-0.109443806,-0.13932177,-0.10132061,-0.023716686,0.05696285,0.084234014,0.047830004,-0.0204404,-0.057200603,-0.029828524,0.04203862,0.10828771,0.11731472,0.056882776,-0.027311321
-0.008131254,-0.048780013,-0.105741605,-0.14001685,-0.124909036,-0.07416744,-0.028322281,-0.007349197,-0.0287205,-0.06661979,-0.08437403,-0.053787608,0.0017814543,0.058253683,0.08039646,0.05857968,0.015813686,-0.016378883,-0.0010039359,0.046074938,0.086019345,0.08676481,0.03990926,-0.023768501
-0.10379539,-0.057367478,-0.016739272,-0.016720485,-0.054392036,-0.13135147,-0.17424163,-0.16531909,-0.11942158,-0.064629495,-0.042527173,-0.07719796,-0.124736674,-0.15040846,-0.12988272,-0.06812442,-0.002080533,0.030511474,0.005948476,-0.04443897,-0.07256058,-0.05285794,0.0039693974,0.06265257
-0.06308499,0.032627847,0.118211605,0.14338301,0.110680535,0.022328407,-0.023684064,0.0038335016,0.081359334,0.15887623,0.18005048,0.1168024,0.028745871,-0.033944324,-0.0245159,0.041709572,0.10961138,0.11859839,0.056561917,-0.041040692,-0.10302755,-0.09021453,-0.016422773,0.060166374
0.10120708,0.0103574265,-0.03641529,-0.0074329013,0.053285755,0.13805464,0.15041703,0.084963664,-0.0013515966,-0.061050683,-0.05172406,0.02211917,0.083469525,0.09213049,0.031939995,-0.05750707,-0.11560882,-0.09424939,-0.018680764,0.058522407,0.077799276,0.026962437,-0.04981533,-0.09330201
0.114616305,0.13851744,0.1010692,0.028796066,-0.02064938,-0.005881188,0.055448886,0.11889294,0.13571298,0.08718031,0.0038599274,-0.051167388,-0.046546653,0.015204964,0.076242305,0.09152439,0.04062946,-0.042020008,-0.09315138,-0.07913051,-0.0074391733,0.06921373,0.09453145,0.055668835
0.10133574,0.062005274,0.003787312,-0.036999624,-0.047490116,-0.015196535,0.0127675915,0.013274292,-0.023796229,-0.08244135,-0.12563553,-0.12048384,-0.08839935,-0.041395124,-0.025119051,-0.045383923,-0.085822254,-0.107929885,-0.09046273,-0.03530759,0.027066385,0.05527418,0.042290583,0.008021859
0.0033634563,0.01651416,0.059539653,0.0977167,0.09776826,0.058450494,0.0028670626,-0.0368065,-0.034163244,-0.00430387,0.025554007,0.022490708,-0.01975822,-0.07806473,-0.108251244,-0.09731206,-0.053071346,-0.0086602075,0.004769513,-0.02149652,-0.06224169,-0.07753847,-0.05075412,0.0066460297
-0.03917936,-0.09956994,-0.09627055,-0.040978003,0.013713877,0.027759265,-0.024019087,-0.101179905,-0.15318191,-0.1455144,-0.082314245,-0.011890893,0.008078328,-0.030754726,-0.09463366,-0.13932876,-0.12369173,-0.044806037,0.034912087,0.061962515,0.027278904,-0.039228983,-0.084023945,-0.06483453
0.049180683,0.016575648,0.03880029,0.09515244,0.13393223,0.14457844,0.09831816,0.03024315,-0.008931394,-0.010062445,0.024595656,0.062836535,0.057392064,0.006265816,-0.062417366,-0.107390106,-0.10006012,-0.046184853,0.0063726227,0.019671053,-0.011924977,-0.060042836,-0.07972674,-0.050033633
-0.0012424251,0.06502393,0.12063803,0.14076155,0.12178154,0.07488313,0.05507346,0.078573175,0.1280705,0.17100313,0.17379776,0.12673736,0.06694216,0.027814621,0.028266063,0.06279249,0.098779,0.09062585,0.036754712,-0.02478064,-0.063856795,-0.057787713,-0.011709937,0.03239678
0.025276495,-0.03506573,-0.024829624,0.048738994,0.10970546,0.13249156,0.079618245,-0.011279883,-0.07289052,-0.07285816,-0.012174156,0.054402303,0.06409084,0.01328666,-0.07092991,-0.13158233,-0.12414318,-0.04538145,0.028685354,0.05707451,0.016878882,-0.05767228,-0.103283204,-0.07759033
0.06331722,0.14001763,0.16460064,0.13196883,0.07693396,0.044654865,0.07462444,0.13918343,0.19462356,0.20100632,0.14651938,0.06319009,0.016266514,0.023703685,0.0723614,0.11895954,0.11900044,0.05600596,-0.030115621,-0.07679027,-0.06446245,-0.003378913,0.057411384,0.067743264
-0.13856918,-0.18729192,-0.17702734,-0.11703755,-0.04981519,-0.0305208,-0.06529812,-0.122092366,-0.15611623,-0.121239915,-0.0383378,0.040239844,0.072429836,0.037910663,-0.01476122,-0.048393976,-0.026711019,0.04289664,0.10798321,0.11424185,0.05791817,-0.026282383,-0.0853484,-0.08339755
-0.10199965,-0.09109646,-0.05600189,-0.022601584,-0.016178077,-0.047502168,-0.082761295,-0.10324381,-0.08629013,-0.04083345,0.005110589,0.015567982,-0.0035936404,-0.038456738,-0.05634035,-0.03803325,0.0075750328,0.04927012,0.054717485,0.026254686,-0.020130001,-0.0467259,-0.03762961,-0.0029714524
0.010571117,-0.045160502,-0.017907852,0.06904004,0.13654616,0.15021953,0.07844916,-0.02196282,-0.08058152,-0.06609713,0.0060387095,0.07834766,0.07749412,0.004017485,-0.091774985,-0.15014866,-0.12534633,-0.036104076,0.04553863,0.06294819,0.003889671,-0.082642525,-0.12416098,-0.08325464
-0.0546599,0.030645255,0.05236133,0.004445835,-0.05899677,-0.11543243,-0.08999813,-0.003406494,0.0796579,0.11122749,0.07503679,-0.0041707926,-0.047126364,-0.022738773,0.04809545,0.12367683,0.14530449,0.09132542,0.0018072079,-0.057239745,-0.047725897,0.015998065,0.08062469,0.09121034
0.022323644,0.03438949,-0.020055862,-0.097242385,-0.14463788,-0.13729554,-0.074147254,-0.008559563,0.011695453,-0.025414973,-0.08813821,-0.1267829,-0.10401566,-0.02437861,0.04475617,0.07448608,0.04116724,-0.023823181,-0.067446716,-0.04791158,0.02374402,0.08804984,0.10474902,0.056386806
0.032978587,-0.049798485,-0.090278976,-0.057363782,0.020811193,0.11674119,0.14353086,0.10045327,0.030387295,-0.014391078,0.007995742,0.091616444,0.16609518,0.18220802,0.12551028,0.032315098,-0.03361617,-0.023271868,0.044197172,0.109241165,0.114636354,0.04755047,-0.049953576,-0.11311948
-0.03169218,-0.066113494,-0.11625102,-0.15200558,-0.14801475,-0.11421989,-0.07841302,-0.060487017,-0.07689385,-0.103963286,-0.118738495,-0.09447137,-0.047375996,0.00042078903,0.029167814,0.02430597,0.00236921,-0.020825747,-0.0072445194,0.032133233,0.06572846,0.07188458,0.040344063,-0.009737443
0.02065457,0.05132093,0.01536104,-0.045885924,-0.07386848,-0.044158805,0.041932844,0.12788528,0.16376226,0.135438,0.07634834,0.036004037,0.0582634,0.13182476,0.19533905,0.21010095,0.15246041,0.060506884,-0.0048077474,-0.0053437604,0.04618884,0.09626645,0.094774745,0.028956525
0.11910426,0.124572255,0.07373658,-0.00062457705,-0.055940248,-0.04820957,0.001216666,0.046892572,0.052122254,-0.0055472474,-0.08317904,-0.12981835,-0.123679,-0.059401322,0.001149528,0.019952903,-0.021100467,-0.084445246,-0.11884306,-0.08671275,-0.007834273,0.071647786,0.098017536,0.06596085
0.13208869,0.028573671,-0.025970979,-0.0020041906,0.062106516,0.1512842,0.15502137,0.08371322,-0.01357807,-0.08526493,-0.08139685,3.717166e-05,0.06354137,0.074735925,0.010426664,-0.09013933,-0.15578374,-0.13170813,-0.041250322,0.049986914,0.07983722,0.03188356,-0.050509647,-0.09258295
0.023428064,-0.025019197,-0.015289278,0.04542775,0.096655056,0.11900716,0.07869887,0.0056471676,-0.044936255,-0.046227653,0.0005339364,0.054352604,0.064955994,0.025021203,-0.04714059,-0.101108976,-0.0987854,-0.036656804,0.02263073,0.045976594,0.014481607,-0.047535755,-0.08584734,-0.0673739
0.10607672,0.111364394,0.073267184,0.015255341,-0.027531628,-0.026638245,0.0041924547,0.03661599,0.03696133,-0.0076783383,-0.06910295,-0.10739225,-0.10714509,-0.062171906,-0.016954754,-0.0029338903,-0.03392808,-0.07902312,-0.101416975,-0.078975715,-0.015877748,0.047174297,0.071874544,0.05397979
0.12792513,0.0736201,-0.0032046456,-0.059557073,-0.06770564,-0.0091113495,0.040410776,0.04402313,-0.007289382,-0.088667415,-0.15085766,-0.13895623,-0.08393068,-0.020344961,0.0028557237,-0.030592438,-0.09415528,-0.13638245,-0.110648796,-0.035638366,0.046586003,0.08211129,0.055852152,-0.0047849556
0.08449673,0.18751544,0.22075899,0.18361694,0.11285924,0.062871724,0.093497775,0.17208187,0.24807054,0.26238316,0.19873005,0.09194591,0.021798167,0.024775628,0.08270202,0.14968327,0.1585293,0.07964705,-0.032055352,-0.098904304,-0.08773742,-0.014164774,0.069612786,0.09038079
-0.15099673,-0.087608844,-0.029307835,-0.026081009,-0.07090021,-0.17247048,-0.2311401,-0.21881239,-0.15558362,-0.07990176,-0.047329515,-0.08978956,-0.15080856,-0.19113946,-0.16561945,-0.08299225,0.0094670635,0.052083023,0.022787904,-0.04689474,-0.091167435,-0.07156093,0.00091202644,0.07582295
0.15401286,0.16608198,0.107394755,0.017407946,-0.050500683,-0.045600984,0.011141025,0.071003474,0.07875062,0.010037301,-0.088647515,-0.15064056,-0.14788976,-0.07178373,-0.0004870081,0.022251232,-0.023996111,-0.10088759,-0.14740406,-0.1116839,-0.01563483,0.08044525,0.11744405,0.08330891
0.010399214,-0.04760657,-0.024907991,0.05559056,0.1155412,0.13058561,0.06413267,-0.035998337,-0.092461735,-0.084697984,-0.018649338,0.05210443,0.055331625,-0.011874172,-0.10390023,-0.15903057,-0.13451527,-0.048866037,0.03293652,0.057091273,0.004729826,-0.07471932,-0.11318094,-0.077239946
0.036229324,-0.019812,-0.09435936,-0.1365848,-0.117500484,-0.042075686,0.02235957,0.039181594,0.0005175812,-0.06357571,-0.099007,-0.063005485,0.012885709,0.08295243,0.09993788,0.0590142,-0.008477349,-0.052566323,-0.026849272,0.04067473,0.10164792,0.10484362,0.047323655,-0.038168147
0.11566842,0.08621678,0.043422665,0.01376734,0.009294071,0.05393415,0.09115398,0.09508833,0.06563846,0.00860969,-0.03694199,-0.035079323,-0.005814344,0.03449928,0.039765272,0.007494095,-0.04652111,-0.08099799,-0.07350604,-0.026941381,0.0261063,0.050009288,0.0330788,-0.005193248
0.13566679,0.05178081,0.003948832,0.017262168,0.06930537,0.14612289,0.15303029,0.09518148,0.009172797,-0.057875074,-0.06430482,-0.0022915138,0.05155772,0.05900045,0.011356617,-0.07290654,-0.13551357,-0.123863734,-0.046291776,0.028602015,0.06040814,0.027777132,-0.03827404,-0.0773557
0.067786716,0.019185606,-0.050736923,-0.08063536,-0.04889927,0.043560144,0.12374585,0.15057766,0.112652935,0.04807969,0.010905402,0.042575736,0.11656452,0.19103757,0.19732961,0.13771461,0.0473589,-0.010346382,-0.0040832493,0.056748863,0.11371485,0.10734004,0.03772118,-0.055481885
-0.05294715,-0.12116147,-0.11415815,-0.04573657,0.018315408,0.037546102,-0.018318268,-0.106906906,-0.16572602,-0.15221457,-0.07692161,0.00456201,0.027148733,-0.019185694,-0.0937667,-0.14493963,-0.12465722,-0.035414256,0.05012147,0.07876998,0.032351084,-0.047917664,-0.10082598,-0.079088815
0.098044604,0.09019762,0.041418683,-0.023109356,-0.06940938,-0.05525704,-0.01149682,0.0145442635,0.007885058,-0.047884945,-0.11359004,-0.14466202,-0.12812483,-0.07351552,-0.024458688,-0.012791223,-0.05048028,-0.09914183,-0.11355728,-0.07656719,-0.0052536926,0.062224787,0.08100808,0.048634246
0.14694344,0.1046766,0.047871504,0.012332078,0.024388196,0.09562144,0.14722666,0.15541776,0.111122005,0.034953192,-0.022176055,-0.008553589,0.04081363,0.09007707,0.09245909,0.038855568,-0.03954332,-0.09068493,-0.071489535,-0.010309356,0.054848254,0.07210659,0.033792894,-0.029556375
0.014469623,0.026125286,-0.014345186,-0.076561466,-0.11660784,-0.106979914,-0.05169579,0.0038205583,0.02625389,-0.003742855,-0.05530923,-0.08596108,-0.06882672,-0.007219943,0.05232773,0.07933163,0.053140018,-0.0076173004,-0.046137977,-0.030350432,0.02218245,0.07619411,0.08844485,0.045534477
-0.12075924,-0.16232848,-0.15637122,-0.109560736,-0.051957466,-0.034706965,-0.063034624,-0.10401976,-0.1302136,-0.102152884,-0.034332298,0.032755654,0.062059578,0.039657608,-0.0029501582,-0.033186857,-0.0170386,0.039187748,0.09229367,0.10049923,0.05638136,-0.014055698,-0.0671859,-0.068564706
0.05910371,0.08494472,0.038285214,-0.0381492,-0.07220368,-0.035888642,0.05592414,0.14997885,0.18184559,0.13644005,0.059362672,0.015050963,0.039445262,0.12236385,0.19720058,0.20922887,0.14118387,0.034808334,-0.03024555,-0.017344331,0.04930349,0.11432342,0.11159237,0.038047418
-0.09905664,-0.09026958,-0.04540683,-0.00461624,-0.00274165,-0.05340338,-0.115617484,-0.15772434,-0.14775196,-0.096477635,-0.04302737,-0.032782428,-0.063008994,-0.11671559,-0.14523923,-0.12197227,-0.056516897,0.0106351515,0.03218141,0.0011441446,-0.05056352,-0.077900894,-0.054134477,0.004947902
0.016294781,0.029009031,-0.02788397,-0.10870885,-0.15853234,-0.14832197,-0.07861316,-0.0064205127,0.01795999,-0.019598644,-0.08451439,-0.12351401,-0.09995625,-0.016867898,0.06000073,0.0941678,0.061633054,-0.011410257,-0.06094547,-0.03980338,0.030689977,0.09776881,0.11265283,0.058861222
-0.023561656,-0.045523293,-0.004773895,0.07732303,0.1506332,0.18116742,0.14897142,0.09634211,0.06998242,0.09664012,0.15833442,0.21393692,0.21856155,0.15955663,0.07875187,0.020393278,0.020447461,0.06550448,0.106080025,0.09575787,0.02931838,-0.056785904,-0.1069163,-0.094678506
0.16578245,0.19436584,0.16401167,0.107004,0.06791981,0.09523209,0.16259174,0.22339685,0.23530196,0.1818255,0.09519712,0.036586646,0.034163967,0.08474147,0.13298286,0.13464795,0.07332066,-0.01941908,-0.08032663,-0.069775134,-0.0068714605,0.059970282,0.079537034,0.03856911
-0.16973269,-0.15156743,-0.09677857,-0.047231942,-0.027972564,-0.0741602,-0.1300876,-0.15489724,-0.12915887,-0.055616166,0.016726686,0.037628006,0.012661383,-0.042831507,-0.06872717,-0.04328423,0.025049625,0.086213574,0.099778056,0.05164813,-0.021792736,-0.06872635,-0.06148418,-0.012888208
0.007093142,0.060600355,0.071835876,0.03142703,-0.02538104,-0.07687661,-0.075820945,-0.033522688,0.010126798,0.021444293,-0.014989306,-0.07661426,-0.11420752,-0.10681862,-0.05783055,0.00038827982,0.026114931,-0.0016283506,-0.05008647,-0.08320441,-0.06506985,-0.007737355,0.055029694,0.077802785
-0.01458868,-0.04048621,-0.014401616,0.05181409,0.11887716,0.15216541,0.12929489,0.08604054,0.057489302,0.074866876,0.12777686,0.17995688,0.18994598,0.14692864,0.08230627,0.027197491,0.01682266,0.05266367,0.09094963,0.0881969,0.037038986,-0.035706457,-0.08795056,-0.08467004
-0.014148224,0.008271177,0.09057467,0.16655421,0.17682332,0.118905246,0.025992528,-0.03794157,-0.026656855,0.03006827,0.087412305,0.09132631,0.021656174,-0.08079816,-0.14263918,-0.13274689,-0.056603875,0.016798865,0.0366369,-0.008297937,-0.09094822,-0.13037975,-0.09561237,-0.0018662818
-0.12203464,-0.16720843,-0.15074392,-0.08297923,-0.015536603,0.008639651,-0.022961315,-0.078125805,-0.10797281,-0.075759724,0.001915005,0.077260576,0.10641523,0.071482815,0.0072491444,-0.033694405,-0.011710047,0.054109205,0.109005965,0.117658645,0.057946067,-0.030902216,-0.08924763,-0.08709722
0.07459794,0.15012977,0.17513147,0.14839728,0.093230784,0.060772248,0.0884656,0.14631006,0.20118551,0.20860213,0.15773228,0.07569645,0.023311887,0.027838876,0.07080421,0.117349185,0.11933229,0.057891693,-0.030203165,-0.07681117,-0.06750528,-0.0093767075,0.052564126,0.06727281
-0.051947102,-0.1011337,-0.13280119,-0.13147776,-0.0952832,-0.052819096,-0.038192034,-0.05297988,-0.08558572,-0.101285525,-0.08187768,-0.030540053,0.021298276,0.04232664,0.032753658,-0.0004956648,-0.02590316,-0.01441867,0.029796489,0.065625474,0.07304361,0.04345411,-0.009952632,-0.049449116
-0.021060979,-0.10267347,-0.14848745,-0.13206851,-0.07129851,0.0038513718,0.023015276,-0.015185878,-0.07522655,-0.11010061,-0.083696015,-0.0027661338,0.070049904,0.09282191,0.05848964,-0.007648294,-0.05150206,-0.033977058,0.034606103,0.09836762,0.1067671,0.053962655,-0.030649379,-0.087007135
-0.044089273,-0.09861517,-0.09779358,-0.04894392,-0.00805082,-0.0028947648,-0.05091613,-0.12380098,-0.1685458,-0.16060497,-0.10185449,-0.042057168,-0.026571564,-0.059731923,-0.113344535,-0.14398754,-0.11959896,-0.04341878,0.024564063,0.050876796,0.01950396,-0.036804996,-0.07062625,-0.049746294
0.09167953,0.0030860505,-0.046178572,-0.02683885,0.037591755,0.120253265,0.12956125,0.07460246,-0.009836932,-0.06729515,-0.060030617,0.015408832,0.07879363,0.09015333,0.03913464,-0.048146293,-0.108240396,-0.0928905,-0.013388192,0.06055986,0.08345694,0.034966,-0.04515689,-0.09190167
-0.053247277,0.016875213,0.029850842,-0.00440812,-0.054651566,-0.09462957,-0.061636794,0.010023296,0.08124049,0.10799081,0.083044484,0.020227887,-0.01222699,0.010453003,0.06959121,0.13623798,0.15590549,0.104666196,0.022056045,-0.026598657,-0.024492238,0.020377656,0.06872115,0.06738293
0.2089387,0.16466917,0.10182319,0.0687255,0.08401357,0.17233205,0.23726182,0.24867317,0.1988862,0.107462175,0.03714038,0.047507737,0.09481969,0.1489897,0.14551452,0.077712394,-0.019090395,-0.08747482,-0.078819275,-0.009235672,0.062469244,0.08040573,0.035696622,-0.03617724
0.01809713,0.033845875,0.08405423,0.12878557,0.13508368,0.09809341,0.038744822,-0.0037525282,-0.0037426401,0.027513564,0.05793446,0.054814346,0.009443412,-0.056490667,-0.09497856,-0.09210633,-0.052710738,-0.007497374,0.007853038,-0.023166642,-0.06769977,-0.08745746,-0.062027078,-0.0008667527
-0.1555659,-0.064089544,0.018637387,0.043180995,0.011045606,-0.07733489,-0.11426953,-0.0831663,0.0013331984,0.09388175,0.13108458,0.078196004,0.008089009,-0.04236601,-0.026394682,0.04968427,0.12909089,0.14773333,0.08503022,-0.013965804,-0.08307538,-0.07905768,-0.012292698,0.05400435
-0.0029470439,-0.051911715,-0.12206726,-0.1666536,-0.15853727,-0.10162627,-0.045301434,-0.02244518,-0.048137292,-0.09770135,-0.124419756,-0.09405171,-0.028708985,0.04266899,0.071040854,0.048537154,-0.00043036384,-0.036196515,-0.020640789,0.0396538,0.09343668,0.10256252,0.054649908,-0.018348744
0.07128721,0.10561074,0.108358376,0.080098115,0.029429054,-0.009628206,-0.011815976,0.008799564,0.030258637,0.023194745,-0.014320528,-0.06899169,-0.106751144,-0.10089331,-0.07082705,-0.034149528,-0.020723453,-0.037089255,-0.07555111,-0.08881518,-0.0646852,-0.012750506,0.041741263,0.06844541
-0.14499566,-0.13452147,-0.09622902,-0.06201842,-0.044194147,-0.080167696,-0.12504883,-0.14288858,-0.1279531,-0.070771195,-0.01587708,0.003275606,-0.007459134,-0.043820012,-0.06631396,-0.051064342,0.0005655109,0.05412763,0.07086757,0.03567939,-0.014069998,-0.05294914,-0.048903428,-0.01276427
-0.021910422,0.023880405,0.0632978,0.077437684,0.06515325,0.03188305,0.018575428,0.034740634,0.07243008,0.106054574,0.11321155,0.08452877,0.045086082,0.015475337,0.01899069,0.04796257,0.07714327,0.07167834,0.037293296,-0.007443371,-0.039397758,-0.03730386,-0.00694612,0.021111917
0.028500779,-0.02014084,-0.08353742,-0.11821705,-0.10397476,-0.042330716,0.011186421,0.022747127,-0.010293486,-0.06363515,-0.08983977,-0.06018982,0.002329374,0.06308321,0.07874541,0.04501486,-0.013320198,-0.046229847,-0.024966467,0.03235087,0.08391542,0.08895242,0.040368833,-0.029124307
0.20718065,0.24560356,0.20564343,0.13149147,0.081614114,0.11524794,0.20142625,0.28111684,0.29995766,0.232679,0.12104125,0.0474011,0.044957336,0.111301884,0.16953363,0.1726893,0.09561213,-0.024279851,-0.101384155,-0.08966984,-0.006862858,0.07616043,0.10354486,0.050346788
-0.1647507,-0.092273414,-0.030456122,-0.019778104,-0.046719603,-0.118278235,-0.14202301,-0.1073333,-0.034056466,0.04565208,0.08094938,0.0421633,-0.00796438,-0.041097663,-0.012028801,0.05727898,0.119127885,0.13156505,0.08249761,0.00085122255,-0.054638524,-0.04630454,0.0021021871,0.04848466
0.018576397,0.039175507,0.111766785,0.17758682,0.18732952,0.13504033,0.04989077,-0.012294183,-0.014392401,0.03085692,0.07499521,0.07169952,0.009641648,-0.084989324,-0.14189698,-0.13905647,-0.07936271,-0.0109134,0.011695249,-0.030672438,-0.09609342,-0.12695585,-0.09137087,-0.0039350027
0.07051457,0.023692666,0.037606936,0.09830314,0.13987873,0.15874259,0.11146588,0.030323422,-0.021945901,-0.030455219,0.005402759,0.05246776,0.049438592,-0.0029046356,-0.07642431,-0.12646782,-0.11733797,-0.060622875,-0.0020987745,0.024553537,-0.0071801986,-0.060005028,-0.085887864,-0.05719871
0.0610851,0.019427834,-0.04749058,-0.08406293,-0.06795319,0.0068681194,0.0793012,0.107293315,0.07894576,0.017176408,-0.02118126,0.00029844826,0.06283522,0.13417451,0.15198585,0.11006,0.033382896,-0.020502074,-0.01781569,0.03955748,0.096680805,0.10416654,0.04990436,-0.032299343
-0.065292634,-0.10985992,-0.07603366,0.01066773,0.08887259,0.113889396,0.06546134,-0.014121781,-0.058262546,-0.027531743,0.056185268,0.1314023,0.14701054,0.08280897,-0.0015455999,-0.05927146,-0.049402867,0.02819005,0.09997263,0.09907986,0.030004814,-0.06340527,-0.11997728,-0.10021954
-0.10913652,-0.16054234,-0.13684013,-0.06192601,0.007821454,0.026363727,-0.022765707,-0.09819897,-0.13992473,-0.10663974,-0.022825243,0.05652067,0.08164685,0.032294203,-0.04327325,-0.09063372,-0.0671568,0.016966296,0.09042128,0.09848329,0.036841832,-0.05290354,-0.10699168,-0.08948364
-0.02082369,-0.05782475,-0.11833115,-0.16206406,-0.16115765,-0.1199846,-0.06975446,-0.046945352,-0.06767486,-0.10502587,-0.12727231,-0.108297065,-0.051419236,0.013090263,0.046311617,0.03505025,-0.0057003284,-0.032645356,-0.02218046,0.022440026,0.07181053,0.086310275,0.05194412,-0.00839742
0.06256119,0.028478391,-0.023304002,-0.04477979,-0.01939381,0.047794525,0.10439815,0.12618023,0.101640545,0.051397108,0.02376814,0.047797777,0.097466946,0.14794213,0.15371455,0.11201117,0.04744892,-0.00042177626,0.004436604,0.049594484,0.088814005,0.08271329,0.029929327,-0.04011446
0.043228008,0.004690334,0.027899683,0.088948846,0.12800385,0.13193062,0.07335675,-0.0054607624,-0.052058544,-0.048079487,-0.00660397,0.035651773,0.027038032,-0.030324098,-0.1026612,-0.14571007,-0.12607911,-0.05826614,0.00028910756,0.015622846,-0.020693691,-0.07282497,-0.090233944,-0.049489778
0.02567511,0.033672284,-0.013724293,-0.08536145,-0.13110617,-0.12582673,-0.074048825,-0.018265111,-0.0037669074,-0.03808806,-0.09789456,-0.13235243,-0.11374623,-0.04678897,0.017843518,0.045971394,0.021135028,-0.036071483,-0.071589544,-0.050726738,0.0129821645,0.07495113,0.0929356,0.054072887
-0.049226016,-0.10862519,-0.1107704,-0.06870297,-0.029730063,-0.027955616,-0.08370374,-0.15895888,-0.20533454,-0.19836283,-0.14182496,-0.076334,-0.059681185,-0.09491648,-0.14656521,-0.17381097,-0.14316382,-0.06523285,0.014190518,0.044573393,0.016824763,-0.03690411,-0.06793189,-0.044451363
0.034646824,-0.054967493,-0.10656025,-0.10157709,-0.055893242,0.0052733757,0.0041877637,-0.04703798,-0.12001232,-0.16816661,-0.15515839,-0.08173734,-0.021113146,-0.0019108074,-0.03327631,-0.09713481,-0.136225,-0.10802618,-0.026591051,0.049555518,0.074636914,0.042149916,-0.026070226,-0.062287003
-0.15745427,-0.06444764,0.02196103,0.039429147,0.00016394377,-0.09557461,-0.13974403,-0.108995795,-0.023785757,0.07061119,0.10472423,0.048734557,-0.026467793,-0.083492324,-0.057369374,0.026955847,0.11242822,0.13113976,0.073145874,-0.027737781,-0.097328745,-0.08251721,-0.008505128,0.06482829
-0.15246381,-0.13702317,-0.08066234,-0.02218977,0.004787758,-0.039234944,-0.099818595,-0.13067861,-0.111512125,-0.03859599,0.038140792,0.061863292,0.034008328,-0.027488282,-0.061853744,-0.044079207,0.022398787,0.088830285,0.10481095,0.057069093,-0.02076478,-0.07562978,-0.07309355,-0.021011628
0.0067712753,0.023674034,0.08149804,0.14147335,0.15758502,0.12068121,0.055692922,0.006386134,0.0067018303,0.047049887,0.08853729,0.09225792,0.04391111,-0.0342934,-0.08561832,-0.0843331,-0.033865813,0.017347626,0.032854542,-0.0037916254,-0.06383619,-0.10129525,-0.07914593,-0.014471282
0.054394398,0.01746586,-0.041329093,-0.074767865,-0.053937662,0.019674387,0.0871707,0.11673762,0.09012283,0.03643887,0.0006178367,0.023900721,0.08216268,0.14245436,0.1604501,0.120253935,0.0486162,-0.007880383,-0.0041100895,0.04484307,0.092464104,0.0957447,0.041655306,-0.03683786
0.06889804,0.024926476,-0.038770188,-0.06655276,-0.034939718,0.065313235,0.15502593,0.18492638,0.15203793,0.08666717,0.047373466,0.076691605,0.15098335,0.2208441,0.23153271,0.17277184,0.07824136,0.008451867,0.00854111,0.06650837,0.11621013,0.1118787,0.039455563,-0.061279573
0.15084985,0.18675672,0.14912139,0.07680397,0.028777532,0.052585136,0.13075083,0.20790063,0.22885568,0.17574371,0.08129583,0.014660261,0.014895873,0.07879479,0.14351569,0.15626763,0.09178008,-0.012664762,-0.082956314,-0.076446585,-0.0033705898,0.07506989,0.09991615,0.05155185
0.02753767,-0.005123921,-0.04999941,-0.06400522,-0.03555331,0.039960537,0.10727704,0.12849338,0.107831195,0.06462652,0.042541612,0.07069616,0.12877217,0.17660594,0.17931405,0.13743669,0.07527705,0.025764398,0.026812747,0.06789348,0.095967226,0.0817082,0.024822958,-0.053059127
0.05638234,0.0018039647,0.023781316,0.10120865,0.15986162,0.17835648,0.11492606,0.01594939,-0.046787806,-0.048486535,0.005307959,0.06634721,0.06676813,0.0009149465,-0.092868365,-0.15648745,-0.14634399,-0.067028366,0.0118599655,0.03573381,-0.006259428,-0.0780728,-0.11305949,-0.0764911
-0.005871933,-0.051117312,-0.12024509,-0.16372426,-0.1564247,-0.102518015,-0.046543617,-0.023306144,-0.048187394,-0.09346295,-0.12000874,-0.092090204,-0.028750168,0.04122465,0.06879998,0.04991109,0.0060007726,-0.029972695,-0.018628767,0.03704465,0.08924495,0.096120544,0.052218895,-0.01859032
-0.062049113,-0.02470774,0.059145827,0.14391692,0.17923473,0.14217915,0.080780305,0.04630637,0.06883005,0.1395627,0.20700666,0.21251902,0.16054821,0.07555542,0.011775166,0.00769723,0.057838656,0.11292177,0.10898619,0.043723617,-0.04695612,-0.10969511,-0.10025877,-0.035355512
0.009025296,0.017038621,-0.031543013,-0.10602288,-0.14938241,-0.14401779,-0.09088216,-0.0304312,-0.011546363,-0.043676484,-0.0981169,-0.12953383,-0.10880353,-0.037620094,0.032053173,0.060564075,0.029138051,-0.028600125,-0.06140958,-0.04275241,0.02154798,0.08506459,0.09766318,0.055424538
-0.04391575,-0.006844389,0.065146275,0.13261482,0.16148876,0.12754281,0.07515027,0.052338734,0.074640326,0.13324203,0.18452378,0.18486203,0.1385599,0.066345476,0.013893661,0.010987762,0.05115377,0.09320137,0.089004375,0.030188946,-0.042760868,-0.09264146,-0.0808748,-0.025645671
-0.115495116,-0.0646951,-0.024941934,-0.032967944,-0.084137514,-0.17397873,-0.2197288,-0.21093182,-0.15983331,-0.103597805,-0.08430751,-0.12711534,-0.17800675,-0.20190823,-0.17280897,-0.0970345,-0.021173753,0.01523589,-0.010651694,-0.06323237,-0.08634982,-0.05559353,0.014842178,0.0791982
-0.16463012,-0.14885962,-0.10189405,-0.05504442,-0.028687924,-0.060664266,-0.09995586,-0.11534247,-0.09455888,-0.02876125,0.039220277,0.05935004,0.047320068,0.0064604133,-0.017251007,-0.004038732,0.044096094,0.09772664,0.10598489,0.061938804,-0.0031816938,-0.051380698,-0.056971535,-0.024402428
0.0266541,-0.0552714,-0.106368706,-0.104330994,-0.069372095,-0.017142406,-0.015985325,-0.06716081,-0.1328862,-0.17784233,-0.16746683,-0.101799935,-0.04527811,-0.027201336,-0.05506868,-0.10518895,-0.13381007,-0.107232936,-0.032158405,0.037966747,0.06392564,0.035973597,-0.018596953,-0.05220415
-0.005383899,0.008462919,-0.01781944,-0.056153983,-0.07170036,-0.052251685,0.0031747299,0.051986117,0.06937036,0.054401062,0.025547098,0.005067333,0.02391116,0.06982176,0.115322225,0.12752315,0.09068208,0.038368,0.00342426,0.002752363,0.032954488,0.063507065,0.058143962,0.014641571
0.06569114,0.034268066,0.061612252,0.12898925,0.17227754,0.1863828,0.13953522,0.06436357,0.021623641,0.021591047,0.05897515,0.09639477,0.08740701,0.029900447,-0.048740882,-0.099210165,-0.091662675,-0.036555313,0.011516973,0.022738187,-0.015572827,-0.07129897,-0.09231996,-0.06009394
0.10280807,0.06832667,0.09113364,0.15593208,0.20721582,0.23378745,0.19247814,0.121380515,0.07087438,0.06105329,0.08935266,0.12939847,0.12253143,0.06332447,-0.015423278,-0.07687751,-0.084172584,-0.041414477,0.010671834,0.025386987,-0.008125818,-0.06413699,-0.09285525,-0.068188176
-0.038757157,-0.07852757,-0.04184129,0.055204414,0.14128207,0.18064114,0.14421277,0.06917898,0.029062565,0.056422044,0.13628282,0.21153954,0.22525996,0.15909386,0.06497745,-0.0008344576,0.0032810892,0.0638355,0.121296234,0.11981957,0.043218423,-0.06126058,-0.12519306,-0.11555563
-0.09929402,-0.06932173,-0.043596547,-0.043842893,-0.0700082,-0.12557189,-0.15398243,-0.1533137,-0.12127858,-0.08153348,-0.060047448,-0.07997332,-0.10497084,-0.12188115,-0.10881793,-0.061930075,-0.013283594,0.01644096,0.007879924,-0.028276028,-0.046734866,-0.036360312,0.003882939,0.040628936
0.06881941,0.028269975,-0.030233018,-0.055185042,-0.025246987,0.06284605,0.1388926,0.16427505,0.13246225,0.07090619,0.03280459,0.059756182,0.1279265,0.19145377,0.19391869,0.13727981,0.054088764,-0.004433638,-0.00020245145,0.054369617,0.10348187,0.09634431,0.033097956,-0.05579198
-0.14886032,-0.06303403,0.018191906,0.034137458,-0.003625283,-0.10378527,-0.15824455,-0.13147277,-0.051556185,0.039452817,0.07575014,0.02366212,-0.05263809,-0.10593481,-0.083384536,-0.0036587087,0.081108876,0.10998882,0.060370315,-0.033611923,-0.096860155,-0.08181373,-0.009715751,0.06974198
0.21079446,0.15896644,0.08982744,0.051852178,0.06592593,0.16355166,0.23696578,0.24469405,0.18820208,0.090087175,0.016608892,0.030188227,0.08668073,0.14623395,0.14697295,0.075906545,-0.030311288,-0.10212704,-0.0881969,-0.011886887,0.06605241,0.08900687,0.040004585,-0.039982032
0.089951314,0.041213073,-0.026476147,-0.07232727,-0.07605194,-0.019213665,0.031778824,0.036293376,-0.0024380076,-0.07091831,-0.11624736,-0.100122355,-0.048083488,0.0117388815,0.032638308,0.002780547,-0.059578225,-0.098314114,-0.07682388,-0.012444941,0.055189956,0.082842596,0.051726766,-0.008582816
-0.07358379,-0.011180087,-0.011214658,-0.07506159,-0.1501204,-0.2193906,-0.20720802,-0.13822207,-0.07257218,-0.050583243,-0.08422198,-0.15506877,-0.18640839,-0.15146485,-0.07093669,0.0144342175,0.04809412,0.019766493,-0.042885564,-0.081525855,-0.052756097,0.021967897,0.09225194,0.10825762
0.08455394,0.025296725,-0.04690082,-0.09760869,-0.10651657,-0.059790242,-0.025681792,-0.030617476,-0.077980325,-0.14747299,-0.19395661,-0.17303953,-0.12027848,-0.06006871,-0.04204673,-0.06975319,-0.1164787,-0.13871479,-0.10448768,-0.029277822,0.0444031,0.07389848,0.0492048,0.00076284335
-0.02294904,-0.02072989,-0.0739526,-0.14694563,-0.18668023,-0.1809017,-0.12636735,-0.06708523,-0.051449787,-0.07954798,-0.12672618,-0.15142219,-0.121983804,-0.047623992,0.02331037,0.05436113,0.030947471,-0.019328836,-0.04934692,-0.027714355,0.03312846,0.08859579,0.095894,0.04926792
-0.044815034,-0.100334264,-0.094480366,-0.040808674,0.009082661,0.014297906,-0.042524476,-0.119793214,-0.1696572,-0.15775979,-0.09560192,-0.030440183,-0.013826698,-0.053624235,-0.11756404,-0.15672417,-0.13366467,-0.05049762,0.027209714,0.049633387,0.016228884,-0.04818844,-0.08436576,-0.05867681
0.025976744,-0.055542365,-0.09789432,-0.0632157,0.020334426,0.119149566,0.14942482,0.11317519,0.04458157,0.00323896,0.027809286,0.113290906,0.18888344,0.20830825,0.15220049,0.058007423,-0.0076420745,-0.0010935868,0.05995018,0.123383455,0.12564859,0.052104022,-0.05111175,-0.11827531
-0.03802696,0.04905013,0.074282765,0.033355754,-0.025363306,-0.07546541,-0.04597468,0.036795348,0.11461712,0.14526771,0.10805708,0.027172672,-0.016110947,0.00034443694,0.0680627,0.14046477,0.1611592,0.10243932,0.009340721,-0.052307,-0.049242053,0.00911573,0.07150146,0.07914564
-0.15817311,-0.13881432,-0.077407986,-0.022791618,-0.0062350794,-0.056412242,-0.11919599,-0.15460587,-0.13523245,-0.06062519,0.008105996,0.025417933,-0.0019635346,-0.06716811,-0.10308749,-0.07918285,-0.002819816,0.06645798,0.08336767,0.033191103,-0.04148389,-0.09024845,-0.072850876,-0.014785752
0.011850218,-0.0664817,-0.11084097,-0.10442765,-0.06195752,-0.015606426,-0.023388907,-0.07267188,-0.13916421,-0.17556824,-0.15785472,-0.09186853,-0.036697935,-0.022539884,-0.053697955,-0.107641995,-0.13553524,-0.09932246,-0.021457372,0.040675264,0.061842494,0.027940769,-0.029198024,-0.0564305
-0.19148028,-0.106198505,-0.03726301,-0.025324369,-0.058454104,-0.14351399,-0.17025302,-0.13038364,-0.045898143,0.046277184,0.08453595,0.037057508,-0.019022271,-0.053204104,-0.023222785,0.058558963,0.13512632,0.1506755,0.09003392,-0.0039203395,-0.06456464,-0.057556007,0.002415556,0.055576544
-0.026492521,0.05451024,0.12634908,0.14835167,0.121628344,0.055726886,0.02357245,0.044827443,0.10470806,0.1633327,0.17200765,0.115523115,0.044323675,-0.007832976,-0.005941658,0.04195332,0.09106091,0.091716655,0.036971435,-0.043415025,-0.0907238,-0.079856105,-0.017031925,0.043272022
0.05226379,0.07331907,0.027096542,-0.044915423,-0.082119934,-0.056354772,0.02218193,0.09726538,0.11938987,0.078244,0.006373668,-0.035518825,-0.011597637,0.06162772,0.12765439,0.14528589,0.094036765,0.005836999,-0.04716012,-0.034812868,0.030974763,0.09112479,0.09939684,0.037890006
-0.11861378,-0.15814896,-0.13890626,-0.0784168,-0.021327838,-0.010413225,-0.05000767,-0.10759753,-0.13461766,-0.10215203,-0.028120352,0.038666017,0.061712865,0.023547616,-0.035576545,-0.06776302,-0.042291425,0.028230375,0.087702505,0.091182254,0.037817277,-0.03885935,-0.08343062,-0.071973704
0.031797186,-0.053717535,-0.09782065,-0.06471508,0.012107758,0.104682826,0.12806278,0.082401715,0.012415317,-0.031171821,-0.0050901216,0.08121786,0.15219855,0.1672455,0.11285109,0.025200386,-0.03406799,-0.022033444,0.04598024,0.11299104,0.116414726,0.048441112,-0.04854503,-0.10922192
-0.00045050075,0.014033637,0.06729727,0.122893445,0.13060324,0.08596866,0.017680023,-0.030533321,-0.028257558,0.01126311,0.052050512,0.0531665,0.0024812173,-0.06983216,-0.11557683,-0.10677615,-0.046566013,0.010024771,0.02204141,-0.008414376,-0.065514885,-0.097588584,-0.070751764,-0.001820235
0.0556554,0.07331152,0.031287316,-0.028931787,-0.05755071,-0.028002622,0.046353895,0.11758055,0.13633597,0.09800451,0.03290165,-0.0034784144,0.018011944,0.08559255,0.14244875,0.15264896,0.10477738,0.021729603,-0.032817528,-0.018424796,0.03706333,0.085777536,0.08645993,0.02792807
0.17182899,0.20639753,0.18370444,0.13146879,0.09234495,0.1202768,0.18931866,0.25144908,0.27063203,0.21573614,0.12826733,0.06646449,0.06073172,0.10702119,0.14956191,0.14831245,0.08314234,-0.011825468,-0.074893735,-0.06782303,-0.008192862,0.058364976,0.0795919,0.038473405
-0.081928544,-0.14224204,-0.14232107,-0.09190768,-0.04747919,-0.05021482,-0.11009177,-0.18959978,-0.23934358,-0.2198858,-0.15068808,-0.08166616,-0.06219198,-0.097293675,-0.15463203,-0.18157516,-0.1424396,-0.050082352,0.027917376,0.052665506,0.017773379,-0.047607567,-0.080655195,-0.052043956
0.15818907,0.18639614,0.16499479,0.1167704,0.08849062,0.11488651,0.17086151,0.22587338,0.23707296,0.18998915,0.112322636,0.06271504,0.057598233,0.09334037,0.13260897,0.12983085,0.07229321,-0.014355344,-0.06325044,-0.058277,-0.006469504,0.049540896,0.06483329,0.029012142
-0.11733077,-0.07798806,-0.042264428,-0.038132787,-0.06905613,-0.13916807,-0.17846453,-0.17528139,-0.13423648,-0.08066032,-0.054213755,-0.07898437,-0.11699954,-0.14395493,-0.12883478,-0.0687481,0.0014681541,0.035666686,0.018036885,-0.02774122,-0.0590341,-0.05083281,-0.0004995657,0.0497163
-0.03896879,-0.12818095,-0.18479075,-0.16920064,-0.09755163,-0.011139805,0.019395541,-0.013266107,-0.078915514,-0.115177445,-0.08257871,0.006802871,0.0935356,0.12988302,0.09695922,0.02146842,-0.037553396,-0.019612204,0.051273122,0.11841417,0.13163252,0.07154561,-0.029116662,-0.0988873
-0.06843556,-0.12113225,-0.12916075,-0.10193807,-0.074998185,-0.074403346,-0.115787044,-0.17351213,-0.2109668,-0.20511161,-0.15994239,-0.10539442,-0.082615316,-0.09967827,-0.13583486,-0.154146,-0.12483,-0.05790988,0.0060428185,0.0368828,0.019742865,-0.021259975,-0.04691213,-0.032384656
-0.028279345,-0.06882389,-0.041168906,0.04070586,0.11560784,0.14926445,0.11399869,0.04632195,0.007465001,0.025603281,0.0946852,0.16257785,0.17658809,0.12134612,0.040171996,-0.01956018,-0.017460408,0.0399117,0.096752554,0.10257812,0.04037242,-0.04833887,-0.10639085,-0.097967304
0.1359756,0.139795,0.07834911,-0.010221113,-0.07650643,-0.069279335,-0.014180621,0.03469257,0.034513503,-0.031783942,-0.12521924,-0.17904623,-0.16892052,-0.095777035,-0.025809653,-0.0010953654,-0.04037696,-0.111027256,-0.14820738,-0.10919907,-0.015687687,0.07554583,0.11084113,0.07542073
-0.007467247,-0.046712946,-0.09849891,-0.13163768,-0.12209353,-0.07875604,-0.038997486,-0.02713473,-0.05394276,-0.08803653,-0.10514032,-0.07985164,-0.027506186,0.02248373,0.043368913,0.02382916,-0.015957847,-0.037431024,-0.018029433,0.023816453,0.06439643,0.07029652,0.033512156,-0.019017918
0.050237793,-0.043359227,-0.09668987,-0.0826222,-0.030998705,0.040497147,0.047291145,-0.01167367,-0.08990767,-0.14433609,-0.12919642,-0.05285891,0.012880332,0.03282473,-0.010349208,-0.084949836,-0.13468003,-0.1054106,-0.022885095,0.056434143,0.08196707,0.04186084,-0.032366253,-0.07493023
0.14345086,0.15992074,0.13704078,0.09971738,0.07390473,0.09750472,0.14417586,0.18218097,0.18583408,0.14037082,0.07499929,0.0345484,0.03269578,0.06823402,0.09308455,0.08551157,0.036794767,-0.027794078,-0.067676395,-0.054346323,-0.005633548,0.03995851,0.052961625,0.024522444
0.07054987,0.09564684,0.051968608,-0.016395867,-0.047721054,-0.0074525247,0.086019576,0.1725652,0.19843872,0.15327577,0.078210086,0.03286197,0.056995954,0.13586101,0.20383643,0.21067643,0.14035754,0.03697054,-0.03022869,-0.01855218,0.044477474,0.10508514,0.101498336,0.02952331
0.0065649934,0.02539527,0.09589755,0.16487066,0.1752107,0.12477372,0.042245474,-0.0167421,-0.01205175,0.034780577,0.08399054,0.085216776,0.021768712,-0.069821306,-0.12538576,-0.11864254,-0.052554693,0.012394605,0.02827028,-0.009885306,-0.081919126,-0.11754326,-0.08737827,-0.0038378558
0.11251968,0.040452246,-0.052940313,-0.11608699,-0.11703841,-0.04666557,0.009688048,0.01247219,-0.047029145,-0.13951752,-0.19783536,-0.17141545,-0.097565986,-0.01672189,0.007760957,-0.03669539,-0.11598303,-0.15345575,-0.112067245,-0.020674223,0.07414437,0.107984,0.06443488,-0.01120442
0.04323804,0.0006472822,-0.05946525,-0.09566862,-0.08308851,-0.02251022,0.031526044,0.04912191,0.018080225,-0.034977447,-0.06712395,-0.04389104,0.013207311,0.072119735,0.09037981,0.056999892,-0.0024929694,-0.041566756,-0.027201006,0.026301129,0.077786595,0.0864896,0.041294955,-0.02584298
0.055012677,0.106750496,0.10783523,0.056410946,-0.016472265,-0.06845817,-0.060663253,-0.018063884,0.023630941,0.018890705,-0.032620847,-0.10568656,-0.1505345,-0.13808025,-0.075355545,-0.009257913,0.013068936,-0.025928054,-0.08176954,-0.10417973,-0.07429836,0.0029136676,0.07444239,0.096387655
-0.040959533,-0.117505185,-0.16310082,-0.14630094,-0.09134373,-0.028540364,-0.013748796,-0.05036294,-0.10550141,-0.1312764,-0.100238726,-0.024135511,0.043396473,0.06786291,0.035921074,-0.019124007,-0.049153507,-0.024437213,0.036275197,0.09443385,0.10047998,0.04684934,-0.029393325,-0.07799997
-0.042520497,-0.02336822,0.031022854,0.08699278,0.10990883,0.08833636,0.047667395,0.019029453,0.029703245,0.073707506,0.118268654,0.12575199,0.09533753,0.03803387,-0.0058793956,-0.010815779,0.021541512,0.061171852,0.06550167,0.026801512,-0.03199253,-0.072854266,-0.06737448,-0.025099201
0.028183855,-0.07744128,-0.14973712,-0.15577511,-0.11784532,-0.060389582,-0.06205199,-0.12066179,-0.2059547,-0.2658441,-0.25740644,-0.18014228,-0.1059322,-0.06970238,-0.10002496,-0.16183645,-0.19474086,-0.15217586,-0.059823234,0.03530483,0.079789385,0.050659794,-0.014554131,-0.053857896
-0.07434558,-0.04058175,0.044280544,0.125087,0.15811129,0.11460376,0.043994285,0.0057050968,0.025826765,0.09904084,0.16958696,0.17787836,0.12490099,0.035103604,-0.02257153,-0.021756897,0.03443367,0.09662924,0.10258887,0.038124654,-0.053658787,-0.111699976,-0.100268945,-0.029331807
0.022235328,-0.05554306,-0.1634939,-0.2295877,-0.21589425,-0.12239381,-0.03340292,-0.007911931,-0.054640695,-0.13740851,-0.18049146,-0.1344372,-0.03300413,0.07396308,0.11171581,0.06942934,-0.018563958,-0.0739729,-0.044081036,0.04904707,0.13646662,0.15290295,0.07917006,-0.033678893
0.033617847,-0.023998687,-0.05102005,-0.01755935,0.050765526,0.13351433,0.16414681,0.1354683,0.08209591,0.050695322,0.06990015,0.13211192,0.1889426,0.19877777,0.15246178,0.075093485,0.0153632695,0.014514692,0.056032434,0.09804209,0.094961084,0.03595945,-0.045622848,-0.10033313
-0.13629594,-0.18194778,-0.16757183,-0.10619418,-0.04504581,-0.031487092,-0.06874584,-0.12863076,-0.15999465,-0.12490453,-0.042641714,0.03005824,0.05897772,0.026223762,-0.031823657,-0.06671643,-0.046887644,0.030296424,0.0940219,0.09836752,0.045918383,-0.033555757,-0.084982105,-0.07566269
0.03751434,0.07536591,0.075926654,0.03117859,-0.03463443,-0.09007679,-0.09848986,-0.07165043,-0.041512236,-0.042531725,-0.081602216,-0.14108495,-0.18165602,-0.17265764,-0.12229248,-0.0644181,-0.03680517,-0.051856812,-0.08827329,-0.10426957,-0.07577928,-0.007773112,0.0590885,0.0914311
0.01876945,-0.038876176,-0.07755471,-0.08409817,-0.071076624,-0.04448174,-0.047234006,-0.08899108,-0.13854337,-0.17212386,-0.1683446,-0.1296006,-0.09013738,-0.07466176,-0.089163676,-0.11781712,-0.13692144,-0.10920075,-0.051245935,-0.00238266,0.026484834,0.019357374,-0.0066417777,-0.023011494
0.0016340849,0.002191114,0.03498826,0.07088321,0.06891543,0.026968565,-0.034363512,-0.08276143,-0.08891633,-0.06409942,-0.031121071,-0.02813496,-0.06632042,-0.118808106,-0.14970998,-0.1391366,-0.09072746,-0.03378239,-0.010969179,-0.025205094,-0.059388332,-0.074295595,-0.049000897,0.011135091
0.06624146,0.12003332,0.13239895,0.09809063,0.043504357,0.0050254487,0.014365963,0.05382612,0.09159586,0.09036192,0.043476358,-0.022999711,-0.0656167,-0.06336297,-0.020927547,0.025851939,0.038054686,-0.0023158835,-0.057293963,-0.08619658,-0.06748046,-0.008972552,0.05136742,0.07053838
0.08369295,0.04209654,-0.013496499,-0.05770844,-0.06608822,-0.033436865,-0.009991843,-0.011665584,-0.050518345,-0.105843864,-0.14807835,-0.13739991,-0.10043521,-0.05737129,-0.039381485,-0.058955405,-0.096611105,-0.11784129,-0.09040097,-0.036237907,0.024824912,0.052895874,0.038878452,0.004126337
0.09710966,0.094119765,0.04923223,-0.019118687,-0.071611956,-0.07994204,-0.05914769,-0.034452576,-0.042194232,-0.089996,-0.1576235,-0.19489612,-0.1895644,-0.14160317,-0.09427025,-0.073949486,-0.09089032,-0.12420098,-0.13472481,-0.10278863,-0.029038686,0.040669203,0.075822346,0.06465854
0.059006874,0.10661817,0.118310146,0.07939517,0.017390396,-0.02961507,-0.031042473,-0.002048674,0.03241752,0.029708141,-0.015383048,-0.08050102,-0.1227607,-0.11987022,-0.07788221,-0.028973706,-0.013674153,-0.04031377,-0.082363695,-0.10644405,-0.08092164,-0.014124099,0.052859455,0.08118238
-0.05730809,-0.0006143332,0.0073377476,-0.023136552,-0.058534395,-0.08470464,-0.051354457,0.013907474,0.07145865,0.094082765,0.07256771,0.024641776,0.0068483553,0.031210424,0.08028536,0.13061027,0.14182088,0.09548389,0.027784158,-0.012153223,-0.008613333,0.023710959,0.05665802,0.046890095
0.027241962,-0.021351233,0.00052194216,0.06634974,0.11378844,0.12038788,0.05510751,-0.033206116,-0.08577573,-0.07810654,-0.023612762,0.032169554,0.026270984,-0.036965817,-0.11014526,-0.15499988,-0.13405943,-0.058585737,0.013369606,0.031315718,-0.012332171,-0.071541116,-0.09893999,-0.057641342
-0.06754875,-0.034809187,0.047726247,0.13329796,0.17094518,0.13340062,0.06823934,0.028174618,0.047504075,0.11857434,0.19091982,0.20205338,0.15125692,0.06219623,-0.0016074132,-0.0051347907,0.045962762,0.1057238,0.110907584,0.046637993,-0.045620043,-0.110032536,-0.10258978,-0.036723346
-0.1566733,-0.14374971,-0.08938531,-0.036040638,-0.010778688,-0.0462881,-0.09697811,-0.12586232,-0.106768936,-0.039545313,0.03264784,0.056640577,0.037991304,-0.015121952,-0.047469467,-0.0352771,0.018115664,0.07988872,0.09783333,0.053943392,-0.016652903,-0.06542537,-0.066424645,-0.023057124
0.035047524,-0.011485997,0.01188122,0.08448921,0.14074613,0.164902,0.117405616,0.033669185,-0.014753451,-0.013691035,0.040150583,0.098271616,0.1000009,0.039095003,-0.039809164,-0.09560042,-0.09214576,-0.030364959,0.03647423,0.054347858,0.007477512,-0.05864209,-0.09824577,-0.07441117
0.050781436,0.0110916495,0.021529295,0.07402196,0.11411717,0.12896319,0.08755798,0.02047647,-0.023461716,-0.02832994,0.00727497,0.049589828,0.048712254,0.0067946524,-0.056929357,-0.10151199,-0.097083434,-0.04539471,0.006530195,0.026661081,0.0002703811,-0.048462827,-0.07440541,-0.050952002
-0.004964989,-0.05864226,-0.13233614,-0.17443837,-0.15873756,-0.095341705,-0.035732027,-0.016632538,-0.0502344,-0.10068003,-0.12381566,-0.088641435,-0.015609356,0.057684198,0.08244302,0.052771937,-0.003962428,-0.036934275,-0.015983813,0.04474741,0.10018819,0.103349954,0.04823931,-0.029887177
-0.12844998,-0.17079018,-0.15409733,-0.091796786,-0.03718712,-0.029023193,-0.069724396,-0.13165174,-0.15838824,-0.12391004,-0.04517075,0.023676105,0.046152275,0.008814563,-0.050158016,-0.0773612,-0.044841047,0.030072208,0.08885501,0.094423726,0.038934354,-0.039488684,-0.082923174,-0.06985857
-0.012630762,-0.0038288985,0.046594713,0.09640035,0.10238276,0.062561385,-0.0022729863,-0.054847594,-0.055641085,-0.019687336,0.019339846,0.024947608,-0.015790125,-0.0841255,-0.12874503,-0.12195245,-0.0676735,-0.010626298,0.011638208,-0.014719082,-0.06528917,-0.09306555,-0.06734828,-0.003968798
-0.009623349,-0.05586313,-0.1278848,-0.1787674,-0.16885021,-0.10698178,-0.04173171,-0.010228469,-0.034827173,-0.08658064,-0.1169024,-0.08941855,-0.01610592,0.06465992,0.09755253,0.07004532,0.006404714,-0.03457537,-0.01995389,0.037779443,0.09929318,0.11275461,0.060640827,-0.020946061
0.120823026,0.058929387,0.02487186,0.041122146,0.07916038,0.1364491,0.14057678,0.09437482,0.030157065,-0.023672547,-0.031342845,0.012410542,0.04844517,0.051758092,0.006748254,-0.05963033,-0.10305678,-0.092530526,-0.039029133,0.019992085,0.042682186,0.014486865,-0.031754963,-0.057824634
0.068291076,0.0301087,-0.027727121,-0.04852143,-0.013843586,0.0747249,0.15120928,0.18024805,0.15127458,0.09504816,0.06325124,0.09176097,0.15458101,0.21653718,0.22059731,0.1647464,0.08003841,0.018629752,0.017392805,0.06692494,0.109766014,0.098439544,0.030547382,-0.057531714
0.1439828,0.08526551,0.063549116,0.08871083,0.13485543,0.19494921,0.19101684,0.14017278,0.07118926,0.021125976,0.015095836,0.058406636,0.08694473,0.07735946,0.024237104,-0.052874047,-0.10297547,-0.09176101,-0.036163658,0.01581832,0.03073245,-0.0005975166,-0.049426608,-0.066933095
-0.033587303,-0.08512772,-0.08614046,-0.046652023,-0.013998057,-0.00912543,-0.052849624,-0.12123752,-0.16329104,-0.15935366,-0.11031063,-0.056348242,-0.04193828,-0.07162874,-0.11785116,-0.14437592,-0.12371206,-0.05623036,0.009325206,0.035791725,0.0119909905,-0.032854848,-0.06013281,-0.040471993
-0.048461657,-0.121437594,-0.1689576,-0.15988559,-0.10629118,-0.038693767,-0.013035655,-0.038676184,-0.09014956,-0.11763898,-0.09197809,-0.01940018,0.053647783,0.08558154,0.062796794,0.00775121,-0.0325924,-0.01736617,0.0392437,0.095187984,0.10627097,0.059170406,-0.019334117,-0.07674868
0.031873237,0.04643678,0.08958958,0.12834074,0.12696342,0.08738564,0.030344607,-0.011163412,-0.010582846,0.013964501,0.038143404,0.031344004,-0.016106592,-0.07859453,-0.1113306,-0.10197341,-0.05922315,-0.017633999,-0.0046078525,-0.030031268,-0.06857751,-0.081705436,-0.051052745,0.008998714
-0.030733755,0.031460978,0.037397597,-0.012849734,-0.07655143,-0.12900321,-0.11165744,-0.04794389,0.012690577,0.029422557,-0.007814187,-0.075435214,-0.10888819,-0.081594095,-0.01849676,0.04957034,0.07170758,0.03276715,-0.034177687,-0.0718837,-0.049259417,0.014190481,0.07630007,0.088259876
0.051715005,0.13438432,0.15592498,0.1135372,0.046162058,0.00055840437,0.028433453,0.099778116,0.16346109,0.1731816,0.11656632,0.0247476,-0.028450055,-0.015681779,0.04602262,0.10822824,0.11748833,0.0539694,-0.039224185,-0.08897398,-0.07225835,-3.282006e-06,0.071532376,0.08683123
-0.16101004,-0.13994664,-0.08120634,-0.025957845,0.0005568137,-0.041262828,-0.09497146,-0.12001311,-0.0968634,-0.021280956,0.054225698,0.074695066,0.048757695,-0.011356568,-0.040094677,-0.020703252,0.038866572,0.098323494,0.11105395,0.056368962,-0.021095201,-0.072200045,-0.06959649,-0.021980973
-0.09690876,-0.08924498,-0.051124442,-0.019529091,-0.02505171,-0.076870486,-0.13504644,-0.17033829,-0.15997666,-0.11208154,-0.065314576,-0.0596219,-0.08920874,-0.13308518,-0.15135247,-0.123545185,-0.057855923,0.0049663074,0.020022226,-0.0057258992,-0.050197724,-0.068386145,-0.042563815,0.014832439
-0.04904883,-0.017391782,-0.025614902,-0.068129666,-0.114484765,-0.15063052,-0.13778515,-0.09461774,-0.055607695,-0.046266638,-0.06922255,-0.10702028,-0.12027044,-0.09256152,-0.040395513,0.013776937,0.038151495,0.0146220075,-0.02485707,-0.03929755,-0.019985909,0.023814041,0.062107977,0.06351503
0.016217364,0.022395669,-0.033929132,-0.115422584,-0.162944,-0.14794512,-0.0787552,-0.01295171,0.0029364384,-0.037238393,-0.1006631,-0.13631222,-0.10716011,-0.025315836,0.05253788,0.0799639,0.03848997,-0.029441057,-0.06891923,-0.04492417,0.027533695,0.09809355,0.108414225,0.054320786
0.083957784,0.0236679,-0.048206605,-0.09428009,-0.10549977,-0.06365532,-0.031698775,-0.043278363,-0.09389907,-0.16403371,-0.2061102,-0.18901336,-0.13683599,-0.07661425,-0.060678996,-0.08766233,-0.13155401,-0.14300355,-0.109673485,-0.033359367,0.0397023,0.06893489,0.046360467,0.00179433
-0.006639793,0.0001394466,0.042972967,0.07750914,0.077649355,0.040844604,-0.017842459,-0.060756113,-0.06375628,-0.03542638,-0.008529138,-0.00720517,-0.04162481,-0.09744837,-0.12985343,-0.12391547,-0.07921685,-0.029951341,-0.00800426,-0.028185658,-0.06476849,-0.07895749,-0.05334623,0.0040131123
0.008058349,0.035056148,0.107757,0.17851229,0.19309774,0.1442934,0.06806938,0.017068418,0.025769284,0.074967995,0.123354994,0.12009483,0.056761038,-0.03280699,-0.09076288,-0.08742368,-0.029622024,0.030578952,0.039859295,-0.0070610843,-0.07839671,-0.11732711,-0.08791408,-0.007912462
0.033031795,0.04617367,0.09339912,0.14194055,0.14965612,0.122821756,0.073399,0.032914948,0.033075277,0.05840625,0.08659482,0.083883464,0.03992777,-0.02037678,-0.061270304,-0.064423166,-0.03202321,0.006094031,0.012787774,-0.011810617,-0.056824777,-0.078496434,-0.059729096,-0.0056368373
0.08619964,0.082609996,0.04631985,-0.0056384667,-0.042551413,-0.043100476,-0.023563107,-0.00089023507,-0.005848313,-0.04698062,-0.10012381,-0.12699193,-0.123044126,-0.08473496,-0.047269635,-0.035319477,-0.053790234,-0.0861156,-0.09633522,-0.06824805,-0.012436287,0.04025213,0.060674045,0.046761423
0.050928816,0.0073357406,0.017851977,0.07346373,0.12297259,0.14035259,0.09319702,0.023069046,-0.027085636,-0.030524962,0.008480557,0.058470804,0.05964416,0.010351398,-0.05661082,-0.10481632,-0.09751742,-0.044192847,0.01642801,0.036686994,0.005532635,-0.05192461,-0.083898515,-0.061128184
-0.18461336,-0.15686595,-0.07744024,0.0012642624,0.02530776,-0.03416132,-0.10733689,-0.14977583,-0.11831986,-0.024874577,0.06926592,0.08933753,0.046379358,-0.035657942,-0.08260035,-0.055040207,0.032590147,0.11541772,0.12526076,0.0598652,-0.04182403,-0.10607977,-0.091108695,-0.019621952
-0.124206856,-0.12119792,-0.085697934,-0.05290337,-0.052259065,-0.106041655,-0.1689222,-0.20921129,-0.20191178,-0.14952295,-0.095024176,-0.07982732,-0.101858445,-0.1474029,-0.17077003,-0.14269958,-0.07171698,0.0005079582,0.028229306,0.0013626834,-0.04380369,-0.071447335,-0.047990583,0.00822943
0.13508444,0.15588637,0.12614693,0.07562811,0.043876838,0.07041709,0.1319045,0.18238378,0.19189003,0.14371058,0.07391715,0.027454222,0.029867422,0.07629823,0.1206762,0.12073688,0.059134126,-0.019443227,-0.06534425,-0.055324506,0.001209164,0.060379263,0.07203788,0.031966608
0.045285698,0.07325137,0.07585386,0.048335597,0.0041969996,-0.031777658,-0.036623634,-0.022077952,-0.005317084,-0.008429949,-0.03832165,-0.0826933,-0.11178671,-0.10879752,-0.07970754,-0.04461866,-0.030387674,-0.04131519,-0.06694809,-0.080147505,-0.059160173,-0.01304951,0.03508806,0.058556683
-0.106897876,-0.04735431,-7.773014e-05,0.010305416,-0.006118085,-0.052730598,-0.063270345,-0.029893482,0.029709266,0.087302566,0.1093498,0.07804287,0.038730428,0.015921365,0.034951262,0.08281927,0.12339268,0.11987867,0.07287193,0.010071862,-0.03290057,-0.030219829,0.0021734058,0.030374458
-0.11412827,-0.06071157,-0.012156774,0.00045920364,-0.016606608,-0.06658382,-0.0858744,-0.06190544,-0.0071044634,0.051721424,0.07752654,0.05129667,0.01197344,-0.017300496,-0.00052055734,0.049201183,0.09969055,0.10537515,0.0671854,0.008542226,-0.03820517,-0.03736677,-0.0035369052,0.030418094
0.12263244,0.06333543,0.040293626,0.065752864,0.11121491,0.17343013,0.17586283,0.12615232,0.06252405,0.014233329,0.013742076,0.05980498,0.09220089,0.08688722,0.036538288,-0.037636187,-0.08991321,-0.079496905,-0.024955858,0.026623402,0.03971288,0.008010155,-0.044146422,-0.067319535
0.16154186,0.19440435,0.15546733,0.080866225,0.029532894,0.050831184,0.12448587,0.20295085,0.22334181,0.16417441,0.06483194,-0.003296708,-0.0046061142,0.061615184,0.12610176,0.13695833,0.075643376,-0.025584511,-0.0952463,-0.080322474,-0.0038715831,0.0781739,0.10404175,0.05848976
0.00789155,-0.032543622,-0.0877556,-0.12417676,-0.11644494,-0.070994414,-0.02911846,-0.015775593,-0.041858517,-0.08294739,-0.104751565,-0.08034774,-0.028332798,0.02390821,0.046609353,0.02636855,-0.017218947,-0.043749537,-0.023893857,0.022631377,0.06749978,0.07726703,0.03988756,-0.016027847
0.0962603,0.035746664,0.006338879,0.02839067,0.07226072,0.13085568,0.13537884,0.086809106,0.024685627,-0.020913811,-0.018695889,0.029686416,0.068444386,0.06871493,0.021144778,-0.045292027,-0.08865345,-0.075423144,-0.020376993,0.03191222,0.046912316,0.011528197,-0.039266005,-0.06693976
-0.013817056,-0.010213285,-0.060475405,-0.13557607,-0.18472815,-0.1785769,-0.121390976,-0.06872469,-0.051949114,-0.082240045,-0.13481586,-0.16372423,-0.13636619,-0.06481075,0.0066187046,0.04168582,0.018309828,-0.035712894,-0.066123426,-0.044714097,0.018314853,0.08247427,0.09874705,0.054366924
0.108594626,0.0808737,0.043791085,0.020458387,0.022555275,0.06268676,0.0911451,0.093939744,0.06397863,0.0124013685,-0.027035248,-0.02278617,0.0034148588,0.03491504,0.036180943,0.003246946,-0.043462846,-0.071372546,-0.06062452,-0.01822369,0.026393626,0.04219329,0.023403998,-0.010053356
-0.014520207,0.0042164144,0.06839377,0.12318695,0.12696698,0.06598189,-0.021686222,-0.0780468,-0.07465025,-0.026211072,0.019278502,0.018707672,-0.03948598,-0.12538144,-0.17178038,-0.15588178,-0.08415365,-0.014035373,0.01072297,-0.028752014,-0.089333825,-0.117032774,-0.07847296,0.0069450405
0.1733694,0.11680682,0.03562694,-0.015045542,-0.008720394,0.08005634,0.15223056,0.16584142,0.113441594,0.01756863,-0.05411511,-0.037396267,0.02469937,0.09672172,0.11101454,0.054674204,-0.037956398,-0.10655373,-0.091437906,-0.008753292,0.075423084,0.10278867,0.055855755,-0.02713829
0.022449953,-0.014160982,-0.06624026,-0.09612056,-0.08728367,-0.041905824,0.0014159902,0.012443515,-0.013489581,-0.055584446,-0.07659533,-0.05685218,-0.008231644,0.042300023,0.058241215,0.034080632,-0.013570599,-0.03820246,-0.023032986,0.020246344,0.06413431,0.071408845,0.035489168,-0.018512866
-0.046585288,0.016982174,0.025281254,-0.03283449,-0.105931565,-0.16341452,-0.14720705,-0.08210754,-0.019482804,-0.0012655791,-0.043771684,-0.11519726,-0.14761561,-0.12230355,-0.04868661,0.029491266,0.061858293,0.021672493,-0.044811342,-0.08177723,-0.059402894,0.013297746,0.08298556,0.09645708
-0.0098566245,-0.060613766,-0.13118082,-0.17541711,-0.16258551,-0.103111364,-0.045823082,-0.027007852,-0.0588258,-0.1073921,-0.13148448,-0.09852706,-0.026897775,0.04260775,0.070008315,0.044438716,-0.009318919,-0.041940156,-0.018916894,0.03836916,0.0931822,0.09963967,0.049153462,-0.026580445
0.057320446,0.08433102,0.08180512,0.048431918,-0.0006249357,-0.04052624,-0.047568996,-0.029779218,-0.011919837,-0.020177934,-0.055896584,-0.10295123,-0.1340497,-0.124394566,-0.095031776,-0.0599748,-0.04662226,-0.05666919,-0.08250244,-0.09081343,-0.060693044,-0.009137516,0.04308954,0.0691525
-0.12298327,-0.038331762,0.032246176,0.05106356,0.020737406,-0.057145815,-0.08483072,-0.051868934,0.02341663,0.1020932,0.1300018,0.07696378,0.013305269,-0.027421704,-0.009792608,0.057551984,0.12221451,0.133513,0.07167624,-0.017328156,-0.0738549,-0.0663398,-0.0057308255,0.05090501
0.03037975,-0.031950485,-0.12129446,-0.17456836,-0.16153692,-0.08310727,-0.008637403,0.013095533,-0.027002653,-0.09597376,-0.13390283,-0.096854985,-0.0156063475,0.06737852,0.09954894,0.066633224,-0.0028392163,-0.05388023,-0.031480305,0.043800924,0.112845436,0.1238576,0.06355767,-0.030868525
-0.050067853,-0.10688928,-0.113995224,-0.08032428,-0.04284793,-0.037290134,-0.08284816,-0.14897105,-0.19510588,-0.1905662,-0.1393292,-0.07883016,-0.056447092,-0.0803114,-0.12423587,-0.15340406,-0.13639888,-0.06519471,0.009823913,0.03814566,0.020144157,-0.026335524,-0.05903522,-0.04273168
0.0081191715,-0.04918415,-0.022443939,0.06531637,0.13450254,0.15582739,0.09223981,-0.005107486,-0.062320273,-0.052610993,0.018204892,0.09062399,0.09674661,0.03220256,-0.067069374,-0.1342488,-0.12083938,-0.03280752,0.0463998,0.068079785,0.0128965555,-0.073493294,-0.12125584,-0.08765676
0.0724679,0.17838481,0.21414769,0.16619587,0.086580954,0.029375069,0.057109267,0.14460301,0.2254319,0.24092725,0.17272934,0.05916184,-0.01292264,-0.004245814,0.066634454,0.13805544,0.14552625,0.06767385,-0.045708504,-0.112656094,-0.09640919,-0.0077069057,0.08044019,0.106006004
0.041154142,-0.00481045,0.013159248,0.079844445,0.12843263,0.14935581,0.10453765,0.02293101,-0.026088132,-0.02861183,0.018057076,0.07006192,0.072598904,0.019449508,-0.056910828,-0.10922444,-0.10340157,-0.041942786,0.019652726,0.040929835,0.0025818862,-0.057829827,-0.09074795,-0.066537164
-0.11477421,-0.06480288,-0.023732442,-0.023216493,-0.059702117,-0.13905314,-0.18116449,-0.17049986,-0.12233317,-0.06349013,-0.03933877,-0.07407061,-0.121545054,-0.15064022,-0.12802388,-0.060468577,0.011550912,0.042416178,0.016713798,-0.038701724,-0.07067901,-0.05473972,0.0035937475,0.06051588
0.017690126,0.083693944,0.13968647,0.14159773,0.09519217,0.01164793,-0.04186868,-0.036186986,0.0077487445,0.048519764,0.043036506,-0.017139316,-0.09473095,-0.14666039,-0.13436298,-0.076444946,-0.016376346,-0.0016069709,-0.034026768,-0.094815366,-0.11876736,-0.08372678,-0.0026581837,0.07446538
0.077899255,0.032669608,-0.03895676,-0.0717375,-0.040176593,0.05738408,0.14518149,0.1814208,0.14989936,0.08202826,0.040276587,0.070617154,0.1420806,0.21759668,0.23109002,0.17440274,0.08135643,0.008692268,0.0071688695,0.06863704,0.12360698,0.11948719,0.046484344,-0.05436197
0.021758297,-0.03161196,-0.10712068,-0.1542098,-0.13823894,-0.07236092,-0.01349259,0.009644617,-0.026326122,-0.083085716,-0.11538116,-0.08204075,-0.011481778,0.060430296,0.08742109,0.05485781,-0.0061174287,-0.04709404,-0.024994513,0.038291514,0.098399185,0.105822995,0.0511213,-0.027765783
-0.027487349,-0.107519135,-0.15847297,-0.14258724,-0.08114908,-0.008781797,0.012837373,-0.02084026,-0.08247886,-0.11388447,-0.086907685,-0.008576614,0.06572038,0.09576944,0.06107126,-0.0041215974,-0.046250567,-0.025629988,0.03621045,0.097601116,0.10955232,0.05297204,-0.030483562,-0.08647184
0.024297168,0.0094660055,-0.017766796,-0.0314153,-0.018331898,0.027514724,0.0709881,0.09153681,0.08409643,0.058393862,0.037797555,0.050313905,0.08204532,0.11482048,0.120519064,0.098297656,0.061299525,0.020860491,0.012534295,0.036116377,0.055617306,0.051641718,0.020620883,-0.027209472
0.032500476,0.031124467,-0.032639705,-0.11384852,-0.15429972,-0.13257673,-0.064686246,0.00072592613,0.011508094,-0.036122717,-0.10226922,-0.12988855,-0.097225904,-0.014223922,0.059124134,0.080956586,0.04084217,-0.03124011,-0.066098094,-0.032000184,0.04203426,0.1048664,0.10713746,0.046727035
0.055925813,0.12941271,0.13865882,0.07642812,-0.011943654,-0.079230376,-0.069920555,-0.008131523,0.049562596,0.052450057,-0.011897146,-0.107393794,-0.16485938,-0.14728004,-0.07347274,0.0051832143,0.030747918,-0.017455917,-0.09469997,-0.13249527,-0.0967145,-0.0031932448,0.0879131,0.11909732
0.023388918,-0.026285736,-0.04664196,-0.020329678,0.033865128,0.09615153,0.11083716,0.084343515,0.041885823,0.016485343,0.031161418,0.085945755,0.13055462,0.13482927,0.09253384,0.030780014,-0.007609264,-0.003105975,0.038037196,0.07639158,0.073587276,0.02418762,-0.038586378,-0.077399164
-0.07935782,-0.04644533,0.043462798,0.13059928,0.16216454,0.112012416,0.031286977,-0.015133003,0.00507353,0.084622465,0.16100077,0.17179225,0.11163705,0.012466445,-0.04979575,-0.04419117,0.025762802,0.09580153,0.1034333,0.03764307,-0.06261622,-0.124644995,-0.1083769,-0.027016
0.07663417,0.072254226,0.031749286,-0.02528067,-0.07121314,-0.07135625,-0.043251187,-0.023572287,-0.02895151,-0.07013272,-0.12453507,-0.15466751,-0.14751472,-0.10475619,-0.059242245,-0.03927977,-0.05835912,-0.09273645,-0.10559422,-0.07781535,-0.018134927,0.04267013,0.06851985,0.05193319
0.04516113,0.024033535,-0.009169494,-0.023063798,6.0552877e-05,0.06254392,0.11738433,0.14099857,0.12752318,0.08931782,0.06516824,0.082598425,0.124780916,0.16516107,0.16710103,0.127488,0.06593857,0.018708602,0.015959078,0.046602543,0.07385899,0.06815467,0.022429138,-0.039534803
-0.12843287,-0.07690387,-0.03278453,-0.028667074,-0.05370747,-0.11467909,-0.14080495,-0.11576614,-0.059988413,0.0002901067,0.026529584,-0.0019230521,-0.042101383,-0.064172894,-0.040917154,0.015308168,0.07047485,0.085379995,0.05048638,-0.005964767,-0.04478434,-0.03540351,0.00466759,0.04558424
-0.07858336,-0.12924884,-0.16147543,-0.15611129,-0.12154311,-0.07936539,-0.061952375,-0.077906266,-0.10674521,-0.11698251,-0.09229344,-0.038084876,0.017350733,0.04410774,0.030165814,-0.0004227232,-0.01745957,-0.0012923888,0.037044436,0.07459429,0.07856308,0.042775918,-0.01075539,-0.051147293
-0.026537664,0.014542762,0.0919293,0.16419356,0.19495904,0.1761575,0.13823389,0.11624514,0.14005034,0.19618241,0.24183738,0.2407519,0.19468684,0.114947826,0.064458095,0.060591113,0.095927924,0.117737,0.103621945,0.042591214,-0.039824232,-0.09095453,-0.08323311,-0.03899336
-0.032548934,-0.024512077,0.028219141,0.08242491,0.0909611,0.045645755,-0.024201019,-0.08108961,-0.083324954,-0.040744375,0.008573187,0.016100472,-0.02459575,-0.09525785,-0.14093444,-0.1331862,-0.07685995,-0.0077747703,0.018690817,-0.012154816,-0.066785984,-0.09800382,-0.07322668,-0.004766639
-0.08727731,-0.02616189,-0.02110544,-0.08437538,-0.16416243,-0.23337294,-0.22256084,-0.15988483,-0.09727778,-0.07002097,-0.10482039,-0.1754997,-0.20517024,-0.17495131,-0.093871914,-0.0045473785,0.03900747,0.012603223,-0.05034876,-0.08919938,-0.06515988,0.010940704,0.08641686,0.10632393
0.10106617,0.1962977,0.236047,0.20831794,0.15211304,0.109621465,0.13076007,0.19972156,0.26591596,0.27770633,0.22180833,0.12511306,0.05554007,0.048685517,0.09512463,0.14325649,0.13711344,0.067171186,-0.027359948,-0.09268916,-0.08576819,-0.018530285,0.052575298,0.077191524
-0.024364801,-0.04848371,-0.010651396,0.0702882,0.14713463,0.17463733,0.13781524,0.08680613,0.05791055,0.08568747,0.15144722,0.20906708,0.21257652,0.15535311,0.076298185,0.015894832,0.012391538,0.06286576,0.10756283,0.096695624,0.03237069,-0.05401398,-0.10746133,-0.092220336
-0.02199655,-0.008867782,0.045108482,0.09610923,0.10445042,0.061255407,-0.006032243,-0.05183986,-0.04848689,-0.00777816,0.033091687,0.03707952,-0.0059820227,-0.07405527,-0.118176594,-0.111368634,-0.05473654,0.0033735177,0.021218726,-0.009009107,-0.062957026,-0.093197875,-0.06857052,-0.0031350567
-0.045698643,0.046889473,0.13312374,0.15579076,0.1230659,0.04161845,-0.0019381804,0.02332814,0.09645013,0.16767582,0.18305671,0.12085968,0.03441059,-0.03175176,-0.020680698,0.040788505,0.10076728,0.1043179,0.047903467,-0.046305694,-0.10614768,-0.08802621,-0.015838886,0.05827242
-0.05906086,-0.0010197944,0.01860101,-0.002155021,-0.032270648,-0.0636409,-0.0426831,0.017297838,0.07381586,0.10365681,0.09145691,0.044103898,0.019289987,0.035795324,0.076156735,0.11834804,0.12702549,0.09456985,0.030936051,-0.014851153,-0.01853179,0.010722618,0.042211123,0.045753397
0.12212616,0.058522496,-0.029978463,-0.08803284,-0.08611525,-0.012699042,0.048005562,0.057697337,0.0036497484,-0.08441421,-0.1456373,-0.12290538,-0.05444399,0.023818478,0.04437477,-0.00053332694,-0.07789744,-0.12586808,-0.09799092,-0.0132316295,0.07534266,0.103139274,0.060230516,-0.016424239
-0.030276403,-0.019379254,0.0364347,0.09720196,0.10768377,0.06341867,-0.0049212757,-0.06188061,-0.061422735,-0.015861366,0.035702206,0.04299889,-0.0010665162,-0.074156485,-0.12582752,-0.119367644,-0.06156445,0.0069711762,0.027779432,-0.00618328,-0.06577047,-0.10260722,-0.07754635,-0.007645982
-0.026370445,0.04189497,0.11316925,0.1450443,0.13066117,0.07887555,0.04730454,0.05981857,0.11078801,0.16609553,0.1812229,0.13956638,0.0760681,0.01990199,0.011314933,0.045820124,0.09100125,0.09504092,0.050040763,-0.020741252,-0.07528584,-0.07704248,-0.02919587,0.025441702
-0.11312062,-0.05246818,0.007516499,0.024369618,0.009739952,-0.052551474,-0.08847504,-0.068811,-0.014135098,0.053957347,0.083590925,0.054582797,0.0056368303,-0.03811962,-0.026827563,0.024454577,0.08276805,0.09777992,0.06592272,-0.0046321726,-0.057184692,-0.058717784,-0.016727826,0.032203965
-0.08121633,-0.07560202,-0.040473886,-0.013632512,-0.0117868055,-0.054269165,-0.108714126,-0.13993597,-0.13395423,-0.09292223,-0.052257698,-0.042543422,-0.06650845,-0.11175509,-0.1278595,-0.10696126,-0.052271694,0.00017277463,0.022887507,-0.0010845577,-0.04166975,-0.06010879,-0.04164761,0.006399371
0.03789797,0.008819792,0.03211292,0.089908645,0.13294682,0.14693111,0.1060205,0.04287462,0.0051300838,0.0107743,0.0492728,0.08828315,0.082824714,0.029628968,-0.03278777,-0.07406114,-0.066422135,-0.01990282,0.026295448,0.032762464,-0.0061299875,-0.057928097,-0.08206059,-0.05669971
0.08206246,0.14874956,0.17279692,0.14978601,0.11019086,0.085175544,0.10642855,0.15897587,0.20170747,0.20559044,0.15972465,0.08866801,0.04328434,0.04264124,0.07917692,0.1112017,0.10303189,0.047572397,-0.023252977,-0.06656908,-0.05774959,-0.008454378,0.03982963,0.051565357
0.028889148,0.03345796,0.069543965,0.10339695,0.10389664,0.0690547,0.010209393,-0.031552568,-0.036954593,-0.017626017,0.0032030903,0.0036583405,-0.035799325,-0.09104977,-0.12432972,-0.119949356,-0.0759365,-0.03295248,-0.013676012,-0.027023915,-0.059905294,-0.074192084,-0.04952649,0.0065662805
0.052087206,-0.007960201,0.00042726615,0.060947448,0.10897594,0.120952696,0.0576971,-0.03840249,-0.102927014,-0.10892192,-0.05871533,0.0018135405,0.0023477084,-0.057897642,-0.12966548,-0.17766365,-0.16312338,-0.08736714,-0.0032440051,0.026393011,-0.006494068,-0.06324806,-0.093985885,-0.05901329
0.034422293,-0.049393374,-0.09299114,-0.061174,0.01724592,0.10718099,0.12745117,0.08366265,0.010158839,-0.030532777,-0.0051849117,0.07885053,0.14856687,0.1631351,0.109945774,0.021207958,-0.038809206,-0.02465112,0.043098636,0.10640621,0.11124666,0.043628108,-0.052201774,-0.10906855
0.070910454,0.07985916,0.045157943,-0.0137621565,-0.05936688,-0.06276455,-0.03019668,0.003588715,0.0063497615,-0.029077157,-0.08774307,-0.12730666,-0.12272401,-0.07860751,-0.029750358,-0.00787153,-0.029020427,-0.07049331,-0.09501116,-0.07891913,-0.02004661,0.041429937,0.07088761,0.053243656
0.030755505,0.038313176,0.08105713,0.12731208,0.13045996,0.09031824,0.027148081,-0.026744403,-0.033707555,-0.008584218,0.024463885,0.02340592,-0.022270707,-0.086502664,-0.12974772,-0.12741655,-0.0872131,-0.030893192,-0.00832142,-0.031831075,-0.07038192,-0.08951815,-0.061471142,0.0040176697
0.11579444,0.039253283,-0.0012177076,0.022266712,0.0772134,0.14923176,0.15471126,0.099488735,0.019550182,-0.034739416,-0.03345255,0.027364152,0.0756117,0.077935934,0.024749873,-0.055459905,-0.106263414,-0.090875275,-0.02432266,0.040981535,0.060307022,0.016669387,-0.04714796,-0.080775715
-0.16847622,-0.09567477,-0.03174801,-0.020192355,-0.047362424,-0.12524714,-0.15956908,-0.1285123,-0.056555375,0.027481891,0.061285924,0.024346782,-0.028106075,-0.067167304,-0.043231957,0.030544491,0.10972838,0.12543412,0.07827967,-0.003061472,-0.061727267,-0.05935446,-0.0050970176,0.047451366
0.043828476,0.0026884717,0.02840838,0.10187981,0.15434684,0.16940902,0.11518555,0.033860955,-0.014206706,-0.008800409,0.041522536,0.09189334,0.08671245,0.028907802,-0.05644319,-0.11326252,-0.10503847,-0.036298946,0.022627458,0.03670008,-0.0059388177,-0.07173764,-0.102058545,-0.06639384
0.13716781,0.09728326,0.08066565,0.097304,0.12742205,0.17305687,0.17265987,0.13643295,0.088193625,0.0439412,0.030934392,0.058103718,0.07339704,0.063762695,0.024333173,-0.03172563,-0.07157119,-0.072953284,-0.035006296,0.0044468036,0.018755864,0.00050265534,-0.030760147,-0.044584963
-0.0453519,0.008971098,0.017863462,-0.025622291,-0.08063943,-0.13290834,-0.1254563,-0.07089036,-0.018598229,0.0024413208,-0.025031349,-0.08274817,-0.113014184,-0.09373822,-0.036101997,0.026851937,0.05382956,0.027695792,-0.02665904,-0.062558725,-0.047448747,0.007091815,0.062462233,0.078761205
0.1089558,0.028924264,-0.01508887,-0.0038598555,0.043335423,0.115716055,0.12188222,0.06801961,-0.0073412787,-0.06852705,-0.073340334,-0.011092009,0.042473145,0.0528009,0.006011042,-0.0719768,-0.12752216,-0.11643531,-0.04203697,0.03058056,0.060309753,0.028967664,-0.033242624,-0.07146374
0.028906837,-0.027109507,-0.01080365,0.05947718,0.11884708,0.1435251,0.09034057,0.0016356554,-0.056695282,-0.05802201,-0.0059844907,0.05920672,0.06980915,0.013457586,-0.07198928,-0.13248605,-0.12269179,-0.052116886,0.024115562,0.050927464,0.010477825,-0.061879914,-0.103069924,-0.079246745
-0.11227192,-0.05149715,-0.0014313838,-0.0008464255,-0.04199556,-0.13055462,-0.17770346,-0.16310377,-0.109707616,-0.04339067,-0.020685852,-0.06546484,-0.12267225,-0.1560752,-0.13136667,-0.059380494,0.015442026,0.046717394,0.013043625,-0.05327311,-0.087634906,-0.066332325,0.001226749,0.068305075
0.066042356,0.113647096,0.11486796,0.07086892,0.0003438419,-0.050912485,-0.04642998,-0.01268589,0.023722466,0.017577054,-0.030328175,-0.10147834,-0.14710952,-0.1348844,-0.08369895,-0.025214719,-0.0055249017,-0.035023484,-0.088274725,-0.10809326,-0.07728205,-0.0049027964,0.06615532,0.093168534
0.20880023,0.14417662,0.061736166,0.01782481,0.038758937,0.14427345,0.2202823,0.22573306,0.1575538,0.050701067,-0.023320647,-0.00044347692,0.070697315,0.14047632,0.14112757,0.0615684,-0.05350165,-0.121838965,-0.09487539,-0.007336065,0.08166362,0.10157892,0.041869227,-0.0483321
-0.20938532,-0.1769283,-0.094252616,-0.020459512,0.007612836,-0.04855209,-0.117845304,-0.15348667,-0.1203322,-0.021192465,0.06967462,0.09112095,0.057461467,-0.023359438,-0.069302104,-0.042466726,0.043991696,0.120910056,0.13286968,0.06042953,-0.040308855,-0.107462704,-0.093184784,-0.028474513
-0.048045855,-0.13330056,-0.19228964,-0.18977357,-0.14158504,-0.07436977,-0.05129234,-0.08557963,-0.14449725,-0.18001682,-0.15646364,-0.07840451,0.0010612222,0.039630968,0.018494297,-0.034039464,-0.06916842,-0.048175998,0.018006597,0.08790358,0.108083636,0.06461675,-0.013136821,-0.07210057
0.06561274,-0.008925526,-0.04432271,-0.011508207,0.06667721,0.1681701,0.20267193,0.16487314,0.0966875,0.047711525,0.063784584,0.13810365,0.20658033,0.21974711,0.16721505,0.06954122,-0.013150498,-0.01564562,0.044280156,0.10247585,0.10866444,0.049668126,-0.048116107,-0.113628834
0.09856875,0.0952058,0.03711773,-0.044119608,-0.100766,-0.09549497,-0.05123976,-0.00917226,-0.0083587635,-0.06695483,-0.14493322,-0.18331684,-0.16886893,-0.100784466,-0.04025703,-0.019074317,-0.052188285,-0.10815463,-0.12973964,-0.09017397,-0.005034874,0.073465414,0.10095313,0.06849472
0.081767246,0.18313996,0.22401774,0.194642,0.13345987,0.08438056,0.106093444,0.18120727,0.25451973,0.27374998,0.21796145,0.11704235,0.044836912,0.04046854,0.09107347,0.149078,0.15479204,0.08322418,-0.021628879,-0.09144993,-0.087581545,-0.020784998,0.056161962,0.08261428
-0.088092774,-0.047267944,-0.009408103,-0.01083053,-0.045306455,-0.11091066,-0.14730594,-0.14128165,-0.10438975,-0.057957172,-0.042882808,-0.075426236,-0.114292435,-0.13861544,-0.12032966,-0.06780316,-0.01106937,0.01696342,-0.0028261107,-0.046842337,-0.07011573,-0.050105527,0.001786507,0.05273418
-0.10616416,-0.09373534,-0.036477197,0.011924454,0.014984363,-0.045954634,-0.12438736,-0.17284197,-0.15910122,-0.09827319,-0.03698432,-0.02471786,-0.06613125,-0.13591263,-0.16988981,-0.14294122,-0.06492481,0.011364241,0.038515665,0.0002426221,-0.06362795,-0.094649255,-0.06552204,0.00809571
-0.086589016,-0.017665796,-0.011538571,-0.07249822,-0.15167475,-0.22291583,-0.20719385,-0.13862616,-0.06825308,-0.036915675,-0.06707195,-0.1419585,-0.17793244,-0.14717172,-0.06302503,0.029948868,0.067631885,0.036363363,-0.03496448,-0.08312805,-0.061791815,0.014495317,0.09002243,0.109333776
0.02568387,-0.049927272,-0.10316385,-0.108429834,-0.08082522,-0.038251016,-0.039128482,-0.08138452,-0.1432799,-0.18696797,-0.18377689,-0.1274462,-0.07407037,-0.04964364,-0.07199542,-0.114859805,-0.13528608,-0.1092194,-0.043162227,0.025525251,0.057493728,0.034811493,-0.010945861,-0.040859587
0.015738932,0.030245459,-0.0013478295,-0.045969248,-0.057041828,-0.024154987,0.044328585,0.10755965,0.12381078,0.099713616,0.058079034,0.035505053,0.060823116,0.11655112,0.16588281,0.16847064,0.11725496,0.048036218,0.0053580776,0.009744397,0.047156405,0.079423994,0.065424405,0.008440665
-0.04757352,0.007397609,0.020405471,-0.006618741,-0.043199137,-0.07475456,-0.05288172,0.006097802,0.06126271,0.084234886,0.06351668,0.015406539,-0.008455117,0.009652762,0.05386676,0.102476224,0.12005099,0.081679575,0.01762249,-0.019886239,-0.019031135,0.013820966,0.049917385,0.0502966
0.09907302,0.1228764,0.10683536,0.06693045,0.035097197,0.048162322,0.092653714,0.13628808,0.15193498,0.11890195,0.060994204,0.018108375,0.01344504,0.04686578,0.08249921,0.089327335,0.051862493,-0.01015347,-0.05374714,-0.049693473,-0.0091818655,0.04038645,0.058526233,0.03361907
-0.04385501,-0.13338985,-0.1902366,-0.18184108,-0.124939024,-0.05509127,-0.038113307,-0.07874619,-0.14563888,-0.180563,-0.1534339,-0.07008083,0.012607619,0.04863202,0.01591744,-0.048335556,-0.088449195,-0.058320604,0.016611563,0.08675629,0.10734044,0.05612672,-0.026233653,-0.081860706
0.005889131,0.01294876,-0.043688204,-0.12871343,-0.18101753,-0.17299514,-0.109310776,-0.041775785,-0.0234436,-0.06202782,-0.12838851,-0.16604887,-0.13689387,-0.0516936,0.025913443,0.057950847,0.0277809,-0.036506742,-0.077827156,-0.05124347,0.023585144,0.09488265,0.11075734,0.06018794
0.06461102,0.14618562,0.17966682,0.15374123,0.099918135,0.059290577,0.07787435,0.13665472,0.1952166,0.20909964,0.16149017,0.07780661,0.020657197,0.0164787,0.059681706,0.10887509,0.11484069,0.057961535,-0.025434341,-0.08069043,-0.07607278,-0.01777271,0.048049256,0.06978044
-0.11113064,-0.16746782,-0.1566096,-0.084348135,-0.0040475177,0.018864479,-0.025776727,-0.0944753,-0.14230204,-0.11194447,-0.024524651,0.059960395,0.09330232,0.054849744,-0.018479975,-0.07144659,-0.05708101,0.027273199,0.102741584,0.11348684,0.058496043,-0.038746595,-0.10500419,-0.09719369
-0.01669476,-0.031853907,-0.0017091694,0.0638148,0.12408069,0.15525916,0.14109086,0.10535507,0.08553223,0.10503271,0.15252863,0.19435258,0.20145544,0.15983887,0.09814536,0.049222264,0.040449515,0.068928555,0.09359646,0.08386014,0.031863924,-0.03714034,-0.08145499,-0.07988762
0.051639322,-0.021629624,-0.06291343,-0.032533858,0.046971135,0.13925503,0.16648012,0.13787553,0.07596249,0.032293186,0.05121811,0.12855306,0.1922766,0.2085688,0.15912676,0.07069731,0.0046344055,0.0024259295,0.057424482,0.11657854,0.12026214,0.054217592,-0.04343996,-0.10682207
-0.06916701,-0.017425038,-0.005181433,-0.023693489,-0.05156098,-0.07463118,-0.043834526,0.011911842,0.066910565,0.09467383,0.08790351,0.047659013,0.029584523,0.04898529,0.091140576,0.13567331,0.14325516,0.10694887,0.04386971,0.0024590485,-0.0037452467,0.020492323,0.04495065,0.037940856
0.112798244,0.027742945,-0.01526343,0.0055263913,0.06548567,0.14820917,0.15702932,0.10228004,0.019336667,-0.041882515,-0.04119271,0.027285947,0.08517583,0.09387756,0.040669486,-0.049970843,-0.11262297,-0.09932337,-0.024805356,0.050013706,0.073028356,0.030498577,-0.04524411,-0.08763546
-0.10481263,-0.045450054,0.0022059276,0.0019078992,-0.039125774,-0.12332868,-0.1667011,-0.14800592,-0.09314556,-0.030188192,-0.01034361,-0.054387525,-0.11171473,-0.14164627,-0.1155229,-0.045237802,0.02751328,0.053035934,0.015149986,-0.046729982,-0.08068287,-0.058856513,0.005242846,0.0687134
-0.12411668,-0.15145625,-0.1407988,-0.09699911,-0.046933744,-0.036373377,-0.05811618,-0.091876276,-0.10738141,-0.07619894,-0.012549343,0.042295497,0.06710791,0.04360163,0.00620981,-0.014261514,0.0019646278,0.051232167,0.094635285,0.090527795,0.047297362,-0.016917117,-0.05887563,-0.060921036
0.07653015,0.04597961,0.06728732,0.12487546,0.1662342,0.17963466,0.13432632,0.067025475,0.023435717,0.01862741,0.047265757,0.08193242,0.07418342,0.021516766,-0.050700683,-0.10011171,-0.09597306,-0.047002397,0.001917084,0.014689345,-0.014567231,-0.06449754,-0.08356963,-0.054120943
