0.07168292,0.02698589,-0.027948251,-0.07339751,-0.087359965,-0.06857713,-0.046719793,-0.05515958,-0.095141955,-0.14274965,-0.1819584,-0.17508483,-0.13928175,-0.09151817,-0.07368647,-0.089229874,-0.117486276,-0.12994426,-0.10362853,-0.04076105,0.018938065,0.05089143,0.040003393,0.0089581
-0.060486432,-0.11701649,-0.111477196,-0.06360688,-0.016953103,-0.014282766,-0.062323064,-0.1387237,-0.18795735,-0.17326705,-0.11236876,-0.05095626,-0.029246068,-0.0592951,-0.119536646,-0.153924,-0.12905565,-0.048951585,0.026893955,0.0531679,0.020834964,-0.04020908,-0.07750748,-0.057780016
0.10989936,0.07611452,0.038980644,0.018328844,0.036551915,0.08021678,0.119867705,0.12077039,0.079214744,0.027541803,-0.0022897462,0.005605703,0.041038558,0.07324442,0.07356385,0.030214682,-0.027610065,-0.06192757,-0.04463703,-0.0013349588,0.03996727,0.046218645,0.012111487,-0.032684293
-0.043481562,-0.09984438,-0.1337589,-0.12543154,-0.08361667,-0.035818487,-0.018685287,-0.040526673,-0.08202746,-0.09733325,-0.07717333,-0.020915579,0.036234654,0.05854836,0.039773013,-0.0010815948,-0.023507942,-0.017574755,0.031281475,0.076976225,0.08431352,0.04658227,-0.013453947,-0.057397354
-0.16791262,-0.09370204,-0.034347583,-0.014455016,-0.052007787,-0.1175073,-0.16169879,-0.13504262,-0.052988086,0.024635376,0.06131326,0.029133307,-0.0323606,-0.07563726,-0.052168928,0.027703723,0.105509184,0.13310988,0.08270736,-0.005163101,-0.06460302,-0.058891222,0.002364593,0.062340286
0.15185831,0.108245306,0.04761607,0.0017468013,0.0095518185,0.06254862,0.120412976,0.13052481,0.082713775,0.009382713,-0.049112156,-0.042418152,0.0045061205,0.06307091,0.075390585,0.02689856,-0.048884526,-0.10324016,-0.08584085,-0.018310212,0.052025948,0.07766725,0.039999384,-0.02157562
-0.014107237,-0.010253739,-0.05811487,-0.11984582,-0.15755689,-0.14515588,-0.097588256,-0.043891903,-0.024141483,-0.046840437,-0.09388974,-0.11131868,-0.08902962,-0.024531143,0.036411647,0.063704334,0.041087728,-0.006881736,-0.039494496,-0.019869195,0.03366201,0.081858434,0.090646535,0.04873868
-0.063570894,-0.09736778,-0.08284591,-0.029310212,0.020687707,0.03795576,0.01270605,-0.03582828,-0.06263655,-0.039689273,0.012736084,0.06659472,0.08481071,0.054422986,-0.001259015,-0.032270476,-0.01550345,0.028965201,0.07264096,0.08181042,0.038376108,-0.026505608,-0.06617982,-0.06252724
0.086627536,0.030770572,-0.03910668,-0.092559494,-0.09714348,-0.061382137,-0.023311934,-0.026009094,-0.074583136,-0.13577202,-0.18221605,-0.16547576,-0.11479345,-0.051022336,-0.03140439,-0.058047,-0.10653745,-0.13095795,-0.09930126,-0.025765913,0.047173314,0.07463268,0.048155293,-0.0020133602
0.01167227,0.018926157,0.06550103,0.10663621,0.10940701,0.067510605,0.0029750252,-0.048207287,-0.053890627,-0.02301514,0.008043603,0.008713109,-0.033993546,-0.09842595,-0.13874166,-0.1289667,-0.07613041,-0.029680476,-0.005429487,-0.030289862,-0.075213954,-0.09418701,-0.06633543,-0.0024855924
0.10365368,0.10935915,0.07440897,0.016466472,-0.021535965,-0.01699014,0.01959341,0.052701253,0.05221294,0.010806268,-0.05238916,-0.08850082,-0.0859968,-0.04177862,0.0030175135,0.01258123,-0.021953918,-0.07082274,-0.09648424,-0.07393457,-0.015549891,0.04541206,0.06564019,0.04204881
0.025865855,-0.052901,-0.095305875,-0.09478592,-0.060015917,-0.02416679,-0.02677491,-0.08377834,-0.1553998,-0.19020608,-0.18071821,-0.123916045,-0.069690056,-0.05124515,-0.08395655,-0.13421148,-0.15509339,-0.124946475,-0.04653193,0.024522215,0.049985588,0.024124144,-0.025353873,-0.053017836
-0.058201425,-0.01272965,-0.007760208,-0.03402683,-0.070943505,-0.092065826,-0.07885898,-0.026352407,0.025889395,0.042217076,0.027264703,-0.007336417,-0.027069783,-0.012369665,0.03492922,0.08152661,0.09326732,0.06684364,0.0178349,-0.018713593,-0.01369474,0.018475391,0.05116475,0.053684928
0.01405865,0.0219137,0.0658992,0.107628554,0.11728143,0.08273082,0.029474162,-0.013738001,-0.018248688,0.0067854393,0.03965802,0.040108785,0.0023282578,-0.05313429,-0.09310097,-0.094952635,-0.059185263,-0.011967607,0.007482823,-0.01678293,-0.05931451,-0.08100135,-0.0650216,-0.008945092
-0.004704779,0.05762223,0.11830339,0.13475321,0.09133569,0.017941762,-0.038630355,-0.040703535,0.006358134,0.04962271,0.056431256,0.0039567687,-0.07065042,-0.13004494,-0.12844361,-0.07289741,-0.0060487166,0.016500523,-0.018360766,-0.08036839,-0.11863309,-0.095340595,-0.019201966,0.05893894
0.036682796,-0.035034418,-0.07882915,-0.08663261,-0.065846376,-0.040959917,-0.044721194,-0.09541651,-0.16015962,-0.19313262,-0.19370098,-0.14976308,-0.10441039,-0.08141116,-0.10587743,-0.14292984,-0.15736537,-0.12809396,-0.0652771,0.0043812324,0.035493944,0.021762393,-0.012508288,-0.033524863
-0.062166505,-0.025138862,-0.030020107,-0.069720834,-0.12717937,-0.16523099,-0.16565858,-0.12353061,-0.07716996,-0.060671665,-0.08091586,-0.122427925,-0.14490688,-0.12506482,-0.06696503,-0.0031808983,0.027869789,0.015491642,-0.029385928,-0.05349287,-0.037836574,0.013091685,0.06382023,0.07792169
-0.009649995,0.05818197,0.120134816,0.13383009,0.0879433,0.010995144,-0.0452951,-0.04349183,0.010455813,0.055895213,0.062399793,0.008490789,-0.07139254,-0.12858556,-0.12223283,-0.060172953,0.005899579,0.028516,-0.009097108,-0.079345666,-0.11933945,-0.09317875,-0.015569734,0.063952126
0.037407268,-0.0025993986,0.024829544,0.08495599,0.13329831,0.13166705,0.08052012,-1.4033408e-05,-0.051937774,-0.04175245,0.0060606366,0.047625855,0.04194591,-0.012009366,-0.086212076,-0.13105847,-0.11418753,-0.051186625,0.009928137,0.023708463,-0.018296188,-0.073292,-0.098178096,-0.0615993
-0.13408229,-0.11550195,-0.06954538,-0.021874731,-0.0064980485,-0.032187257,-0.076405145,-0.094929464,-0.07241561,-0.016972393,0.04325158,0.057681877,0.036693264,-0.012240689,-0.034978528,-0.018001266,0.032312788,0.08103235,0.08722531,0.042785693,-0.01734663,-0.05696348,-0.05002591,-0.011049464
0.14098737,0.1508869,0.09581464,0.007532156,-0.05094027,-0.0443143,0.013745939,0.07123989,0.07365802,0.011859126,-0.08152208,-0.13960393,-0.13062835,-0.06034092,0.010132458,0.027078366,-0.023163084,-0.09624802,-0.14205515,-0.107641794,-0.016450405,0.07213389,0.104337536,0.065797366
0.025815025,-0.017895846,0.0038213544,0.059975985,0.11293345,0.11961717,0.075364314,-0.0029890612,-0.05671554,-0.050893873,-0.004974188,0.042048637,0.047530115,0.0007306099,-0.072603114,-0.12242179,-0.1138057,-0.052054197,0.014095732,0.032409377,-0.0036599091,-0.061428927,-0.09480421,-0.07020119
0.009742902,-0.053254634,-0.14424348,-0.20285769,-0.19009465,-0.11675282,-0.039990444,-0.011757785,-0.05361181,-0.11703752,-0.15503561,-0.12090619,-0.032417826,0.061097052,0.09880353,0.06322051,-0.009312814,-0.058583654,-0.034978714,0.04384075,0.12141261,0.13471366,0.072947495,-0.024829714
-0.01742904,-0.0149649475,0.0348578,0.08398293,0.09309538,0.04315688,-0.031727813,-0.092333496,-0.09830258,-0.06048392,-0.01404095,-0.004380558,-0.04794273,-0.11200804,-0.16244458,-0.15832156,-0.10390541,-0.026212748,0.004902783,-0.019960092,-0.070533276,-0.10050959,-0.077994555,-0.0032748007
-0.10415877,-0.025628837,0.04036032,0.06749869,0.03734558,-0.017096968,-0.052031823,-0.022536306,0.053861856,0.120542236,0.14601345,0.1064838,0.04200197,-0.010622512,0.002623532,0.06537229,0.13005367,0.13338524,0.077295534,-0.008205126,-0.06860076,-0.064391844,-0.007576108,0.04810622
0.018196294,-0.0423102,-0.020808361,0.045609962,0.10541225,0.10620837,0.04421235,-0.05831543,-0.12648739,-0.11643388,-0.057930626,0.0037300035,0.011102725,-0.04329364,-0.1345993,-0.18882306,-0.1678863,-0.0790074,0.0055917236,0.03442467,-0.0063732434,-0.07821022,-0.11266033,-0.076133646
0.193299,0.16247483,0.116518945,0.082317084,0.094226375,0.14872022,0.20931917,0.22048882,0.17467898,0.10222703,0.040192313,0.034466803,0.06868501,0.1133776,0.11607785,0.061278343,-0.0204214,-0.083020106,-0.08135099,-0.024218313,0.03640179,0.06051617,0.028275266,-0.028811982
0.028088827,-0.022342486,-0.042121395,-0.011468503,0.05506232,0.118918955,0.14875199,0.12604105,0.07892169,0.05819167,0.078037925,0.134073,0.18139328,0.19290383,0.1493425,0.081860036,0.032232445,0.02795969,0.062971376,0.09990644,0.09305629,0.03652975,-0.03869922,-0.085854635
-0.027100906,-0.05835119,-0.037106957,0.022516243,0.081336886,0.10233961,0.078411475,0.026273154,-0.0043959017,0.0143582,0.064217076,0.11841166,0.13010904,0.09310552,0.027448913,-0.013702863,-0.008186482,0.032856055,0.07725374,0.08143883,0.034895234,-0.035113383,-0.078256965,-0.07267135
0.07671416,0.17100286,0.19637312,0.15403691,0.0846139,0.04711256,0.07396587,0.15485853,0.23101132,0.23491168,0.16991,0.075168654,0.012714893,0.015953274,0.07846797,0.1425183,0.14296797,0.06886534,-0.035231445,-0.09755251,-0.08167304,-0.005910644,0.07280122,0.087838575
-0.088985436,-0.018842805,-0.014661167,-0.053250786,-0.10715015,-0.12749416,-0.09345016,-0.0032260395,0.07778512,0.10128131,0.07736846,0.02219459,-0.0017900579,0.026044596,0.103827916,0.17023234,0.1811551,0.12522696,0.03978578,-0.012975391,-0.007575003,0.04338109,0.084795,0.07618319
0.017074706,-0.050731786,-0.07956992,-0.052387282,0.01760714,0.08531857,0.108521216,0.070679545,0.010563834,-0.01703288,0.0059117978,0.07800961,0.13821074,0.15154958,0.10376313,0.029414505,-0.017656794,-0.014758275,0.049510647,0.101564445,0.1006349,0.04170721,-0.04349824,-0.09438195
-0.13472301,-0.080823496,-0.03940104,-0.039244972,-0.09256622,-0.16926537,-0.22466002,-0.21526423,-0.15557243,-0.09839896,-0.07117971,-0.108855344,-0.16420494,-0.19818316,-0.16657417,-0.08764393,-0.0074471696,0.03505553,0.008259434,-0.054039963,-0.08782037,-0.060207494,0.010098944,0.0776115
-0.054544963,-0.12874886,-0.16899914,-0.15574312,-0.10640588,-0.057666015,-0.048219237,-0.08617848,-0.14215429,-0.15670349,-0.1263006,-0.05624969,0.008413347,0.03280752,0.004563839,-0.04366733,-0.0633716,-0.03698692,0.025834048,0.084677786,0.091914855,0.044739414,-0.022968391,-0.06420334
-0.08515405,-0.0915819,-0.06999748,-0.04167657,-0.039242025,-0.066105574,-0.113030314,-0.14876294,-0.14818597,-0.11186599,-0.07285684,-0.054304685,-0.06619788,-0.09933495,-0.12029544,-0.10280938,-0.050042484,-0.001385999,0.022459123,0.012087835,-0.023870267,-0.046159487,-0.036218755,-0.0006786756
-0.111543715,-0.1491326,-0.14297025,-0.09758812,-0.0453002,-0.026010945,-0.047568757,-0.08884378,-0.11240883,-0.08932532,-0.02617151,0.03628448,0.06370534,0.04589381,0.0033259743,-0.024828533,-0.014508803,0.038196873,0.090867616,0.09565089,0.0572908,-0.008826254,-0.057167176,-0.05997383
0.017010927,-0.042497437,-0.12285918,-0.17156625,-0.15724021,-0.09241545,-0.026622651,-0.0069641313,-0.04626971,-0.10451934,-0.13608666,-0.10057536,-0.023553424,0.058641538,0.08585807,0.048382193,-0.017798444,-0.057339843,-0.029483134,0.04337729,0.10992515,0.11902489,0.05918364,-0.024283433
-0.007912824,-0.048036475,-0.10368066,-0.1345645,-0.12237618,-0.072834596,-0.02439831,-0.0059308074,-0.02778795,-0.062379345,-0.081912555,-0.05225716,0.004632095,0.06143497,0.08170727,0.059768967,0.019332243,-0.017343411,9.729698e-05,0.04832538,0.088116914,0.08928585,0.042890724,-0.020842934
-0.10329253,-0.058329646,-0.022411851,-0.02024593,-0.060992457,-0.12432232,-0.16977757,-0.16195352,-0.11236246,-0.063897796,-0.04295569,-0.071966074,-0.120259345,-0.14775117,-0.12625207,-0.06508999,-0.0024035422,0.03441163,0.009346608,-0.04192752,-0.07045452,-0.050986424,0.0052297823,0.06321486
-0.06251263,0.03103535,0.11153797,0.13914293,0.102032214,0.028835759,-0.017768444,0.0081964815,0.09076046,0.15590036,0.17627056,0.12114891,0.03340135,-0.030116215,-0.021308122,0.04403754,0.10699259,0.12098854,0.06016047,-0.040389206,-0.10217869,-0.0895,-0.017167121,0.060187474
0.0992772,0.010825106,-0.027618013,-0.005901907,0.062261876,0.12617245,0.14063567,0.077269524,-0.015473392,-0.063424334,-0.05458414,0.011051517,0.07243188,0.08545097,0.02391706,-0.06493343,-0.11928659,-0.10002781,-0.024860946,0.05394921,0.07391655,0.022469647,-0.05315656,-0.09581228
0.11557451,0.1403551,0.101815425,0.02780214,-0.019787215,-0.008061155,0.052846204,0.118023686,0.13453552,0.08653437,0.0035541174,-0.05044894,-0.04843791,0.010398284,0.07597204,0.09020645,0.037798263,-0.041558158,-0.09496166,-0.080775425,-0.009211015,0.067804575,0.09327174,0.05468401
0.098879576,0.059981145,0.0073451437,-0.037725653,-0.04607488,-0.024472348,0.0042473786,0.004549243,-0.034731627,-0.08839864,-0.13109021,-0.13097084,-0.09796923,-0.04948056,-0.032403566,-0.052740827,-0.093983606,-0.113584734,-0.0961778,-0.04080007,0.022105357,0.049914554,0.037803188,0.0044719786
0.0013491284,0.013747194,0.057060875,0.09327199,0.09382316,0.05355565,-0.0018865285,-0.04232584,-0.04083327,-0.011454335,0.01752088,0.013468301,-0.026830666,-0.08145248,-0.11499755,-0.103900515,-0.059100643,-0.012695723,0.001366311,-0.025983,-0.06661867,-0.08236625,-0.055771284,0.0017199817
-0.04127081,-0.10032698,-0.09270526,-0.03987475,0.014827646,0.021942127,-0.024956308,-0.104537465,-0.15813825,-0.14795448,-0.08568215,-0.019762205,0.001436405,-0.03128976,-0.09906766,-0.14434534,-0.12763032,-0.0491729,0.032706574,0.05971158,0.02529245,-0.041352846,-0.08673239,-0.0668858
0.046780158,0.01648258,0.042655148,0.09362451,0.13575256,0.13463362,0.09253355,0.02385603,-0.018865094,-0.015997497,0.01881956,0.051978026,0.0476016,0.00021320391,-0.0701557,-0.11516161,-0.107205756,-0.052492626,0.001117352,0.013958373,-0.017220601,-0.065492265,-0.08596664,-0.05546181
-0.0016320313,0.06219803,0.11599446,0.1374348,0.11768791,0.07740721,0.056415,0.07850184,0.12975155,0.16667375,0.1709005,0.12827513,0.07033488,0.028367205,0.028468443,0.063198395,0.09462172,0.09047898,0.037784055,-0.025548028,-0.06439693,-0.05858858,-0.012862233,0.03195491
0.02186397,-0.038057435,-0.02044663,0.046010274,0.112479895,0.122061476,0.07265517,-0.019612322,-0.08585253,-0.07907507,-0.021118216,0.04110354,0.052854232,0.00796113,-0.08111957,-0.14194354,-0.13493499,-0.05232766,0.023303086,0.051617675,0.012050383,-0.063527964,-0.10871815,-0.082031585
0.06426985,0.13900676,0.15909627,0.12804748,0.073907815,0.046378173,0.07129099,0.13905182,0.1966054,0.19793044,0.1497579,0.0679615,0.020553317,0.023197614,0.07547173,0.12220884,0.11967416,0.059829477,-0.029424725,-0.07746721,-0.065196246,-0.004055329,0.05716158,0.06759698
-0.13701583,-0.18649854,-0.1751091,-0.11136773,-0.046232287,-0.023831772,-0.057420876,-0.11503217,-0.14809439,-0.11406773,-0.03115566,0.046592377,0.07844936,0.047259368,-0.0086179245,-0.041546315,-0.016634453,0.0462737,0.11302969,0.12069343,0.06408746,-0.019769186,-0.078972906,-0.07774643
-0.10121506,-0.09100459,-0.058886137,-0.02384506,-0.017436856,-0.041011624,-0.079043634,-0.09969025,-0.082708046,-0.036922123,0.0054557044,0.02050082,0.001320149,-0.034224547,-0.053874366,-0.035125274,0.011604463,0.05245888,0.0579062,0.029933905,-0.016745279,-0.043937616,-0.034574207,-0.0008853004
0.007175298,-0.048370056,-0.0144466935,0.06825327,0.13889739,0.14016418,0.073284626,-0.030204697,-0.09334688,-0.07393235,-0.0023174721,0.06437756,0.06671788,-0.00041132822,-0.10184172,-0.1597898,-0.13407622,-0.04471955,0.04012499,0.057530604,-0.0011310347,-0.08807217,-0.1298122,-0.088014506
-0.052674986,0.03141339,0.04635485,0.0027984264,-0.065300606,-0.10461615,-0.08242548,0.00371278,0.09221761,0.11491065,0.07763272,0.00794606,-0.036162924,-0.017756261,0.056352183,0.1309453,0.1477902,0.09766281,0.007623672,-0.053009517,-0.04352514,0.020084878,0.08421463,0.09502479
0.0231151,0.034636974,-0.019386515,-0.097545326,-0.1451238,-0.13294043,-0.0741784,-0.006906734,0.014983848,-0.021225676,-0.08816875,-0.122561954,-0.10096285,-0.026316162,0.04680031,0.077073716,0.041403417,-0.021267235,-0.06620412,-0.046157185,0.025807807,0.08949713,0.107302204,0.058591884
0.033388,-0.045848805,-0.08121122,-0.050923724,0.030557098,0.11233057,0.14467436,0.102089025,0.028399881,-0.008935709,0.013004844,0.09133669,0.16478042,0.1834675,0.12590455,0.032491446,-0.030041834,-0.0248155,0.04360481,0.11022405,0.1159182,0.049246706,-0.048418365,-0.110937856
-0.031410616,-0.066498734,-0.1169033,-0.1467973,-0.14653578,-0.11171132,-0.0766915,-0.060102448,-0.076418415,-0.10093988,-0.113265656,-0.09211219,-0.04309407,0.004575471,0.03186435,0.027877575,0.010035171,-0.020391684,-0.0058233496,0.034936972,0.06816956,0.07478597,0.04420499,-0.006520694
0.023792485,0.05506052,0.016663512,-0.043912217,-0.0717001,-0.036029495,0.047401123,0.13605654,0.1740294,0.14437233,0.0811302,0.048286702,0.067151025,0.13597035,0.20328188,0.21718167,0.15816113,0.06709271,7.617285e-05,-0.00024278132,0.051644173,0.101411216,0.10053015,0.03520303
0.117129356,0.12345656,0.07321158,-0.0054374514,-0.058528986,-0.055851117,-0.007855956,0.038688783,0.04196552,-0.01072212,-0.09169846,-0.13841993,-0.13196594,-0.06748782,-0.006382073,0.011161456,-0.030454451,-0.087852396,-0.124155216,-0.09260758,-0.013382494,0.06523518,0.09281842,0.061392855
0.12887077,0.029088946,-0.01591824,0.0002750476,0.07034308,0.13455246,0.1463462,0.07319805,-0.031260725,-0.09138513,-0.0884354,-0.016287345,0.047837466,0.065546125,-0.0011799511,-0.10279708,-0.16628347,-0.14206325,-0.049797963,0.042564623,0.07301702,0.02498714,-0.05732796,-0.09759423
0.021364104,-0.026194636,-0.01075927,0.044032034,0.100410834,0.111560725,0.07433789,0.000666378,-0.053688698,-0.049467977,-0.004114611,0.046058953,0.057403855,0.020447135,-0.053778376,-0.1076268,-0.106164895,-0.041344874,0.018828081,0.04252928,0.011357568,-0.051145315,-0.08947643,-0.07056277
0.10432942,0.11004241,0.0738874,0.011909562,-0.030050904,-0.034035884,-0.002809697,0.029840847,0.029837795,-0.013948164,-0.076379776,-0.11581831,-0.11578845,-0.06957686,-0.023055138,-0.010287477,-0.043343715,-0.082756266,-0.10612786,-0.08462991,-0.02109185,0.041580137,0.066653036,0.049820337
0.12694211,0.074017495,0.0015672904,-0.057186835,-0.06305955,-0.01838399,0.0315282,0.037042286,-0.017337626,-0.0917538,-0.15019575,-0.14729053,-0.09247466,-0.028131902,-0.0023286054,-0.03487797,-0.09508192,-0.14075601,-0.11648022,-0.039871253,0.042293206,0.078410216,0.052977335,-0.007957553
0.0847822,0.18375267,0.21485573,0.17671321,0.10774681,0.0656604,0.08884289,0.17032173,0.24802326,0.25713462,0.1924432,0.09266522,0.02331358,0.021098576,0.08103452,0.14920361,0.1537812,0.08087502,-0.032528732,-0.10112242,-0.089436434,-0.016831718,0.06812274,0.08915653
-0.15034196,-0.08874915,-0.03775443,-0.028945655,-0.08095336,-0.16275275,-0.22407424,-0.21341741,-0.14421657,-0.078400716,-0.04524006,-0.08280662,-0.14309677,-0.18589102,-0.15994206,-0.077142626,0.012836554,0.05686873,0.027670648,-0.043484528,-0.08849001,-0.06853648,0.0026505291,0.07595108
0.15108019,0.1637695,0.10677198,0.012521888,-0.05384716,-0.05575488,0.00027372836,0.06006965,0.066651136,0.0012681066,-0.09681476,-0.1609256,-0.157002,-0.08227583,-0.008612932,0.012801131,-0.03677512,-0.10596254,-0.15400589,-0.11953081,-0.022940537,0.07248248,0.11044695,0.07766785
0.0069249263,-0.04976239,-0.021789592,0.05401151,0.11768518,0.12044904,0.057263475,-0.04478467,-0.106952734,-0.09083527,-0.02741984,0.037728716,0.044530846,-0.017301785,-0.11504639,-0.16913424,-0.14134598,-0.057291597,0.026912311,0.05143317,-0.0006192646,-0.080730736,-0.11908838,-0.08303816
0.037006307,-0.016834484,-0.08865905,-0.12981196,-0.11188699,-0.042730276,0.022960981,0.040808626,0.0010890278,-0.057542305,-0.093180425,-0.061717555,0.014191011,0.08328209,0.10168899,0.061950054,-0.0013149047,-0.053101588,-0.026976567,0.04227671,0.10332289,0.10715872,0.050065376,-0.03593216
0.11512301,0.08821321,0.04834227,0.013459062,0.014138215,0.04661309,0.085096754,0.09043843,0.057044644,0.0071226084,-0.03963067,-0.0401889,-0.0127356965,0.027199889,0.03509319,0.0022032028,-0.0513458,-0.08405916,-0.07796162,-0.030415092,0.02285817,0.046585348,0.030076565,-0.00756492
0.13338895,0.052396752,0.012869576,0.020129248,0.07544082,0.13053803,0.1444067,0.08687558,-0.0033965409,-0.064185195,-0.06808296,-0.017428383,0.03649333,0.05128785,0.002314314,-0.082382776,-0.14179704,-0.13230717,-0.05396961,0.021392185,0.05371667,0.021685774,-0.044720948,-0.08249167
0.069359325,0.0223233,-0.042694584,-0.07477545,-0.03930294,0.043958724,0.1262111,0.15404567,0.1142062,0.055086758,0.016498085,0.04797707,0.119607836,0.19128373,0.2006907,0.14088881,0.049631823,-0.009300796,-0.0029643006,0.059701722,0.11706445,0.11083488,0.041892122,-0.050476145
-0.05480663,-0.12244756,-0.1112638,-0.044582713,0.021398325,0.03262014,-0.020098388,-0.11068867,-0.17241566,-0.15429562,-0.0784998,-0.0017987527,0.021977443,-0.0185604,-0.09748551,-0.14894177,-0.12663506,-0.03874794,0.04837944,0.077744536,0.031438973,-0.049204458,-0.10200064,-0.07976381
0.09744411,0.09122744,0.041831877,-0.026560139,-0.06979295,-0.06125121,-0.02125693,0.008770082,-0.00028215835,-0.049583834,-0.11744419,-0.15079127,-0.13554385,-0.080448866,-0.02960197,-0.01805299,-0.052195653,-0.09994702,-0.118091844,-0.08056976,-0.009199078,0.0576847,0.077790804,0.04486151
0.1467263,0.10773116,0.055134866,0.016485263,0.030403033,0.086414374,0.14343095,0.15228693,0.10535335,0.033617634,-0.020722136,-0.014354567,0.03392932,0.0834035,0.088982224,0.03528801,-0.041708883,-0.09550432,-0.07627906,-0.014264617,0.050956342,0.069444254,0.030419083,-0.03242512
0.015017993,0.026811093,-0.016021935,-0.07702376,-0.11763327,-0.10373943,-0.052590728,0.004148892,0.026256243,-5.1528055e-05,-0.056086916,-0.08325159,-0.06582982,-0.0072530964,0.05284042,0.080235355,0.056058154,-0.0058128037,-0.045476325,-0.0290779,0.023460627,0.0768537,0.09045393,0.04687875
-0.11979709,-0.16150814,-0.15477608,-0.10394146,-0.049366318,-0.02918792,-0.053729754,-0.09780644,-0.122911885,-0.096158735,-0.028199997,0.038678613,0.0682929,0.047819566,0.0024600702,-0.027907256,-0.010913937,0.041012112,0.096804455,0.10594968,0.061449997,-0.00835982,-0.062192168,-0.063885495
0.060749445,0.087942585,0.037864543,-0.03577542,-0.07203603,-0.03314052,0.059672453,0.15380344,0.18720156,0.14077006,0.06296169,0.022372877,0.045525342,0.1257337,0.20224817,0.21224709,0.14374356,0.03794417,-0.027787913,-0.015443484,0.05132247,0.11662586,0.114118606,0.041645154
-0.09899123,-0.09075042,-0.048171893,-0.0069063776,-0.0055965222,-0.049484443,-0.11420343,-0.15610415,-0.14557578,-0.095241114,-0.043617725,-0.03170525,-0.061774425,-0.115450636,-0.14480874,-0.12049185,-0.054117292,0.012279822,0.03357918,0.0027682206,-0.049330782,-0.076950684,-0.053506594,0.0041171466
0.016676886,0.028368581,-0.029500198,-0.10904437,-0.15965955,-0.14406447,-0.07974483,-0.0064500305,0.018778194,-0.016327178,-0.084534235,-0.119660914,-0.09577947,-0.017114945,0.06163412,0.09628354,0.063358285,-0.009022443,-0.05973771,-0.038069166,0.0326572,0.09890563,0.11556225,0.06150615
-0.022536168,-0.04324987,-0.00042665485,0.08149047,0.15665649,0.1815164,0.15464275,0.10083624,0.07302912,0.09910614,0.1625542,0.21712394,0.22101432,0.16336887,0.08143478,0.023024533,0.023147104,0.06510872,0.10786395,0.09791788,0.031525433,-0.053895034,-0.10536062,-0.092400104
0.16576059,0.19386458,0.16444266,0.1045356,0.06954418,0.08952572,0.15567039,0.21893588,0.22927848,0.17732935,0.09294091,0.033583604,0.03027363,0.07858273,0.12968995,0.13082711,0.06770694,-0.020812871,-0.083996534,-0.07380387,-0.010678813,0.05617556,0.076632425,0.036493845
-0.16792242,-0.15095586,-0.10058627,-0.045183096,-0.030534929,-0.06308952,-0.11953326,-0.1463628,-0.11771407,-0.049558956,0.021445045,0.047056716,0.022269854,-0.033657696,-0.06159323,-0.035547815,0.033683714,0.09083022,0.10613543,0.058250315,-0.015820555,-0.06240229,-0.056097697,-0.008779985
0.0071370723,0.058949135,0.067383885,0.028845778,-0.0313972,-0.07467394,-0.07686865,-0.0338829,0.013196487,0.018460851,-0.015847009,-0.07625807,-0.11334754,-0.10870078,-0.057132587,0.0018577689,0.02557244,-0.0007449542,-0.05003826,-0.08428168,-0.06627483,-0.008681107,0.05380078,0.07596197
-0.013864111,-0.03888766,-0.010289385,0.055343255,0.123789735,0.15141909,0.13485685,0.08973752,0.06017077,0.07640787,0.12982494,0.18160333,0.19056378,0.1509562,0.084060565,0.02773221,0.016751533,0.05199296,0.09244326,0.08974326,0.038677048,-0.03351545,-0.08688828,-0.0824197
-0.017421097,0.005068141,0.085316725,0.16085762,0.17163357,0.111998454,0.02131263,-0.04638731,-0.038626194,0.019644378,0.076553896,0.079685435,0.014325742,-0.084183864,-0.15231748,-0.14262886,-0.064944625,0.009865202,0.031995896,-0.0143879885,-0.09720133,-0.13711931,-0.10302017,-0.008974096
-0.12114046,-0.16632222,-0.14926809,-0.07800511,-0.010397861,0.014598609,-0.016113864,-0.07292595,-0.103967905,-0.06863897,0.009936869,0.08450282,0.11473759,0.07887329,0.012398774,-0.027255682,-0.003203971,0.056478523,0.11325883,0.1236532,0.06353564,-0.025115244,-0.083446436,-0.0822241
0.075015634,0.14766352,0.16997845,0.14204681,0.09090727,0.06233333,0.08327783,0.14409053,0.19867243,0.20487633,0.15413432,0.07743717,0.02489468,0.02492756,0.06967764,0.11663788,0.1158606,0.060015935,-0.030768087,-0.07818609,-0.068701886,-0.011526872,0.051841192,0.06667965
-0.05055714,-0.0978038,-0.1292909,-0.1253914,-0.09171019,-0.050606754,-0.03319974,-0.047962587,-0.079808585,-0.094736405,-0.074300535,-0.025872353,0.024562128,0.047945667,0.038061198,0.0043491856,-0.017463781,-0.012010448,0.03256306,0.06943871,0.07667295,0.047811247,-0.0060225967,-0.045678556
-0.020730251,-0.09965455,-0.14282633,-0.1259246,-0.06463672,0.0021710831,0.025196077,-0.0135553945,-0.076592386,-0.10387215,-0.07934597,-0.0027241444,0.070073366,0.09621245,0.05908637,-0.007155865,-0.045431603,-0.034754306,0.034916412,0.10058804,0.10886106,0.056388427,-0.02794287,-0.084555715
-0.046807446,-0.10109978,-0.09653341,-0.05060626,-0.008356379,-0.008187075,-0.05503743,-0.12924032,-0.17650248,-0.16294993,-0.10720931,-0.051087316,-0.03288566,-0.061248828,-0.11995716,-0.15021046,-0.123927586,-0.047414582,0.021755325,0.048235156,0.017057648,-0.040074226,-0.07333498,-0.052740935
0.09015865,0.0037585143,-0.037104495,-0.02183415,0.04503105,0.109049655,0.12573403,0.06959603,-0.018688165,-0.07021612,-0.06160266,0.0047554,0.06836591,0.08558795,0.0329005,-0.0545864,-0.112293944,-0.10008095,-0.01856661,0.056484498,0.079728186,0.031949125,-0.048514374,-0.09418112
-0.052194465,0.014823597,0.023634233,-0.00799682,-0.05990264,-0.08396493,-0.059332177,0.013926546,0.087898724,0.11197406,0.080901675,0.028247274,-0.0028273414,0.014648855,0.0732427,0.14106026,0.15929092,0.10984409,0.026563577,-0.022917606,-0.020402215,0.022990277,0.07298611,0.071125716
0.20729779,0.16579384,0.109649755,0.07086949,0.09155951,0.15884404,0.22906686,0.24036907,0.18508999,0.10193006,0.032973584,0.036955748,0.084402576,0.13912547,0.13725258,0.06892587,-0.027661778,-0.09551169,-0.08626934,-0.016031867,0.056247883,0.074534945,0.03009929,-0.03998658
0.016676798,0.032110024,0.083063036,0.12528382,0.13228948,0.09279179,0.035534177,-0.007755143,-0.008369414,0.02022743,0.05130164,0.04677794,0.001998345,-0.06014666,-0.10049038,-0.09789382,-0.05918271,-0.011411864,0.004645547,-0.027556859,-0.072018944,-0.091731474,-0.06725047,-0.005659183
-0.15230979,-0.06317526,0.010995959,0.04079387,0.0051243957,-0.061155904,-0.10401521,-0.07150304,0.018732931,0.10080677,0.13718471,0.09468685,0.02283475,-0.03310493,-0.015041775,0.061585914,0.13818051,0.1576924,0.09379105,-0.006226337,-0.075767025,-0.07190778,-0.0058899857,0.059121273
-0.0029271133,-0.050762054,-0.11993725,-0.1619526,-0.15520626,-0.100827836,-0.043987952,-0.022347117,-0.049430624,-0.09266251,-0.120871045,-0.09212807,-0.025671395,0.04482609,0.072314985,0.04988635,0.0039635734,-0.036295522,-0.019981168,0.041850217,0.09553424,0.10468515,0.057848234,-0.0153872995
0.06868743,0.10151284,0.10512452,0.07296093,0.024314383,-0.015553381,-0.021366727,0.000103540755,0.021613296,0.0140834255,-0.022419585,-0.077091545,-0.113460295,-0.1082844,-0.07727115,-0.040869355,-0.03134977,-0.039862927,-0.079890326,-0.09484852,-0.07012719,-0.01932413,0.03605659,0.06367771
-0.14245534,-0.13250354,-0.0966808,-0.05758892,-0.04430152,-0.069204785,-0.113017954,-0.132437,-0.11301279,-0.06378324,-0.0060988492,0.015479714,0.0028877873,-0.036671653,-0.05606112,-0.040069103,0.009107174,0.059440456,0.07754173,0.042895634,-0.007503482,-0.045207184,-0.04302877,-0.00799982
-0.021973573,0.022244468,0.059254307,0.07566153,0.061383873,0.034791477,0.019651871,0.03541785,0.07457252,0.10415926,0.11132416,0.085728765,0.048098266,0.01770036,0.019563872,0.04905267,0.07772622,0.07213316,0.038587004,-0.0074132713,-0.039178077,-0.037365083,-0.007047379,0.021214096
0.02911069,-0.017588576,-0.07882447,-0.1143909,-0.09948498,-0.04314777,0.0111443745,0.023944795,-0.010540886,-0.058066778,-0.0871311,-0.05943141,0.0022304736,0.0632197,0.07932037,0.045704506,-0.0095259035,-0.045951296,-0.025111862,0.033623274,0.08528125,0.09038499,0.042493403,-0.027304579
0.20737153,0.24555756,0.20838015,0.12930016,0.08440979,0.109699175,0.19405815,0.27668518,0.2937545,0.22807913,0.11625673,0.0439439,0.039983474,0.101987205,0.16533135,0.16857852,0.08825291,-0.026921688,-0.10579715,-0.094344094,-0.010860076,0.07194294,0.1002072,0.048308577
-0.16126305,-0.09024747,-0.037816424,-0.020355655,-0.052622117,-0.103105724,-0.13130407,-0.095430546,-0.015943881,0.052892797,0.08829717,0.058673497,0.005839896,-0.028705183,0.00090653426,0.06909149,0.13057594,0.14239286,0.09185143,0.0090302415,-0.046794906,-0.038575225,0.009193938,0.05521552
0.016589757,0.036699604,0.10953284,0.17320602,0.18380168,0.12762323,0.0447236,-0.018130124,-0.020827029,0.020576788,0.06973594,0.06202253,0.0011858639,-0.08946634,-0.14796679,-0.14509502,-0.086221755,-0.015450368,0.007509314,-0.036424946,-0.10194376,-0.13244395,-0.09821209,-0.010474278
0.06668012,0.020341298,0.039729178,0.09489752,0.14240062,0.14593887,0.10051413,0.018208632,-0.040816452,-0.0399014,-0.0046915673,0.036214113,0.036671225,-0.010883817,-0.089419395,-0.1387303,-0.12706895,-0.069668785,-0.009905861,0.017054632,-0.014333605,-0.068023056,-0.0930893,-0.06385913
0.06127704,0.021456204,-0.04228133,-0.080843225,-0.062481668,0.004978252,0.078582056,0.107369825,0.07706016,0.021585489,-0.01955833,0.0014162034,0.06337063,0.1340179,0.15228483,0.109752476,0.033892795,-0.02063597,-0.018099014,0.040150005,0.09779877,0.10490263,0.05167394,-0.029642662
-0.06381935,-0.10687874,-0.071017556,0.014150168,0.0944204,0.11450311,0.0695864,-0.008674362,-0.053541526,-0.023262378,0.06105552,0.13398983,0.14685756,0.08787154,0.0019275692,-0.056154426,-0.043615624,0.030230518,0.10224292,0.10207445,0.0330432,-0.05999974,-0.11757995,-0.09759414
-0.10747364,-0.15769881,-0.13316758,-0.057147678,0.013872845,0.030542588,-0.016237738,-0.09185075,-0.1344802,-0.0997406,-0.01434926,0.06294776,0.08612453,0.037955467,-0.037783135,-0.08460335,-0.058968544,0.019937688,0.09398443,0.103926696,0.04175386,-0.04735892,-0.10230176,-0.08570687
-0.019420419,-0.055947755,-0.11595958,-0.15798791,-0.15793265,-0.1166164,-0.06817958,-0.04353253,-0.06315519,-0.09846008,-0.11965762,-0.10229845,-0.047134385,0.016423423,0.05177266,0.04057094,0.0016231432,-0.02858881,-0.019636992,0.026341904,0.07565128,0.090284325,0.056791883,-0.0039636903
0.061842747,0.02866408,-0.018710248,-0.04107691,-0.015863404,0.04483354,0.104957305,0.12516552,0.09904579,0.052973345,0.021736957,0.04503371,0.09657574,0.14759994,0.15125783,0.109501235,0.04540034,-0.003999771,0.003270471,0.04862372,0.08843683,0.082251504,0.02998871,-0.039059244
0.040293336,0.0024843875,0.030319698,0.08695914,0.13002604,0.121343054,0.06628412,-0.014079362,-0.06473989,-0.05638218,-0.011954863,0.023675457,0.016904922,-0.03682539,-0.11125356,-0.15408625,-0.13458112,-0.06521145,-0.0055576833,0.009749514,-0.026445339,-0.07865664,-0.096441925,-0.055109963
0.026190575,0.033570036,-0.015164782,-0.084769085,-0.13152742,-0.12360692,-0.075432196,-0.018804977,-0.0033694247,-0.036772028,-0.0950033,-0.12910078,-0.11089535,-0.0478545,0.020075738,0.048515096,0.02334177,-0.034161173,-0.07117289,-0.049631003,0.013920437,0.07588489,0.09484421,0.055596754
-0.05213435,-0.11071194,-0.10926139,-0.06809074,-0.030549755,-0.033801336,-0.086727746,-0.16504139,-0.21376103,-0.20224069,-0.14771093,-0.0871411,-0.067229174,-0.096759096,-0.15354651,-0.18023339,-0.14625253,-0.07139317,0.010764298,0.04143752,0.013841326,-0.040247384,-0.07131292,-0.04786567
0.032696072,-0.053838264,-0.101359084,-0.09772434,-0.051673304,-0.0046662223,0.0016519602,-0.052708622,-0.1296499,-0.1703088,-0.15683481,-0.09118895,-0.02988299,-0.0040955604,-0.03891307,-0.10444884,-0.13965681,-0.11402738,-0.030926768,0.046326872,0.0712334,0.03928537,-0.029170992,-0.06464012
-0.1540328,-0.06305346,0.012006069,0.03801843,-0.00726917,-0.08095767,-0.12984386,-0.098151475,-0.0067179627,0.07532258,0.11310203,0.06439926,-0.01262291,-0.07240051,-0.045118023,0.03890755,0.12440844,0.1412104,0.08157868,-0.020532507,-0.090998106,-0.07562957,-0.0027666597,0.069317594
-0.15162264,-0.13813075,-0.084223814,-0.02092311,0.0018086971,-0.030658392,-0.09068254,-0.12432262,-0.1021456,-0.035439037,0.040923934,0.068382956,0.041606747,-0.01914129,-0.05656262,-0.038504876,0.027104499,0.09182456,0.110157795,0.06202274,-0.01617708,-0.07084212,-0.0691796,-0.017684259
0.004843225,0.01990819,0.07995088,0.13837641,0.15512897,0.11650214,0.05175448,0.0013766641,0.00063423975,0.03903175,0.081321895,0.08339543,0.03786306,-0.037812155,-0.092143066,-0.08940504,-0.03929104,0.012221674,0.029614953,-0.008006704,-0.06780416,-0.105480425,-0.08372407,-0.01891967
0.055193067,0.01935997,-0.03712486,-0.06893044,-0.048230566,0.018589357,0.088284284,0.11772605,0.09003137,0.039435364,0.0052901753,0.026199507,0.084058955,0.14470527,0.16294658,0.1222341,0.052699715,-0.008069924,-0.0036331506,0.046254437,0.09417124,0.09782037,0.044339042,-0.03302887
0.0711242,0.029175557,-0.03321929,-0.06089809,-0.025513502,0.06587325,0.15606225,0.18883803,0.15287249,0.09534164,0.055423256,0.08312141,0.15561715,0.22372673,0.23537974,0.17669186,0.08633623,0.011223696,0.00988967,0.06996287,0.1196268,0.11560421,0.04437368,-0.056502078
0.15165854,0.18684451,0.15007839,0.07522043,0.030105107,0.049814645,0.12576823,0.20595554,0.22697304,0.17306334,0.07988797,0.014481346,0.012655872,0.073819816,0.14276803,0.15496413,0.08804495,-0.012367118,-0.0850324,-0.07891849,-0.0054120817,0.07295834,0.09865894,0.051354874
0.028957758,-0.0023817285,-0.0463295,-0.058828495,-0.028739298,0.042036474,0.10759105,0.13140513,0.108578056,0.07194949,0.049581278,0.076094784,0.13453406,0.17988591,0.18277478,0.142392,0.084985174,0.027811408,0.028410777,0.07107923,0.09939182,0.085076004,0.029453186,-0.04875487
0.05326095,0.0002784983,0.029216753,0.09921864,0.16304006,0.1659304,0.10741408,0.007574815,-0.060069785,-0.055863474,-0.0029977125,0.051352557,0.0533376,-0.007029324,-0.10390048,-0.16706058,-0.15632413,-0.075463004,0.0049820654,0.028867766,-0.012722553,-0.08478682,-0.12033669,-0.08322942
-0.0054685706,-0.051016662,-0.11784076,-0.15879011,-0.15210296,-0.09974997,-0.045192953,-0.022595692,-0.048672114,-0.08808583,-0.11596062,-0.08909163,-0.0246644,0.0427923,0.070549145,0.05291072,0.011202687,-0.02971074,-0.017546324,0.040201712,0.09231266,0.09915959,0.056677885,-0.014779774
-0.061362196,-0.025145615,0.058596462,0.14239952,0.17893034,0.14662631,0.08752193,0.051473644,0.07516261,0.14004257,0.20626879,0.21699467,0.16477047,0.0786518,0.014062149,0.00995278,0.05516935,0.11404616,0.112053,0.04571061,-0.044888586,-0.10761493,-0.09963648,-0.034354858
0.0099854525,0.018612823,-0.03200782,-0.10536192,-0.15091115,-0.14100388,-0.088920526,-0.028412497,-0.007757914,-0.040414967,-0.09759476,-0.12555838,-0.10667851,-0.036933742,0.034940757,0.062057596,0.030012352,-0.026059525,-0.059901502,-0.04110444,0.023186572,0.08658803,0.09959149,0.057599545
-0.043413427,-0.006648727,0.06584059,0.13275172,0.16044286,0.13063538,0.08206958,0.057317987,0.08224115,0.1324898,0.18444611,0.18830876,0.14165613,0.06864758,0.016813993,0.013700725,0.04848497,0.093267344,0.09161733,0.031142142,-0.041455746,-0.09093634,-0.08127579,-0.025007725
-0.114955835,-0.0655209,-0.031190498,-0.03780819,-0.09219501,-0.16617808,-0.21703605,-0.20757838,-0.15229212,-0.101996295,-0.08513361,-0.122233376,-0.17404573,-0.20020217,-0.16944797,-0.093515255,-0.019933341,0.020102864,-0.0073934123,-0.060838275,-0.084325455,-0.0540741,0.015999671,0.078937165
-0.1618091,-0.14685352,-0.10405302,-0.052260716,-0.029654235,-0.048581455,-0.08742884,-0.10334833,-0.07793238,-0.019665712,0.04956213,0.07363767,0.059834898,0.01728283,-0.0059542335,0.007127957,0.053584095,0.10563387,0.11418635,0.07015718,0.004357809,-0.043073725,-0.050005987,-0.018640945
0.024901455,-0.054790534,-0.100989826,-0.101739466,-0.065265566,-0.024713377,-0.021663472,-0.072980285,-0.14286745,-0.17868996,-0.17084035,-0.111584336,-0.054090206,-0.031103298,-0.061545108,-0.111084454,-0.13408574,-0.11246774,-0.036608804,0.03509918,0.06129807,0.03305923,-0.020768592,-0.054425176
-0.002734894,0.010694696,-0.017453318,-0.055413272,-0.07051937,-0.04607174,0.005532216,0.05823218,0.077620566,0.06115961,0.029460737,0.013528929,0.029034825,0.074686974,0.12160076,0.13305709,0.097343124,0.044991698,0.007435453,0.0070179994,0.037486307,0.06755585,0.06321655,0.019849362
0.06326527,0.03285955,0.06535083,0.12585354,0.17546774,0.17650309,0.13220775,0.05724625,0.009456555,0.015887586,0.05196898,0.08488965,0.07745905,0.022282347,-0.0584757,-0.10799602,-0.10030872,-0.0430809,0.005588794,0.01698008,-0.021098055,-0.077199444,-0.098347984,-0.06615056
0.09988489,0.06651575,0.095858045,0.15511402,0.21050549,0.22023883,0.1841179,0.11228871,0.05769781,0.05075619,0.08272199,0.11493959,0.10992285,0.0561518,-0.02503991,-0.08635055,-0.09329458,-0.050112907,0.003694732,0.017637752,-0.015184481,-0.07114888,-0.10048985,-0.07409552
-0.038064424,-0.07757868,-0.037449986,0.05789383,0.14814913,0.18120332,0.14669596,0.07224976,0.028617105,0.060189847,0.13726923,0.21196543,0.22593994,0.16275117,0.064534955,-1.5582325e-05,0.0074714604,0.06324667,0.12235687,0.12211119,0.045667127,-0.059018448,-0.12288652,-0.113450445
-0.09792078,-0.068173096,-0.04544755,-0.045989525,-0.074595526,-0.11768636,-0.15087587,-0.1474452,-0.11150125,-0.0764566,-0.059072684,-0.07440545,-0.10125131,-0.11992349,-0.10447334,-0.056499697,-0.0082745245,0.021580875,0.011466333,-0.025069747,-0.043488152,-0.033556156,0.006266776,0.041585356
0.07040224,0.03216055,-0.023407657,-0.04905902,-0.01675017,0.06285656,0.14082053,0.16795315,0.13429949,0.07835604,0.040483538,0.06495524,0.13201018,0.19184121,0.19726065,0.14142169,0.059593443,-0.003519045,0.00055648055,0.056781426,0.10601128,0.09951691,0.036549836,-0.05245813
-0.14673178,-0.062353775,0.009514185,0.032022405,-0.012402522,-0.091950655,-0.14685538,-0.1223818,-0.03602937,0.041721117,0.07947029,0.03580196,-0.042030957,-0.09702207,-0.07385984,0.0040433044,0.0849913,0.117040016,0.06757957,-0.028365739,-0.09232113,-0.07673579,-0.006539175,0.072656915
0.21044792,0.1619811,0.09814586,0.054067712,0.07541306,0.1509353,0.2276651,0.23800793,0.17520046,0.08725569,0.014969794,0.021815721,0.07622995,0.13713324,0.14031668,0.06867455,-0.034374066,-0.10747642,-0.09516272,-0.017290942,0.060978994,0.08427481,0.03597827,-0.042838607
0.08965914,0.043283723,-0.021556001,-0.07170159,-0.071841136,-0.025239704,0.025154857,0.032290284,-0.010238354,-0.06975008,-0.119554706,-0.10612147,-0.05557555,0.00647461,0.027733013,-0.0022611867,-0.060066827,-0.10054322,-0.08080048,-0.014911295,0.05298437,0.08015362,0.050300583,-0.0100591965
-0.07283694,-0.011597611,-0.017065192,-0.07797019,-0.15912339,-0.21115956,-0.20374449,-0.13410787,-0.061776724,-0.04851253,-0.082773514,-0.14770205,-0.17991582,-0.14873481,-0.064696155,0.020041574,0.049678437,0.025523808,-0.038690306,-0.079121046,-0.05024899,0.024114672,0.09415468,0.10990883
0.08329867,0.026217721,-0.042722873,-0.09579563,-0.10237223,-0.06738682,-0.032147046,-0.037265837,-0.08859381,-0.14911571,-0.1952516,-0.1803243,-0.12778313,-0.06746862,-0.04752593,-0.075026006,-0.11902481,-0.14323874,-0.109657876,-0.032490265,0.04096278,0.07069628,0.04670686,-0.0020762235
-0.022006607,-0.020375537,-0.075745754,-0.14523174,-0.1882132,-0.1759636,-0.12483523,-0.06477352,-0.046277907,-0.07539187,-0.121333204,-0.14504859,-0.1162289,-0.044740036,0.02870053,0.059527636,0.03594265,-0.015089619,-0.046570398,-0.024590619,0.036147866,0.091593124,0.099792436,0.052833505
-0.04648464,-0.10118011,-0.090349965,-0.039524086,0.010494731,0.010092614,-0.04249656,-0.12182408,-0.17248237,-0.15935944,-0.09766814,-0.036839034,-0.019523168,-0.055287056,-0.12102999,-0.15996169,-0.13742004,-0.054330207,0.025432909,0.04812727,0.014856871,-0.049438853,-0.086482294,-0.060714677
0.026059167,-0.05339113,-0.08946419,-0.056003246,0.03028324,0.11578886,0.1520537,0.11454831,0.04267812,0.007846096,0.033030957,0.11375474,0.1895793,0.21067391,0.15296814,0.058695726,-0.0054569035,-0.0032699078,0.060011543,0.124981105,0.127569,0.054455023,-0.048697066,-0.11488877
-0.03587772,0.048255928,0.066900164,0.031611018,-0.031064771,-0.06509616,-0.04133693,0.043031033,0.12612133,0.14812814,0.11347915,0.03875646,-0.004516643,0.005877284,0.07618558,0.14910686,0.1670247,0.10941929,0.014738005,-0.04820439,-0.045396533,0.013105124,0.075691104,0.08261629
-0.15555224,-0.13770363,-0.08033016,-0.019878957,-0.0062971697,-0.044759925,-0.110955,-0.14566918,-0.12318565,-0.054482576,0.018727154,0.03716174,0.008850799,-0.060012843,-0.09357608,-0.067198,0.0101527255,0.07260188,0.089566715,0.04047488,-0.035016928,-0.08293767,-0.06657719,-0.010630606
0.01074124,-0.065269515,-0.10448242,-0.09996946,-0.05822868,-0.022328185,-0.02412632,-0.07495724,-0.14254794,-0.17598373,-0.15668437,-0.09822297,-0.04347815,-0.024560375,-0.05613846,-0.110665955,-0.13695556,-0.10326982,-0.024087053,0.038903665,0.060088594,0.02695907,-0.030946502,-0.057800904
-0.18728851,-0.10479202,-0.044812407,-0.026067112,-0.06415198,-0.12379315,-0.15749042,-0.11577929,-0.02415473,0.05638257,0.0935278,0.05725254,-0.0014128948,-0.041158903,-0.0086033745,0.0737948,0.14805043,0.16305164,0.10094449,0.006402336,-0.054748315,-0.047830004,0.011591831,0.06317278
-0.025019312,0.05405519,0.12241294,0.14532676,0.11732997,0.061882943,0.02772701,0.049720004,0.113158844,0.16231158,0.17166431,0.12110632,0.04885785,-0.0065494278,-0.0022799096,0.046088286,0.09097393,0.09468128,0.0398263,-0.04210389,-0.08942525,-0.0783564,-0.016725527,0.043467175
0.05437874,0.075241536,0.028048564,-0.042712014,-0.08059596,-0.05189203,0.022970194,0.10120392,0.12517011,0.083155416,0.011269899,-0.028660193,-0.00649545,0.061997168,0.13253486,0.15097325,0.09980506,0.009599928,-0.045193978,-0.03231466,0.033630412,0.09397498,0.10296961,0.041146923
-0.11727148,-0.15568635,-0.13609682,-0.07405127,-0.01775487,-0.004882062,-0.043070167,-0.10088415,-0.12766325,-0.094485454,-0.021286786,0.044865064,0.06722428,0.029394636,-0.030423248,-0.061539248,-0.033880215,0.031022727,0.09163439,0.09641915,0.042748976,-0.03353318,-0.07887956,-0.06854206
0.030924091,-0.052325025,-0.09007935,-0.05969341,0.020345153,0.09911409,0.12713742,0.08061298,0.0059053563,-0.028378306,-0.0057327976,0.076503515,0.14853463,0.16782515,0.10932449,0.021635653,-0.033634704,-0.026064007,0.044098794,0.112538785,0.11651436,0.048229553,-0.04804073,-0.10776633
-0.0039531016,0.00819253,0.06324751,0.1179392,0.12628487,0.08013433,0.011563397,-0.039388377,-0.03900875,0.0009244152,0.04307326,0.04200824,-0.0035725383,-0.07406075,-0.12446205,-0.11441975,-0.05537171,0.0035324018,0.017745202,-0.013969004,-0.07090223,-0.10361273,-0.07657422,-0.007496903
0.056578018,0.07316637,0.030386258,-0.027164286,-0.056021776,-0.025417954,0.046296947,0.11849577,0.13802622,0.100115545,0.037839994,0.0021162818,0.02402864,0.086537056,0.14600226,0.15664303,0.10766624,0.023961885,-0.031490605,-0.016799094,0.03872175,0.08758097,0.08933115,0.030914102
0.17160557,0.20800205,0.18496506,0.12834884,0.09306535,0.11339368,0.18187907,0.24739154,0.26498026,0.21222238,0.12518029,0.06313354,0.05635596,0.10049037,0.1460779,0.14390896,0.07783152,-0.013184079,-0.07882098,-0.07292343,-0.012705382,0.053611476,0.0752356,0.03533952
-0.08370394,-0.14517806,-0.140199,-0.09097859,-0.045911945,-0.051556904,-0.11089774,-0.19251126,-0.24348879,-0.22099568,-0.15198377,-0.086708374,-0.065530956,-0.09806176,-0.15770328,-0.18331282,-0.14424032,-0.0529179,0.026923811,0.0528646,0.017922647,-0.04778829,-0.0805631,-0.052583206
0.15811765,0.18669105,0.16613796,0.11675423,0.08915525,0.10831341,0.16621207,0.2222407,0.23310684,0.1841197,0.11022117,0.05842767,0.05280026,0.08860349,0.12997645,0.12632015,0.06795132,-0.017347256,-0.06681372,-0.06289489,-0.0107086655,0.045897443,0.061017655,0.026750224
-0.11693802,-0.07982637,-0.047754128,-0.040393684,-0.07516197,-0.13081814,-0.17583649,-0.17218833,-0.12742466,-0.07892002,-0.053131826,-0.0741805,-0.11119716,-0.14100353,-0.12521176,-0.06340461,0.006018127,0.03941437,0.021492284,-0.024734603,-0.0562172,-0.04842881,0.0019477913,0.05068831
-0.037770774,-0.124323435,-0.17663516,-0.1620151,-0.089427605,-0.010602255,0.024389587,-0.008175433,-0.07495166,-0.106294855,-0.07607411,0.010907378,0.095291644,0.1355832,0.10135829,0.02464679,-0.031584892,-0.017663052,0.05393295,0.12273061,0.13625138,0.07626047,-0.024231602,-0.09324984
-0.0701621,-0.12209842,-0.12875992,-0.10065043,-0.074694924,-0.07648597,-0.1168698,-0.17672515,-0.21584775,-0.20522223,-0.15934663,-0.109554105,-0.08445523,-0.10003785,-0.13840462,-0.15577537,-0.12399116,-0.06045946,0.004729638,0.03660268,0.019094681,-0.021877456,-0.047485873,-0.033975367
-0.028731383,-0.06817566,-0.03764083,0.04263226,0.119696096,0.14681534,0.11547922,0.047161136,0.0056349686,0.027122108,0.09442392,0.1601034,0.17530254,0.12412637,0.03829575,-0.021175481,-0.016478533,0.03791379,0.0966379,0.10271577,0.040699113,-0.04806828,-0.106475666,-0.09784474
0.13419843,0.13744798,0.077405006,-0.014196743,-0.07787809,-0.07667751,-0.025831297,0.025156472,0.023101186,-0.038080536,-0.13030742,-0.18741952,-0.17664601,-0.10569016,-0.03277361,-0.007582506,-0.04706321,-0.11428775,-0.15420379,-0.114907354,-0.021304503,0.06944988,0.10642596,0.07079051
-0.0057780226,-0.04445758,-0.09530991,-0.12650184,-0.117634684,-0.076414004,-0.0366659,-0.023708483,-0.050049398,-0.08279726,-0.097896814,-0.07489119,-0.024822544,0.025328433,0.048325785,0.028680174,-0.008876886,-0.034627173,-0.016084852,0.027398268,0.06777099,0.07423155,0.037845716,-0.014886176
0.048473906,-0.0413878,-0.088879,-0.08065333,-0.02507906,0.030505577,0.041943472,-0.016913353,-0.10006323,-0.14415644,-0.13275895,-0.0625367,0.0027369082,0.028612774,-0.017051132,-0.092593156,-0.13832156,-0.11032997,-0.027574597,0.05299241,0.07891989,0.038430564,-0.035396703,-0.07730331
0.14270915,0.15973926,0.1389835,0.09730225,0.07562638,0.09107043,0.13773367,0.17723332,0.17888214,0.13591383,0.071042046,0.029987603,0.027659375,0.06102772,0.08859057,0.08062844,0.02947035,-0.03065319,-0.0717672,-0.05889491,-0.009728454,0.03563815,0.049096033,0.021703854
0.072807066,0.098329164,0.051854476,-0.015281155,-0.04551018,-0.0041559464,0.087709464,0.17669797,0.20329957,0.15858352,0.08341849,0.04154486,0.06337385,0.13850276,0.20924234,0.214736,0.14389491,0.041922268,-0.027717805,-0.015921345,0.04710451,0.10779535,0.10509049,0.03355268
0.0028753267,0.020453861,0.09072534,0.15867363,0.16995856,0.11675598,0.035969343,-0.026395673,-0.024816917,0.023269566,0.07291427,0.07207954,0.013636747,-0.07391758,-0.13608012,-0.12919988,-0.06270879,0.0050697625,0.023043301,-0.016689485,-0.0888258,-0.12495197,-0.09500043,-0.011269584
0.11148636,0.043238476,-0.045569792,-0.113143064,-0.11272896,-0.056560516,0.0031888562,0.007342771,-0.054534998,-0.1397761,-0.19818954,-0.17940298,-0.10716552,-0.023744008,0.003258029,-0.041996997,-0.11853428,-0.15739748,-0.117259115,-0.024765857,0.070292376,0.10454421,0.06118819,-0.0140421055
0.043705918,0.00257378,-0.05554129,-0.091307156,-0.07864558,-0.024322394,0.031528596,0.049474332,0.017402237,-0.03164955,-0.06299887,-0.043054547,0.01345541,0.07253451,0.091591686,0.057926364,0.0005113228,-0.041730337,-0.027515884,0.027098872,0.07859307,0.08773297,0.042996798,-0.023952844
0.052538548,0.10186418,0.10006874,0.0491158,-0.025619298,-0.07282449,-0.07087246,-0.027052842,0.01542371,0.009698709,-0.04128937,-0.114761695,-0.15613471,-0.14274631,-0.08226607,-0.01577618,0.007574476,-0.028288525,-0.08585878,-0.11017988,-0.08008189,-0.0038265102,0.06915277,0.09093165
-0.04099866,-0.11681691,-0.15819359,-0.14144097,-0.08501412,-0.027957357,-0.011921623,-0.04930043,-0.107091725,-0.12525548,-0.09704604,-0.02340155,0.044869136,0.07051407,0.03622721,-0.017988138,-0.044950828,-0.02492134,0.037113428,0.09742137,0.10346623,0.04962834,-0.025642576,-0.07475973
-0.041679274,-0.022393482,0.030910147,0.08634121,0.110585116,0.09101422,0.050818484,0.022513896,0.03350159,0.07469797,0.119741686,0.12943433,0.097976625,0.04023451,-0.0033948657,-0.008287107,0.022773711,0.06294729,0.06748115,0.02839019,-0.03037989,-0.07123671,-0.06664353,-0.0242158
0.025039736,-0.0778221,-0.1431534,-0.15264931,-0.11378148,-0.07104618,-0.06819495,-0.12878452,-0.21733664,-0.2682392,-0.2580774,-0.1911154,-0.11522538,-0.075523324,-0.10650533,-0.16828915,-0.19948974,-0.15864305,-0.06518171,0.03122446,0.075878516,0.04686276,-0.018128708,-0.057189833
-0.07370923,-0.040637642,0.04225201,0.12449063,0.15615904,0.117710404,0.051102445,0.010482176,0.032671526,0.09795316,0.17056218,0.18152125,0.12822253,0.040029943,-0.019393492,-0.01957057,0.033420295,0.097811505,0.10561654,0.03969703,-0.05229395,-0.10975814,-0.10028177,-0.028790561
0.023377184,-0.051759582,-0.15712635,-0.22374305,-0.20897025,-0.12153548,-0.032784253,-0.0059261406,-0.055492483,-0.12752944,-0.17741323,-0.13205358,-0.032063752,0.075049,0.11281788,0.07054504,-0.011864552,-0.07289526,-0.04361048,0.052311312,0.13979651,0.15592788,0.08388801,-0.029540256
0.034716625,-0.021523016,-0.043779884,-0.01271947,0.059837963,0.13162813,0.16494265,0.13823833,0.08232864,0.055740975,0.07518251,0.13414757,0.18946008,0.20127253,0.15431766,0.07702409,0.01946519,0.015177236,0.056677245,0.099993795,0.0972884,0.038417332,-0.042746622,-0.09682362
-0.13412982,-0.17872235,-0.16335434,-0.10219607,-0.04024754,-0.02421123,-0.060717903,-0.11977611,-0.15036151,-0.115292534,-0.035608497,0.03889219,0.06458181,0.033430804,-0.024537195,-0.05944858,-0.038590714,0.035602074,0.09945415,0.105268694,0.052753005,-0.026801938,-0.07875381,-0.06992522
0.035192274,0.07158087,0.070204794,0.024783384,-0.042430114,-0.09460417,-0.1066044,-0.07972253,-0.048441846,-0.0515169,-0.08900062,-0.14888261,-0.18788613,-0.17797732,-0.12768629,-0.07043684,-0.044290584,-0.054032084,-0.09195475,-0.10962545,-0.08095485,-0.013684339,0.053842258,0.086605884
0.01851765,-0.036824524,-0.071923174,-0.08347497,-0.06784746,-0.04923407,-0.052787293,-0.09122694,-0.1424767,-0.17098543,-0.16917524,-0.13501103,-0.09811944,-0.07908678,-0.09189749,-0.12016734,-0.13572381,-0.11006244,-0.054079797,-0.0039587873,0.025213342,0.017754195,-0.0079033235,-0.02459939
-0.0017212795,-0.0021453225,0.032356277,0.064901434,0.0640927,0.019908123,-0.04154231,-0.09153688,-0.09944822,-0.07322189,-0.04196231,-0.04043509,-0.07570735,-0.12394444,-0.15907115,-0.14859496,-0.10070858,-0.039308902,-0.015691344,-0.031167109,-0.06505946,-0.08094873,-0.05537937,0.005133661
0.06514893,0.117100276,0.12750193,0.09341515,0.038062535,0.0022773424,0.0074327323,0.048594475,0.08753205,0.083264284,0.03947418,-0.027580079,-0.06852239,-0.067474104,-0.024236478,0.023223331,0.034756415,-0.0035078397,-0.05998407,-0.09041631,-0.07149213,-0.013276067,0.04762945,0.06688791
0.082823776,0.042257298,-0.009761444,-0.0552274,-0.06365539,-0.04044885,-0.014718032,-0.016669711,-0.05698027,-0.10925984,-0.14860466,-0.14460708,-0.10799847,-0.06356064,-0.043432344,-0.06274834,-0.098927476,-0.122253954,-0.09485537,-0.039615985,0.021279631,0.05016718,0.036091678,0.0012741738
0.09547078,0.092780225,0.049724616,-0.020683814,-0.07345979,-0.08703318,-0.06694102,-0.041800786,-0.04929133,-0.096671455,-0.1596629,-0.20240425,-0.19713143,-0.15087338,-0.09879362,-0.078171715,-0.09704367,-0.1279363,-0.13988017,-0.10800573,-0.034299936,0.03585327,0.07099209,0.05979751
0.058450174,0.1062189,0.11485727,0.07381044,0.011918209,-0.032658767,-0.03712546,-0.0058645983,0.029440442,0.024648022,-0.020405274,-0.08488852,-0.12793416,-0.12569821,-0.08134459,-0.032684688,-0.01789706,-0.040741056,-0.08533289,-0.110601716,-0.08510214,-0.01851341,0.04836628,0.07638502
-0.055274535,-0.0011430611,0.0032958852,-0.023252359,-0.061156128,-0.07321408,-0.04594248,0.020616593,0.081807904,0.099856034,0.0761858,0.035858907,0.018249253,0.03643265,0.08737386,0.13903596,0.1482021,0.10143714,0.033365764,-0.006826125,-0.0031732908,0.028673206,0.062385477,0.05193422
0.024184458,-0.023948979,0.002280631,0.06446497,0.11499328,0.10928771,0.04872934,-0.04220292,-0.09942534,-0.08692414,-0.032144234,0.017853973,0.013975768,-0.04154136,-0.120301,-0.16584967,-0.14274964,-0.06634227,0.007414661,0.025370875,-0.018221194,-0.07766835,-0.105203755,-0.063081555
-0.067038484,-0.035135,0.04745051,0.13197038,0.16975597,0.13698822,0.07409363,0.032861967,0.05373709,0.118229106,0.18871601,0.20461679,0.15346237,0.065875985,0.00016727392,-0.0036455328,0.044136353,0.10647524,0.113695376,0.047992196,-0.043906923,-0.10850464,-0.10249136,-0.035798054
-0.1539692,-0.1406358,-0.09116773,-0.034204632,-0.011501933,-0.03575529,-0.08591136,-0.11518757,-0.09337303,-0.031133056,0.03938726,0.06830897,0.047273833,-0.0059594964,-0.038661096,-0.026905848,0.027049216,0.08651699,0.104650185,0.061086975,-0.010169404,-0.058483977,-0.060830466,-0.01859094
0.03254251,-0.011751189,0.014988218,0.082223445,0.14258206,0.15431187,0.11056731,0.026793862,-0.026914965,-0.018619472,0.031464018,0.08517183,0.08863677,0.035572175,-0.049699508,-0.10590837,-0.097676106,-0.036679436,0.031068308,0.048681714,0.0022292791,-0.0645903,-0.10413104,-0.07967936
0.047630392,0.008554808,0.025039822,0.07137871,0.115706965,0.11884452,0.08082855,0.012127277,-0.036127135,-0.035394836,-0.0027105294,0.036210097,0.037507832,0.00025434067,-0.06738617,-0.11196578,-0.10774702,-0.053055413,0.0007007912,0.020568732,-0.005251447,-0.054748382,-0.08054778,-0.056135092
-0.003838628,-0.05677299,-0.12806895,-0.16891322,-0.1537038,-0.09290794,-0.033230226,-0.013573121,-0.047434233,-0.09337,-0.11785877,-0.084293224,-0.012117063,0.060273405,0.086005986,0.056682605,0.0020967308,-0.035035666,-0.014175875,0.04842867,0.10381887,0.10719912,0.05301657,-0.025572853
-0.1276729,-0.16984127,-0.15223943,-0.08916541,-0.033911087,-0.02296358,-0.064762644,-0.1266855,-0.1544929,-0.1162244,-0.041490432,0.028290879,0.05116681,0.013940723,-0.04736357,-0.072820336,-0.037393466,0.032408725,0.092276745,0.09955101,0.04383895,-0.034938402,-0.07814578,-0.066615544
-0.0141065335,-0.005752355,0.044624127,0.09287447,0.10023009,0.059365798,-0.0064361533,-0.059180155,-0.061962586,-0.024793884,0.013879794,0.017903602,-0.020966329,-0.087979406,-0.13456492,-0.12631437,-0.07052155,-0.014146337,0.008592903,-0.017913831,-0.06865891,-0.096655816,-0.07122885,-0.008722085
-0.0076827053,-0.05127639,-0.123176135,-0.17248781,-0.16424334,-0.10370636,-0.035970677,-0.004175881,-0.027966222,-0.07692146,-0.10847474,-0.0817318,-0.0108756935,0.06839892,0.103854604,0.07543584,0.013237333,-0.031083288,-0.016938187,0.042296074,0.103559874,0.11775575,0.0655502,-0.016366769
0.11762982,0.05791157,0.03138278,0.04173949,0.08354099,0.122470155,0.1306388,0.0844293,0.015876016,-0.030802678,-0.036178697,-0.0017202884,0.036426418,0.04326716,-0.0027590457,-0.06866114,-0.11088824,-0.10093302,-0.04645154,0.012546246,0.036002062,0.007687025,-0.038382754,-0.06316884
0.069253564,0.032047797,-0.02149366,-0.04336441,-0.0060644858,0.07449486,0.15354025,0.18256263,0.15136988,0.10037836,0.06590797,0.09492185,0.15725021,0.21789633,0.22200732,0.16593264,0.081393644,0.018231183,0.018128686,0.068872504,0.11218297,0.10084234,0.033785824,-0.053285617
0.14176834,0.08541879,0.07059253,0.090333045,0.1408412,0.17980582,0.18386649,0.13189891,0.05855257,0.012975223,0.012175394,0.045575216,0.07412016,0.069507904,0.016098063,-0.062112115,-0.11225299,-0.09995111,-0.04342834,0.008647998,0.02380377,-0.006669087,-0.056333087,-0.07218619
-0.035644855,-0.086320445,-0.0845348,-0.04800738,-0.013644888,-0.01415605,-0.057224523,-0.12615693,-0.17114384,-0.1612849,-0.115570195,-0.06479483,-0.048975766,-0.073668405,-0.12397901,-0.15027322,-0.12639001,-0.059730772,0.0063831317,0.033393063,0.00972713,-0.035876438,-0.06264872,-0.043266013
-0.04720772,-0.118439615,-0.16353095,-0.15349434,-0.09933777,-0.036552668,-0.009262732,-0.034341983,-0.0869674,-0.109321,-0.08406983,-0.014312933,0.057374958,0.0907996,0.067478925,0.012429038,-0.02431986,-0.014852363,0.041900493,0.09983107,0.11087883,0.063970275,-0.014049012,-0.071659535
0.028805628,0.042516373,0.087306865,0.12314557,0.12212369,0.079422966,0.022588203,-0.019745465,-0.020523582,0.0033922752,0.027351292,0.018178366,-0.02621515,-0.08396619,-0.12067961,-0.11098349,-0.06775777,-0.023929877,-0.00980881,-0.036963362,-0.075004585,-0.088820726,-0.058257975,0.0025289604
-0.029826574,0.03088491,0.032902688,-0.015915107,-0.08217118,-0.121642165,-0.10886735,-0.044772085,0.019535754,0.031224346,-0.008870557,-0.06920825,-0.10331749,-0.081249714,-0.014992179,0.05314811,0.071363084,0.036556143,-0.031315476,-0.06987706,-0.047239766,0.015748546,0.07798292,0.08950664
0.051974412,0.131815,0.14887814,0.108019575,0.04076365,0.002611858,0.024613068,0.09829269,0.16438746,0.16904812,0.116288215,0.02770824,-0.024989093,-0.016573533,0.04733907,0.10957047,0.11563758,0.057080194,-0.03881618,-0.09024416,-0.073515244,-0.0016316031,0.07072694,0.08609126
-0.15842378,-0.13885388,-0.08379258,-0.023709899,-0.00130112,-0.02996548,-0.083634526,-0.10950793,-0.08237012,-0.014856533,0.0598257,0.085289925,0.057838988,-0.0011024766,-0.03136773,-0.011982159,0.047714204,0.10435278,0.11820552,0.063448094,-0.014479659,-0.065125085,-0.06368136,-0.016867636
-0.09730657,-0.09093253,-0.05575269,-0.022419218,-0.02816503,-0.07352724,-0.13425894,-0.17055912,-0.16017815,-0.11222013,-0.065343045,-0.058454223,-0.08720106,-0.13161534,-0.15121666,-0.12289714,-0.057080388,0.0065261913,0.021172935,-0.0041863844,-0.04934344,-0.06779744,-0.041887004,0.014074597
-0.049297262,-0.019537922,-0.031095825,-0.06983099,-0.11982001,-0.14514552,-0.13673784,-0.09448353,-0.05345122,-0.045186315,-0.07002109,-0.104289,-0.11527072,-0.09117783,-0.039331596,0.015789282,0.039746165,0.016246025,-0.023149759,-0.037792,-0.018737372,0.02466217,0.063776374,0.06406135
0.018004479,0.02452099,-0.03494144,-0.11506767,-0.16283126,-0.14409901,-0.07921473,-0.010397092,0.0069753625,-0.03220875,-0.095692195,-0.12940764,-0.10312872,-0.023693375,0.057674605,0.08415201,0.04368782,-0.023825144,-0.066774614,-0.04207032,0.030236637,0.1005843,0.11210313,0.05770963
0.08212782,0.023721183,-0.044666942,-0.09528669,-0.10257492,-0.07238682,-0.041042637,-0.05085533,-0.10505954,-0.16527238,-0.2070378,-0.19706075,-0.144793,-0.08483515,-0.06701797,-0.0935732,-0.13566805,-0.14617923,-0.115226775,-0.037397705,0.03545641,0.0645627,0.043126155,-0.0024285058
-0.007287062,-7.17649e-05,0.040992845,0.07571911,0.07609511,0.037454605,-0.019591033,-0.06337267,-0.06736408,-0.039966267,-0.009152116,-0.011255155,-0.045489203,-0.10023377,-0.13251434,-0.12638956,-0.080950424,-0.032081984,-0.010307148,-0.030509368,-0.06779021,-0.081219465,-0.056758784,-0.00021449005
0.0052038054,0.031131573,0.10531763,0.17318512,0.18873286,0.1381736,0.06387277,0.010700523,0.018382695,0.06507663,0.11367044,0.10994501,0.049764257,-0.03668454,-0.09850908,-0.09507305,-0.03971818,0.02483075,0.03616782,-0.012849605,-0.08374861,-0.123222105,-0.094578214,-0.013627029
0.030748276,0.043428738,0.091243014,0.1363477,0.14752759,0.116193086,0.06765088,0.026077453,0.023133848,0.050599877,0.07740761,0.07461851,0.032569982,-0.024603484,-0.06937319,-0.07304969,-0.041061062,0.0015140559,0.008655175,-0.016959641,-0.061836787,-0.084246255,-0.065375574,-0.010708379
0.0838602,0.08068222,0.04555886,-0.007381263,-0.045459032,-0.050914742,-0.029970976,-0.008782279,-0.0143037755,-0.05398911,-0.10477295,-0.13589546,-0.13009687,-0.09144547,-0.053367924,-0.04192989,-0.061377198,-0.0911472,-0.101316296,-0.07390906,-0.018078499,0.034825124,0.05533657,0.04185413
0.0474151,0.0034657181,0.021008274,0.07331884,0.12386647,0.12927239,0.08739855,0.014146985,-0.039068494,-0.04004464,4.249822e-05,0.043293353,0.04827379,0.0049806302,-0.06687204,-0.11453607,-0.10697516,-0.053709403,0.010358943,0.03003038,-0.0006263147,-0.058091175,-0.09039289,-0.066517174
-0.18317594,-0.1572897,-0.082184926,-0.000121017176,0.022769013,-0.022509435,-0.099837646,-0.14236173,-0.10922508,-0.01901176,0.07172516,0.09856396,0.05599326,-0.027028954,-0.07680008,-0.04801215,0.040354315,0.12113601,0.13157551,0.06629543,-0.035691082,-0.100682795,-0.085793346,-0.015665486
-0.12388867,-0.121997416,-0.087777235,-0.053290017,-0.054886226,-0.09999345,-0.16602884,-0.20639718,-0.19702849,-0.1475384,-0.09309874,-0.07691494,-0.098905064,-0.14558394,-0.1680796,-0.13825534,-0.06727711,0.0027077117,0.030693745,0.0043289005,-0.04115881,-0.068881005,-0.04588916,0.008827504
0.1355142,0.15720287,0.12801062,0.07268638,0.044568747,0.06552367,0.12617224,0.18027286,0.18889654,0.1418321,0.06944019,0.024485677,0.024313018,0.07188978,0.11789098,0.11639616,0.054525148,-0.01938478,-0.06802356,-0.058761787,-0.0016486675,0.057025075,0.06940299,0.030522224
0.044250883,0.07106576,0.07350803,0.04359294,0.00019493418,-0.034917627,-0.043152913,-0.02674091,-0.009064572,-0.014060511,-0.04269657,-0.087639,-0.116931126,-0.11401971,-0.08312329,-0.047895573,-0.035334848,-0.0420971,-0.06969121,-0.08381602,-0.062625855,-0.01696683,0.031573504,0.055079587
-0.10462149,-0.046739914,-0.00552326,0.009723291,-0.010161237,-0.04113523,-0.05417288,-0.021364417,0.041768905,0.09277334,0.1118895,0.08938968,0.049511816,0.02432419,0.04242276,0.08992062,0.12938908,0.12606199,0.07940746,0.015874583,-0.027370926,-0.024857895,0.0072189686,0.03496476
-0.112300016,-0.060673416,-0.019189157,0.00011687795,-0.021142952,-0.05613107,-0.07841799,-0.05524983,0.0025160813,0.055814486,0.08141018,0.061265785,0.022525843,-0.008721863,0.006323126,0.056118436,0.10748765,0.110958345,0.072971106,0.013829348,-0.033483703,-0.032582097,0.0010862079,0.034119517
0.120894946,0.06479194,0.04750973,0.06623259,0.11709055,0.16023357,0.16885248,0.119459644,0.050800834,0.009425649,0.00899193,0.048298705,0.07991983,0.08019459,0.028485153,-0.04698108,-0.09742159,-0.08596847,-0.031311046,0.020545293,0.034065153,0.0024786876,-0.04997747,-0.071716644
0.1605179,0.19365878,0.15453479,0.07888316,0.02873289,0.043921094,0.11808795,0.19703615,0.21728662,0.15794556,0.06391123,-0.00631424,-0.0071606487,0.05591893,0.12368157,0.13316315,0.068374425,-0.027705245,-0.09890943,-0.08534678,-0.00859091,0.07368576,0.099957556,0.05595856
0.008570778,-0.030622387,-0.084828556,-0.1198619,-0.113604985,-0.07112638,-0.02818391,-0.014515918,-0.040709432,-0.07919439,-0.10104225,-0.07912363,-0.02797769,0.025692966,0.048616588,0.028021578,-0.012513847,-0.04310409,-0.023390478,0.024191901,0.06903489,0.07915121,0.042176157,-0.01370826
0.09459772,0.036115594,0.013733948,0.029468425,0.0778575,0.1206721,0.12849697,0.08117103,0.014921494,-0.023663444,-0.022603152,0.01914806,0.05829961,0.061921958,0.0136106135,-0.052057452,-0.09342085,-0.081431076,-0.025938254,0.02706438,0.04260245,0.007162732,-0.043484617,-0.07072739
-0.011539561,-0.0078118257,-0.061861087,-0.13514918,-0.18401386,-0.17212681,-0.1221088,-0.06546654,-0.048267946,-0.07517231,-0.13007574,-0.15617856,-0.13158391,-0.06356404,0.011449675,0.04713781,0.027359832,-0.02965996,-0.06374208,-0.04052838,0.022142226,0.08588224,0.10376647,0.05789687
0.10722511,0.08153681,0.047616918,0.021384425,0.025426313,0.05398209,0.085877925,0.08847729,0.056345463,0.00842092,-0.027827142,-0.029198889,-0.0028383518,0.028942944,0.031970065,-0.0015192449,-0.048677526,-0.07573562,-0.06510931,-0.022697864,0.022130022,0.03836768,0.019360306,-0.01318512
-0.01701293,0.0005576519,0.065178,0.11976594,0.121503726,0.060602874,-0.024745883,-0.08383013,-0.08035755,-0.03590553,0.012360152,0.008335635,-0.046716165,-0.12943782,-0.17861983,-0.16188183,-0.09089506,-0.01997999,0.006926478,-0.0339609,-0.094742015,-0.12203261,-0.08481337,0.00034483007
0.17215076,0.117791586,0.04194255,-0.012542446,-0.0014512358,0.069207154,0.14400615,0.15806341,0.09971029,0.014877155,-0.05726549,-0.046706907,0.015819583,0.08831104,0.10321191,0.04705101,-0.04232986,-0.113121994,-0.09813257,-0.013679681,0.070653446,0.098229334,0.052443467,-0.030038994
0.0229199,-0.012335184,-0.061977983,-0.09375,-0.08430256,-0.042646196,0.00078742154,0.01364428,-0.012359478,-0.05145747,-0.074667364,-0.056219358,-0.0090162,0.042367753,0.0592863,0.03489185,-0.01144649,-0.037174355,-0.022877786,0.021061601,0.06531039,0.07240758,0.0370582,-0.016759247
-0.045033887,0.017080478,0.017511357,-0.034444354,-0.111957826,-0.15540677,-0.14527261,-0.0788199,-0.01232925,0.0009314708,-0.03774883,-0.106518656,-0.13898113,-0.11967113,-0.042416684,0.036579225,0.06895095,0.027400868,-0.041483365,-0.07871386,-0.057140574,0.016016906,0.08582905,0.097557284
-0.008234465,-0.057862956,-0.12704626,-0.16916782,-0.15795153,-0.10027993,-0.043156397,-0.022889923,-0.054200098,-0.0996262,-0.1236494,-0.093479574,-0.0232231,0.045815833,0.0748606,0.04985856,-0.0004053769,-0.039244566,-0.01679525,0.0423239,0.096995056,0.104002014,0.054124266,-0.022334116
0.055176254,0.08184802,0.08057846,0.043165512,-0.0054221367,-0.045615938,-0.054263085,-0.036460288,-0.017669693,-0.027928818,-0.06356858,-0.11019551,-0.14112242,-0.13201092,-0.10019886,-0.06572472,-0.05680407,-0.059715215,-0.086315095,-0.09617243,-0.06544239,-0.014643534,0.037605997,0.064764276
-0.12040549,-0.038269404,0.025875699,0.04820873,0.015043942,-0.043711323,-0.07678452,-0.04216673,0.038923264,0.107047856,0.1346249,0.090777084,0.025486216,-0.019774174,3.6764209e-06,0.067594156,0.12822153,0.14229217,0.07920706,-0.011249691,-0.06785985,-0.060685355,-0.0006399684,0.0553802
0.030545495,-0.031183477,-0.11736721,-0.1693033,-0.15671197,-0.08370529,-0.010698983,0.012146167,-0.030042943,-0.09097934,-0.13166037,-0.097807035,-0.015500948,0.06843267,0.099075444,0.06727837,0.0036430086,-0.054606974,-0.032032024,0.045242857,0.11451565,0.12528646,0.06689655,-0.027922187
-0.051325534,-0.10686453,-0.1103282,-0.0790318,-0.042068236,-0.04078659,-0.083017826,-0.15067345,-0.19758889,-0.19121222,-0.14218049,-0.08487935,-0.062713124,-0.081199415,-0.1272716,-0.15682492,-0.13845241,-0.068079986,0.00833311,0.037115738,0.019253034,-0.027324926,-0.060563482,-0.044094846
0.005448877,-0.049548622,-0.017634718,0.064052634,0.13815883,0.14656833,0.088958904,-0.010639793,-0.072736405,-0.056391962,0.012238448,0.080534115,0.08805408,0.027935892,-0.07514723,-0.14280675,-0.1295275,-0.039169926,0.042011924,0.06380791,0.008860264,-0.07789727,-0.12635425,-0.09211007
0.073305935,0.17698427,0.20648123,0.15999049,0.08038572,0.03133798,0.055578567,0.14436969,0.22806913,0.23580131,0.17148955,0.06349584,-0.00960146,-0.005239104,0.06873651,0.1386008,0.14097472,0.07103791,-0.04502317,-0.11422052,-0.0981207,-0.009432539,0.078706935,0.10499847
0.0385024,-0.005853976,0.016521567,0.07684277,0.1310015,0.13930544,0.09635145,0.015326484,-0.03914063,-0.033430383,0.01011223,0.05759181,0.06191728,0.013880449,-0.06691165,-0.118760526,-0.10983782,-0.048001163,0.013963823,0.035397448,-0.0025417218,-0.06381164,-0.09632399,-0.071921796
-0.11427384,-0.06695224,-0.029854823,-0.025875453,-0.06710799,-0.13074055,-0.1772492,-0.16687395,-0.11388413,-0.062945984,-0.039032977,-0.06920489,-0.11621421,-0.14712103,-0.123966046,-0.055607684,0.014153516,0.04629558,0.020500284,-0.035924226,-0.06812121,-0.05240446,0.00559031,0.06148028
0.016008647,0.08037608,0.13470244,0.1365564,0.08618082,0.008499405,-0.044898994,-0.040505953,0.0068811583,0.03789537,0.03566816,-0.024370298,-0.10061132,-0.15105769,-0.13825625,-0.08051256,-0.024063196,-0.0049810265,-0.036642343,-0.10020094,-0.12392229,-0.08866511,-0.00901373,0.06884118
0.07823852,0.034150265,-0.03329153,-0.066160396,-0.032661974,0.055822328,0.14621134,0.18168998,0.14727008,0.08629785,0.042137522,0.0721368,0.14422737,0.21896486,0.2313693,0.1743088,0.082621835,0.0071368804,0.0071489797,0.06982503,0.12533616,0.12105933,0.04929263,-0.05024915
0.022087678,-0.030480294,-0.10312223,-0.1473189,-0.13409276,-0.07302253,-0.011356941,0.01039935,-0.025440902,-0.079746835,-0.10995264,-0.08082946,-0.00992843,0.062505275,0.08984314,0.0571661,-0.0018254535,-0.04792721,-0.024530658,0.039981708,0.10009559,0.10827054,0.053943552,-0.0245633
-0.027066594,-0.10628732,-0.15150079,-0.13627975,-0.07310116,-0.008257279,0.015541406,-0.018546125,-0.08181338,-0.10782327,-0.08112642,-0.0060835322,0.06764366,0.098419964,0.06358481,-0.0010563829,-0.04210494,-0.025451913,0.03762805,0.10106078,0.11323376,0.056705013,-0.026163898,-0.081954606
0.025394844,0.0105645405,-0.016139325,-0.02781291,-0.013161583,0.030072276,0.07309847,0.09330923,0.08327131,0.06284183,0.04073644,0.054188903,0.086563684,0.11605093,0.12168361,0.10060144,0.06578447,0.020890329,0.013388023,0.03875261,0.058000714,0.054214165,0.024043012,-0.02437356
0.03227823,0.030344546,-0.034484684,-0.11248836,-0.15571697,-0.1316649,-0.06577922,-0.0009040685,0.010599113,-0.0349137,-0.10099294,-0.12881844,-0.09463184,-0.014080007,0.059715927,0.0815596,0.04229975,-0.030925222,-0.06611278,-0.031676605,0.042251997,0.105080396,0.1085787,0.04791678
0.05462391,0.1256153,0.13123332,0.06959626,-0.020403013,-0.08074339,-0.07670058,-0.014044614,0.046180394,0.044078127,-0.017031102,-0.110952236,-0.16727561,-0.15230787,-0.076260924,0.002210023,0.024423726,-0.017658565,-0.09706581,-0.1367817,-0.10096008,-0.00788462,0.083806634,0.11513888
0.023433944,-0.024243152,-0.04109622,-0.014945857,0.04048877,0.093460165,0.11237818,0.08495135,0.039993715,0.018953882,0.035025675,0.08576639,0.13090092,0.13565123,0.09280486,0.031490844,-0.0049408213,-0.00540544,0.037553225,0.07695695,0.07431314,0.025452105,-0.037642248,-0.075941905
-0.079473734,-0.04827757,0.039777104,0.12918171,0.16004886,0.11465503,0.03648502,-0.01321173,0.0075360658,0.08130837,0.15968609,0.17322761,0.11426233,0.01666707,-0.04890753,-0.043724764,0.02393623,0.095428936,0.10547653,0.03862067,-0.061908323,-0.12372776,-0.108744554,-0.026925338
0.075768806,0.07121266,0.031010192,-0.028632859,-0.07212512,-0.07619139,-0.052577958,-0.030017069,-0.037107628,-0.07381378,-0.12844732,-0.16089064,-0.15435953,-0.11127346,-0.064123735,-0.043838345,-0.060784847,-0.09393107,-0.10974939,-0.0813746,-0.021672808,0.03854301,0.06585173,0.04880931
0.04651175,0.027827473,-0.0046186405,-0.018800722,0.0056151208,0.06289338,0.120579116,0.14455104,0.12944505,0.09496811,0.06866283,0.08680293,0.12777327,0.16691695,0.16956483,0.1293725,0.069294795,0.019344758,0.01703397,0.048468854,0.07590444,0.070497334,0.024729889,-0.036657106
-0.1267513,-0.07644693,-0.039346565,-0.029512607,-0.059147295,-0.10411808,-0.13179602,-0.10871987,-0.049107917,0.0043501672,0.029629886,0.008579665,-0.032198284,-0.05620515,-0.033492304,0.021628002,0.07517843,0.091217,0.056597546,-0.00059232395,-0.039975505,-0.030556073,0.008866052,0.049313348
-0.07677147,-0.1261215,-0.1582959,-0.15085989,-0.11576841,-0.0732523,-0.05646653,-0.071971245,-0.10186233,-0.10682818,-0.083979756,-0.02966379,0.024510147,0.049218655,0.03597037,0.0062016593,-0.00778801,0.0026272584,0.040867824,0.08084242,0.08440098,0.048757736,-0.004285953,-0.045918748
-0.02515229,0.014371828,0.08961072,0.16424876,0.19570044,0.18008311,0.1417572,0.12039178,0.14392748,0.19646466,0.24361731,0.24449521,0.19940428,0.11911738,0.06644494,0.06407678,0.1007807,0.118892476,0.10580671,0.044430092,-0.038201176,-0.088929035,-0.08182662,-0.03812355
-0.033599827,-0.025953867,0.02692835,0.078320354,0.08840136,0.043350548,-0.02766552,-0.08359216,-0.086298026,-0.04475747,0.0042225476,0.010797125,-0.029665288,-0.09783178,-0.14470622,-0.13625622,-0.07967585,-0.009108987,0.016871298,-0.014553643,-0.06916373,-0.100780405,-0.07645525,-0.008508059
-0.084715955,-0.025781171,-0.028986927,-0.08603888,-0.16967458,-0.22177759,-0.21937245,-0.15413679,-0.086484745,-0.06535484,-0.09581213,-0.16267477,-0.19440325,-0.17105046,-0.084272176,0.005894554,0.048557498,0.02163296,-0.045081317,-0.08354682,-0.06047042,0.015968693,0.09180573,0.10954152
0.10161717,0.19550247,0.23239736,0.20247735,0.14687434,0.108615264,0.12898086,0.19950269,0.2683444,0.2714108,0.21562637,0.12502061,0.053646993,0.046213422,0.09455866,0.14069508,0.12935969,0.068056315,-0.02795018,-0.0961695,-0.088681854,-0.021715317,0.04886465,0.07534739
-0.023906128,-0.046719454,-0.0053728493,0.074568965,0.15185496,0.17344564,0.14490688,0.09101635,0.06231424,0.08589286,0.15379481,0.2109273,0.21307813,0.1597193,0.07920691,0.017013276,0.010646658,0.061674125,0.10950764,0.09793258,0.0340535,-0.051694863,-0.10705352,-0.08956459
-0.023785368,-0.011173932,0.042441063,0.093504936,0.10145186,0.05808249,-0.007778564,-0.055757023,-0.053131547,-0.013772617,0.029657617,0.031424865,-0.009104998,-0.07655819,-0.12241365,-0.11486101,-0.059095062,-0.0003414771,0.018944526,-0.012055403,-0.06627354,-0.09628536,-0.072584406,-0.0075225597
-0.044659168,0.04699049,0.12626307,0.15248668,0.11498811,0.046133637,0.0026267748,0.027327452,0.1050849,0.16381045,0.1814843,0.12493247,0.037732832,-0.027056191,-0.016533483,0.04331241,0.10132192,0.10722992,0.050996233,-0.046182536,-0.10594853,-0.0875871,-0.017097594,0.058125336
-0.056602675,0.00046218283,0.015580159,-0.0027148423,-0.03458014,-0.053309627,-0.03404433,0.025901757,0.08678485,0.10938681,0.096226014,0.057638075,0.030237691,0.041801464,0.0854002,0.12614489,0.1293505,0.10178262,0.037358094,-0.009337425,-0.013053543,0.01609969,0.047122035,0.051101178
0.12108881,0.059551567,-0.023112943,-0.08455425,-0.080249645,-0.020936448,0.04216532,0.052066457,-0.0053498796,-0.085411474,-0.1465672,-0.13009699,-0.06192343,0.01632889,0.03929515,-0.005279116,-0.08112245,-0.13095272,-0.103076614,-0.016628211,0.072136916,0.1002884,0.058053445,-0.018311234
-0.031594116,-0.02155081,0.035483494,0.09239173,0.10605297,0.061678495,-0.0094855195,-0.06530213,-0.06614917,-0.020291798,0.029699357,0.037744164,-0.0057922592,-0.07744768,-0.13024183,-0.12267748,-0.065399475,0.0053533623,0.025903232,-0.008538405,-0.06774321,-0.105618685,-0.08045925,-0.010616264
-0.025294848,0.041638933,0.10847542,0.14298071,0.1276148,0.083417445,0.05049081,0.06299632,0.11588868,0.1643414,0.18248802,0.14474367,0.081208326,0.022558823,0.014770245,0.04945079,0.09259084,0.09739427,0.052467562,-0.019600427,-0.07429234,-0.07580671,-0.028880287,0.025908701
-0.11077749,-0.05198936,0.0018394206,0.025878584,0.0046092323,-0.042139094,-0.07806415,-0.06006987,1.1634468e-06,0.05659901,0.089088015,0.06476559,0.015248765,-0.029786656,-0.018175779,0.03297814,0.09001112,0.10279927,0.072087005,0.00051321404,-0.052660823,-0.05316466,-0.012778987,0.035572022
-0.0813329,-0.07631696,-0.0441093,-0.013408561,-0.015484441,-0.05246797,-0.10623385,-0.13907646,-0.1314376,-0.09420381,-0.050396975,-0.042601366,-0.0655751,-0.108959764,-0.12661889,-0.10542463,-0.04911175,0.0004931268,0.023907887,-0.0002859888,-0.04153198,-0.05927048,-0.041750196,0.005303977
0.036236282,0.0072725895,0.034372337,0.089149185,0.1352962,0.13930506,0.10105945,0.037541512,-0.0035233977,0.005067918,0.04476663,0.07901706,0.074890316,0.026430324,-0.03928506,-0.08019598,-0.07067807,-0.02498534,0.022246761,0.02873018,-0.009969986,-0.06182607,-0.08605575,-0.060197234
0.082552716,0.14728613,0.16937317,0.14629069,0.10704837,0.08421122,0.10435321,0.15844479,0.20346285,0.2005206,0.15891698,0.08947475,0.043365814,0.04136476,0.07985353,0.11100895,0.09902536,0.04879267,-0.02361856,-0.06880363,-0.059851564,-0.010296636,0.03779155,0.050425593
0.025463333,0.02932383,0.06651053,0.09999753,0.09974264,0.06062656,0.004484887,-0.040899143,-0.04837852,-0.028505336,-0.005153761,-0.009036439,-0.044134047,-0.09660125,-0.13366783,-0.12890486,-0.085040316,-0.040781867,-0.01920649,-0.03366893,-0.066680945,-0.080855265,-0.05672304,-0.00042692779
0.047743153,-0.011987278,0.0031897523,0.058223613,0.10853626,0.106028445,0.04663142,-0.05088255,-0.11983813,-0.12068528,-0.07131961,-0.019019704,-0.015209253,-0.064563654,-0.1435597,-0.19168548,-0.17331736,-0.097510956,-0.011480189,0.017463533,-0.014752711,-0.0722263,-0.10263903,-0.06644706
0.034082215,-0.048363093,-0.08463533,-0.054929707,0.026240902,0.10209581,0.12822549,0.083141096,0.006500746,-0.028698793,-0.002874363,0.076021925,0.14556473,0.16421007,0.108866364,0.01967566,-0.038896292,-0.027890578,0.042017173,0.10669313,0.11197863,0.04462146,-0.05100797,-0.10651713
0.07096277,0.07951929,0.04511321,-0.015113865,-0.060004093,-0.06536376,-0.036203034,0.00056372903,0.004371939,-0.03178263,-0.08631744,-0.12887774,-0.12587787,-0.0835037,-0.029983612,-0.0077608866,-0.029652515,-0.06978064,-0.09715422,-0.080974676,-0.022057619,0.039555594,0.069548704,0.05176518
0.0279641,0.03533142,0.081501335,0.120731555,0.12679607,0.08238897,0.019127497,-0.034246754,-0.042605318,-0.017768668,0.011740459,0.010452057,-0.034474965,-0.09354558,-0.13922918,-0.13709526,-0.09833044,-0.036229473,-0.013425115,-0.038609847,-0.07628804,-0.09667191,-0.06877018,-0.0021554811
0.11340803,0.03782323,0.0066898554,0.025177453,0.08441512,0.13635306,0.1459722,0.09087068,0.0067565907,-0.041496787,-0.035554904,0.014892104,0.06422887,0.07109868,0.017252458,-0.06232347,-0.111869685,-0.09850867,-0.03081018,0.03522398,0.055264954,0.011787156,-0.051657006,-0.08376521
-0.16539752,-0.09594475,-0.040247902,-0.018756846,-0.052880276,-0.10886912,-0.14761995,-0.11769578,-0.039921716,0.033454917,0.07002201,0.039947987,-0.012318127,-0.05648197,-0.031595163,0.043527905,0.12190435,0.13341759,0.08688782,0.0053753043,-0.054239567,-0.05110786,0.0023508603,0.053071164
0.04135375,0.0016354931,0.03337717,0.099537656,0.15833573,0.15992141,0.110128455,0.027304279,-0.02552806,-0.0147546,0.03391668,0.08153016,0.0766942,0.022458708,-0.06485291,-0.12220117,-0.11586088,-0.04272005,0.017625615,0.03173095,-0.010410551,-0.07683697,-0.107564285,-0.07062213
0.13434541,0.096545726,0.08595864,0.09738017,0.13053206,0.15892999,0.16411057,0.12692185,0.074378036,0.035041884,0.023387602,0.043315448,0.06027123,0.05559722,0.014165478,-0.042311464,-0.080816455,-0.08208642,-0.042585876,-0.0036359597,0.011341673,-0.006815212,-0.03837724,-0.050460607
-0.044398565,0.008393448,0.012608855,-0.027069326,-0.08640529,-0.12632713,-0.12173025,-0.06749086,-0.010536989,0.0032587713,-0.022002287,-0.07581486,-0.10661545,-0.0913133,-0.030620879,0.03196094,0.055421915,0.031932108,-0.02332435,-0.060246777,-0.045432623,0.009355527,0.06433994,0.08027054
0.10739702,0.03134389,-0.00626267,-0.00055101275,0.050107624,0.10342144,0.116508886,0.062094428,-0.018628608,-0.07109746,-0.077351935,-0.023122136,0.03015693,0.04527954,-0.0023311027,-0.08048821,-0.13217972,-0.124312006,-0.048664227,0.025279691,0.055182714,0.024438526,-0.038337186,-0.07605037
0.026484292,-0.027961995,-0.0064825313,0.059837695,0.12252572,0.1340563,0.08520599,-0.004721991,-0.06761424,-0.06279252,-0.010038893,0.047934815,0.060783096,0.008378786,-0.08014484,-0.13956082,-0.12737232,-0.05918232,0.018894654,0.04627611,0.005901422,-0.066302404,-0.10798999,-0.08424649
-0.11093803,-0.053202808,-0.007523319,-0.00362964,-0.048896164,-0.12109138,-0.17171773,-0.1575858,-0.09857442,-0.042710617,-0.01881398,-0.05802607,-0.11652299,-0.15247235,-0.12540404,-0.053293206,0.016988,0.05191216,0.017678803,-0.04957304,-0.084424764,-0.06293141,0.0037675002,0.06986884
0.06341896,0.10900419,0.1093408,0.061835494,-0.007178557,-0.05573011,-0.057734836,-0.02204747,0.0142336385,0.0087932795,-0.041354235,-0.11071257,-0.1542988,-0.142226,-0.091659985,-0.033020448,-0.0148804085,-0.037312705,-0.09283678,-0.11438664,-0.08300547,-0.012248545,0.06044021,0.08772134
0.20863478,0.14769885,0.072190575,0.021804368,0.048501126,0.13149692,0.21281388,0.22070454,0.14779043,0.049050972,-0.02302421,-0.008601052,0.05994942,0.13124385,0.13561378,0.05555058,-0.057592634,-0.12727271,-0.10150824,-0.012478436,0.07684117,0.09766031,0.03798357,-0.0512001
-0.20488349,-0.17404704,-0.09690613,-0.016589072,0.00834973,-0.030743787,-0.10367005,-0.13809958,-0.100917704,-0.009460376,0.082229994,0.109207734,0.073141485,-0.012403666,-0.055932645,-0.026387066,0.061101586,0.13028541,0.14250903,0.07156424,-0.030192507,-0.09639407,-0.0835622,-0.021672826
-0.0476349,-0.13133709,-0.18730094,-0.1844091,-0.13504778,-0.07328615,-0.049897697,-0.08383155,-0.1454832,-0.17192286,-0.15132439,-0.0766647,0.002879832,0.04249009,0.01971177,-0.031840872,-0.061912727,-0.047438286,0.01901795,0.0915742,0.1115397,0.06798723,-0.008666735,-0.068790495
0.066642925,-0.003681407,-0.034758057,-0.0063022985,0.07622654,0.1618658,0.20321138,0.16736785,0.09572957,0.052735183,0.06741437,0.13719983,0.20263234,0.22163491,0.16753991,0.06801009,-0.010700054,-0.016127924,0.043475628,0.10256441,0.10917575,0.050576154,-0.04756708,-0.11173803
0.09680374,0.09475992,0.037604235,-0.046262525,-0.102675945,-0.10182059,-0.05913303,-0.016711978,-0.017103067,-0.071598545,-0.15061103,-0.19076455,-0.17599761,-0.10921403,-0.04596254,-0.025067685,-0.05830474,-0.11193915,-0.134678,-0.09516693,-0.009704808,0.06835033,0.09659472,0.06459625
0.0823676,0.18066774,0.21871836,0.18894073,0.12852386,0.08629436,0.105060145,0.18105048,0.25676778,0.26810905,0.21294385,0.11896941,0.046328694,0.038290016,0.0910005,0.14833243,0.14810519,0.08439651,-0.02144897,-0.09345618,-0.08929594,-0.022800256,0.054187175,0.081684195
-0.08659605,-0.046716865,-0.014482901,-0.012745782,-0.04978226,-0.104138665,-0.1434917,-0.13664715,-0.096044645,-0.055959716,-0.037470218,-0.06791278,-0.10863246,-0.13565794,-0.11425801,-0.061759785,-0.006699844,0.022517452,0.0007329423,-0.043553278,-0.067615524,-0.047088575,0.003954818,0.053510197
-0.10668208,-0.09437889,-0.040395778,0.010048619,0.010572636,-0.043475397,-0.12235858,-0.17254494,-0.15828586,-0.099664085,-0.039186977,-0.025816958,-0.06619948,-0.13415077,-0.170463,-0.14309016,-0.063413866,0.0111542065,0.03930154,0.00074235117,-0.06355648,-0.09463878,-0.06637587,0.0063380445
-0.08425984,-0.01786081,-0.018246982,-0.076315336,-0.15838511,-0.21088456,-0.2043003,-0.13261719,-0.056835793,-0.032365397,-0.064748526,-0.13089709,-0.16971444,-0.14316486,-0.05514904,0.037732266,0.07333965,0.045340482,-0.029410036,-0.078051105,-0.056829803,0.018602956,0.09500614,0.11339277
0.023336725,-0.051268212,-0.09862104,-0.105390385,-0.07754761,-0.045387108,-0.04382275,-0.087868296,-0.15258442,-0.1892442,-0.18499821,-0.13653208,-0.08073068,-0.054618217,-0.077862516,-0.119427115,-0.13778245,-0.11527047,-0.04754388,0.02254946,0.05455119,0.032087713,-0.013268117,-0.043538786
0.018352885,0.03259575,-0.001225944,-0.042837992,-0.055006374,-0.019075995,0.048447173,0.11383093,0.1327492,0.10529207,0.06643593,0.045720495,0.068422966,0.12263849,0.17426164,0.17557584,0.12407146,0.054175947,0.009670403,0.014009083,0.051463243,0.08411973,0.07053373,0.014211157
-0.046423547,0.00633321,0.015130019,-0.0073221717,-0.046659995,-0.06588304,-0.047694363,0.010530393,0.06855082,0.08761656,0.06655372,0.024490505,0.0018534585,0.013782061,0.0591345,0.108427174,0.12315904,0.08577158,0.021904126,-0.01604617,-0.01545872,0.017308304,0.053745084,0.05340189
0.09917231,0.12379252,0.10641295,0.06481126,0.035328433,0.044755634,0.088293605,0.13383305,0.14832869,0.11698252,0.059692718,0.017060451,0.011566114,0.0433947,0.08085884,0.08692423,0.049306136,-0.010284081,-0.05585221,-0.052222088,-0.011597648,0.037868083,0.056458976,0.03205116
-0.042624086,-0.12989697,-0.18229009,-0.17490855,-0.11635914,-0.053565916,-0.033818185,-0.07426485,-0.14275281,-0.17138867,-0.14546001,-0.06575745,0.01472206,0.050735123,0.01970089,-0.044043947,-0.08219227,-0.056873284,0.018411087,0.09133173,0.11167847,0.060982693,-0.021362642,-0.07779086
0.0073346244,0.014326962,-0.045630023,-0.12761758,-0.18107742,-0.16810586,-0.1080101,-0.03934762,-0.019621162,-0.056528118,-0.121511444,-0.15823053,-0.1302857,-0.051298384,0.03088807,0.06308441,0.03237154,-0.032010637,-0.07578256,-0.04795309,0.026172072,0.09787914,0.11457662,0.06256721
0.06542588,0.14502925,0.17486146,0.14907767,0.09605102,0.06070674,0.075365715,0.13657722,0.19715181,0.20508295,0.16017725,0.080310084,0.022324234,0.015042488,0.06084006,0.10978257,0.11269574,0.060350876,-0.025235632,-0.08213509,-0.07737714,-0.019238126,0.046729144,0.06894409
-0.11028927,-0.16688062,-0.15099947,-0.078776255,0.00056621665,0.022722254,-0.017096527,-0.087640956,-0.13349369,-0.106415845,-0.018007021,0.06475528,0.09694308,0.060930345,-0.013055509,-0.06588029,-0.053953312,0.028886788,0.1068764,0.11831769,0.06339913,-0.033239946,-0.10071025,-0.092734784
-0.015439909,-0.029904567,0.0020392253,0.06673697,0.12966038,0.15646596,0.14495134,0.10987424,0.08921847,0.10816902,0.15721332,0.19884217,0.20463222,0.1639646,0.10176887,0.05273515,0.043842647,0.070498906,0.09589174,0.08636253,0.0346335,-0.034166493,-0.07908577,-0.07670326
0.04984092,-0.02167049,-0.055562362,-0.026588654,0.053031567,0.13186051,0.16797504,0.13540988,0.07059657,0.03173501,0.049124476,0.12204778,0.18851605,0.20985855,0.15511872,0.06564238,0.00033085633,-0.0040928274,0.05537844,0.11448148,0.11893684,0.053073704,-0.044728436,-0.10594036
-0.06686042,-0.017179953,-0.00887116,-0.02591977,-0.053731717,-0.06300773,-0.038574878,0.019331375,0.07688631,0.102028474,0.088707864,0.059219584,0.03970648,0.055391047,0.09767298,0.14210449,0.1480655,0.11446845,0.049977146,0.008293134,0.002362315,0.025328929,0.051041197,0.043781064
0.11099379,0.02932828,-0.007197749,0.009527128,0.073028505,0.13459626,0.15177058,0.09580187,0.008013966,-0.045891833,-0.041236848,0.016651642,0.07465564,0.088589236,0.034216877,-0.057450507,-0.11766937,-0.10642739,-0.030858342,0.04485234,0.067945845,0.026344461,-0.049988117,-0.0912203
-0.104363896,-0.04807957,-0.0051882514,-0.0012739011,-0.04642973,-0.11530685,-0.16145656,-0.14490266,-0.08563555,-0.031189296,-0.010176567,-0.048552513,-0.105595455,-0.13796343,-0.111308224,-0.041340698,0.027031874,0.056669496,0.01901788,-0.043946214,-0.07840178,-0.056595463,0.0069813645,0.069870666
-0.1222716,-0.1494778,-0.13795449,-0.091970176,-0.04496646,-0.028604869,-0.049735762,-0.08303365,-0.09580148,-0.067797,-0.0059874295,0.049861144,0.07372674,0.05158313,0.013300126,-0.0061996086,0.011628004,0.055317353,0.100101784,0.096554965,0.053454448,-0.010517267,-0.053123467,-0.05574823
0.073733054,0.044188365,0.071731694,0.12361967,0.16857854,0.16850163,0.12763415,0.05936472,0.0125096245,0.010410752,0.041180763,0.069352694,0.06348032,0.013763346,-0.05955018,-0.10824661,-0.10530108,-0.05488498,-0.0042418926,0.007993148,-0.020767458,-0.07061328,-0.090484224,-0.060139813
