0.01903775,0.06972511,0.11407282,0.117441796,0.07422977,0.010492724,-0.033607192,-0.033432055,0.0004969649,0.03203008,0.026422234,-0.021982275,-0.08707629,-0.12831227,-0.12132218,-0.07561624,-0.02946798,-0.01819149,-0.04774352,-0.0929937,-0.11431318,-0.086877316,-0.022145014,0.040332384
0.06095836,0.030103127,0.039847042,0.08114902,0.11980295,0.12106201,0.07566023,0.0071784547,-0.044299167,-0.052205045,-0.024004688,0.005830936,0.0029370287,-0.042325214,-0.105138265,-0.14595099,-0.13792108,-0.089829594,-0.03834365,-0.018427184,-0.039451804,-0.07783009,-0.094296776,-0.06469944
-0.008858394,-0.0019996522,-0.031191848,-0.07825778,-0.11064772,-0.10596535,-0.06776207,-0.023780249,-0.004490699,-0.020968301,-0.055746816,-0.076875195,-0.062065955,-0.015512651,0.03454424,0.057007756,0.040706668,0.0033863687,-0.022354761,-0.014035292,0.023808131,0.063085794,0.07311478,0.043957286
-0.0075048995,0.0060214945,-0.029721571,-0.086556375,-0.11813784,-0.09472127,-0.026212592,0.044719156,0.076348,0.055966087,0.010624645,-0.014580868,0.009276516,0.07319337,0.13597512,0.15592325,0.121319,0.058876377,0.013459333,0.015769891,0.058444172,0.101325214,0.102963306,0.051440146
-0.15065828,-0.081920974,-0.0057355254,0.02327333,-0.012239544,-0.07942005,-0.12039783,-0.09422692,-0.010179235,0.07903674,0.11731628,0.08689171,0.01936431,-0.026201213,-0.009171905,0.063111395,0.13796288,0.1588288,0.10906228,0.020773692,-0.046192672,-0.04843616,0.006808665,0.06598485
0.043643985,0.112478524,0.13789076,0.10824845,0.052087594,0.016820494,0.03342658,0.09261397,0.15077639,0.16448261,0.12148125,0.050853424,0.0007230032,0.0033047171,0.04989905,0.09834563,0.10383075,0.055089466,-0.018611979,-0.06886442,-0.062980995,-0.00930805,0.048082955,0.06470467
0.07315204,0.15538974,0.19401439,0.17308207,0.120063975,0.08514068,0.10251708,0.164542,0.22645147,0.2420759,0.19557637,0.1157713,0.054134272,0.04655482,0.085963115,0.12978142,0.13012052,0.0729238,-0.012107491,-0.07307867,-0.07420109,-0.02300242,0.03659596,0.057461184
-0.025661679,-0.113088585,-0.16347758,-0.1381776,-0.054611314,0.027629761,0.052052103,0.0076082298,-0.064309865,-0.10167293,-0.06644171,0.023908427,0.10973465,0.13435449,0.086650394,0.007183842,-0.04026357,-0.017531024,0.058533613,0.12783404,0.13515215,0.06999002,-0.026201218,-0.08957329
0.05463816,0.027276196,0.035443824,0.070968136,0.10367756,0.10389228,0.06404078,0.0041356045,-0.041188516,-0.04859811,-0.024563182,0.0007983973,-0.0020169227,-0.041058626,-0.09522091,-0.13057083,-0.12346811,-0.08131333,-0.036409575,-0.018555341,-0.035732247,-0.068203926,-0.082344174,-0.05617018
0.07541302,0.07769776,0.03123914,-0.039617803,-0.09236101,-0.10021157,-0.068759985,-0.034564234,-0.033940922,-0.076879516,-0.13875516,-0.1789458,-0.17038015,-0.12065318,-0.06509852,-0.042220037,-0.06231716,-0.10178545,-0.12164664,-0.09537754,-0.030652756,0.035994776,0.06617915,0.048279993
-0.0071020364,0.06760026,0.1421229,0.1752055,0.15505804,0.11148238,0.08921149,0.114902094,0.17561772,0.23097013,0.23988286,0.19322574,0.12073633,0.0697338,0.067512244,0.10348428,0.13654655,0.12719783,0.06655704,-0.014144649,-0.06698676,-0.064694226,-0.01958146,0.02847537
0.05745522,0.11665073,0.13480969,0.10540269,0.05686457,0.031215543,0.051689122,0.10532808,0.15226308,0.15683831,0.11245508,0.04849516,0.007528802,0.013905605,0.05521866,0.092593834,0.0893948,0.040039424,-0.025757102,-0.06498235,-0.053672478,-0.004157052,0.043533545,0.053155918
-0.02245761,0.073975146,0.16960098,0.21075954,0.181889,0.12011651,0.08531084,0.11586067,0.19516833,0.26885507,0.28240234,0.22303542,0.12864652,0.06218858,0.06143623,0.11368422,0.16222836,0.15485035,0.08030895,-0.022991015,-0.091322154,-0.08637877,-0.023879344,0.041391153
-0.06207099,-0.114755094,-0.11098754,-0.06401316,-0.018863698,-0.01953338,-0.075018585,-0.15196486,-0.19863215,-0.18531074,-0.124696225,-0.06326187,-0.046084147,-0.083351076,-0.1416678,-0.17046718,-0.13895673,-0.06202253,0.012325411,0.03840392,0.0062349816,-0.050513633,-0.080323905,-0.05468029
0.16256978,0.19530432,0.15187344,0.07227073,0.023626897,0.04720029,0.12793674,0.20548177,0.2204538,0.15861312,0.060297728,-0.007241855,-0.0008800483,0.06459307,0.13036421,0.13684772,0.06913875,-0.031502888,-0.09696949,-0.08399953,-0.007888962,0.07065083,0.092880175,0.042836063
0.02163623,-0.023009164,-0.08909776,-0.12932704,-0.11332291,-0.05209662,0.0106387315,0.03164927,0.0019034296,-0.05017165,-0.07784425,-0.05230387,0.01505808,0.080421664,0.10172211,0.06881242,0.011819644,-0.023429682,-0.008283749,0.046451513,0.09789447,0.10470995,0.058139298,-0.013127251
-0.076468945,-0.14060241,-0.13899279,-0.084044635,-0.027817897,-0.02298663,-0.08238379,-0.16955046,-0.22470345,-0.2108084,-0.13961697,-0.064542145,-0.039424248,-0.07842428,-0.14567009,-0.18234766,-0.15047276,-0.06350493,0.023419306,0.055808786,0.019684967,-0.04850121,-0.089627415,-0.06639617
0.029195474,0.051712386,0.107474774,0.15696026,0.1629202,0.117243834,0.048347037,0.00038469056,-0.0011326986,0.033579875,0.06543797,0.05703248,0.00070247403,-0.07439388,-0.12308693,-0.11865922,-0.072377905,-0.024368005,-0.013883517,-0.049567487,-0.1013184,-0.123648375,-0.09216022,-0.021051422
0.042289335,0.08180558,0.08338935,0.039754566,-0.023846474,-0.06842081,-0.069192685,-0.036241904,-0.004689768,-0.007284596,-0.05080413,-0.110253125,-0.14612459,-0.13491747,-0.08719575,-0.038696855,-0.023787199,-0.049012575,-0.09012124,-0.10778167,-0.07967933,-0.018026035,0.040618733,0.06331137
-0.12855268,-0.12758341,-0.07685648,-0.02201926,-0.012296979,-0.062482223,-0.13969305,-0.1897656,-0.17851521,-0.11531886,-0.045957495,-0.020113602,-0.053413074,-0.11419655,-0.14990054,-0.1261808,-0.052760392,0.024486162,0.055469632,0.023350453,-0.04022529,-0.0813403,-0.06622652,-0.0034111373
-0.020195303,-0.086003184,-0.1248813,-0.106486805,-0.042844824,0.02237696,0.044755563,0.013571529,-0.04105517,-0.07149191,-0.047403786,0.02010905,0.087259695,0.109676175,0.075405,0.014114121,-0.025563251,-0.012679258,0.042936217,0.09787636,0.10742531,0.059045065,-0.016319966,-0.06811972
0.1214843,0.14978391,0.13729641,0.1046616,0.086159125,0.10517966,0.15388833,0.19959185,0.20943066,0.1755168,0.118864514,0.07580413,0.07027559,0.096419334,0.12266219,0.116932355,0.070563465,0.00589668,-0.040520262,-0.043619342,-0.009577234,0.029130885,0.038874604,0.011823792
0.07800342,0.022110153,-0.059431784,-0.114861816,-0.11143311,-0.062699966,-0.015462319,-0.014440101,-0.06731407,-0.14137247,-0.18512689,-0.16784006,-0.102593295,-0.03758008,-0.017214233,-0.05109415,-0.10625726,-0.13274843,-0.10052389,-0.02329462,0.050563436,0.07586481,0.043551672,-0.015091559
0.0018560167,0.02244237,0.088688195,0.15321825,0.16677281,0.1151674,0.031880815,-0.027443137,-0.028744387,0.018425206,0.06694598,0.067654975,0.0072109173,-0.08066411,-0.13976516,-0.13487251,-0.07668685,-0.012926678,0.005601565,-0.035857666,-0.10215051,-0.13712016,-0.10795844,-0.02760193
0.025475811,-0.050241522,-0.104279675,-0.10764744,-0.06885028,-0.029344304,-0.030316453,-0.08196201,-0.153813,-0.19961828,-0.18980357,-0.13444713,-0.07544852,-0.055685308,-0.0851371,-0.13553852,-0.15963432,-0.12955697,-0.056808926,0.015797555,0.045004595,0.020656023,-0.028156232,-0.05586036
-0.029668124,-0.0681441,-0.0704443,-0.04014548,-0.0058832713,-0.00070568384,-0.03474684,-0.08711694,-0.12290338,-0.11957204,-0.08141982,-0.03802762,-0.023013432,-0.046802107,-0.087935336,-0.11218778,-0.096636586,-0.047367025,0.005128699,0.02610924,0.006411719,-0.031501602,-0.054139167,-0.04154149
0.07353084,0.16066843,0.18588443,0.13950425,0.06472783,0.025818609,0.058462296,0.14169781,0.2148041,0.22379327,0.15906267,0.06459543,0.0052599967,0.018150069,0.08380999,0.14283906,0.14014633,0.06739686,-0.031871755,-0.09162705,-0.07434153,0.000373911,0.07133746,0.08416256
-0.041490406,-0.11093554,-0.1544274,-0.14144504,-0.08243293,-0.022018844,-0.004851383,-0.039055247,-0.09386207,-0.12318921,-0.09744236,-0.027084116,0.043752808,0.069876246,0.04043787,-0.013959533,-0.04680371,-0.02832826,0.033787705,0.09440315,0.10697653,0.061155774,-0.010690899,-0.060920306
-0.009180695,-0.05357198,-0.11000345,-0.14321552,-0.13342392,-0.091662854,-0.05094551,-0.042280655,-0.068889186,-0.10698251,-0.121562876,-0.09455245,-0.037713826,0.015095761,0.03346381,0.01272945,-0.021945607,-0.03656851,-0.013884461,0.0349623,0.07685041,0.08160756,0.045628212,-0.0061998134
-0.057423882,-0.039244585,0.012406234,0.064488865,0.08597054,0.0685654,0.031646423,0.00986707,0.02632498,0.07383119,0.1198176,0.13240913,0.10311384,0.052235715,0.015349976,0.017077323,0.051364265,0.08484743,0.08593403,0.04641489,-0.012715076,-0.05483922,-0.05316072,-0.016712025
-0.14635995,-0.10227452,-0.05286337,-0.035799317,-0.061751954,-0.106646195,-0.12967943,-0.10432314,-0.03839477,0.030606546,0.064065285,0.049889006,0.011024022,-0.011483418,0.008705914,0.0651207,0.12089758,0.13717817,0.102306224,0.039851077,-0.008013903,-0.012522011,0.020704683,0.054927856
0.032675005,0.050421923,0.00023802908,-0.07412654,-0.10919187,-0.06925594,0.02622565,0.11744564,0.14839785,0.107524335,0.037105314,0.0007529267,0.0346,0.12010539,0.19759211,0.21132232,0.14985333,0.056650963,-0.0027023854,0.009053201,0.0737354,0.13195832,0.12844367,0.053226896
-0.14977047,-0.13029884,-0.060774088,0.007388125,0.024485596,-0.019846804,-0.088903464,-0.12462359,-0.09516377,-0.016857117,0.058208805,0.08099329,0.04037758,-0.026465092,-0.06426764,-0.03925082,0.031608872,0.09684077,0.10951774,0.057717763,-0.022602104,-0.07394289,-0.06228829,-0.002994409
-0.020018252,-0.063212775,-0.13255873,-0.18239453,-0.17942536,-0.1290372,-0.06803271,-0.039047696,-0.05701907,-0.10086337,-0.12622933,-0.10223104,-0.03474543,0.03847581,0.07561812,0.060422875,0.015219148,-0.01636899,-0.003619636,0.047497675,0.100995965,0.11630875,0.07801576,0.0078042885
-0.04838235,-0.11264499,-0.15197079,-0.14168185,-0.09289935,-0.04322952,-0.028781889,-0.05768795,-0.10260329,-0.12354853,-0.096067965,-0.032133576,0.02956118,0.052417893,0.028738564,-0.015368098,-0.038059086,-0.015658118,0.039121024,0.08802507,0.09569472,0.055135,-0.006725868,-0.048114203
0.1420207,0.16829301,0.142084,0.09326658,0.0665194,0.08902457,0.14887498,0.20311275,0.20998043,0.1621733,0.08992766,0.040007744,0.04120379,0.0824159,0.12146915,0.11662406,0.05953072,-0.017626172,-0.06732192,-0.060337353,-0.008126419,0.044802614,0.055909798,0.018170374
0.08816602,0.09387435,0.03865569,-0.04248351,-0.09427307,-0.08503842,-0.02794258,0.026577532,0.032142624,-0.020274675,-0.09537222,-0.13945498,-0.12047136,-0.052952364,0.013577624,0.031212,-0.009218654,-0.07252886,-0.10589741,-0.07751536,-0.0025526118,0.069159195,0.08997861,0.050586022
-0.0172451,-0.005710287,0.050168045,0.10615632,0.11603025,0.06629919,-0.013139633,-0.07145603,-0.07551267,-0.032374,0.014721838,0.020247066,-0.02949918,-0.104954734,-0.15571885,-0.14839512,-0.090855226,-0.026648013,-0.0022505897,-0.032550074,-0.088891104,-0.120693006,-0.09566169,-0.022342967
0.05626562,0.032340374,0.049272474,0.100333676,0.15155672,0.16718614,0.13550973,0.078316465,0.03418896,0.030478945,0.061603203,0.09444148,0.09391937,0.048871905,-0.017411469,-0.06629665,-0.069944516,-0.034348305,0.0063909194,0.016873827,-0.013095446,-0.061664082,-0.090057366,-0.07299681
-0.1294138,-0.087917395,-0.046569724,-0.045735233,-0.094882,-0.16573784,-0.21072315,-0.19919538,-0.14172223,-0.08121317,-0.059230957,-0.08639993,-0.13501811,-0.1587787,-0.1291591,-0.0563976,0.015316078,0.04393561,0.019819444,-0.030136457,-0.060301047,-0.041302945,0.016741531,0.07059041
-0.009557676,0.0073832073,0.063550554,0.11462625,0.11877437,0.068727076,-0.0044201543,-0.054483034,-0.053046484,-0.010298601,0.030955758,0.029169258,-0.02362502,-0.096288584,-0.14164135,-0.13128676,-0.07539084,-0.017931852,-0.0027895274,-0.037622042,-0.09126952,-0.11738491,-0.08810012,-0.015294246
-0.030496953,-0.012129992,0.048546936,0.10525248,0.114542015,0.066181056,-0.009629757,-0.061729226,-0.058741935,-0.011187374,0.035642657,0.038914185,-0.011359728,-0.085168585,-0.13302253,-0.12263931,-0.065374926,-0.0069419784,0.010881879,-0.023086112,-0.08142151,-0.114666834,-0.08941668,-0.018169556
0.08078637,0.035802905,-0.031699885,-0.079638265,-0.08043303,-0.044015814,-0.008001461,-0.009425738,-0.05518285,-0.11906713,-0.15905796,-0.14932843,-0.09952093,-0.04844296,-0.032183588,-0.059595603,-0.10412459,-0.12546791,-0.09903882,-0.03493668,0.028160393,0.053304616,0.031889595,-0.011835815
-0.18197128,-0.122666955,-0.060135476,-0.045110162,-0.08960497,-0.15743092,-0.19232349,-0.16049872,-0.075802125,0.01001896,0.045782235,0.019089816,-0.035665944,-0.06250501,-0.029441988,0.05067715,0.12625438,0.14663634,0.10102549,0.024495838,-0.028213905,-0.023016019,0.029090326,0.07883322
-0.08577119,-0.047480665,0.05191771,0.149006,0.18171081,0.1374533,0.05794447,0.011903191,0.039728045,0.12457141,0.20329583,0.21620356,0.14982137,0.048401274,-0.01961398,-0.011392945,0.056298308,0.120335884,0.12199608,0.048540056,-0.05602231,-0.122270904,-0.10747024,-0.029491147
-0.021790126,-0.075865366,-0.15342698,-0.20487031,-0.19902913,-0.1465866,-0.08889192,-0.06842502,-0.0966219,-0.14699736,-0.17160368,-0.14100064,-0.06612293,0.01038925,0.04574071,0.026765734,-0.019269498,-0.044974346,-0.020707903,0.042270917,0.10248154,0.117804885,0.07528191,0.0027044683
0.18837512,0.15599447,0.09073036,0.05221884,0.07924878,0.15869865,0.23440938,0.25144765,0.19574319,0.105219476,0.040266953,0.041728314,0.09817164,0.1545834,0.15582317,0.087917775,-0.011778026,-0.08101555,-0.076990284,-0.011726649,0.057406265,0.07447587,0.025537932,-0.05130504
0.005944594,-0.03520871,-0.05448882,-0.027303288,0.0363901,0.10041749,0.12813286,0.11120474,0.07339049,0.052683365,0.073081546,0.12517463,0.17360686,0.18301333,0.14540459,0.08551469,0.042485625,0.041030314,0.07258391,0.10210694,0.09609276,0.046987835,-0.020370651,-0.06683033
-0.04467911,-0.11916184,-0.16455145,-0.14993368,-0.08901528,-0.028256785,-0.011755999,-0.0478469,-0.10413931,-0.13244341,-0.10268468,-0.028249329,0.043639943,0.06860836,0.03760138,-0.018212007,-0.049385794,-0.025988705,0.03927802,0.098961204,0.10918509,0.061513245,-0.01240556,-0.062453568
-0.06463468,-0.008800836,0.0025275543,-0.03734529,-0.09550678,-0.123408094,-0.092416644,-0.016759373,0.05671656,0.08356154,0.05540851,0.0043284404,-0.021311749,0.00756732,0.076633625,0.14012417,0.15316963,0.108087435,0.037700683,-0.008858903,-0.0011923555,0.047803164,0.09167947,0.087048896
0.00919626,0.053561095,0.088776216,0.081503846,0.028548896,-0.04227728,-0.08979971,-0.09115994,-0.05871956,-0.029526098,-0.037126742,-0.086063474,-0.14824528,-0.18332286,-0.16786128,-0.11436031,-0.06135384,-0.043963686,-0.068414666,-0.10758257,-0.12071968,-0.084792815,-0.013861874,0.051005546
-0.09827055,-0.10182577,-0.079186745,-0.057168983,-0.06230011,-0.101718314,-0.15444088,-0.18672363,-0.17966877,-0.14227913,-0.102436505,-0.08747163,-0.105303235,-0.13601092,-0.14766444,-0.12167996,-0.06787203,-0.015152072,0.009791899,-0.0024828352,-0.032795966,-0.047996286,-0.029665967,0.011851692
0.04703261,0.08664523,0.08881313,0.04579866,-0.018176569,-0.06509697,-0.06875821,-0.037785675,-0.0066712745,-0.008569349,-0.05105219,-0.11084272,-0.14929894,-0.1415194,-0.09558037,-0.046648562,-0.029461663,-0.05177134,-0.09191892,-0.111705996,-0.085879184,-0.024035474,0.03716183,0.06314662
-0.002303295,0.021463726,0.09969608,0.17492774,0.19005407,0.13093252,0.035213258,-0.033863775,-0.035489317,0.0196691,0.075686276,0.07624973,0.007280993,-0.09311287,-0.16161506,-0.15634184,-0.08868834,-0.015564588,0.0053116186,-0.040547635,-0.11579016,-0.15770765,-0.12531088,-0.03191211
-0.0134315835,-0.014034276,-0.05033645,-0.10016415,-0.12942861,-0.11847144,-0.07570695,-0.03225133,-0.017121071,-0.037391096,-0.07154082,-0.08648781,-0.06327963,-0.010911765,0.039557144,0.058183122,0.03828769,0.001225002,-0.019552292,-0.0047935345,0.03624263,0.07328391,0.07713625,0.041571826
-0.009207536,-0.042550527,-0.08723047,-0.11394074,-0.10466244,-0.06815178,-0.031758793,-0.02114436,-0.040186137,-0.07037448,-0.0828207,-0.061044693,-0.013971554,0.030220097,0.04610144,0.028839285,-0.0019923376,-0.018058904,-0.0024472175,0.035696846,0.068448804,0.07097944,0.040189534,-0.0051755304
-0.092524245,-0.04374811,0.008297138,0.021899804,-0.014950612,-0.07679333,-0.11841173,-0.10814724,-0.05344182,0.005771502,0.027169121,-0.0019914412,-0.056341395,-0.091003366,-0.076017335,-0.017532902,0.04348755,0.06473621,0.03458773,-0.022211289,-0.06168391,-0.05263011,-0.0009165106,0.053024158
-0.061981753,-0.115153566,-0.117245056,-0.076704726,-0.034172416,-0.030078925,-0.07571197,-0.14431676,-0.18949609,-0.18134554,-0.12758973,-0.06875768,-0.046919394,-0.07428295,-0.124451496,-0.15272795,-0.12823102,-0.060278222,0.009287605,0.03874033,0.015463694,-0.034991417,-0.06722336,-0.05068343
0.09428194,0.10662594,0.06010736,-0.01373769,-0.06367228,-0.05931565,-0.00956127,0.04161069,0.048749864,0.00027200428,-0.07269212,-0.11980181,-0.10915394,-0.051091105,0.010297551,0.028625973,-0.008974933,-0.0705916,-0.10552643,-0.08328335,-0.014778018,0.055310626,0.080024876,0.04701847
0.05212141,0.072376974,0.019487087,-0.06264041,-0.104966536,-0.06722272,0.0312967,0.12592444,0.15743402,0.11262637,0.034819208,-0.008650533,0.022918738,0.11074881,0.19191764,0.2073164,0.14474201,0.047604803,-0.016321706,-0.0047205174,0.06476978,0.12933034,0.13149004,0.058470886
0.07723833,0.030077478,0.0046217362,0.021926366,0.068811536,0.10906417,0.10984352,0.06655458,0.006103644,-0.032216866,-0.026681691,0.0105433,0.044125434,0.04111131,-0.0024658963,-0.060632836,-0.093709104,-0.08003349,-0.032731574,0.012601332,0.023559328,-0.005576629,-0.04948807,-0.06907568
0.018607516,0.051750913,0.051611602,0.0093719885,-0.052747715,-0.09870051,-0.10323273,-0.07399924,-0.042010635,-0.0389464,-0.07335613,-0.12465148,-0.1571937,-0.14696236,-0.10050814,-0.049813624,-0.027339766,-0.042580213,-0.07712925,-0.09532819,-0.07271591,-0.016404845,0.040641505,0.06536648
0.05794355,0.107173055,0.12429709,0.1039843,0.067385234,0.047913224,0.064882234,0.1077499,0.14461417,0.1475646,0.11142044,0.05851471,0.022796651,0.024603624,0.054536182,0.08137665,0.076406024,0.035474177,-0.019504417,-0.053751413,-0.04623945,-0.007369191,0.03022889,0.038464244
-0.19169758,-0.17811629,-0.11498356,-0.052685518,-0.038896613,-0.08171139,-0.14476708,-0.17350523,-0.13760152,-0.054028656,0.026319606,0.0556617,0.024156928,-0.031766437,-0.059374213,-0.027279103,0.0481234,0.11573289,0.12897058,0.07826972,-0.00029770922,-0.052004147,-0.04408698,0.008202253
-0.08084285,-0.063645214,-0.07326881,-0.11435552,-0.16518651,-0.19562797,-0.18765537,-0.15042084,-0.110564314,-0.0950205,-0.108956635,-0.13330847,-0.13886575,-0.10942864,-0.054036956,-0.00052849704,0.02478214,0.015370617,-0.010107629,-0.022194533,-0.0044905553,0.034449738,0.068664394,0.071175136
0.0275751,0.012006619,-0.016237728,-0.024070637,0.0077693793,0.07094477,0.13217911,0.1607701,0.1495597,0.11929608,0.10263251,0.12041699,0.16446258,0.20346016,0.20671791,0.16795605,0.10903408,0.063974045,0.055632856,0.07703527,0.096712634,0.084724486,0.035641998,-0.02757544
0.012368384,0.034241464,-0.003531747,-0.06708961,-0.09956227,-0.06480941,0.02345233,0.11193639,0.14991342,0.12329463,0.065400966,0.03212652,0.059194844,0.13385507,0.20461757,0.22088318,0.17015322,0.08601364,0.025025023,0.02493258,0.07400723,0.12154237,0.11888927,0.05323593
-0.068606436,-0.12736398,-0.1329452,-0.09219171,-0.046508238,-0.04151313,-0.09028003,-0.1638374,-0.2126201,-0.20440382,-0.14607935,-0.08063295,-0.054489978,-0.082229316,-0.1351192,-0.16488428,-0.1384375,-0.064535804,0.012569787,0.04527392,0.019680658,-0.034836676,-0.06960763,-0.053366624
-0.045522347,-0.02191777,0.036338504,0.09537494,0.121191666,0.105299324,0.06895018,0.04856209,0.06666718,0.115557075,0.16161206,0.17160517,0.13689761,0.08033451,0.03902038,0.037309673,0.06804798,0.097909085,0.09406166,0.048263103,-0.015702048,-0.05981122,-0.059301767,-0.022541696
-0.0043920656,0.0036945916,-0.02518351,-0.06528496,-0.08120601,-0.052658666,0.009158184,0.06801602,0.09173278,0.07444494,0.04105816,0.026583517,0.050663184,0.10303167,0.14911698,0.15677579,0.121221624,0.06785917,0.03112038,0.032333523,0.06345007,0.09075619,0.08158987,0.03206008
-0.028557613,-0.03279636,-0.072475746,-0.12580943,-0.15884534,-0.15136567,-0.10976577,-0.06601756,-0.04971563,-0.06804023,-0.09942278,-0.11222487,-0.086545646,-0.030420467,0.02450295,0.047607243,0.032191698,-0.00019865931,-0.018665815,-0.0029032715,0.039982818,0.078292884,0.082431085,0.047077723
-0.04975462,-0.12917705,-0.18052788,-0.16924684,-0.10580928,-0.03774631,-0.014148009,-0.047927476,-0.10673472,-0.13892813,-0.11024911,-0.03147786,0.049411386,0.0825309,0.053700034,-0.0058397218,-0.042805787,-0.022948436,0.044164184,0.110357665,0.12538002,0.07558638,-0.00573089,-0.06421599
0.04660409,-0.025805322,-0.07779881,-0.07479262,-0.02323905,0.03224803,0.043536585,-0.0030963155,-0.07751653,-0.12918662,-0.12323518,-0.06671454,-0.0033922025,0.017529048,-0.018459588,-0.08239178,-0.12318525,-0.10672747,-0.039679404,0.033101104,0.061555173,0.030382425,-0.030235115,-0.070212916
-0.06788027,-0.14965424,-0.19933473,-0.18476617,-0.11933033,-0.05102333,-0.027414367,-0.06076244,-0.11678689,-0.14314657,-0.1073739,-0.023762768,0.05892616,0.09185385,0.06252466,0.0036705355,-0.029741582,-0.005387616,0.06242189,0.12540981,0.13541237,0.080180325,-0.0049144374,-0.06375387
-0.030648265,-0.010034545,0.050299227,0.10395636,0.10748449,0.054548275,-0.02085167,-0.06871724,-0.061297283,-0.012197901,0.032824844,0.031349696,-0.023514638,-0.09729639,-0.14040689,-0.124498,-0.064007826,-0.005413659,0.007728203,-0.03142908,-0.08890588,-0.11558308,-0.08455023,-0.010700741
0.040090643,0.061568085,0.01447214,-0.062166836,-0.104565464,-0.07365484,0.015557191,0.105046175,0.13826856,0.10009468,0.028618872,-0.013481275,0.013180043,0.094093755,0.17232704,0.19138661,0.13689387,0.04741423,-0.013607495,-0.005716772,0.057220068,0.11919006,0.12455939,0.058990236
0.063469276,0.13636105,0.17464827,0.16143903,0.11834762,0.08673665,0.09663917,0.14599915,0.19981043,0.21744409,0.18158637,0.11392401,0.057181306,0.043167707,0.071068995,0.10803267,0.11252003,0.06756655,-0.0045164227,-0.06097116,-0.069434136,-0.030132486,0.023377074,0.04721442
-0.20425516,-0.1460563,-0.08120638,-0.062195837,-0.10523264,-0.1765046,-0.2165696,-0.18678127,-0.09967564,-0.00788197,0.03497781,0.01276414,-0.042082794,-0.07086271,-0.03758025,0.04618508,0.1273495,0.1537091,0.11143238,0.03275441,-0.02453628,-0.022309387,0.029055757,0.08004571
0.05893058,0.12099598,0.13302486,0.08114634,-0.002027675,-0.06236962,-0.06311109,-0.014748094,0.035408165,0.03956989,-0.015820678,-0.09865251,-0.15465814,-0.14778775,-0.08759434,-0.022013139,-0.00033101396,-0.036416072,-0.099676065,-0.13588203,-0.10942006,-0.030849056,0.05049769,0.08488285
-0.13227451,-0.1293754,-0.081873536,-0.026838329,-0.0053357743,-0.030001689,-0.078569464,-0.10923212,-0.092161685,-0.03275678,0.032174356,0.061938047,0.04233464,-0.00404132,-0.03650851,-0.024526287,0.027452225,0.08243048,0.09999913,0.06683161,0.0049987184,-0.0434957,-0.047141124,-0.009150034
-0.0006737347,0.043944556,0.092628725,0.120048866,0.116604455,0.09690146,0.0847003,0.097277984,0.13092603,0.16451834,0.17312787,0.14901365,0.107038,0.0727587,0.06361798,0.07759464,0.0934212,0.08701855,0.05156608,0.0031059554,-0.033057384,-0.040002298,-0.019565009,0.0072521097
-0.04711874,-0.07809321,-0.05175592,0.015068768,0.07495486,0.087223,0.04635232,-0.013774387,-0.04532004,-0.021876896,0.04067624,0.09595768,0.10260629,0.055639878,-0.011458919,-0.050261423,-0.033652887,0.022962907,0.07291968,0.07503501,0.024392968,-0.045194667,-0.08515242,-0.06733024
0.15113619,0.18318605,0.15893234,0.108916074,0.08215269,0.1083113,0.17464043,0.23567958,0.24751942,0.20067726,0.1257292,0.072153606,0.071324944,0.11197616,0.1511696,0.1455879,0.08546936,0.0019832174,-0.05551315,-0.05484745,-0.0059348866,0.046710677,0.059294928,0.020169523
0.005408916,-0.048458237,-0.08803741,-0.09511024,-0.076453,-0.05994912,-0.07019132,-0.110356815,-0.15969342,-0.18950966,-0.18198122,-0.14518906,-0.10735466,-0.094483025,-0.11035309,-0.13576466,-0.14221089,-0.113286205,-0.05795589,-0.005824502,0.016807767,0.006552473,-0.018109916,-0.02963068
-0.04687532,-0.030466236,0.040953826,0.10951956,0.11618036,0.046269476,-0.057996605,-0.12930888,-0.1272736,-0.06566113,-0.002257717,0.0039544604,-0.06185165,-0.15761825,-0.21624134,-0.19672439,-0.11413735,-0.027598716,0.0018292699,-0.04179611,-0.11552878,-0.1522527,-0.113803685,-0.016812582
-0.13779469,-0.19688615,-0.18768153,-0.12133769,-0.050093424,-0.025933864,-0.06447983,-0.13135591,-0.16835748,-0.13920936,-0.05507658,0.03213281,0.0681792,0.03780253,-0.025761446,-0.06452499,-0.0404438,0.034426928,0.10837092,0.12801372,0.07797589,-0.007174214,-0.068168126,-0.06620568
0.0020787523,0.024018856,0.08409894,0.1407702,0.15203291,0.1109129,0.047222663,0.004565666,0.008938516,0.050992325,0.090434745,0.087192655,0.03356712,-0.039604466,-0.08743768,-0.08361714,-0.037688076,0.009838158,0.016464049,-0.024476986,-0.08124419,-0.110228606,-0.087270714,-0.022052692
-0.033826284,-0.061129063,-0.024716057,0.0611395,0.14542039,0.1802499,0.15151426,0.0935755,0.06018481,0.08435823,0.15241475,0.21589124,0.22657654,0.17262438,0.088281184,0.028723322,0.028361132,0.074051514,0.11878195,0.11519174,0.05135232,-0.038270973,-0.097248994,-0.09170641
-0.004791232,0.05354853,0.11148202,0.13522926,0.11724616,0.08086203,0.060562,0.07793895,0.124038205,0.1668558,0.1731167,0.13614163,0.07983071,0.03989847,0.038098823,0.067363285,0.0953804,0.089599326,0.04444113,-0.015821502,-0.05603753,-0.054302987,-0.016871927,0.023318509
0.07007214,0.036124792,-0.026649939,-0.06448164,-0.03977939,0.038202643,0.119374424,0.15222284,0.12162999,0.05847459,0.01661234,0.033707928,0.10181913,0.17098632,0.18924709,0.14150816,0.05969679,-0.0010075092,-0.0005431334,0.053130522,0.10889323,0.11496779,0.058667812,-0.027237127
0.04593438,0.08190873,0.08316602,0.042742517,-0.016608683,-0.060232952,-0.06458035,-0.037175715,-0.009239702,-0.01145912,-0.050954647,-0.10607813,-0.1418074,-0.13559714,-0.09389838,-0.048781548,-0.032056283,-0.051662017,-0.087625764,-0.1054661,-0.082053274,-0.024641478,0.033258233,0.058466926
0.026301078,0.042622756,0.07729911,0.10373637,0.09914638,0.062659934,0.0152239865,-0.015820362,-0.01698082,0.0026455324,0.017236969,0.0047162347,-0.03568687,-0.08280273,-0.109151766,-0.10094451,-0.06836243,-0.037779715,-0.03260922,-0.05365313,-0.07997095,-0.08534719,-0.057558488,-0.007307726
-0.09513265,-0.093616664,-0.06587986,-0.04087637,-0.046395246,-0.08724245,-0.13956973,-0.16906147,-0.15813297,-0.117963485,-0.078365415,-0.066966794,-0.089878604,-0.123924635,-0.13592091,-0.10893933,-0.054887276,-0.004456443,0.015136152,-0.0031247262,-0.03647172,-0.051267836,-0.030913362,0.01231162
0.0024776354,-0.06651864,-0.106033355,-0.09586224,-0.053556513,-0.021388583,-0.032856908,-0.08803647,-0.15307534,-0.18540676,-0.16433686,-0.10746225,-0.057224486,-0.04897743,-0.08387907,-0.13016617,-0.14483418,-0.10760939,-0.03614967,0.025750155,0.041506954,0.009362445,-0.038113527,-0.057593606
0.17665538,0.1623114,0.12137782,0.095473,0.11256058,0.1664529,0.21936767,0.23189414,0.19151796,0.12298854,0.06837007,0.057736076,0.08615109,0.11767102,0.113924176,0.062681906,-0.011877852,-0.06670117,-0.07184956,-0.03190381,0.016796364,0.03487047,0.00795259,-0.039791964
-0.030112974,-0.061439503,-0.027988221,0.057193596,0.14130296,0.17447694,0.14258596,0.08061824,0.043019764,0.06460316,0.13276733,0.197586,0.20912793,0.15520939,0.07022974,0.009950746,0.010158718,0.059388217,0.1086788,0.10864089,0.04725967,-0.040813062,-0.099976525,-0.09344919
-0.10820161,-0.056675598,-0.008083931,-0.005349672,-0.057271767,-0.13067664,-0.17357804,-0.15587899,-0.09162913,-0.028159877,-0.009637508,-0.04593845,-0.105507,-0.13625982,-0.10786108,-0.03395591,0.037406906,0.060954288,0.025539067,-0.036963217,-0.07311528,-0.051001977,0.013924157,0.073160514
-0.054374136,-0.012812398,-0.012064401,-0.061238263,-0.13116771,-0.1760298,-0.16545518,-0.11066621,-0.05342792,-0.034964453,-0.06487015,-0.11544249,-0.1414778,-0.11390326,-0.04472091,0.024031114,0.05022955,0.024625203,-0.02544673,-0.05459093,-0.03401513,0.024777068,0.079394996,0.09014816
-0.038666096,-0.09323642,-0.08629333,-0.029879376,0.026857298,0.035218056,-0.018125005,-0.10015752,-0.15481134,-0.14616375,-0.08494009,-0.02029964,-0.0020881428,-0.044232696,-0.114057206,-0.15640625,-0.13436246,-0.05996336,0.016197955,0.044351958,0.009914753,-0.054867167,-0.09411598,-0.071458705
0.009180065,0.07374963,0.12923984,0.13135655,0.07324165,-0.010263645,-0.065875284,-0.06249105,-0.015950507,0.026299192,0.01991148,-0.041780446,-0.123281814,-0.171698,-0.1570627,-0.094276056,-0.033609413,-0.019310223,-0.058034495,-0.11570388,-0.14069252,-0.103500724,-0.02096193,0.056649182
-0.08970946,-0.09329946,-0.07089945,-0.048106957,-0.049480446,-0.08164842,-0.12654804,-0.1549436,-0.14837815,-0.113215044,-0.07493913,-0.0593948,-0.07339216,-0.10076108,-0.113410674,-0.09354001,-0.047150385,-0.0005642285,0.020742387,0.0088574095,-0.020808034,-0.03977509,-0.02840976,0.0066740187
0.03141639,-0.041641925,-0.07587487,-0.0354351,0.060606588,0.15406115,0.18659411,0.14568244,0.073986776,0.03493692,0.06499868,0.14635406,0.22034104,0.23042506,0.16595578,0.06940505,0.0070255194,0.015219239,0.075865455,0.13177873,0.12800795,0.054010335,-0.046594404,-0.10882205
-0.0018197907,0.020256825,0.09877891,0.17734385,0.19708802,0.14104772,0.045466784,-0.025106832,-0.027643465,0.028544666,0.08778581,0.09181374,0.023172991,-0.080441624,-0.15327936,-0.15107937,-0.08361824,-0.008317335,0.014176697,-0.03373324,-0.11359222,-0.15919654,-0.12868091,-0.035317264
-0.10219115,-0.10237608,-0.06674687,-0.030106647,-0.028025702,-0.06891579,-0.12727423,-0.16393279,-0.1546846,-0.10773599,-0.057560436,-0.03997499,-0.064500354,-0.106705,-0.12881587,-0.1068565,-0.04918413,0.009465071,0.03276249,0.010843708,-0.032549713,-0.059146963,-0.044912543,0.0032297317
0.023517592,-0.059374206,-0.10521823,-0.06956214,0.030678988,0.13266565,0.1715347,0.13100752,0.053594586,0.0075700297,0.036785573,0.12572841,0.21135285,0.23077779,0.16914842,0.06883874,0.00037419167,0.0075870454,0.07490213,0.14040053,0.14377274,0.07035906,-0.03776927,-0.1109654
-0.022849444,-0.05880407,-0.110095724,-0.14580466,-0.14542313,-0.113063134,-0.07372359,-0.05727737,-0.07317901,-0.10461707,-0.12061023,-0.101018496,-0.051037792,0.00305532,0.03092614,0.021324046,-0.008008699,-0.025470056,-0.011082004,0.030223778,0.07159792,0.08317102,0.054463554,0.005813088
-0.15722857,-0.084917285,-0.013310547,0.0053102653,-0.040236834,-0.11100942,-0.1466234,-0.11063762,-0.020485438,0.06692276,0.097802304,0.060784224,-0.006112019,-0.041797332,-0.011542755,0.06939051,0.14320357,0.15687875,0.10078837,0.013118621,-0.04500629,-0.036393292,0.023498308,0.078649275
-0.019776603,-0.006268872,0.04053603,0.08329496,0.08746077,0.04516453,-0.018392297,-0.06211753,-0.060570825,-0.022858415,0.014277054,0.015694512,-0.026598843,-0.08737797,-0.1256426,-0.11522342,-0.06571805,-0.015165411,0.000616094,-0.027102185,-0.07367116,-0.09768601,-0.07305917,-0.011708327
-0.046459407,-0.09485385,-0.06606477,0.027636265,0.12564382,0.16591908,0.12825085,0.051033273,0.0006661833,0.02233482,0.104712345,0.18884131,0.2122692,0.15616342,0.058643423,-0.012638535,-0.010948918,0.05331155,0.12160913,0.13155589,0.06463574,-0.039701793,-0.113307305,-0.1088358
0.0622028,0.022824343,-0.040448744,-0.08712047,-0.08837495,-0.05062392,-0.008933951,-0.0011517872,-0.03763258,-0.09524216,-0.13329996,-0.12428906,-0.074490584,-0.020022802,0.0012436191,-0.02245069,-0.067752026,-0.09454106,-0.0758087,-0.018150581,0.041533455,0.06508592,0.041255746,-0.006731934
-0.08439013,-0.04336214,2.2506394e-05,0.017559862,0.00047556087,-0.031793997,-0.047478925,-0.026393374,0.023393387,0.072628714,0.09229205,0.0745518,0.038156338,0.015926117,0.027332628,0.06566203,0.10116824,0.1056586,0.07238528,0.020827992,-0.015798017,-0.01728921,0.009179804,0.03549081
-0.026219163,-0.09830384,-0.1416386,-0.12604198,-0.06305377,0.0017386237,0.022730835,-0.011381878,-0.06780854,-0.09717443,-0.06909762,0.003527425,0.07450494,0.09780435,0.06293786,0.0017494244,-0.033919886,-0.01444553,0.046671912,0.10340652,0.110869616,0.05975302,-0.01632859,-0.06660852
-0.052748457,-0.09876898,-0.10260864,-0.07419605,-0.04586711,-0.049617603,-0.09311134,-0.15372457,-0.19235377,-0.18529898,-0.14107181,-0.09370739,-0.076183215,-0.09821048,-0.13732149,-0.1561288,-0.12944856,-0.06767202,-0.006403499,0.021098211,0.004194864,-0.034852184,-0.05642871,-0.036657568
-0.13911016,-0.070032224,-0.0033869697,0.009735868,-0.04132842,-0.11682242,-0.15609811,-0.12439065,-0.040122233,0.040707026,0.06590171,0.024900373,-0.04342313,-0.07830769,-0.046428304,0.03516464,0.10952933,0.12522571,0.072483785,-0.009550252,-0.05996019,-0.043882906,0.020825805,0.07955166
0.0017817251,-0.051092904,-0.08486844,-0.08007798,-0.047122274,-0.017542081,-0.019177895,-0.05559981,-0.103633665,-0.13049373,-0.116955645,-0.07347415,-0.03196641,-0.020817323,-0.044425964,-0.08055522,-0.09639418,-0.07304332,-0.02154636,0.025606321,0.039873738,0.01714253,-0.021445438,-0.04220232
-0.041431457,0.021053221,0.08609947,0.1108565,0.08189607,0.026266202,-0.0091973245,0.0061736316,0.0627561,0.12020529,0.13561332,0.096599676,0.029890763,-0.016537458,-0.01242578,0.03452278,0.08278599,0.09071744,0.046295527,-0.023789935,-0.07176325,-0.06593877,-0.015615365,0.039092112
0.061638404,0.010628272,-0.0717946,-0.12504861,-0.10937877,-0.036842696,0.03955399,0.06499709,0.024569223,-0.047614414,-0.09186603,-0.06958211,0.007644528,0.08628174,0.11300521,0.07112385,-0.0038545888,-0.052795153,-0.03707931,0.031687137,0.101506665,0.11870773,0.067651495,-0.017868185
0.06982421,0.13720797,0.1697505,0.1580227,0.12410071,0.10596735,0.12710352,0.17994818,0.22894841,0.23946977,0.20151566,0.13912101,0.09131125,0.08389769,0.110605866,0.13757263,0.12922205,0.076745614,0.004995278,-0.046232283,-0.050258007,-0.013873834,0.027600585,0.0378508
0.15357071,0.12125339,0.061656203,0.025709001,0.045182075,0.107857674,0.16706012,0.17743924,0.12800801,0.051043145,-0.0023801872,0.0002718247,0.04883247,0.09666981,0.09952551,0.045481607,-0.033054776,-0.08453077,-0.0760216,-0.018230665,0.042450935,0.05983284,0.022047985,-0.03982842
-0.12450003,-0.07751101,-0.029966714,-0.01440386,-0.03932853,-0.0784146,-0.092612974,-0.060714934,0.004013686,0.065121375,0.08919539,0.06923421,0.030451633,0.0125575,0.035762403,0.08769468,0.13176166,0.13594511,0.094317235,0.033330236,-0.0067959153,-0.005227875,0.025187222,0.051236466
0.051997207,0.13409135,0.16577554,0.13203731,0.06659159,0.025528947,0.045203373,0.11477309,0.1836505,0.20059904,0.15030348,0.06703176,0.007737255,0.009811758,0.06369104,0.119916804,0.1262557,0.06818994,-0.019299833,-0.07900979,-0.073321424,-0.011948616,0.05524736,0.07494308
0.026938776,-0.014856506,0.0025544527,0.0668771,0.12830399,0.1395539,0.088037,0.006464366,-0.051095687,-0.04911039,0.0015797596,0.052870266,0.056801304,0.0014762187,-0.07976497,-0.13331029,-0.12300612,-0.06038404,0.004323096,0.023604063,-0.014409009,-0.07726391,-0.1127607,-0.08529502
-0.06880038,-0.032591976,0.05689164,0.14452283,0.17665015,0.14213347,0.076931484,0.03999442,0.065771416,0.14016004,0.20862764,0.21975197,0.1619911,0.073308475,0.012323589,0.015770078,0.069821656,0.12077998,0.11852892,0.05175398,-0.042117354,-0.1032213,-0.094374575,-0.029843885
0.089891605,0.100023754,0.06452533,0.008625113,-0.029212918,-0.026390335,0.009469067,0.04518914,0.04645674,0.0050493353,-0.05447381,-0.09374383,-0.088755205,-0.047711477,-0.003959247,0.0076411744,-0.02274875,-0.07028453,-0.09646946,-0.07796041,-0.022989651,0.03347705,0.055169556,0.032588806
-0.17486218,-0.16575849,-0.11035039,-0.052369975,-0.03522242,-0.06652122,-0.11582141,-0.13826141,-0.10633239,-0.03182031,0.042135358,0.072364725,0.049031705,0.002659245,-0.022782328,0.0008402599,0.06303312,0.12092632,0.1313409,0.08596729,0.015332627,-0.03556912,-0.036932334,0.0032130827
0.03797469,0.0642401,0.027613962,-0.040601294,-0.08354983,-0.062383212,0.01444488,0.09683042,0.13170461,0.10114789,0.03578384,-0.008380761,0.008106133,0.07713697,0.1491317,0.17145985,0.12636654,0.04536057,-0.014845784,-0.013849629,0.04068698,0.09970349,0.11085874,0.057590105
0.16389193,0.20630191,0.18437041,0.12682885,0.08864601,0.10786787,0.17534858,0.2436452,0.26158124,0.21311238,0.12732382,0.060557168,0.05264547,0.0960451,0.14390887,0.14616512,0.085681655,-0.0069923312,-0.07420864,-0.07570508,-0.020509599,0.04371134,0.06638411,0.030456122
-0.019199744,-0.008499058,0.03559065,0.0810727,0.09351698,0.063299425,0.010999453,-0.027215725,-0.026987594,0.006979568,0.0434435,0.049167242,0.013988016,-0.040934097,-0.079628915,-0.077228606,-0.038928173,0.0037900647,0.017174702,-0.008731714,-0.05327311,-0.08107472,-0.06789591,-0.01904411
-0.013434198,-0.016917123,-0.079546966,-0.16398396,-0.21406543,-0.19927952,-0.13303767,-0.06585796,-0.04547942,-0.08236654,-0.14018248,-0.16520894,-0.12666063,-0.040250473,0.042853,0.07339755,0.04110003,-0.017237786,-0.04705232,-0.018372975,0.052785974,0.116119266,0.12386747,0.06720384
-0.0733557,-0.13251616,-0.17113703,-0.16689333,-0.12749517,-0.08452964,-0.06955148,-0.090767816,-0.12616295,-0.14185746,-0.11573117,-0.05621473,0.0045190547,0.033374734,0.021454064,-0.010920696,-0.028063254,-0.008177068,0.04109494,0.08750325,0.098032564,0.06371712,0.0075509846,-0.03421716
-0.12153988,-0.115391925,-0.06869908,-0.024162395,-0.023478748,-0.0741692,-0.1429304,-0.18194234,-0.1645572,-0.10457108,-0.04508374,-0.028252227,-0.06308061,-0.11690661,-0.14215583,-0.11251173,-0.041725997,0.025975104,0.0472581,0.012913883,-0.043409705,-0.073472075,-0.05160577,0.008020984
-0.1509508,-0.14312068,-0.097915314,-0.051533997,-0.040077068,-0.07001672,-0.115108654,-0.13558231,-0.10943716,-0.048020285,0.012227206,0.036233522,0.016287044,-0.021597154,-0.040061075,-0.016608674,0.03761633,0.0869357,0.09788486,0.06302553,0.0071850475,-0.03145962,-0.02924924,0.0055478555
0.10953794,0.1239817,0.06695775,-0.023234427,-0.083700284,-0.07359826,-0.0049455403,0.063200116,0.07443122,0.015775377,-0.073545665,-0.13110602,-0.11570264,-0.040434524,0.036617555,0.057453025,0.008550349,-0.07039152,-0.11820765,-0.09251766,-0.0070066308,0.077610835,0.103403285,0.058702588
0.15744035,0.14321801,0.10770655,0.08806767,0.10715506,0.15638703,0.20180945,0.2100987,0.17218561,0.11171055,0.06605665,0.059589863,0.085516945,0.1110244,0.104093865,0.055729814,-0.01085896,-0.05735768,-0.059366826,-0.02390607,0.016762171,0.029082915,0.0027504084,-0.039899416
-0.09770521,-0.046416733,0.0039895796,0.009428755,-0.03995126,-0.11168143,-0.15520056,-0.14087442,-0.081016734,-0.020472823,-0.0033247115,-0.040027097,-0.09899295,-0.13043943,-0.10560246,-0.036516447,0.031264946,0.053320456,0.019012053,-0.039713204,-0.07359499,-0.053933214,0.0076335673,0.066512935
-0.001405772,0.06479289,0.13327445,0.16518018,0.14989792,0.11354794,0.09418512,0.11492822,0.167671,0.21793693,0.2279161,0.18775797,0.12329818,0.074980855,0.06787659,0.09615781,0.12577946,0.118930206,0.06504001,-0.007821057,-0.058250748,-0.061474387,-0.022992335,0.021835487
-0.19173136,-0.18765247,-0.13415676,-0.07614688,-0.06009226,-0.09804339,-0.15862685,-0.1902969,-0.16152535,-0.0844478,-0.004737638,0.030590719,0.00792456,-0.04166559,-0.06855499,-0.040321436,0.031433992,0.10082587,0.121704124,0.08035585,0.00791851,-0.04365181,-0.041147936,0.005214783
-0.008292322,-0.062344678,-0.14117171,-0.19068633,-0.17669927,-0.111019865,-0.0405484,-0.013664715,-0.042316824,-0.096311495,-0.12288467,-0.090019196,-0.009842489,0.06996081,0.10219153,0.07338647,0.015449181,-0.0197023,-0.0005252503,0.061207768,0.120114155,0.12985893,0.07763769,-0.0053156544
0.026836308,-0.01342243,0.003330046,0.061508574,0.113605335,0.1149077,0.055852193,-0.029230194,-0.087139495,-0.085493326,-0.037847884,0.008700674,0.009640904,-0.045262676,-0.12228863,-0.1685264,-0.15148012,-0.08537845,-0.018275047,0.004528187,-0.028879791,-0.08582716,-0.11281259,-0.078060396
0.09700428,0.10221323,0.06074979,-0.004444562,-0.053498104,-0.06003627,-0.03066908,-0.00080369134,-0.0050008027,-0.051580604,-0.116650835,-0.16032977,-0.15587895,-0.11138818,-0.062518254,-0.045733627,-0.07032582,-0.112633266,-0.1333744,-0.105721965,-0.04001388,0.025600418,0.054916587,0.03945107
-0.06329998,-0.118412316,-0.10288118,-0.03490577,0.027489709,0.032355323,-0.02933704,-0.116962746,-0.16895095,-0.14948595,-0.07540118,-0.003915413,0.01129072,-0.039330836,-0.11557998,-0.15695968,-0.12659526,-0.04211003,0.037830163,0.0596959,0.013321742,-0.061208203,-0.10317648,-0.07515921
0.027353412,0.04861484,0.020307953,-0.0277,-0.048990034,-0.016148113,0.05799699,0.1305621,0.16008285,0.13579744,0.086319104,0.057664033,0.07768894,0.13493602,0.18783902,0.19573493,0.1484533,0.07507502,0.022787297,0.020568315,0.058509868,0.09571118,0.09199393,0.03656394
0.1533748,0.18775168,0.1542522,0.08761956,0.045973055,0.06680288,0.13917762,0.21063189,0.22734095,0.1748758,0.08778854,0.024518037,0.024303222,0.07713359,0.1329309,0.13802004,0.07723954,-0.0140939,-0.07786691,-0.07426512,-0.011788003,0.057616323,0.079192854,0.03667153
-0.039606947,0.04655629,0.13661148,0.17312224,0.1371584,0.06516606,0.018549124,0.038112003,0.11176067,0.18630308,0.20437263,0.14915942,0.056965698,-0.00890545,-0.007737187,0.050701223,0.11190315,0.11963528,0.057443358,-0.037402067,-0.101514064,-0.09419966,-0.026862046,0.047116145
0.009125838,0.01787768,0.049301285,0.073810786,0.06610875,0.021764752,-0.03791623,-0.08026161,-0.086200655,-0.06430532,-0.043661874,-0.05029211,-0.08879212,-0.13824904,-0.16605738,-0.15317209,-0.10905144,-0.064534776,-0.04667527,-0.061169166,-0.08811733,-0.09478898,-0.0627344,-0.0041933917
0.014418716,-0.033836626,-0.01536836,0.0520541,0.11269765,0.1152187,0.048915427,-0.04681157,-0.110788055,-0.10574317,-0.047317833,0.009483002,0.012917889,-0.04807761,-0.1346837,-0.18612324,-0.16477525,-0.08706771,-0.009756991,0.015190552,-0.024749605,-0.09169884,-0.12498636,-0.08709237
0.07761485,0.15180384,0.1823614,0.15928927,0.11126601,0.08509748,0.10854898,0.16979888,0.22528741,0.23413996,0.18622278,0.11196962,0.058918815,0.05703582,0.09545481,0.13250554,0.12593885,0.06709345,-0.01324719,-0.06663108,-0.062934555,-0.013059702,0.039134666,0.052062653
-0.12913,-0.17311302,-0.14619425,-0.06352335,0.01879404,0.048632655,0.014873312,-0.043992914,-0.07091253,-0.032316756,0.056503158,0.14089711,0.16760223,0.12623817,0.054212537,0.009276908,0.026513904,0.09169653,0.15155643,0.15297061,0.086249106,-0.0098297205,-0.07633061,-0.07642011
0.111908875,0.123115845,0.06661817,-0.023352541,-0.08787192,-0.09042206,-0.04069602,0.0113956155,0.015299965,-0.04309455,-0.12959658,-0.18650267,-0.1765158,-0.11084604,-0.03920821,-0.01378523,-0.050151553,-0.11463626,-0.14956658,-0.118488416,-0.034103543,0.05236622,0.088773884,0.058833532
0.017011171,-0.058268864,-0.11701543,-0.12781405,-0.09622242,-0.060828075,-0.060389068,-0.106944196,-0.17515711,-0.22169887,-0.21526518,-0.16312271,-0.10372722,-0.078016,-0.09823284,-0.14121066,-0.16339496,-0.13469476,-0.064044654,0.008792771,0.043627754,0.02756854,-0.016810846,-0.046279166
0.057276446,0.029117743,-0.02165137,-0.04979907,-0.02512652,0.041901793,0.10913964,0.13569474,0.11080766,0.060490355,0.029178465,0.04637252,0.10261855,0.15648851,0.16778778,0.12614366,0.05850035,0.009741116,0.010933663,0.05221752,0.09282868,0.09379844,0.045913927,-0.025268316
-0.056955308,-0.10464044,-0.10209712,-0.05969161,-0.017585604,-0.015899071,-0.06306571,-0.13013336,-0.17187439,-0.16073623,-0.10654054,-0.050336305,-0.03262373,-0.063427344,-0.11454628,-0.14169614,-0.11667553,-0.05014501,0.016030446,0.04020154,0.012227615,-0.03934662,-0.06967232,-0.050815154
0.017876979,-0.05806462,-0.10891957,-0.10802733,-0.06759754,-0.030810092,-0.0373583,-0.093210146,-0.16487251,-0.2066488,-0.19185725,-0.13449141,-0.07813045,-0.063804105,-0.09704033,-0.14629836,-0.1650148,-0.12884735,-0.05363269,0.016340973,0.04059545,0.013413913,-0.033749558,-0.056675967
0.113994755,0.05489061,-0.035777815,-0.09877904,-0.09599301,-0.04264423,0.00967191,0.010418489,-0.05129725,-0.13909163,-0.19407862,-0.18023574,-0.11116887,-0.040693272,-0.019116754,-0.0595254,-0.12574534,-0.15969475,-0.12568489,-0.039334275,0.045493327,0.07755871,0.04407927,-0.020475032
-0.16413562,-0.1566813,-0.110842094,-0.05962417,-0.03830907,-0.054912418,-0.0872965,-0.099427715,-0.06933746,-0.005546939,0.05875294,0.08950431,0.07707699,0.044108775,0.024493046,0.041327927,0.08672039,0.12872088,0.13500798,0.096901625,0.03627399,-0.011488074,-0.022148456,9.1660106e-05
-0.106432445,-0.13756318,-0.12936871,-0.09006142,-0.049584642,-0.037349965,-0.059295658,-0.09312719,-0.106505446,-0.08185081,-0.027955886,0.024793541,0.04622939,0.03002958,-0.0024721527,-0.018858608,-0.0006601983,0.04317959,0.08353309,0.08961973,0.05541524,0.0036281105,-0.031798724,-0.032390527
-0.027046075,-0.054372042,-0.026277045,0.046021387,0.117131874,0.14436246,0.11660599,0.06358769,0.031494156,0.050091002,0.108729325,0.16433522,0.1742571,0.12862867,0.056895547,0.0061612604,0.006942111,0.049820103,0.092442885,0.09242258,0.040395875,-0.03444234,-0.08487224,-0.07930468
-0.06897303,-0.02309003,-0.018601667,-0.067658395,-0.14147572,-0.19067395,-0.18155065,-0.123659834,-0.060474087,-0.0370837,-0.06615196,-0.1195327,-0.1487309,-0.12121136,-0.048034985,0.026971139,0.05763868,0.03177383,-0.022143347,-0.055034574,-0.03553742,0.02534124,0.08365884,0.09654697
0.08199935,0.049424168,-0.006128102,-0.034158044,-0.004034326,0.07282924,0.14860933,0.17590408,0.14360152,0.08359795,0.046452984,0.06383753,0.12465568,0.18241003,0.19085342,0.13866413,0.05905651,0.0034841164,0.004104442,0.05111815,0.0985448,0.099852644,0.044162285,-0.034802318
-0.049461268,-0.13211188,-0.18469563,-0.16861898,-0.09680785,-0.021046221,0.007110671,-0.0256861,-0.08617771,-0.11938739,-0.087882735,-0.0036386882,0.08084757,0.11368697,0.081482686,0.015634842,-0.026981344,-0.008666782,0.05947129,0.12472958,0.13673116,0.08237249,-0.0062282425,-0.071656846
0.008061886,-0.05996774,-0.15695663,-0.21884996,-0.20554416,-0.13361433,-0.060066566,-0.039736018,-0.084130846,-0.1556543,-0.19170433,-0.15457775,-0.06059772,0.031665508,0.067045785,0.032137077,-0.034408603,-0.0709087,-0.03869464,0.045166943,0.12255312,0.1387793,0.08224192,-0.009217682
0.025639867,-0.012022374,-0.06564056,-0.0939594,-0.07282781,-0.011970343,0.049205698,0.070718266,0.04548507,0.0008639084,-0.021543704,0.0021538616,0.061101913,0.11659193,0.13038501,0.094466135,0.03822423,0.0030039076,0.011500046,0.05492923,0.09567786,0.095655166,0.047471393,-0.019094232
0.041255053,-0.0017338067,0.008591327,0.061627816,0.11363433,0.118478104,0.062919185,-0.021723308,-0.08340684,-0.08817177,-0.04537319,0.00082676363,0.0047791894,-0.047284625,-0.12356606,-0.17248625,-0.15976575,-0.09632799,-0.027780978,-0.0010272136,-0.030087616,-0.0837825,-0.11038744,-0.07882119
0.010578041,-0.030124608,-0.054889183,-0.037157044,0.01921188,0.082861304,0.11637802,0.10552389,0.06913109,0.04376623,0.056188714,0.103504,0.15433657,0.17212687,0.1433665,0.086777285,0.04065842,0.032451537,0.06057818,0.0940656,0.09677197,0.05539677,-0.009378984,-0.059756175
-0.045758963,0.012713103,0.03604244,0.010665106,-0.03947769,-0.0691878,-0.047298588,0.01812108,0.08688506,0.11704692,0.09467734,0.04397841,0.010011712,0.024181297,0.07871744,0.13402113,0.14825438,0.10871543,0.040125493,-0.011218088,-0.013253195,0.026286827,0.068248175,0.072690435
-0.11934528,-0.073983684,-0.02623632,-0.009742592,-0.033905238,-0.074999794,-0.0941952,-0.06794445,-0.006445685,0.054660168,0.08073897,0.06252651,0.022638937,0.00069477357,0.019481953,0.07034725,0.117258415,0.12644173,0.08943709,0.029438274,-0.013207758,-0.013847388,0.018233512,0.049046665
0.19611698,0.15762606,0.08734006,0.046157055,0.07232971,0.14963746,0.22014737,0.22971594,0.16719176,0.072873525,0.00809792,0.011517477,0.06941456,0.12429239,0.122919634,0.053811274,-0.04281044,-0.10511083,-0.093693055,-0.023077933,0.048706472,0.06687476,0.020258278,-0.052747276
-0.0013982649,-0.03910686,-0.09795003,-0.13781264,-0.13048178,-0.080969274,-0.02421978,0.0004387698,-0.01853162,-0.059800845,-0.08355313,-0.06295083,-0.0037908454,0.058612697,0.08592248,0.06536138,0.019959487,-0.01111094,-0.0016830164,0.04350541,0.09005501,0.100237146,0.06226448,-0.0008318955
-0.00047641102,0.016661827,0.070403524,0.11999453,0.12596202,0.07838134,0.005844139,-0.04503207,-0.046308026,-0.007628238,0.030640239,0.028910056,-0.022264462,-0.09429128,-0.14053917,-0.1322622,-0.08011869,-0.025402633,-0.008552711,-0.04036689,-0.09225216,-0.11743534,-0.08838488,-0.01810385
-0.11781131,-0.14822678,-0.1407325,-0.103082456,-0.063972674,-0.049674008,-0.066310264,-0.0943175,-0.1037931,-0.07789823,-0.024641596,0.027463395,0.05117241,0.04017025,0.012432227,-0.0019989498,0.0148385735,0.055085514,0.0912059,0.09653115,0.06457063,0.01409031,-0.023524854,-0.028310357
0.1185133,0.12782395,0.06610647,-0.02984483,-0.09837147,-0.099920765,-0.04476859,0.011557291,0.014679803,-0.048556585,-0.14050277,-0.20030732,-0.18762548,-0.114940695,-0.037393793,-0.011744717,-0.05219085,-0.121020935,-0.158384,-0.12395207,-0.03161926,0.06051197,0.09597404,0.06169138
0.01429425,-0.075318106,-0.13883373,-0.1430947,-0.10033318,-0.05943524,-0.065430105,-0.12700838,-0.20874397,-0.25851175,-0.24341993,-0.17740387,-0.10995015,-0.08789736,-0.11992978,-0.17311217,-0.19475073,-0.15384561,-0.06645515,0.016633108,0.04918809,0.022710267,-0.030859655,-0.060083043
-0.010998731,0.0070947553,0.07484202,0.13855451,0.14673111,0.0872083,-0.0046937624,-0.07086069,-0.07352387,-0.023110008,0.028374575,0.029466243,-0.032407597,-0.122006595,-0.18102573,-0.1712614,-0.10353298,-0.031335745,-0.0076158154,-0.045444973,-0.11079829,-0.145817,-0.112140514,-0.023173843
-0.058199007,-0.06657834,-0.11189164,-0.16986562,-0.20484656,-0.1959894,-0.15187885,-0.10518057,-0.08674942,-0.10439914,-0.13492091,-0.14363413,-0.110726155,-0.045997676,0.016641129,0.044944856,0.031304263,-0.0011642878,-0.016892698,0.0044641537,0.052314755,0.09305724,0.095504776,0.054222934
-0.04567041,-0.068843395,-0.04935425,0.003346729,0.05439642,0.07184092,0.048411366,0.00838535,-0.012634623,0.0060624215,0.054811,0.10022234,0.10952373,0.07678144,0.026317254,-0.0057862108,0.0018924845,0.039722912,0.07469918,0.07452401,0.033980843,-0.022230195,-0.058154445,-0.0526245
-0.0073085693,0.010538456,0.07198799,0.1302658,0.1400344,0.09109128,0.014053423,-0.040950995,-0.041209932,0.0041729156,0.04980802,0.050466433,-0.0045191543,-0.08411101,-0.13726653,-0.13081759,-0.073795,-0.013137845,0.0039045352,-0.03307269,-0.093124904,-0.12576976,-0.0981384,-0.021899302
-0.038337678,-0.016464828,0.056684636,0.12778986,0.14398548,0.0937527,0.012673753,-0.042206682,-0.034939624,0.023710232,0.08197569,0.088143736,0.030174391,-0.055818032,-0.11328156,-0.10512819,-0.042446848,0.022935284,0.03824285,-0.008307528,-0.08157504,-0.12513305,-0.10249362,-0.02437033
-0.0337928,-0.061300155,-0.025012031,0.054065574,0.12357145,0.14060462,0.09798724,0.03277523,-0.0019106097,0.023070054,0.088711165,0.14498582,0.14834271,0.09265988,0.013592153,-0.034733452,-0.02218561,0.033165548,0.08211211,0.08199112,0.02441081,-0.055128574,-0.10094016,-0.080895364
0.00725977,-0.030009666,-0.04679709,-0.021337772,0.037161533,0.09633489,0.12192332,0.10599757,0.07075245,0.051171493,0.06884767,0.11584438,0.15999153,0.16846646,0.13348918,0.07779169,0.037659157,0.035211705,0.06375135,0.09185239,0.08721393,0.04215494,-0.019663226,-0.062032778
-0.116529666,-0.1190268,-0.08253626,-0.04548614,-0.045468766,-0.09217431,-0.15872614,-0.20146139,-0.19210315,-0.14029007,-0.08452663,-0.06384969,-0.08984703,-0.13643982,-0.16047482,-0.13404413,-0.066491015,0.0017602078,0.030836636,0.008622525,-0.039243177,-0.06784624,-0.04881749,0.006909141
-0.0387602,-0.03768588,-0.08176508,-0.14621691,-0.1891405,-0.18447907,-0.13765417,-0.08320041,-0.05813607,-0.076232255,-0.11460522,-0.13396333,-0.108713,-0.04524331,0.022282269,0.055934895,0.042184222,0.0029168052,-0.022645755,-0.00905984,0.03868846,0.08787266,0.10061282,0.062639885
0.10271,0.03977308,0.0043656235,0.025624285,0.08843137,0.14426307,0.14735124,0.090546295,0.009848178,-0.042253386,-0.035876926,0.014511806,0.061299983,0.059035003,0.00116223,-0.07689639,-0.122358225,-0.10580948,-0.04246079,0.019455535,0.034595042,-0.004824431,-0.06391094,-0.091505796
-0.21416724,-0.14275661,-0.06495762,-0.043704003,-0.09662665,-0.18158498,-0.22940141,-0.19620344,-0.09629015,0.008056657,0.053130895,0.020638475,-0.049091343,-0.0872097,-0.051660813,0.04450695,0.1390592,0.16849588,0.11581514,0.02230553,-0.043706425,-0.038248304,0.027168548,0.09261107
0.048937198,0.12787704,0.15810472,0.1241371,0.057846192,0.016428137,0.036723357,0.105928205,0.17359297,0.19006181,0.14051,0.058007993,-0.00013810485,0.003921847,0.058853846,0.11485784,0.12158895,0.0653381,-0.021448402,-0.079735935,-0.071461424,-0.009418437,0.055955805,0.075364046
0.031220194,0.050686736,0.007089769,-0.062433656,-0.09929258,-0.06636149,0.022036105,0.10941125,0.14215335,0.107422605,0.042045683,0.004512701,0.03174077,0.11001791,0.1839906,0.1998384,0.14565109,0.059372194,-0.00023043438,0.0057689035,0.06432764,0.12003714,0.119812496,0.053645805
-0.10692248,-0.033956755,0.037067104,0.057094365,0.015478471,-0.050544146,-0.08472222,-0.05377412,0.025313715,0.10011559,0.12087952,0.078027114,0.008614778,-0.03050737,-0.007931075,0.06134118,0.123535536,0.1302652,0.074067794,-0.0077768425,-0.059200972,-0.048182033,0.010280344,0.06488678
-0.02840583,-0.0793724,-0.11043118,-0.100948885,-0.060576107,-0.020034065,-0.008146259,-0.031831015,-0.06962895,-0.08861354,-0.068229444,-0.018213404,0.029997151,0.04719232,0.026680093,-0.011056106,-0.032009233,-0.015615849,0.02775594,0.0669742,0.073964514,0.04205454,-0.008196624,-0.04180429
0.07970587,0.081177056,0.04045382,-0.019370748,-0.06091768,-0.0618047,-0.030208206,-0.000428532,-0.0033564095,-0.044888485,-0.10124377,-0.13605888,-0.12697203,-0.08339575,-0.03857443,-0.025157847,-0.049278133,-0.087912135,-0.10605598,-0.08120519,-0.023420773,0.032620586,0.054520536,0.03545829
-0.16024388,-0.14713804,-0.09001939,-0.030227523,-0.009155829,-0.03636898,-0.08418351,-0.10637259,-0.07537886,-0.0033820115,0.06749668,0.09590418,0.07103808,0.021377621,-0.008016431,0.011820108,0.069498785,0.12258551,0.1310403,0.08461078,0.012134216,-0.039580293,-0.04025597,-0.0012063874
0.021238629,-0.03607405,-0.07607418,-0.07730261,-0.047577526,-0.018244617,-0.018998103,-0.057721965,-0.111627094,-0.14544185,-0.13698758,-0.09522528,-0.05177945,-0.0380258,-0.06072818,-0.099358,-0.117457844,-0.093979746,-0.03982548,0.012925671,0.033752717,0.014887749,-0.022435416,-0.043086957
0.017726654,-0.058522243,-0.113711596,-0.11411368,-0.067838244,-0.018942486,-0.011880362,-0.058543887,-0.12970865,-0.17679593,-0.16621077,-0.106602915,-0.041540008,-0.017074844,-0.04618308,-0.101282045,-0.13361688,-0.11003095,-0.039120376,0.03426115,0.06381012,0.035647657,-0.022301173,-0.060977034
0.03447383,0.04729457,0.08870368,0.1270193,0.13116767,0.09429315,0.03742006,-0.006233098,-0.013970046,0.009199135,0.033083003,0.026716622,-0.017177708,-0.07718185,-0.11834948,-0.11793858,-0.08115043,-0.0396144,-0.026945539,-0.04998965,-0.086793095,-0.10365098,-0.07883785,-0.020010732
0.015947882,-0.03987104,-0.12282846,-0.17465977,-0.15785506,-0.08614155,-0.012082342,0.012612706,-0.023974074,-0.08791785,-0.121933326,-0.090198964,-0.006148518,0.07672454,0.10659686,0.070260726,0.0028309687,-0.038762562,-0.017437488,0.05306692,0.119472645,0.13042611,0.07475357,-0.0128603745
-0.12552206,-0.10858097,-0.05381499,-0.00033050537,0.014771708,-0.015792036,-0.06404205,-0.086011454,-0.05790565,0.006332522,0.066507265,0.08557289,0.05517395,0.0041898447,-0.023833781,-0.0039215437,0.050382484,0.098308384,0.10393249,0.058667395,-0.007898564,-0.050098766,-0.04251963,-0.00012539877
-0.060091417,-0.113201074,-0.14876011,-0.14399672,-0.10610978,-0.06543454,-0.051383823,-0.07057432,-0.103294924,-0.11882616,-0.09583283,-0.041854482,0.011907707,0.035966247,0.023165481,-0.0075380523,-0.024663754,-0.0073166145,0.037298486,0.077833585,0.08600282,0.055723794,0.00562179,-0.032442637
0.03174567,-0.009566876,-0.07163016,-0.106681004,-0.08494579,-0.01823788,0.04868344,0.071906775,0.042049494,-0.010895123,-0.039292354,-0.0142100165,0.053046476,0.1174371,0.13514104,0.09623693,0.032082655,-0.009213027,0.00203576,0.054903477,0.104473725,0.10719511,0.054839775,-0.020581787
0.059713256,0.12770082,0.13794097,0.079499215,-0.008847909,-0.0674969,-0.058992844,0.0010469386,0.057895448,0.060262736,-0.0026147394,-0.09197253,-0.14771247,-0.13321108,-0.06347015,0.0061785057,0.022615895,-0.024611598,-0.0975187,-0.13605112,-0.10406294,-0.018296361,0.06477849,0.09244487
-0.12883098,-0.08186573,-0.034741156,-0.022424107,-0.05278663,-0.09932425,-0.1216399,-0.09522903,-0.032066602,0.029276496,0.05277712,0.03125937,-0.009540509,-0.028970564,-0.004630043,0.052693963,0.10362257,0.112986706,0.07601975,0.018743118,-0.019101463,-0.014341751,0.023027956,0.055914648
0.03019127,0.043933824,0.095059894,0.14666545,0.15819089,0.1167975,0.04683063,-0.007868127,-0.017421095,0.013263424,0.047695152,0.045843802,-0.005288103,-0.08038318,-0.13382147,-0.13534209,-0.090563275,-0.037632015,-0.019098612,-0.048156586,-0.097907454,-0.12351252,-0.097286224,-0.028295357
0.056752708,0.013132328,0.022285048,0.07646267,0.1323198,0.14246386,0.091491126,0.008045726,-0.056278106,-0.0649559,-0.024364764,0.021832237,0.026922073,-0.02484251,-0.103744805,-0.15853608,-0.15232576,-0.09273944,-0.025659781,0.0012438378,-0.027047858,-0.08177384,-0.11230452,-0.08451304
0.022382755,0.06390887,0.09855251,0.09523787,0.0482722,-0.01835552,-0.06546048,-0.07025225,-0.042997744,-0.017129635,-0.024063416,-0.070326366,-0.1316586,-0.16938637,-0.15969458,-0.11292805,-0.064333424,-0.046520676,-0.06823004,-0.106145255,-0.12025827,-0.08739701,-0.020763174,0.042389277
-0.047814626,0.00794152,0.06541866,0.08706702,0.06222779,0.014734389,-0.015127637,0.00025956245,0.052481756,0.10514347,0.12013673,0.087080985,0.03024824,-0.009248453,-0.004342937,0.038369402,0.08174764,0.08815544,0.048188765,-0.014018834,-0.057249688,-0.05357361,-0.009876844,0.03651401
0.032665953,0.0023348543,-0.04348565,-0.06617576,-0.04270089,0.015343217,0.0708659,0.09005621,0.06665337,0.025301894,0.0039916234,0.025213815,0.077944934,0.12548718,0.13438481,0.09842598,0.04334747,0.0075421073,0.014520987,0.053107426,0.087065175,0.08424777,0.039234765,-0.02268299
0.11861393,0.1315612,0.08246937,0.0033136124,-0.051940322,-0.048984926,0.0025233512,0.054029413,0.057878256,0.0027903537,-0.07851676,-0.13252176,-0.124277055,-0.06454863,-0.0015735,0.015678072,-0.025018023,-0.0904377,-0.12789091,-0.10251084,-0.026557455,0.05046119,0.079056494,0.048204172
0.0855922,0.050208863,-0.02012435,-0.06012479,-0.025924053,0.072841786,0.17780451,0.22557499,0.19525139,0.12303436,0.07408719,0.09335099,0.17227982,0.253681,0.27484527,0.21505119,0.11189804,0.032758206,0.024109256,0.07856943,0.13965794,0.14437921,0.073072135,-0.03453691
-0.010299857,0.009446682,0.07957397,0.14482836,0.1522499,0.08881525,-0.008129111,-0.077187546,-0.079648316,-0.027350413,0.025621595,0.025862485,-0.039534427,-0.13330628,-0.19424343,-0.18257082,-0.111199036,-0.03568392,-0.010784769,-0.05058369,-0.118604265,-0.15355408,-0.11649272,-0.022930069
0.022903144,-0.03277076,-0.062227853,-0.03339737,0.042297672,0.121873915,0.15866269,0.1370064,0.085066974,0.05266181,0.07257451,0.13520508,0.19704911,0.21288307,0.16858236,0.09200791,0.035206605,0.03202096,0.07252056,0.11483417,0.11533065,0.059385568,-0.02450688,-0.08334507
-0.027074687,0.07038077,0.17007676,0.213144,0.18146549,0.11232257,0.068445355,0.093147844,0.1728799,0.2510673,0.26804525,0.20806904,0.10881492,0.035914615,0.032619536,0.088696085,0.14588018,0.1457699,0.074231625,-0.030823989,-0.1034893,-0.0994572,-0.030875327,0.043570433
0.019819267,-0.03904306,-0.122537255,-0.17237875,-0.1537661,-0.08286773,-0.012573265,0.00715152,-0.032986023,-0.09751431,-0.12945373,-0.095752776,-0.012576622,0.06658016,0.092551365,0.0544424,-0.01092219,-0.0475977,-0.022271367,0.04894868,0.11398982,0.12384015,0.06884189,-0.015688082
0.12629439,0.093394,0.04291653,0.016132955,0.03673141,0.09078854,0.13740072,0.13950329,0.092622034,0.027974496,-0.012008004,-0.003589983,0.040868994,0.0800132,0.07714078,0.027219197,-0.03819296,-0.0758174,-0.061703734,-0.008780802,0.040567644,0.048619747,0.011327292,-0.039757915
0.019910078,-0.033239763,-0.06470594,-0.05626368,-0.020299172,0.011013189,0.00877611,-0.03137463,-0.0837483,-0.113111906,-0.10045089,-0.057968173,-0.018640919,-0.011802093,-0.04149763,-0.08346646,-0.10183217,-0.0783672,-0.026708072,0.020655641,0.034357365,0.00917526,-0.03069586,-0.049202725
-0.03933498,-0.01662269,0.051718168,0.11271788,0.11783324,0.05755291,-0.030781481,-0.08803891,-0.08035722,-0.023377636,0.030009912,0.03096674,-0.030214828,-0.11559492,-0.16676486,-0.14836739,-0.07723061,-0.0077995965,0.010560724,-0.032903843,-0.100909755,-0.133958,-0.09802062,-0.01242757
-0.0061265663,0.020858698,0.07960849,0.12725489,0.12664004,0.074857436,0.006610635,-0.032768313,-0.02217755,0.022342559,0.058256105,0.048559725,-0.0092202965,-0.080183074,-0.11867904,-0.10255789,-0.048950206,-0.00061517494,0.0037981076,-0.039038286,-0.093217,-0.11294722,-0.07849133,-0.007825079
-0.044923645,-0.10002228,-0.13481624,-0.123551294,-0.07317668,-0.019872082,-0.00022029379,-0.021930736,-0.06082536,-0.08041488,-0.056264125,0.0036402636,0.06300327,0.08541601,0.06255987,0.01868595,-0.008698217,0.004250197,0.050996926,0.094556026,0.09924266,0.05841889,-0.0025270924,-0.047279324
0.03183815,0.005791473,0.03226706,0.09609249,0.15156342,0.15671264,0.104780845,0.03147218,-0.015443261,-0.008888781,0.036502656,0.07648992,0.07037914,0.011752971,-0.064805314,-0.11067963,-0.09959052,-0.045868415,0.0067332764,0.01603931,-0.025030496,-0.082517765,-0.108756214,-0.07797052
0.0043665906,0.018094,-0.015354231,-0.07269757,-0.111498125,-0.102419294,-0.04964498,0.010371166,0.037604064,0.017190356,-0.028581075,-0.058395054,-0.043201,0.012594309,0.07341547,0.09867888,0.07386187,0.021364938,-0.01761784,-0.013669524,0.029762559,0.078143455,0.09067169,0.053028163
-0.07285675,0.010368642,0.09385292,0.11916218,0.07157251,-0.00937714,-0.059800547,-0.03838013,0.04089006,0.12008565,0.14010768,0.08582769,-0.0034090898,-0.06246284,-0.049974415,0.022510318,0.09591447,0.110761836,0.051958103,-0.040825386,-0.101732664,-0.08804952,-0.012490387,0.064853735
-0.04933934,-0.08486588,-0.051312592,0.03811033,0.12827305,0.16707976,0.13873574,0.07761459,0.041127644,0.066827804,0.1423864,0.21510902,0.23214561,0.17986697,0.09273933,0.029577501,0.029570093,0.08133946,0.13238503,0.1313005,0.065249175,-0.03096488,-0.09827529,-0.09626645
-0.04609014,-0.07989374,-0.08169326,-0.05983185,-0.040271625,-0.046926137,-0.08347446,-0.13031723,-0.15776375,-0.14994845,-0.11496919,-0.079957485,-0.06987875,-0.08925824,-0.11847841,-0.1288291,-0.10392363,-0.053771846,-0.0071493248,0.011057416,-0.0033745677,-0.030962907,-0.042986993,-0.024230696
0.17849751,0.14775796,0.095482014,0.06933893,0.0950019,0.15701666,0.20988189,0.21212505,0.15777887,0.081253216,0.030719316,0.032882176,0.073710985,0.10873016,0.098853976,0.037483886,-0.040871546,-0.08783908,-0.07785109,-0.024780296,0.028164601,0.03998828,0.00270447,-0.05100113
0.037432395,0.08382917,0.11996781,0.11557439,0.067437485,0.0028555165,-0.039777834,-0.040425584,-0.012766634,0.009022079,-0.005139291,-0.057639357,-0.120597206,-0.1561398,-0.1444406,-0.09943357,-0.057322305,-0.048488695,-0.076235004,-0.11331831,-0.122502305,-0.08574432,-0.018997766,0.041228246
-0.06238878,-0.017296107,-0.008578321,-0.0498863,-0.11618078,-0.16257074,-0.15653077,-0.104270205,-0.044509023,-0.01965522,-0.043864444,-0.09313052,-0.12319714,-0.1025403,-0.03855143,0.030016392,0.059905816,0.037334513,-0.013344531,-0.047667157,-0.035037745,0.017790392,0.0722088,0.08721589
-0.10153682,-0.107778974,-0.07600663,-0.03898603,-0.0329893,-0.07111745,-0.1309236,-0.17273876,-0.16895695,-0.124270424,-0.071396634,-0.048162427,-0.06804659,-0.11032421,-0.13609889,-0.118091665,-0.06083289,0.0021092035,0.03219397,0.014834872,-0.028823614,-0.05925021,-0.048586793,-0.0017314302
-0.06483233,-0.11903035,-0.115518235,-0.06540006,-0.014871119,-0.010598335,-0.063261054,-0.13962267,-0.18740849,-0.17463917,-0.11211838,-0.046926226,-0.02645959,-0.06243359,-0.12263611,-0.15530345,-0.12807044,-0.05280287,0.022463907,0.049348656,0.016101792,-0.04434339,-0.080336496,-0.059661765
-0.008053061,0.027719697,0.057850003,0.052038413,0.0047848453,-0.06109051,-0.10803401,-0.11292569,-0.08520037,-0.057435334,-0.060388457,-0.100063674,-0.15334329,-0.18390276,-0.16906382,-0.11879926,-0.06742036,-0.046585977,-0.0629007,-0.09468554,-0.10595378,-0.07461127,-0.011983649,0.046369277
-0.05327584,-0.10859061,-0.14059564,-0.12685302,-0.07647333,-0.023613233,-0.003684638,-0.024926871,-0.062151168,-0.07851651,-0.051603194,0.009111364,0.06839385,0.09108777,0.06804967,0.024360368,-0.0015413244,0.012579317,0.05809357,0.10039118,0.103655994,0.060236838,-0.0031412744,-0.047076512
0.03970915,-0.0055466467,0.001542727,0.052661438,0.10548463,0.11547488,0.06780336,-0.011475306,-0.0724812,-0.07920327,-0.037784934,0.009559436,0.018196046,-0.027298374,-0.100263655,-0.15150093,-0.14424008,-0.08539734,-0.0195537,0.008419523,-0.01733713,-0.071034886,-0.103596546,-0.079052165
0.07568046,0.035200156,-0.02499764,-0.06664157,-0.065868504,-0.033156596,-0.0016924008,-0.0039597177,-0.046508778,-0.10486896,-0.14072834,-0.13145904,-0.08636749,-0.040513,-0.026517926,-0.052639075,-0.09462045,-0.11437823,-0.089561865,-0.030909423,0.026184887,0.048062004,0.026833568,-0.013696047
-0.03281081,-0.0004424387,0.06687548,0.13168375,0.15855594,0.14038153,0.1013248,0.08115489,0.1021331,0.15377043,0.19885084,0.20335826,0.1604645,0.09643201,0.050754163,0.048433244,0.0787787,0.1055489,0.0960964,0.04364832,-0.02557483,-0.07082724,-0.06711417,-0.025463503
-0.011742675,-0.0500604,-0.10162678,-0.13548933,-0.13238588,-0.09869666,-0.062192887,-0.05187869,-0.07340777,-0.107711434,-0.12379083,-0.10330778,-0.053531814,-0.0032360645,0.01870399,0.0049106185,-0.024373516,-0.038852394,-0.020737207,0.023553926,0.06514712,0.07476393,0.046238873,0.0004959087
-0.052122675,-0.096898906,-0.09270486,-0.049841203,-0.007903069,-0.004923271,-0.04957515,-0.1139293,-0.15403754,-0.14331502,-0.091568165,-0.038357712,-0.022615468,-0.05380743,-0.10462293,-0.13213268,-0.10899452,-0.046131123,0.015959578,0.038146965,0.010640932,-0.03936292,-0.068725154,-0.05032548
-0.03470313,0.021291694,0.08589538,0.116388425,0.09434885,0.042412486,0.0045697344,0.0121711865,0.06097806,0.11604872,0.13521434,0.10156033,0.037189912,-0.012803139,-0.016711455,0.022502365,0.06933041,0.08248633,0.044367794,-0.021873716,-0.07076093,-0.07074495,-0.026130142,0.028987685
-0.17589031,-0.16823855,-0.122025594,-0.074170135,-0.059607923,-0.08509043,-0.1257035,-0.14172292,-0.10978568,-0.041866224,0.024632648,0.0543538,0.038938556,0.0034342343,-0.014201169,0.0104327155,0.06635502,0.11595044,0.12550788,0.08711156,0.025089905,-0.02032877,-0.022596784,0.008246038
0.020182008,-0.04111636,-0.082660586,-0.082139686,-0.04986467,-0.020748178,-0.026448956,-0.07197019,-0.13116373,-0.16686454,-0.15676634,-0.11168548,-0.0670179,-0.05539904,-0.08191584,-0.1221365,-0.13867415,-0.11044575,-0.049526088,0.00800296,0.029540041,0.009647673,-0.028002212,-0.046687305
0.007589035,0.020866336,0.061926242,0.0996042,0.10358999,0.068131305,0.015004942,-0.022406194,-0.023306228,0.0053138076,0.033040307,0.029736646,-0.010806184,-0.06619933,-0.101961076,-0.09692429,-0.058275472,-0.017600393,-0.0073701483,-0.03339129,-0.072524875,-0.09054097,-0.06805484,-0.013846548
0.114954196,0.12263937,0.08709059,0.03032596,-0.010831305,-0.013262561,0.01593411,0.043233827,0.03747643,-0.0077995616,-0.06973357,-0.11217123,-0.1118064,-0.07617285,-0.03775694,-0.028615898,-0.05622346,-0.09822438,-0.120313495,-0.09888619,-0.042094704,0.016190559,0.04261349,0.029554805
0.035570282,-0.04194541,-0.09306515,-0.08422479,-0.026912786,0.030354626,0.039938174,-0.010037248,-0.08538619,-0.13275135,-0.11815275,-0.054007474,0.011179738,0.028783688,-0.012088947,-0.07895478,-0.1171302,-0.09362666,-0.022179337,0.04805474,0.0695021,0.030843666,-0.034925953,-0.074724786
0.14841324,0.118011415,0.060140874,0.02381082,0.042406544,0.105755545,0.16696148,0.17960134,0.13289358,0.05821864,0.0054018134,0.0077187675,0.056562535,0.10549277,0.10879319,0.055644084,-0.022323893,-0.07507026,-0.068975724,-0.012629743,0.04666094,0.06219665,0.023901757,-0.03759188
-0.053898383,-0.018836917,-0.01608684,-0.055010255,-0.11190353,-0.14776292,-0.13773388,-0.091179945,-0.041560795,-0.023369022,-0.045953635,-0.08664837,-0.1077017,-0.08500273,-0.028100133,0.029030347,0.05181999,0.03057744,-0.012265004,-0.037965197,-0.023170944,0.022724928,0.066663526,0.07524145
-0.120688885,-0.07783076,-0.03520607,-0.023436392,-0.047993824,-0.08551582,-0.10089312,-0.073041186,-0.012504438,0.045808222,0.06979968,0.05309528,0.017943464,0.00044435143,0.021350225,0.0717341,0.11676508,0.12410975,0.08829779,0.031992808,-0.0077802804,-0.0075507266,0.023746355,0.051028058
-0.117488064,-0.16811581,-0.15088013,-0.07880843,-0.0061690784,0.015241631,-0.02639596,-0.09313548,-0.12810756,-0.09763525,-0.015329005,0.06573761,0.092309274,0.053121798,-0.01492915,-0.05495913,-0.032217283,0.03960066,0.10804415,0.11986791,0.064471774,-0.020093238,-0.07686254,-0.070308775
0.057391766,0.09365272,0.09301962,0.051534023,-0.0070142336,-0.047582816,-0.048415184,-0.019495936,0.005849137,-0.0017326752,-0.046313506,-0.10379509,-0.13844012,-0.129324,-0.08664784,-0.04439701,-0.033866294,-0.058916863,-0.09642727,-0.11097444,-0.08196187,-0.02140757,0.0345453,0.055705067
0.14229205,0.16694932,0.13883933,0.08960116,0.0656531,0.093624786,0.15773192,0.21307099,0.21884091,0.16939834,0.09666851,0.04894818,0.053947646,0.09759987,0.13540423,0.12731354,0.06679064,-0.012742585,-0.062249534,-0.053108305,-0.0005655151,0.050075397,0.05742644,0.016254073
-0.20293018,-0.19096008,-0.12953144,-0.06595563,-0.048212234,-0.08569395,-0.14342813,-0.16807546,-0.13032113,-0.046044454,0.036292527,0.0695297,0.042206258,-0.01005925,-0.03612615,-0.0053449096,0.06654158,0.13158801,0.14399679,0.09265684,0.013261533,-0.040446255,-0.038142595,0.007195104
-0.16597687,-0.16447419,-0.13118368,-0.09267427,-0.07798709,-0.09433335,-0.122191794,-0.13082139,-0.10270889,-0.045980398,0.011938831,0.042585835,0.03730831,0.0154107455,0.0058746035,0.026554076,0.07002451,0.10981239,0.11903176,0.0891372,0.039435234,0.00072297815,-0.008179894,0.007982742
0.10652132,0.034605354,-0.009434657,0.009666147,0.07830094,0.14450257,0.15546823,0.09846411,0.010481992,-0.04935425,-0.04455476,0.012228767,0.07002553,0.07599578,0.017751351,-0.068643145,-0.12334004,-0.109888434,-0.04179956,0.029672388,0.051400572,0.009404595,-0.06042659,-0.098659985
0.02696188,-0.013427702,-0.0030430662,0.048168916,0.0989378,0.10665301,0.05858435,-0.017121386,-0.07176826,-0.07337087,-0.030537969,0.015185055,0.020979378,-0.025868503,-0.09651504,-0.14248143,-0.13126235,-0.07294744,-0.010869574,0.0118098315,-0.017652739,-0.0708318,-0.09935507,-0.07306635
0.0021012563,0.025722707,0.077539876,0.118804514,0.11770426,0.07226273,0.010944984,-0.02693067,-0.021472722,0.014253255,0.042673007,0.03262875,-0.017579105,-0.07937507,-0.11463373,-0.10235442,-0.056828037,-0.015696667,-0.0101010585,-0.042351052,-0.08584879,-0.102799565,-0.07253012,-0.009299127
-0.08794623,-0.08751515,-0.06276636,-0.03879062,-0.03994223,-0.07124947,-0.113417715,-0.13770221,-0.12788534,-0.091935374,-0.055158034,-0.042259756,-0.058923252,-0.08684072,-0.09851935,-0.07801244,-0.033591814,0.009002007,0.025490265,0.0095963655,-0.020865554,-0.038332902,-0.026163964,0.0077424007
0.0063425973,-0.056158148,-0.093032345,-0.07328462,-0.007987475,0.058795396,0.082078196,0.050569005,-0.0058566704,-0.039301872,-0.018896706,0.044835556,0.107835494,0.12556237,0.086674325,0.020777756,-0.023015287,-0.01352302,0.039285813,0.09138949,0.09883842,0.050626602,-0.023188291,-0.0731525
0.026710134,0.047320344,0.08767923,0.11964149,0.12014779,0.08722469,0.041932624,0.013210181,0.01563579,0.03958667,0.057540767,0.046333622,0.004444762,-0.046683498,-0.07734173,-0.07216482,-0.04135027,-0.0130800735,-0.011557591,-0.038920283,-0.073464595,-0.085531995,-0.06062253,-0.011145276
0.030750737,-0.015636409,-0.001132933,0.06289605,0.12642643,0.13865489,0.08465683,-0.0022521475,-0.06510118,-0.06564127,-0.013742951,0.041328825,0.0483255,-0.0073568956,-0.09181563,-0.14838623,-0.13820763,-0.07204242,-0.0010639782,0.023077972,-0.014449431,-0.07978937,-0.11716993,-0.089227274
-0.048863467,-0.098097056,-0.097755685,-0.058277868,-0.019423785,-0.021449057,-0.07267166,-0.1436124,-0.18845691,-0.17976342,-0.12754829,-0.07304153,-0.05691194,-0.08908875,-0.14050844,-0.16640376,-0.138727,-0.069000565,0.00018322389,0.026922785,0.0014651056,-0.046736874,-0.072570525,-0.049318887
0.05048666,0.06753893,0.02531272,-0.04270137,-0.08167446,-0.056925625,0.01890175,0.09385163,0.119050644,0.08260049,0.017975891,-0.021076407,8.0254154e-05,0.069047324,0.13566756,0.15066874,0.10320108,0.026990062,-0.025085697,-0.016740708,0.040626604,0.097017534,0.10360406,0.049902547
-0.13749471,-0.123213276,-0.07015956,-0.016335271,0.0014660523,-0.02414272,-0.06698332,-0.085700095,-0.056539834,0.008475395,0.07083304,0.093867704,0.06896227,0.02293709,-0.0034088073,0.014726,0.06621338,0.11235608,0.11752599,0.07345268,0.0073667164,-0.038170177,-0.037104618,-0.00083403673
0.059364922,0.07919413,0.12927455,0.17349826,0.17830545,0.13585171,0.07031651,0.02059329,0.011500117,0.036002807,0.059283894,0.047501907,-0.006867873,-0.07909568,-0.12870172,-0.13009055,-0.09098,-0.04755497,-0.035919245,-0.064353146,-0.10784126,-0.12599483,-0.09475739,-0.025443291
-0.054505575,-0.09102224,-0.05387189,0.036399953,0.12102455,0.14737861,0.10371883,0.031060152,-0.008220058,0.02157906,0.10145743,0.1737174,0.18523735,0.12541406,0.03491115,-0.022590883,-0.0097042015,0.054720473,0.11349228,0.11419793,0.04572838,-0.050805934,-0.1096926,-0.093618415
-0.012123526,-0.097434536,-0.15077853,-0.1329416,-0.05838218,0.01814117,0.041954294,-0.0006912624,-0.072927,-0.11517118,-0.08849735,-0.006489154,0.07577592,0.10336411,0.061993588,-0.01277782,-0.06001371,-0.04041338,0.03282346,0.104630515,0.12071221,0.066459775,-0.022195142,-0.08289408
-0.0010029698,0.015774408,0.07759392,0.13634142,0.14450927,0.08665754,-0.0055323686,-0.07342612,-0.08020852,-0.03606807,0.010616329,0.011537401,-0.047632936,-0.13523395,-0.19358096,-0.18441585,-0.11964789,-0.049400806,-0.021883462,-0.05407685,-0.11511155,-0.14620689,-0.110429466,-0.023814945
0.014321636,-0.042810634,-0.06806932,-0.03418637,0.0417,0.1123532,0.13401376,0.100278266,0.045011926,0.01707523,0.043657035,0.10917887,0.16652577,0.17288576,0.122593775,0.049143955,0.0030823248,0.012231007,0.061903495,0.10511617,0.10015326,0.041275658,-0.03711204,-0.08504172
-0.057676103,-0.015363022,0.08168296,0.1745555,0.20714585,0.16962618,0.10073483,0.062337212,0.09004818,0.16760916,0.23672801,0.24345274,0.17741276,0.08023521,0.013957324,0.01716306,0.07366114,0.12546323,0.11911001,0.045294102,-0.054198712,-0.116393924,-0.10316641,-0.03153557
0.11617315,0.09515819,0.059239294,0.040511355,0.057418678,0.10019157,0.137158,0.13943672,0.102825895,0.050733153,0.015963119,0.017639352,0.04734042,0.07353935,0.068456054,0.027241519,-0.026390702,-0.059481923,-0.05285835,-0.014869655,0.022912158,0.030689143,0.0042716656,-0.033875283
-0.024649873,0.013586747,0.09521855,0.17821297,0.21990663,0.20868523,0.16767302,0.14293604,0.16349275,0.22093941,0.27353874,0.28150442,0.23335932,0.15564035,0.093985185,0.08073359,0.107493825,0.13359164,0.12187511,0.061395828,-0.022300767,-0.08234887,-0.08571292,-0.04188682
0.0023472905,-0.036060445,-0.04805215,-0.014263119,0.050378237,0.109545454,0.12986659,0.10809096,0.07104294,0.0553005,0.07989923,0.13148172,0.17392762,0.17550275,0.13316979,0.07446077,0.03701105,0.04049384,0.07281274,0.09857048,0.087050386,0.035037674,-0.029432572,-0.06868261
-0.03273033,-0.025055831,-0.05681961,-0.111008935,-0.1530429,-0.15556805,-0.11729218,-0.067134015,-0.040569533,-0.05303329,-0.08805525,-0.11149397,-0.096411996,-0.042955738,0.01890053,0.05255997,0.042305402,0.00567333,-0.022603134,-0.015541539,0.026071813,0.072356015,0.087017,0.05759092
0.0739936,0.07921595,0.050262015,0.0052809888,-0.026282204,-0.025747973,0.0011905878,0.027132733,0.025752353,-0.007968146,-0.05510956,-0.085776575,-0.08107522,-0.047567017,-0.012898932,-0.0045046154,-0.02803562,-0.06377355,-0.082217224,-0.06466702,-0.019380307,0.025280306,0.04136453,0.02497971
-0.16773686,-0.09086974,-0.012399612,0.009659803,-0.037922654,-0.11381648,-0.15325181,-0.1167892,-0.020741882,0.07454873,0.11001307,0.071491316,-0.0010274935,-0.04218078,-0.012807565,0.072533056,0.1534957,0.17080642,0.111404404,0.016048921,-0.049076527,-0.0429703,0.021128617,0.08257373
-0.015292143,0.011782176,0.08076106,0.13877705,0.14001937,0.07777977,-0.008591681,-0.062815234,-0.054642845,-0.0009481034,0.04618703,0.0400567,-0.025558999,-0.11163472,-0.16134042,-0.14349613,-0.07570136,-0.011298445,0.0016674537,-0.04441681,-0.11014027,-0.13852842,-0.09887671,-0.01203596
0.07970844,0.07926697,0.03594426,-0.02475521,-0.0643861,-0.061166987,-0.02514256,0.006836312,0.0030575176,-0.040495884,-0.097453564,-0.13054867,-0.117689,-0.070324,-0.02457397,-0.013630488,-0.041809253,-0.08297216,-0.1014234,-0.07479124,-0.014992076,0.040242627,0.057800926,0.033909056
-0.11177832,-0.16534872,-0.15621275,-0.0940873,-0.026615122,-0.0039398903,-0.04165954,-0.106841475,-0.1447898,-0.12102521,-0.045439865,0.033927616,0.06613714,0.03543623,-0.027028428,-0.066156596,-0.046334703,0.022010455,0.09189191,0.11197054,0.06606923,-0.013221352,-0.0691946,-0.065975256
0.1204708,0.14463659,0.11516591,0.062451646,0.03287419,0.05497036,0.11649654,0.17378859,0.1838675,0.13827437,0.06748288,0.019924477,0.025388645,0.07246483,0.11746058,0.11744841,0.06302603,-0.013436132,-0.062337156,-0.053442866,0.00064691465,0.054868445,0.06546698,0.02496697
-0.046700418,-0.12892123,-0.18014662,-0.16451934,-0.09427968,-0.019936167,0.0064323167,-0.028634245,-0.08996028,-0.12258355,-0.09094913,-0.0076238015,0.07592047,0.10755099,0.07326491,0.0073669716,-0.033128846,-0.012984774,0.05561132,0.121623576,0.13321018,0.077527314,-0.0098080635,-0.07104491
-0.05468645,-0.09503718,-0.09900878,-0.07337199,-0.04638621,-0.048142884,-0.08539763,-0.13688731,-0.16888429,-0.16100737,-0.119940944,-0.07583037,-0.05894666,-0.07771398,-0.111438125,-0.12721936,-0.10400539,-0.049772996,0.0043202504,0.02679676,0.00947469,-0.026100691,-0.046491645,-0.031704947
0.0796979,0.014258535,-0.07878692,-0.1411607,-0.13811742,-0.08590888,-0.035725646,-0.036567017,-0.09742588,-0.18085772,-0.22880243,-0.20771635,-0.1328916,-0.05787323,-0.032872412,-0.06929133,-0.13009688,-0.15744968,-0.117807716,-0.027848193,0.057672225,0.08730567,0.049785454,-0.016783755
-0.055033743,0.0076508815,0.028573094,-0.0051167617,-0.062671274,-0.09301771,-0.064899564,0.009779229,0.086357236,0.11814578,0.09152714,0.036248427,0.0023715906,0.02224288,0.085344784,0.14791204,0.16386043,0.11911588,0.043486193,-0.010988342,-0.010773981,0.03457669,0.08214583,0.085111976
0.111122124,0.07727753,0.02382714,-0.0057464503,0.014465619,0.07130789,0.12203647,0.12823413,0.08462017,0.0213188,-0.017970493,-0.0075437743,0.04024883,0.08330826,0.08394756,0.03674784,-0.02789458,-0.066539735,-0.053440463,-0.0008809955,0.048729014,0.05748106,0.019921225,-0.034726914
0.040848177,0.011916265,0.018345578,0.05379645,0.088502556,0.09149773,0.0538031,-0.0042472132,-0.048209123,-0.054472536,-0.028415592,0.00052874215,0.0015629595,-0.034408692,-0.08683689,-0.121593006,-0.11512506,-0.07345975,-0.027456746,-0.008566622,-0.026145063,-0.060085654,-0.07723012,-0.0551181
0.025823161,-0.0243879,-0.014275216,0.043335658,0.09913568,0.103732824,0.0433405,-0.048491675,-0.11415933,-0.11631768,-0.06586853,-0.012158666,-0.0051927404,-0.0592329,-0.13984063,-0.19052984,-0.17313997,-0.10053186,-0.024220765,0.005605014,-0.025793053,-0.08543372,-0.11610247,-0.0824695
-0.04070879,-0.123435594,-0.17501329,-0.16027288,-0.09303158,-0.02462206,-0.004504911,-0.043901052,-0.1077171,-0.1415816,-0.11076401,-0.029364968,0.051124334,0.080237314,0.046066944,-0.017602423,-0.05489568,-0.030939473,0.04070087,0.10804093,0.12142784,0.06915467,-0.013862414,-0.07072225
0.017234528,-0.033843793,-0.020551905,0.044467304,0.10796803,0.11668128,0.056787223,-0.03565041,-0.100971885,-0.09982135,-0.04326725,0.016106892,0.024797417,-0.031495024,-0.11642727,-0.17110273,-0.15573916,-0.08215195,-0.0045817452,0.0226897,-0.014837472,-0.08174384,-0.119406745,-0.08919006
-0.20293777,-0.18327278,-0.102711305,-0.020213569,0.005843393,-0.038427968,-0.112231135,-0.14899391,-0.1102276,-0.013383552,0.08173238,0.11691846,0.0770947,0.003603591,-0.039559983,-0.011666549,0.06989327,0.145819,0.16034706,0.09781018,-0.0010163998,-0.06919211,-0.06475704,-0.0038288934
-0.027873663,0.08125806,0.1837449,0.21646711,0.1682552,0.08784876,0.044585135,0.079427816,0.17058092,0.25190064,0.2600444,0.18567064,0.077651404,0.008001584,0.01753184,0.08774202,0.15085533,0.14433554,0.060622,-0.05079334,-0.11870323,-0.10153859,-0.018385595,0.06216017
-0.07437766,-0.0079907635,0.014050431,-0.025149927,-0.09479074,-0.1379116,-0.11508905,-0.036590006,0.0479897,0.08569585,0.059059817,-0.0019189008,-0.041061617,-0.019082231,0.054715063,0.13084468,0.15678258,0.11538601,0.036410168,-0.022230225,-0.019898916,0.034108087,0.09113173,0.09973964
-0.0050953706,0.03472172,0.07531826,0.08542946,0.05523506,0.0025111167,-0.039111502,-0.04392244,-0.016304627,0.015099674,0.0187251,-0.014768049,-0.066934936,-0.10425482,-0.102582,-0.06545481,-0.023446875,-0.00810267,-0.027623717,-0.06477672,-0.08764832,-0.0723659,-0.023059737,0.029394977
-0.05596716,-0.039661337,0.016164552,0.07737359,0.104994565,0.08763575,0.046458393,0.019524362,0.032468047,0.08091141,0.13136104,0.14662425,0.11514127,0.059139147,0.016307067,0.013704721,0.047181275,0.0843707,0.08813011,0.047739506,-0.01412288,-0.059902526,-0.06296809,-0.025641233
-0.11256841,-0.161284,-0.15750125,-0.10423143,-0.041007314,-0.010171551,-0.028197428,-0.07318883,-0.10143658,-0.08102019,-0.015098528,0.05795579,0.0941912,0.077511385,0.029144408,-0.0075243213,0.0009921729,0.051699977,0.10650938,0.12254083,0.08450188,0.013979251,-0.04497664,-0.056956146
-0.050524414,-0.09215704,-0.08881454,-0.05086571,-0.01587482,-0.019477578,-0.06743875,-0.13082583,-0.16888502,-0.15879795,-0.11111298,-0.0631268,-0.051311377,-0.08217973,-0.12801623,-0.14897215,-0.12244889,-0.05994016,0.001014943,0.02293215,-0.0012785079,-0.043743156,-0.065209046,-0.043234013
0.01430226,0.08835849,0.15277468,0.15801103,0.09527437,0.0041597034,-0.05495681,-0.048192237,0.00569729,0.053908076,0.047076922,-0.022525745,-0.114895634,-0.16980943,-0.15434124,-0.08628821,-0.02143302,-0.008316647,-0.05528553,-0.12348347,-0.1537775,-0.11356384,-0.023855463,0.060950637
-0.04433115,0.02767063,0.052120097,0.015119042,-0.049235445,-0.0837775,-0.05298275,0.029414317,0.11195968,0.14321372,0.10894583,0.043457683,0.00347792,0.025056934,0.09489381,0.16220571,0.17559786,0.12182767,0.03640879,-0.022372235,-0.018442344,0.034752104,0.08793701,0.09090931
0.091358766,0.10667304,0.05542135,-0.028169505,-0.08443699,-0.077315174,-0.017601063,0.044224393,0.056984752,0.0063876025,-0.073585056,-0.12524933,-0.11104699,-0.04323484,0.027862854,0.050260134,0.009043894,-0.06178033,-0.10406445,-0.081265345,-0.006553858,0.06951342,0.09582934,0.056707297
0.13281563,0.16959842,0.16699398,0.13951269,0.12051263,0.13499002,0.17889535,0.2235321,0.23752451,0.20949157,0.15463518,0.106712356,0.091862164,0.107873425,0.12842491,0.12330435,0.081160985,0.01756473,-0.033960488,-0.046443142,-0.021682514,0.013592832,0.029042743,0.011089584
0.03585723,-0.052701823,-0.1157979,-0.11721059,-0.06726787,-0.015186802,-0.011052796,-0.06891109,-0.15406609,-0.2102,-0.20017084,-0.1345536,-0.06330359,-0.0381035,-0.07362918,-0.13761936,-0.17298183,-0.14324172,-0.06009765,0.025628205,0.06082896,0.030662581,-0.032469083,-0.07084052
0.014172887,0.038698986,0.0051408513,-0.057079025,-0.09507385,-0.073038496,0.0009476223,0.08090532,0.116931655,0.091816,0.034052044,-0.003654915,0.015363952,0.082950555,0.15296952,0.17548402,0.13351671,0.056728896,9.13455e-05,0.00083693804,0.050670933,0.10300976,0.10990857,0.055368472
0.14743304,0.12742494,0.08553029,0.060106415,0.0756483,0.122503854,0.16553678,0.17083932,0.13025923,0.06814571,0.022993483,0.019573132,0.05004148,0.079753906,0.07614989,0.030990103,-0.031818263,-0.07349448,-0.06918524,-0.027560512,0.0172893,0.03165629,0.006645191,-0.03575507
0.036637824,-0.036645364,-0.07229466,-0.031512067,0.06712454,0.16154346,0.1914883,0.14687862,0.07073215,0.027443008,0.055350266,0.13766271,0.21319102,0.22334991,0.15724015,0.058851816,-0.0066929935,0.0001521232,0.065137744,0.12646574,0.12559642,0.052208565,-0.04917188,-0.1132166
-0.11583435,-0.11206788,-0.06499944,-0.020237938,-0.02164472,-0.07706706,-0.15242733,-0.19832805,-0.18524931,-0.12602994,-0.06583847,-0.049486663,-0.086266465,-0.1432592,-0.17141259,-0.14171083,-0.06671252,0.006942904,0.0326636,0.0012820147,-0.053931847,-0.08380266,-0.059294574,0.0068056574
-0.036611386,-0.10081305,-0.14319034,-0.13496897,-0.084609695,-0.030540964,-0.0111304335,-0.03723201,-0.083636396,-0.10914228,-0.085632175,-0.022602947,0.0412312,0.06688495,0.043938562,-0.0033709728,-0.03229596,-0.015127487,0.03802964,0.08835986,0.09892963,0.059943717,-0.0040910686,-0.050477877
0.07410307,0.11668505,0.11815273,0.07282702,0.007895061,-0.03791719,-0.040791165,-0.010711426,0.016917264,0.008662687,-0.04145877,-0.10716713,-0.14892282,-0.14351569,-0.099820614,-0.05385956,-0.040762436,-0.06776023,-0.11001357,-0.12830797,-0.098871365,-0.03255491,0.033141494,0.060876198
-0.02430267,0.058805864,0.14590393,0.18455356,0.15785898,0.09756339,0.05756709,0.07601802,0.14327745,0.21127646,0.22737953,0.17655922,0.09077453,0.02629408,0.021316836,0.06890315,0.1198073,0.12210367,0.06215761,-0.027472688,-0.09069419,-0.089083016,-0.030116394,0.036149755
0.08794993,0.0978778,0.05175534,-0.019608654,-0.06771746,-0.06315648,-0.015094843,0.033589546,0.03935165,-0.008211109,-0.07858868,-0.12316679,-0.11183369,-0.05471043,0.0050381585,0.022618422,-0.013618499,-0.072373055,-0.10480155,-0.08146041,-0.013586801,0.0547798,0.07792707,0.04550677
