0.019013735,0.06973612,0.114091866,0.117469974,0.07426025,0.01051055,-0.033579953,-0.03339971,0.0005178841,0.032047447,0.026445245,-0.021965262,-0.087056324,-0.12829065,-0.12129013,-0.0756113,-0.02945613,-0.018178891,-0.04772072,-0.09296444,-0.11429758,-0.08688113,-0.02213731,0.040351927
0.060895577,0.030049635,0.03985712,0.08116827,0.11980577,0.12103548,0.07563303,0.007146373,-0.0443341,-0.052266397,-0.024062917,0.0057835965,0.002914818,-0.042326536,-0.10515033,-0.14601773,-0.13799927,-0.08991237,-0.038422395,-0.018471343,-0.039502244,-0.07787953,-0.09430718,-0.06472578
-0.008826503,-0.0019730525,-0.031192932,-0.078260295,-0.110644795,-0.10595006,-0.067748785,-0.023757445,-0.004474261,-0.020943195,-0.05571783,-0.07685912,-0.062056527,-0.015509285,0.034555256,0.05704484,0.040739886,0.0034252724,-0.022321798,-0.014023612,0.02382495,0.06310259,0.07312242,0.043972224
-0.0074605984,0.006043704,-0.02974827,-0.08658848,-0.11816662,-0.094724454,-0.026219534,0.044724915,0.07635006,0.05599344,0.010648607,-0.014579751,0.009260237,0.07317042,0.1359606,0.15595919,0.12135933,0.058920648,0.013499966,0.015774788,0.058460247,0.1013466,0.102957055,0.05143992
-0.15063395,-0.081886105,-0.0057700323,0.023228472,-0.012259379,-0.07942082,-0.12038348,-0.094219744,-0.0101551665,0.07909807,0.11735138,0.08694196,0.019378727,-0.026216567,-0.009178647,0.06314797,0.13804197,0.15890504,0.10915203,0.020843681,-0.046128947,-0.048387393,0.0067961137,0.06599986
0.043661363,0.1125117,0.137893,0.108257055,0.05211278,0.016848529,0.033459835,0.092657596,0.15081052,0.16452521,0.12153352,0.050887704,0.00074262783,0.0033190646,0.04992848,0.09838419,0.103881106,0.055140667,-0.01855419,-0.068825275,-0.06294715,-0.00928935,0.04809222,0.064731434
0.07317273,0.1554289,0.1940288,0.17310584,0.12010397,0.08518096,0.10256124,0.16459374,0.22649537,0.24212474,0.19564356,0.11581337,0.05416229,0.046579093,0.08600343,0.12982275,0.13017695,0.072977826,-0.01204431,-0.07303127,-0.074160546,-0.022980386,0.036612596,0.05749675
-0.025654098,-0.113118485,-0.16348583,-0.1382023,-0.054653883,0.027599243,0.052015208,0.0075526005,-0.06434747,-0.10171312,-0.06649443,0.023872737,0.10970545,0.13433243,0.08660362,0.0071508517,-0.040311668,-0.017576447,0.05847475,0.1277856,0.13511707,0.06998376,-0.026207665,-0.08960987
0.05458288,0.027229795,0.035453275,0.0709861,0.10368232,0.10387098,0.064016454,0.004108545,-0.041218933,-0.048652638,-0.024614554,0.0007588261,-0.0020341424,-0.041059148,-0.09522942,-0.13062885,-0.12353618,-0.08138565,-0.036479294,-0.01859383,-0.035776608,-0.06824784,-0.08235231,-0.056192655
0.075409085,0.077702574,0.031253483,-0.03959209,-0.09233953,-0.100197695,-0.068750665,-0.034535427,-0.033934366,-0.07688614,-0.13874562,-0.17895752,-0.17038006,-0.120638266,-0.065076284,-0.04220823,-0.06232362,-0.10178013,-0.12165018,-0.09539242,-0.03066712,0.035974782,0.06618797,0.048291612
-0.007096377,0.06762052,0.14211015,0.1751963,0.1550698,0.11149774,0.08923022,0.11492102,0.1756419,0.23100853,0.23991886,0.19326602,0.12075324,0.06973753,0.06752594,0.1035013,0.1365957,0.12723713,0.06661057,-0.014095855,-0.06694686,-0.064669326,-0.019583534,0.028490786
0.057467964,0.11667868,0.13481382,0.10541536,0.056891717,0.031242996,0.051717456,0.105368555,0.15229185,0.15687163,0.11249968,0.048523042,0.0075452235,0.013922348,0.055245005,0.09262614,0.08943571,0.040080857,-0.025712317,-0.06495345,-0.053646363,-0.0041453326,0.043542404,0.053181034
-0.022439746,0.07401494,0.1696017,0.2107606,0.18191394,0.12014802,0.085355446,0.11589784,0.19521527,0.2689194,0.2824676,0.22309965,0.12868397,0.06220331,0.06146935,0.113720156,0.16230014,0.15491174,0.08039112,-0.022914205,-0.091260195,-0.086335145,-0.023870459,0.04142122
-0.062114324,-0.114800625,-0.11099622,-0.06402585,-0.018891968,-0.019573309,-0.07505655,-0.15201388,-0.19867203,-0.18535957,-0.12476164,-0.06330231,-0.04610863,-0.08337115,-0.1416992,-0.17052245,-0.1390169,-0.06208451,0.0122646615,0.038369697,0.006198072,-0.050542217,-0.080343,-0.0547127
0.16259459,0.19532992,0.15189826,0.07231177,0.023666523,0.047238283,0.12796755,0.20553179,0.22048104,0.15862979,0.060348734,-0.0072386153,-0.000874255,0.064623654,0.13039756,0.13688192,0.06915937,-0.031475555,-0.09694951,-0.084003694,-0.0078861965,0.07064649,0.092901215,0.042864736
0.021655122,-0.02301962,-0.089112915,-0.12934777,-0.11335589,-0.052116252,0.01061179,0.031626992,0.0018789042,-0.05019027,-0.0778651,-0.05233825,0.015025598,0.08040042,0.10169025,0.06880971,0.011801736,-0.023441767,-0.00830774,0.046411816,0.09787053,0.10470246,0.05813126,-0.013146715
-0.076510444,-0.14064878,-0.13899904,-0.08405963,-0.027848508,-0.023027983,-0.08242368,-0.1696052,-0.22474527,-0.21085954,-0.13968714,-0.06458121,-0.03944485,-0.07844889,-0.14570236,-0.18240418,-0.15053752,-0.06357269,0.023352686,0.055773683,0.0196463,-0.048527807,-0.08964474,-0.06643218
0.029138982,0.05168183,0.10748078,0.15697372,0.16293088,0.11722941,0.048343502,0.00037436688,-0.001143576,0.033555493,0.06541116,0.05701734,0.00069735904,-0.074391074,-0.12308422,-0.11870319,-0.07241572,-0.024410771,-0.013912289,-0.049569044,-0.10133491,-0.12367579,-0.09216902,-0.021062257
0.042288598,0.08182866,0.08340986,0.039788216,-0.023804775,-0.068390295,-0.06916162,-0.03619321,-0.004660417,-0.007263866,-0.050765317,-0.11023079,-0.14609633,-0.13489237,-0.08714929,-0.038667858,-0.02376345,-0.04898627,-0.09009209,-0.1077591,-0.07966509,-0.018028062,0.040634084,0.06334083
-0.12856576,-0.12758353,-0.07686106,-0.02203516,-0.012302234,-0.06248832,-0.13968925,-0.18977971,-0.17850965,-0.11531076,-0.045970365,-0.020089911,-0.053394165,-0.11420307,-0.14990124,-0.1261884,-0.052753247,0.02449273,0.055482294,0.023380402,-0.04020811,-0.08132562,-0.06623218,-0.0034122732
-0.020183131,-0.086019486,-0.12488139,-0.106496006,-0.04286856,0.022361916,0.044732403,0.0135385925,-0.041077867,-0.071516715,-0.047431365,0.02008787,0.08724652,0.10966475,0.075380765,0.014097648,-0.0255932,-0.012712834,0.042894907,0.097843185,0.10740292,0.05904372,-0.016320636,-0.068139926
0.121492594,0.14979565,0.13730922,0.104684755,0.08618053,0.10520162,0.15390141,0.19961993,0.20944132,0.17552517,0.118891925,0.075806215,0.07027692,0.09643571,0.12267983,0.11694579,0.07057256,0.005904836,-0.040513933,-0.043622654,-0.009576964,0.029126316,0.03888682,0.011834949
0.07799463,0.022089181,-0.059418853,-0.11484324,-0.11143725,-0.06271172,-0.015479542,-0.014444876,-0.06733791,-0.14141119,-0.18515234,-0.16788775,-0.102616325,-0.03757951,-0.01721987,-0.051108517,-0.10630715,-0.13279092,-0.10057766,-0.02335018,0.05051813,0.07583056,0.043554835,-0.015104926
0.001801292,0.02241328,0.0886941,0.15322903,0.16678572,0.11515442,0.031881392,-0.02745569,-0.028750677,0.01840381,0.06691952,0.06765055,0.007214143,-0.08065892,-0.13975997,-0.1349156,-0.076720424,-0.012965587,0.0055773775,-0.035850666,-0.10216105,-0.13714087,-0.107965484,-0.027611382
0.025442695,-0.050284218,-0.10427241,-0.10764039,-0.068866536,-0.029372202,-0.03035072,-0.081997074,-0.15385322,-0.19967817,-0.18986502,-0.13450179,-0.075476676,-0.055694234,-0.08516089,-0.13558522,-0.1597091,-0.12962647,-0.056889392,0.015736131,0.044948675,0.020614645,-0.028163508,-0.055889655
-0.029700726,-0.06817744,-0.07045016,-0.040156018,-0.005908356,-0.0007360405,-0.034773007,-0.08715225,-0.12293443,-0.119607344,-0.08146983,-0.038058985,-0.023035983,-0.046812907,-0.08796271,-0.112229444,-0.096682705,-0.04740947,0.005084305,0.0260819,0.006383712,-0.03152258,-0.054150563,-0.0415687
0.07355239,0.16070765,0.18588382,0.13951439,0.06475938,0.025852716,0.05849701,0.14175113,0.2148421,0.2238416,0.15912534,0.0646334,0.0052798684,0.018164929,0.0838444,0.142886,0.14020824,0.0674592,-0.031803172,-0.09158422,-0.074303165,0.00039205427,0.07134753,0.084194615
-0.041474972,-0.11094327,-0.15442011,-0.14144857,-0.08245045,-0.02203073,-0.004863131,-0.039079875,-0.093877755,-0.12320594,-0.097462475,-0.027099382,0.04374779,0.06987298,0.040418193,-0.013964998,-0.046828322,-0.028354071,0.03375391,0.094375566,0.106960975,0.061158594,-0.010686495,-0.06093223
-0.009167807,-0.053582463,-0.11001646,-0.14323418,-0.13345325,-0.09168209,-0.050971325,-0.042301357,-0.068911664,-0.10700056,-0.12158508,-0.09458114,-0.03773753,0.015074207,0.033440042,0.012726216,-0.021963114,-0.036581524,-0.0139065925,0.03493009,0.07682893,0.08160014,0.045620706,-0.0062176445
-0.05743137,-0.03925575,0.012386731,0.06446468,0.08595012,0.06854592,0.031635217,0.009838961,0.02631822,0.07383359,0.11980698,0.13240643,0.103100315,0.052216105,0.015325843,0.017058432,0.051368866,0.084844604,0.08594263,0.04642842,-0.012704868,-0.05483068,-0.053179406,-0.016721042
-0.14632685,-0.10224403,-0.052896306,-0.035846695,-0.061777662,-0.106650606,-0.1296726,-0.10432595,-0.038376473,0.030657645,0.06409249,0.049928635,0.011033794,-0.011508352,0.008694288,0.06515543,0.12096529,0.13724425,0.10238181,0.03990684,-0.007961739,-0.01247609,0.020692388,0.054936722
0.032739878,0.050465737,0.00023122391,-0.07413598,-0.109194994,-0.06923248,0.026243774,0.11747788,0.14842129,0.10756837,0.03715966,0.00077442365,0.03460386,0.1201074,0.19759911,0.21138343,0.14991169,0.05671482,-0.002647274,0.0090667745,0.07376383,0.13199061,0.12845623,0.053246565
-0.14976224,-0.13028061,-0.060780033,0.007367951,0.024478886,-0.019844526,-0.08888812,-0.12463065,-0.09514564,-0.016822971,0.05822143,0.08103449,0.040403284,-0.026469383,-0.06426862,-0.039239574,0.031645115,0.09687057,0.10955846,0.057767846,-0.022561273,-0.073906116,-0.062291596,-0.0029851964
-0.019982206,-0.06320715,-0.1325706,-0.18241939,-0.17945997,-0.1290486,-0.06804825,-0.039063066,-0.057031088,-0.100864366,-0.12623657,-0.10224896,-0.034766186,0.038454853,0.07559333,0.060437895,0.015220856,-0.016355425,-0.0036202096,0.047475558,0.1009871,0.116317876,0.078014314,0.007791283
-0.048379906,-0.11267058,-0.15198998,-0.14171363,-0.092943534,-0.043262497,-0.028821405,-0.057735067,-0.10263943,-0.12358021,-0.09611565,-0.032166194,0.029531974,0.052388456,0.028696494,-0.01539367,-0.03809301,-0.015689991,0.039079957,0.08798771,0.09566722,0.055127703,-0.006739377,-0.048146967
0.14203857,0.16831343,0.14210846,0.09330481,0.06655893,0.089062035,0.14890312,0.20315601,0.21000524,0.16218594,0.089969814,0.04001989,0.041217458,0.082447864,0.12150332,0.11664936,0.059545904,-0.017608548,-0.067310184,-0.06033796,-0.008123569,0.04480087,0.05593188,0.01819368
0.08818036,0.09389098,0.038669597,-0.042461894,-0.09425165,-0.08501724,-0.027928224,0.026610965,0.032155525,-0.020269927,-0.09534985,-0.13945968,-0.12046925,-0.052939814,0.013598225,0.031238483,-0.0092114,-0.072510146,-0.10588996,-0.07752707,-0.002559496,0.06914929,0.0899903,0.05060212
-0.017292745,-0.0057295198,0.050179668,0.10617192,0.116048194,0.0662964,-0.013136744,-0.071462266,-0.075515255,-0.032391,0.014698644,0.020249918,-0.029488184,-0.10494342,-0.1557104,-0.14842863,-0.09088106,-0.026676793,-0.0022719891,-0.032541767,-0.08889728,-0.12070997,-0.095664576,-0.022344802
0.056222096,0.03229648,0.049278837,0.10034586,0.15155499,0.16716613,0.13548806,0.07828361,0.034161944,0.03043134,0.06155848,0.09440656,0.0938985,0.048872456,-0.017427409,-0.0663545,-0.07000445,-0.03441339,0.00632886,0.01684013,-0.013132609,-0.061696496,-0.09006557,-0.073020205
-0.12939546,-0.08788027,-0.046572313,-0.045742486,-0.09487319,-0.16572167,-0.21069314,-0.19916698,-0.1416885,-0.08116259,-0.05919063,-0.08635177,-0.1349837,-0.15877211,-0.12913378,-0.056355894,0.01537595,0.04399725,0.019889813,-0.030076914,-0.060251642,-0.041267652,0.016746165,0.07061754
-0.009611721,0.007351272,0.06354543,0.1146302,0.11877872,0.068709575,-0.004434916,-0.054499183,-0.05306184,-0.010325077,0.030923279,0.029155595,-0.023631185,-0.0962923,-0.14164269,-0.13133061,-0.07542261,-0.01797123,-0.002816779,-0.03762368,-0.0912847,-0.117410816,-0.088115744,-0.0153058395
-0.030533714,-0.012139276,0.048561737,0.10527394,0.114566185,0.06618394,-0.009617771,-0.061727263,-0.058735352,-0.011191914,0.03563713,0.038923338,-0.0113432715,-0.08515147,-0.13300915,-0.12266023,-0.06538635,-0.0069610793,0.010873956,-0.023069479,-0.08141633,-0.11467539,-0.089418165,-0.018159788
0.08076813,0.03577789,-0.031691108,-0.079621516,-0.080436535,-0.044029836,-0.008020932,-0.00943149,-0.05520843,-0.119107805,-0.15908748,-0.1493757,-0.09954592,-0.04844226,-0.03219037,-0.059616238,-0.10417497,-0.12551132,-0.0990919,-0.034989487,0.028115522,0.053266935,0.031889386,-0.0118505405
-0.18192601,-0.12261376,-0.060158584,-0.045146585,-0.089612566,-0.15741238,-0.19229686,-0.16047917,-0.07576184,0.010093133,0.045834694,0.019157384,-0.03563223,-0.062514916,-0.029432835,0.05073477,0.1263506,0.14673123,0.101128384,0.024576407,-0.028139839,-0.022954198,0.02908628,0.07886299
-0.085796475,-0.047491476,0.05189795,0.14898406,0.18169813,0.13743775,0.057937525,0.011879785,0.03972386,0.12458088,0.20328489,0.21622126,0.14982244,0.048393246,-0.019630788,-0.011418402,0.05630993,0.1203328,0.12201071,0.04857296,-0.05599891,-0.12225775,-0.10748741,-0.02949798
-0.021758901,-0.07586142,-0.15343502,-0.20488876,-0.19905697,-0.14659666,-0.08890602,-0.06843501,-0.09663459,-0.14700313,-0.17161362,-0.14101698,-0.06613715,0.010375776,0.04572282,0.026781728,-0.019274227,-0.044968426,-0.020717058,0.042243972,0.10246819,0.11780952,0.07528405,0.0026928005
0.18837953,0.1559913,0.09077117,0.05226865,0.07928054,0.15872394,0.2344204,0.25146532,0.19574253,0.10519457,0.04027276,0.04170381,0.09816702,0.154614,0.15583523,0.087913305,-0.011816067,-0.08105007,-0.07704025,-0.011773336,0.05737232,0.07445115,0.025561212,-0.05129962
0.005955567,-0.035228018,-0.0545016,-0.02732651,0.036359753,0.10039423,0.12810865,0.11116588,0.07336656,0.052663054,0.07305531,0.12515342,0.17358401,0.1829933,0.1453695,0.08549495,0.042461596,0.04100135,0.0725528,0.10207955,0.09607551,0.04698894,-0.020377189,-0.06685601
-0.04467226,-0.11918235,-0.16456008,-0.14995553,-0.089052014,-0.028280294,-0.011786239,-0.04788739,-0.10416946,-0.13247257,-0.102727175,-0.028274722,0.043619145,0.068592384,0.037565537,-0.018233469,-0.049420226,-0.026019778,0.039234113,0.09892376,0.10915901,0.061510153,-0.012411039,-0.062481508
-0.06458081,-0.008750122,0.0025078717,-0.037372608,-0.09551199,-0.12338917,-0.092390545,-0.016727155,0.0567518,0.083626926,0.055467993,0.0043762205,-0.021292403,0.0075598075,0.076646395,0.14018881,0.15325345,0.10817441,0.037791613,-0.008804264,-0.0011370562,0.047850862,0.09168353,0.08707334
0.009162966,0.053560067,0.08878257,0.08152262,0.028572707,-0.042272706,-0.08978365,-0.091134526,-0.05870764,-0.029521098,-0.03711792,-0.086057425,-0.1482343,-0.18330891,-0.1678345,-0.11436291,-0.06135162,-0.0439594,-0.068399765,-0.10756313,-0.120714374,-0.08480695,-0.013862704,0.051018115
-0.098279476,-0.101821005,-0.07918437,-0.057172224,-0.062302962,-0.1017199,-0.15443255,-0.18672332,-0.17966224,-0.14226942,-0.102440186,-0.08745766,-0.10528968,-0.13600674,-0.14765997,-0.12167876,-0.067865685,-0.015142119,0.009804238,-0.0024630888,-0.032783475,-0.047986835,-0.029667161,0.01185606
0.0470274,0.08666189,0.08883037,0.04582762,-0.018141784,-0.06507257,-0.068730965,-0.03774356,-0.006645935,-0.008553492,-0.051020395,-0.11082699,-0.14927787,-0.14149927,-0.09553886,-0.0466275,-0.029444598,-0.051748984,-0.09189316,-0.11168633,-0.08586978,-0.0240404,0.037174158,0.063169524
-0.0023703212,0.021429181,0.09970137,0.17494397,0.19007075,0.13091646,0.03520587,-0.033877872,-0.03550253,0.019641375,0.07565441,0.07623996,0.0072829085,-0.09310717,-0.16161047,-0.15639241,-0.088726416,-0.015614696,0.0052791657,-0.040543865,-0.115802996,-0.157737,-0.12532209,-0.031920288
-0.013400044,-0.014011289,-0.050341573,-0.10017315,-0.12943593,-0.1184619,-0.0757017,-0.032236844,-0.017111966,-0.037370656,-0.07152085,-0.086479984,-0.06327926,-0.010914585,0.03955768,0.05821512,0.038316175,0.001261802,-0.019524567,-0.0047886567,0.036254905,0.07329864,0.077140175,0.041580837
-0.009187747,-0.042550147,-0.08723474,-0.11395165,-0.10468105,-0.068159066,-0.031769395,-0.021156546,-0.040195264,-0.070380256,-0.0828285,-0.0610598,-0.013985574,0.030209795,0.046084348,0.028844401,-0.001997149,-0.018057257,-0.002455291,0.03567795,0.06843967,0.070981644,0.04018826,-0.0051826877
-0.09251165,-0.04371745,0.008294343,0.021893783,-0.014938587,-0.07677862,-0.11838329,-0.108123936,-0.05341045,0.005816441,0.027206624,-0.0019486723,-0.05631243,-0.09099886,-0.075997114,-0.017500367,0.043539654,0.064786,0.034648933,-0.022156937,-0.061639313,-0.052599795,-0.0009150159,0.053048808
-0.062017847,-0.11519277,-0.11725338,-0.07671445,-0.034197632,-0.030111121,-0.07574938,-0.14435758,-0.18953316,-0.1813896,-0.12764762,-0.0687906,-0.046938077,-0.074297495,-0.12447581,-0.15277494,-0.12828234,-0.060332984,0.009231652,0.03870815,0.015430582,-0.035016008,-0.06723853,-0.050711982
0.094301745,0.10665367,0.060136456,-0.013701314,-0.0636334,-0.059279308,-0.009526362,0.041658428,0.048779108,0.00028832743,-0.07265271,-0.1197886,-0.10913394,-0.05106129,0.010334783,0.028662607,-0.00895878,-0.0705629,-0.10550818,-0.08328098,-0.014774062,0.05530976,0.08004899,0.047046017
0.05217655,0.0724074,0.019472457,-0.062654875,-0.10497751,-0.06721298,0.031301394,0.1259451,0.15744601,0.11265721,0.034861732,-0.008649635,0.022906085,0.110736564,0.19191483,0.20736428,0.14478722,0.0476545,-0.016277434,-0.004718936,0.06478605,0.12934947,0.13149266,0.05848232
0.07720356,0.03003643,0.0046300483,0.021941302,0.06881217,0.10904637,0.109819464,0.06652983,0.0060730954,-0.032270294,-0.026727727,0.010504113,0.04410619,0.041114688,-0.002478059,-0.06067898,-0.09377457,-0.080101535,-0.032804143,0.012551138,0.023512015,-0.0056145526,-0.04949013,-0.06909937
0.018601269,0.051762443,0.05161658,0.009384905,-0.052730925,-0.09868833,-0.10321949,-0.07397079,-0.041996516,-0.03893444,-0.07333756,-0.12464489,-0.15718476,-0.14695622,-0.10048292,-0.049798355,-0.027324766,-0.04255876,-0.077105835,-0.09531355,-0.072709285,-0.016410444,0.04064479,0.06538033
0.0579525,0.10719162,0.12429992,0.10399547,0.067406535,0.04793478,0.06490227,0.10778032,0.14463581,0.14758798,0.11145539,0.05853565,0.022808552,0.024616228,0.054559357,0.081397764,0.07643608,0.035503462,-0.019471118,-0.053729106,-0.04622104,-0.007361257,0.0302364,0.038481325
-0.19168264,-0.17810167,-0.11500923,-0.052727945,-0.03892522,-0.08172297,-0.14476919,-0.17352647,-0.1375943,-0.053995807,0.026322478,0.055696223,0.024169922,-0.031788003,-0.05939123,-0.02726848,0.048165895,0.115769275,0.12901671,0.07831709,-0.00025631543,-0.0519641,-0.044100914,0.00820257
-0.08081733,-0.063620895,-0.07328516,-0.114375,-0.16519688,-0.1956263,-0.18765023,-0.15040754,-0.110551536,-0.09499121,-0.10893475,-0.13329242,-0.1388607,-0.109438926,-0.05403394,-0.00049369823,0.02482502,0.015420096,-0.01005928,-0.022170188,-0.0044651157,0.034469403,0.06866027,0.071187966
0.027608342,0.012013625,-0.01624974,-0.024088703,0.0077508315,0.07094343,0.13216987,0.16075964,0.14955366,0.11930182,0.102638476,0.120413795,0.16444859,0.20345077,0.20669527,0.16796808,0.109044895,0.063981846,0.05563375,0.077021696,0.09671422,0.08473842,0.03564129,-0.027581679
0.012426352,0.034272857,-0.0035573628,-0.067119546,-0.099584654,-0.06480358,0.023451094,0.11194715,0.14992286,0.12333009,0.06543787,0.032134395,0.059180252,0.13383661,0.20460321,0.22092928,0.1702073,0.08607172,0.025076527,0.024941387,0.07403136,0.12157043,0.118886076,0.05324377
-0.06864123,-0.12740354,-0.13295135,-0.092205696,-0.04653658,-0.041549288,-0.09031293,-0.16388397,-0.21265583,-0.20444794,-0.1461413,-0.0806674,-0.05451002,-0.082247056,-0.13514923,-0.16493209,-0.13849314,-0.06458962,0.012513881,0.045242146,0.01964698,-0.034859315,-0.06962203,-0.053397574
-0.045527793,-0.021923708,0.036322955,0.09535387,0.12117767,0.10528828,0.06894502,0.04854038,0.06666548,0.11556461,0.16160688,0.17161463,0.13689302,0.08032212,0.039002784,0.03729467,0.068058014,0.09791144,0.09407418,0.04828321,-0.015686644,-0.059797835,-0.059313882,-0.02254872
-0.004350699,0.0037126027,-0.025208924,-0.065318555,-0.08123342,-0.05266124,0.009149659,0.0680147,0.09173316,0.07446679,0.041074444,0.02658872,0.05064997,0.10300936,0.14910035,0.15680426,0.12125613,0.06789747,0.031153245,0.03233792,0.063464046,0.0907779,0.081585586,0.032055594
-0.028518185,-0.032772712,-0.0724798,-0.12582058,-0.15885377,-0.15135704,-0.10976,-0.06600682,-0.049703036,-0.06801878,-0.09939921,-0.112216264,-0.08654151,-0.030432403,0.024508582,0.047642052,0.03222161,-0.00016119269,-0.018634297,-0.0028942497,0.03999556,0.0783115,0.08243561,0.047086023
-0.049739927,-0.12919435,-0.18053451,-0.16926737,-0.10584332,-0.03776852,-0.014176966,-0.047968686,-0.1067625,-0.13895576,-0.11028705,-0.031503275,0.049392723,0.08251266,0.053664412,-0.005855664,-0.04283738,-0.02297879,0.0441213,0.11031958,0.12535545,0.075585596,-0.0057358113,-0.064240105
0.046581827,-0.025840687,-0.07778384,-0.07477617,-0.023244172,0.03222856,0.043513473,-0.0031236042,-0.07754793,-0.12923862,-0.12328039,-0.066760235,-0.0034119242,0.017530294,-0.018476078,-0.08242906,-0.123252355,-0.10679431,-0.039754592,0.03304414,0.061506484,0.030348124,-0.030234586,-0.07023426
-0.067864366,-0.14967762,-0.19935419,-0.184802,-0.11937584,-0.051055294,-0.02745558,-0.060817122,-0.11682217,-0.14317922,-0.10742198,-0.02379223,0.058900047,0.09182165,0.062478207,0.0036491808,-0.02977333,-0.0054187784,0.062378246,0.12536968,0.13538583,0.080179594,-0.0049268394,-0.06378577
-0.030693704,-0.010054814,0.05029802,0.10396231,0.10749265,0.05453758,-0.020856146,-0.068723276,-0.061303977,-0.012210392,0.032805644,0.03135014,-0.023509067,-0.09729359,-0.14040026,-0.124528155,-0.06402606,-0.005440913,0.00771477,-0.03141859,-0.08890899,-0.11559805,-0.084559664,-0.010705528
0.04014298,0.061601963,0.0144577855,-0.062182687,-0.10457217,-0.07364109,0.015566931,0.10507073,0.13828434,0.10012874,0.028660137,-0.013470841,0.013174191,0.09408683,0.1723258,0.19143729,0.13694224,0.04746911,-0.013560474,-0.005710199,0.05724027,0.119211756,0.1245634,0.05900434
0.06347424,0.13638149,0.17464682,0.16144712,0.11837018,0.08675415,0.09666636,0.14603168,0.19983658,0.21747646,0.18162908,0.1139451,0.05718867,0.043179624,0.071087226,0.10805533,0.1125577,0.06760173,-0.004470389,-0.060940064,-0.069407195,-0.030122612,0.02337917,0.047236048
-0.20419803,-0.14599107,-0.08122238,-0.06222974,-0.10523302,-0.17647369,-0.21652815,-0.18675362,-0.09962108,-0.0077953474,0.035042208,0.0128507465,-0.042033877,-0.07086347,-0.037561152,0.046254776,0.1274584,0.15382019,0.11154889,0.03284886,-0.024450844,-0.0222337,0.029059857,0.08008326
0.058923773,0.1210194,0.13303733,0.08117474,-0.0019881898,-0.062339853,-0.063079976,-0.014694955,0.035438355,0.03959483,-0.015780266,-0.09863081,-0.15463714,-0.14776379,-0.0875506,-0.021984976,-0.00030057208,-0.03637972,-0.09963644,-0.13585491,-0.109402806,-0.030853186,0.050507694,0.08491255
-0.13227467,-0.1293769,-0.08189888,-0.026874345,-0.005361603,-0.030020181,-0.07858441,-0.109258555,-0.09216905,-0.03274642,0.032160603,0.06195296,0.0423364,-0.00406403,-0.036529955,-0.024531422,0.027469538,0.082439266,0.10001583,0.06685451,0.0050185695,-0.04347648,-0.047157217,-0.009158608
-0.0006710087,0.043953955,0.092620134,0.12004521,0.11661227,0.096908055,0.08470903,0.097286515,0.13093801,0.16453917,0.17314981,0.1490346,0.10704568,0.07276199,0.063623436,0.07760219,0.09344948,0.08703674,0.05159502,0.0031325938,-0.033033654,-0.039988823,-0.019567752,0.0072619827
-0.047136385,-0.07811866,-0.051759396,0.015055989,0.07493627,0.08720388,0.0463311,-0.013814805,-0.045340303,-0.021901188,0.040639125,0.095946066,0.102598324,0.05562439,-0.011481853,-0.05029888,-0.033684365,0.022924202,0.07288396,0.0750241,0.024378765,-0.0451984,-0.08516213,-0.06735229
0.15114717,0.18319263,0.1589395,0.10893713,0.08217173,0.10832737,0.17465214,0.23570605,0.247529,0.20068136,0.12575822,0.07214444,0.07131473,0.11198956,0.15118326,0.14560013,0.08547565,0.0019906766,-0.05550649,-0.054858513,-0.0059403176,0.04670119,0.059303246,0.020179234
0.0053830203,-0.04848366,-0.08802586,-0.0951,-0.07646068,-0.059965406,-0.070208035,-0.11037328,-0.15971743,-0.18954724,-0.18202122,-0.14522244,-0.10736706,-0.09448353,-0.11036179,-0.13579245,-0.14226246,-0.11333121,-0.05800855,-0.005862494,0.016771076,0.0065244944,-0.018110221,-0.029648213
-0.04693827,-0.030497335,0.04095381,0.10952432,0.11618681,0.046249483,-0.05800267,-0.12932308,-0.12728535,-0.06568315,-0.0022922077,0.0039509595,-0.06184613,-0.15761702,-0.21623626,-0.1967686,-0.11417069,-0.027638523,0.0018059646,-0.04178579,-0.11553801,-0.15227471,-0.11381469,-0.016824571
-0.13780242,-0.196915,-0.1877082,-0.12138138,-0.050147753,-0.025975337,-0.064524055,-0.1314175,-0.16839595,-0.13923466,-0.055131726,0.032111548,0.06815643,0.03776649,-0.025810543,-0.06456111,-0.040471844,0.034391735,0.10833588,0.12799527,0.0779619,-0.0071704467,-0.06819043,-0.06624132
0.0020303323,0.023989681,0.08409034,0.1407698,0.15203531,0.11089796,0.04720685,0.004550431,0.008923101,0.050969984,0.090405785,0.08718678,0.03356319,-0.03960747,-0.08743891,-0.08365813,-0.03771312,0.009803598,0.01644127,-0.024475021,-0.08125499,-0.11024899,-0.0872831,-0.022066852
-0.033842213,-0.061160367,-0.024731714,0.061117474,0.14539206,0.18022245,0.15148439,0.093525134,0.060156196,0.08433238,0.15237477,0.21587479,0.22655562,0.17260881,0.08824129,0.028679242,0.0283314,0.07400857,0.11874364,0.11517493,0.05133962,-0.03827284,-0.09726495,-0.09173337
-0.004786874,0.05356617,0.11147881,0.1352304,0.1172631,0.08087609,0.060582567,0.07795564,0.12406117,0.16688614,0.17314893,0.13617098,0.0798453,0.03990627,0.03811099,0.06737818,0.09541856,0.08963044,0.04448364,-0.015783073,-0.056004934,-0.05428521,-0.016872399,0.023337537
0.070109196,0.036134947,-0.026641304,-0.06447646,-0.039778907,0.038211748,0.1193751,0.152223,0.12162926,0.05847218,0.016623052,0.033697736,0.101811126,0.17098942,0.18923657,0.14152646,0.05969601,-0.0010058581,-0.0005551356,0.053103633,0.1088844,0.11497184,0.05867879,-0.02723436
0.045921396,0.0819174,0.08317458,0.042762846,-0.01658353,-0.06021851,-0.06456238,-0.0371423,-0.009224197,-0.011450727,-0.050936002,-0.10607151,-0.1417975,-0.13558112,-0.093869805,-0.04876935,-0.032046672,-0.051645644,-0.087607644,-0.10545475,-0.08204968,-0.024652094,0.03326411,0.0584826
0.026260795,0.042604573,0.07730926,0.10375728,0.0991639,0.06265682,0.0152239315,-0.015816623,-0.01698549,0.0026290526,0.017225219,0.0047092116,-0.03568241,-0.082793035,-0.109136626,-0.10097009,-0.06838659,-0.037809957,-0.032629248,-0.053653363,-0.0799822,-0.08536915,-0.057559695,-0.007309362
-0.09514076,-0.093610995,-0.06587838,-0.040879022,-0.046399664,-0.08724089,-0.1395632,-0.16906051,-0.15812658,-0.117952175,-0.078367524,-0.06695009,-0.08986582,-0.12391769,-0.13591574,-0.10893982,-0.05487652,-0.004441551,0.015152003,-0.003102081,-0.036456622,-0.051256318,-0.030913629,0.012315599
0.0024554126,-0.06654565,-0.106016755,-0.09584759,-0.053558055,-0.021398785,-0.032873828,-0.08805909,-0.1530983,-0.18545043,-0.16438107,-0.10749029,-0.057231326,-0.048970897,-0.083888926,-0.13019857,-0.14488947,-0.10765948,-0.03621243,0.025708634,0.04146881,0.009336789,-0.038110465,-0.057609588
0.17663756,0.16229251,0.12139754,0.09550564,0.11257988,0.16645873,0.2193629,0.23190284,0.19150382,0.12295576,0.06835973,0.057704374,0.08613573,0.11768776,0.113928705,0.062662296,-0.011922105,-0.06674661,-0.07190145,-0.031949632,0.01675806,0.03483583,0.007962424,-0.039799593
-0.030131543,-0.061470773,-0.028000968,0.057173353,0.14128067,0.17445229,0.14255923,0.08057131,0.042993177,0.06457523,0.13272531,0.1975747,0.20911436,0.15519604,0.070195906,0.0099080345,0.010125322,0.059342187,0.10863646,0.108624,0.047244657,-0.040816434,-0.09998903,-0.09347626
-0.10819762,-0.05665462,-0.008106143,-0.0053763427,-0.057283886,-0.1306774,-0.1735681,-0.15586564,-0.09161249,-0.028120948,-0.009617053,-0.045907535,-0.10549532,-0.13627146,-0.10785394,-0.033933103,0.037455045,0.061004676,0.025599902,-0.03691439,-0.07307783,-0.050976943,0.01391442,0.07316953
-0.05433794,-0.0127674965,-0.0120643005,-0.061241135,-0.13115446,-0.17600246,-0.16542476,-0.110625684,-0.05339095,-0.03491371,-0.06481818,-0.11540139,-0.14144877,-0.113900624,-0.0446899,0.024086986,0.05029227,0.024694117,-0.02537664,-0.054544926,-0.033974525,0.024808446,0.07940439,0.09017751
-0.038712256,-0.09328465,-0.08629699,-0.029884597,0.026836151,0.03518272,-0.018163834,-0.100205794,-0.15485191,-0.14621747,-0.08500575,-0.020339768,-0.0021093027,-0.044249542,-0.114084244,-0.15646593,-0.13442865,-0.060036216,0.016126951,0.044313524,0.009873612,-0.054899115,-0.09413282,-0.071491
0.009161222,0.07377287,0.12926747,0.13139577,0.073290855,-0.01023039,-0.06582987,-0.062441144,-0.015911076,0.026329987,0.01995372,-0.041743547,-0.12324249,-0.17166428,-0.15700981,-0.09425712,-0.033582136,-0.019282555,-0.05799432,-0.1156568,-0.14066432,-0.10349622,-0.020947067,0.056683324
-0.089716494,-0.09329842,-0.07090304,-0.04811436,-0.04948061,-0.08165388,-0.12654611,-0.15495057,-0.14837523,-0.11321135,-0.07494669,-0.0593827,-0.07338137,-0.10076125,-0.11341219,-0.09354055,-0.04714341,-0.00055618957,0.020752095,0.008873291,-0.020796543,-0.039768837,-0.028413545,0.0066783
0.03140513,-0.04169267,-0.07589912,-0.035467513,0.06055515,0.15401553,0.18653521,0.14561199,0.073929705,0.034878675,0.064929046,0.1462971,0.22028835,0.23039185,0.1658914,0.06934775,0.0069613885,0.015148961,0.07578664,0.13171293,0.1279585,0.05398681,-0.04661504,-0.10887214
-0.0018968192,0.020209335,0.098768644,0.17734274,0.19708462,0.14101489,0.045444243,-0.025134813,-0.0276714,0.028507683,0.087735854,0.09178942,0.023156792,-0.0804492,-0.15329234,-0.15114376,-0.08366774,-0.008377757,0.014134844,-0.033739995,-0.113614805,-0.15923232,-0.12870319,-0.03534075
-0.102201805,-0.102376305,-0.06675085,-0.030116795,-0.028029356,-0.06892017,-0.12727422,-0.16394146,-0.15468162,-0.1077308,-0.05756958,-0.03995918,-0.06448598,-0.10671103,-0.12881373,-0.106861375,-0.049178466,0.009468558,0.032771114,0.010864867,-0.032538045,-0.059138015,-0.044918157,0.0032299897
0.023511546,-0.059423797,-0.10524302,-0.06959775,0.030621756,0.13261794,0.17147662,0.13093778,0.053536773,0.0075133387,0.036716167,0.1256721,0.21130078,0.23074485,0.16908424,0.06878538,0.00030916583,0.007517409,0.074823335,0.14033285,0.14372237,0.07033902,-0.0377871,-0.111018874
-0.022821106,-0.058792934,-0.11009745,-0.14581545,-0.14543492,-0.11305695,-0.07372888,-0.057279594,-0.07317954,-0.104615755,-0.12061215,-0.1010179,-0.051038124,0.0030480844,0.030919634,0.021341313,-0.008002938,-0.025455564,-0.011083043,0.030211752,0.07159384,0.08318024,0.05446716,0.0058116447
-0.15718548,-0.08486327,-0.013330398,0.005277491,-0.04024091,-0.110989414,-0.14658825,-0.11061183,-0.020440156,0.06700214,0.09786267,0.060854446,-0.006076643,-0.041803777,-0.011527815,0.06944881,0.14329998,0.15697296,0.10089583,0.013204372,-0.044930063,-0.036330007,0.023497164,0.078679234
-0.019817019,-0.0062885536,0.04053942,0.08330296,0.08746641,0.045151904,-0.018395789,-0.062127367,-0.06057854,-0.0228726,0.014257642,0.015685711,-0.026599893,-0.08737732,-0.12564233,-0.1152531,-0.06574035,-0.01519291,0.0006000456,-0.027098017,-0.07367747,-0.09770242,-0.07306793,-0.011712932
-0.046478845,-0.09489143,-0.0660758,0.027610173,0.12561172,0.16588752,0.12821686,0.050969634,0.00063243695,0.022298109,0.10465585,0.18882081,0.21224943,0.15613945,0.058597684,-0.012691669,-0.010994601,0.05325619,0.12155472,0.13153215,0.064613625,-0.039706618,-0.113322616,-0.10887099
0.06220302,0.022815146,-0.04043639,-0.087105274,-0.08837371,-0.050625153,-0.008942091,-0.0011504118,-0.037644282,-0.095265865,-0.13331231,-0.12431888,-0.07450303,-0.020022081,0.0012434439,-0.022454549,-0.06778315,-0.094566196,-0.07584406,-0.018188773,0.041502733,0.065064505,0.04125987,-0.0067375046
-0.08436259,-0.043332115,9.847688e-06,0.017540129,0.00046995832,-0.031782243,-0.047461975,-0.026381169,0.023417147,0.07267405,0.092327215,0.07459274,0.038175203,0.0159226,0.02733974,0.0656933,0.10122448,0.10571152,0.07244594,0.020876704,-0.01575378,-0.01725064,0.009180113,0.035505258
-0.026219886,-0.098337784,-0.1416582,-0.12607503,-0.063099876,0.0017002609,0.022686295,-0.011439274,-0.06785059,-0.097216465,-0.0691546,0.0034839706,0.074467115,0.09777068,0.062885925,0.0017140383,-0.033966452,-0.01449065,0.04661667,0.10335757,0.11083293,0.059739515,-0.016345676,-0.06664618
-0.05278488,-0.09880579,-0.102615885,-0.074204065,-0.045883685,-0.049648903,-0.093144275,-0.15376249,-0.19238651,-0.18534249,-0.14112687,-0.09374093,-0.07620067,-0.09822697,-0.1373447,-0.15617101,-0.12949763,-0.06772289,-0.00645547,0.021067185,0.004162749,-0.0348803,-0.05644507,-0.036680024
-0.13907829,-0.0699846,-0.0034047,0.009709586,-0.04132525,-0.11680246,-0.15606599,-0.12436208,-0.04008072,0.040776107,0.06595448,0.024967302,-0.043386173,-0.078309774,-0.04640783,0.03521707,0.10961562,0.1253104,0.07258011,-0.009471412,-0.059892427,-0.0438304,0.020826148,0.079580255
0.001766101,-0.05111562,-0.08486278,-0.08007652,-0.04713417,-0.017557181,-0.019196631,-0.0556206,-0.10365664,-0.13052644,-0.11699203,-0.07350038,-0.031977158,-0.02082303,-0.04443838,-0.080579676,-0.09643825,-0.07308544,-0.021595065,0.02557181,0.039841972,0.017123412,-0.021446647,-0.04222186
-0.041422773,0.021082185,0.08609971,0.11085334,0.081912175,0.026288176,-0.009168128,0.0061967457,0.062788025,0.12024859,0.13565044,0.0966455,0.029918266,-0.016530588,-0.012405836,0.034547206,0.08283551,0.09076478,0.046352644,-0.023735145,-0.07172027,-0.06590964,-0.015611258,0.03911333
0.06165815,0.010617706,-0.071800366,-0.12505634,-0.1094009,-0.036853995,0.039533872,0.064983174,0.024548702,-0.047638014,-0.091883756,-0.069616936,0.0076146917,0.08627387,0.11298173,0.071121834,-0.0038786777,-0.052809242,-0.037110288,0.03164011,0.10147646,0.11869558,0.06765129,-0.01788442
0.06983623,0.13723044,0.16974792,0.15803032,0.12412194,0.10599027,0.12712912,0.17998242,0.22897476,0.23950286,0.20156029,0.13914794,0.09132078,0.0839146,0.11062574,0.13759741,0.12926345,0.07678411,0.005040791,-0.046202544,-0.050230388,-0.013859468,0.027606264,0.03787122
0.15356253,0.121234864,0.061675142,0.025739739,0.04519961,0.10786168,0.16705586,0.17744365,0.12799512,0.051007554,-0.0023923162,0.00023918704,0.048816618,0.09668932,0.099527076,0.0454659,-0.033098202,-0.08457052,-0.076072864,-0.018280512,0.042411894,0.05980098,0.022059115,-0.039834123
-0.12445934,-0.07746953,-0.029989272,-0.014436567,-0.03933682,-0.078399144,-0.0925947,-0.060699385,0.0040433793,0.065180056,0.089237906,0.06929311,0.030479105,0.012551766,0.035769954,0.087741084,0.1318402,0.13602078,0.09439842,0.03339304,-0.0067368555,-0.0051758396,0.025187926,0.05125519
0.052017808,0.13413022,0.16577832,0.13205013,0.06662277,0.025563268,0.045241848,0.11482275,0.18369062,0.20064795,0.15036473,0.067071296,0.007757451,0.009833884,0.06372237,0.11995994,0.12631744,0.06825457,-0.019230347,-0.07896407,-0.073279746,-0.011927128,0.055258017,0.074977465
0.026874688,-0.014915547,0.0025510378,0.066878885,0.1282918,0.13951854,0.08799572,0.0064188456,-0.05114175,-0.04917543,0.0015071244,0.05282555,0.056776073,0.0014662056,-0.07979024,-0.13338353,-0.123085864,-0.060473047,0.0042373394,0.023557212,-0.014459982,-0.07730939,-0.112777114,-0.08533213
-0.068814725,-0.032594662,0.05687855,0.14450516,0.17664629,0.14212853,0.07693332,0.039976265,0.06577588,0.14017373,0.20862445,0.21977706,0.16199844,0.07330535,0.012310569,0.015753502,0.06983887,0.12078607,0.118547514,0.051788345,-0.042091087,-0.10320343,-0.09438584,-0.029844325
0.08989793,0.100038104,0.064549215,0.0086602885,-0.02918159,-0.026366187,0.0094931,0.045228805,0.046474665,0.0050559994,-0.0544444,-0.09374076,-0.08874195,-0.047685523,-0.003924913,0.007663356,-0.022745281,-0.070275545,-0.09646369,-0.077964015,-0.022993082,0.033468727,0.05518853,0.032607146
-0.17484364,-0.16574861,-0.11038045,-0.052416414,-0.0352555,-0.06653429,-0.11583356,-0.13828945,-0.1063307,-0.031794533,0.042133633,0.07239296,0.049038995,0.0026286298,-0.022802623,0.0008463732,0.06307153,0.12095654,0.13137946,0.08600681,0.0153670255,-0.035532128,-0.036949173,0.0032078838
0.038024265,0.06427649,0.02760744,-0.04060899,-0.08354713,-0.062364567,0.014461075,0.096859835,0.13172556,0.10118473,0.035830498,-0.008363181,0.008110501,0.07713428,0.14914063,0.17151198,0.12641604,0.045414083,-0.014796731,-0.0138353985,0.040710993,0.099726304,0.11086777,0.057608224
0.16390629,0.2063247,0.18439227,0.12686706,0.08868785,0.107902475,0.17537823,0.24369405,0.2616055,0.2131295,0.12737142,0.060564328,0.05265408,0.09607414,0.14393996,0.146195,0.08570024,-0.0069739735,-0.07419214,-0.07570593,-0.020504648,0.043705445,0.06640257,0.030482832
-0.019229155,-0.008513482,0.035593573,0.081079565,0.09352187,0.06329404,0.010995707,-0.027223501,-0.026992697,0.0069699762,0.043430034,0.04916724,0.01399166,-0.040930998,-0.07962559,-0.077252895,-0.038942326,0.0037690457,0.017162465,-0.008724863,-0.053275295,-0.081083246,-0.067900725,-0.01904824
-0.013377967,-0.016873764,-0.07954201,-0.16398627,-0.21405901,-0.19925262,-0.13301273,-0.065825306,-0.045450464,-0.08233036,-0.14013985,-0.16518578,-0.12664492,-0.040245716,0.04286885,0.07345738,0.041147094,-0.017175196,-0.047004834,-0.018359195,0.05280821,0.11614606,0.12388242,0.06722823
-0.07333742,-0.13252442,-0.17114928,-0.16691719,-0.12752505,-0.084546894,-0.06957436,-0.09079979,-0.12618148,-0.14187244,-0.11575788,-0.056226898,0.0045068082,0.033359315,0.021425385,-0.0109259635,-0.02807455,-0.008184906,0.041075464,0.08748198,0.09802201,0.06372344,0.0075455285,-0.034232818
-0.12155741,-0.11539922,-0.06871617,-0.024186209,-0.023497347,-0.074185535,-0.14293943,-0.18196031,-0.16456212,-0.10456747,-0.045102403,-0.028241014,-0.063076876,-0.116919585,-0.14216463,-0.11252527,-0.04172036,0.025980033,0.04727021,0.01293663,-0.043397535,-0.07346336,-0.051618975,0.00801248
-0.15093131,-0.14310092,-0.0979292,-0.051559966,-0.040088423,-0.07001387,-0.115101814,-0.1355888,-0.10942253,-0.047988947,0.012239182,0.036272965,0.0163096,-0.021604357,-0.04006355,-0.016590267,0.037657306,0.086971246,0.09792527,0.0630672,0.007222403,-0.031422775,-0.029253542,0.005556219
0.109559596,0.124003276,0.066976316,-0.023202002,-0.083670564,-0.07356826,-0.00492843,0.06324509,0.07444973,0.015785119,-0.07350734,-0.13110656,-0.11569387,-0.040418252,0.03665407,0.05748711,0.008565497,-0.070370495,-0.11819404,-0.09252531,-0.0070107165,0.07760257,0.1034203,0.05872418
0.15742773,0.1432007,0.1077263,0.088098586,0.10717426,0.15639414,0.20180951,0.21010496,0.17217728,0.11168137,0.06604972,0.0595636,0.08550429,0.11104268,0.10409937,0.05571111,-0.010898106,-0.057396013,-0.05941128,-0.023944896,0.016728973,0.029054912,0.0027606227,-0.039904863
-0.09769593,-0.046388924,0.0039819754,0.009421522,-0.03994176,-0.111668095,-0.15517935,-0.14085063,-0.08098886,-0.020431275,-0.0032900719,-0.039986987,-0.0989663,-0.13043796,-0.1055794,-0.03648631,0.031317793,0.0533711,0.019073738,-0.039659735,-0.073552884,-0.05390683,0.007632313,0.06653578
-0.0014102767,0.06479491,0.13325197,0.16516359,0.14989334,0.11354198,0.09418253,0.11492688,0.16767575,0.21795732,0.22793385,0.18776919,0.123292275,0.074966446,0.06787266,0.09615629,0.1258097,0.11894698,0.06507529,-0.007790709,-0.05822647,-0.061464176,-0.023006968,0.021838013
-0.19171724,-0.18764038,-0.13418229,-0.07619142,-0.06012295,-0.09805805,-0.15863091,-0.19032104,-0.16152112,-0.08441956,-0.004740787,0.03062219,0.00793677,-0.04168958,-0.06857403,-0.04031206,0.031470068,0.10085766,0.12174393,0.08039795,0.007954915,-0.04361432,-0.041161273,0.0052115577
-0.008260586,-0.06234912,-0.14119115,-0.19071761,-0.17674123,-0.111041896,-0.040576376,-0.013689669,-0.04234114,-0.09632429,-0.1229047,-0.09004764,-0.009872421,0.0699343,0.10215697,0.073393434,0.015439846,-0.01970193,-0.0005397159,0.06117228,0.12009558,0.12986039,0.07763275,-0.005337745
0.026777595,-0.013469724,0.0033482278,0.061532862,0.113614745,0.114887364,0.055830486,-0.02926176,-0.087169364,-0.08555,-0.037902806,0.008664216,0.009631818,-0.045259323,-0.12229607,-0.16858831,-0.15155433,-0.08546071,-0.018353315,0.0044910326,-0.02892337,-0.08586952,-0.11281842,-0.078080714
0.09699674,0.102221385,0.0607761,-0.004399628,-0.053458445,-0.060010817,-0.030652586,-0.0007611521,-0.0049886494,-0.051586382,-0.11663077,-0.16033536,-0.1558667,-0.11135936,-0.062479865,-0.045718417,-0.07033266,-0.11263553,-0.13338292,-0.10573603,-0.04002754,0.025577264,0.05493227,0.03947199
-0.063342854,-0.118456334,-0.10288603,-0.034916487,0.02746573,0.032323096,-0.029375525,-0.11701375,-0.16898984,-0.1495349,-0.07546822,-0.003945268,0.011274763,-0.03934727,-0.11560908,-0.15701799,-0.12665428,-0.042174164,0.037765082,0.059665453,0.0132875675,-0.061232433,-0.10319165,-0.075192
0.027401311,0.04864198,0.020292262,-0.027719105,-0.049004648,-0.01614106,0.058002606,0.13057493,0.16009368,0.13582934,0.0863548,0.05767322,0.07767962,0.13492742,0.18783098,0.19577377,0.1484972,0.075122096,0.022830782,0.020577773,0.058531523,0.095735885,0.09199649,0.036571242
0.1533922,0.18776733,0.15426539,0.087646745,0.04599897,0.06682765,0.1391973,0.21067,0.22735807,0.17488697,0.0878274,0.024516564,0.024301276,0.07715303,0.13295524,0.1380436,0.07725405,-0.014074601,-0.077850886,-0.07427053,-0.011788747,0.05761016,0.07920809,0.036687523
-0.039605565,0.046583254,0.1366035,0.17311881,0.13717829,0.065185964,0.01857745,0.038140293,0.11179363,0.18635084,0.2044168,0.14921042,0.0569942,-0.0088959485,-0.0077119907,0.050724506,0.11196182,0.1196844,0.057510454,-0.037337847,-0.10146383,-0.09417097,-0.02686181,0.047140114
0.009075833,0.0178551,0.049312305,0.073831365,0.066122495,0.021755282,-0.03791815,-0.080262356,-0.08620998,-0.06432737,-0.043684404,-0.050308306,-0.08879367,-0.13823968,-0.16604972,-0.15320392,-0.10908473,-0.06456963,-0.04670199,-0.06117491,-0.088133514,-0.09481723,-0.062739775,-0.0041963332
0.014351996,-0.03389403,-0.015358685,0.052068934,0.11269712,0.11518844,0.04888194,-0.046853647,-0.11082799,-0.10580916,-0.047387037,0.009438988,0.012902286,-0.04808391,-0.13469891,-0.18619563,-0.16486005,-0.0871632,-0.009847097,0.015145879,-0.024801422,-0.09174623,-0.12499942,-0.08712234
0.07762859,0.15183419,0.18236586,0.15930323,0.111294895,0.08512738,0.10857997,0.16984254,0.22531854,0.23417903,0.18627511,0.11200151,0.058936037,0.05705332,0.095483705,0.13253887,0.12598552,0.06713771,-0.01319581,-0.066595905,-0.06290327,-0.013045044,0.03914546,0.052088227
-0.12911719,-0.17312534,-0.14621268,-0.06356439,0.018752111,0.048611,0.014850313,-0.044047423,-0.07092929,-0.032322694,0.056470305,0.1409027,0.16759522,0.12621306,0.054171417,0.009253989,0.026508171,0.09168559,0.15154378,0.15297364,0.086254455,-0.0098043475,-0.076342836,-0.076444484
0.111916766,0.12313783,0.06665235,-0.023303105,-0.08783192,-0.090388276,-0.040667124,0.011448833,0.015321854,-0.04308654,-0.12956005,-0.18650523,-0.17650303,-0.11081264,-0.039166212,-0.013754863,-0.050145917,-0.114618264,-0.14955819,-0.11849635,-0.034109272,0.052351467,0.08879718,0.05886106
0.016986823,-0.058303513,-0.1170034,-0.12780465,-0.09623392,-0.06084988,-0.060414057,-0.106970884,-0.17518854,-0.22175033,-0.21531607,-0.16316631,-0.1037442,-0.07802179,-0.098245054,-0.14124604,-0.1634616,-0.13475463,-0.0641146,0.008740428,0.043578055,0.027534582,-0.01681069,-0.046304658
0.0573046,0.029119885,-0.021651207,-0.049805615,-0.025141092,0.041899428,0.10913444,0.13568439,0.11080049,0.060485736,0.02917871,0.04635485,0.10259913,0.15648277,0.16776632,0.12615025,0.058494035,0.009740255,0.010921974,0.05219166,0.09281767,0.093801595,0.045917373,-0.02527555
-0.056984,-0.104670085,-0.102095954,-0.05969742,-0.017598858,-0.015922563,-0.06308731,-0.1301693,-0.1718988,-0.1607714,-0.10658871,-0.050356314,-0.032630716,-0.06343715,-0.11456517,-0.14173377,-0.11671966,-0.05018909,0.015984435,0.0401803,0.012203276,-0.039363526,-0.06967992,-0.050835975
0.017836096,-0.058115028,-0.10891996,-0.10802721,-0.067622766,-0.030849978,-0.037401017,-0.0932515,-0.16492192,-0.20671357,-0.19192702,-0.13455333,-0.07816536,-0.06381927,-0.097070046,-0.14635153,-0.16509551,-0.12892509,-0.05371733,0.016276034,0.040535904,0.013367899,-0.0337611,-0.05671296
0.113987274,0.05487435,-0.035748575,-0.09874393,-0.09597871,-0.042642154,0.0096698,0.010424038,-0.051310387,-0.13913128,-0.1940978,-0.18027665,-0.11118163,-0.040676966,-0.019110749,-0.0595362,-0.12579894,-0.15973511,-0.12574196,-0.039390154,0.045446426,0.07752298,0.044093624,-0.020480461
-0.16410221,-0.1566569,-0.11086268,-0.059663106,-0.038332872,-0.054912418,-0.087294765,-0.09944282,-0.06932506,-0.0055086776,0.05876719,0.0895462,0.07709568,0.044090606,0.02448029,0.04135091,0.08677096,0.12876455,0.13505633,0.09694691,0.036317833,-0.011440842,-0.022154178,9.569629e-05
-0.10641903,-0.1375645,-0.12937802,-0.090087004,-0.049613316,-0.03736375,-0.059306484,-0.09315837,-0.10651339,-0.08184855,-0.027972553,0.024797784,0.046226375,0.03001477,-0.0024975003,-0.018864851,-0.00065742113,0.0431835,0.08353426,0.08962566,0.055423602,0.0036476562,-0.03180434,-0.03240198
-0.027056396,-0.054394756,-0.02628184,0.0460087,0.117116146,0.14434761,0.116588324,0.06354938,0.031477086,0.050070312,0.1086988,0.16433008,0.17425005,0.12862025,0.056871686,0.006127146,0.006916971,0.049786363,0.09241092,0.09241283,0.04038602,-0.03444087,-0.08487873,-0.079324804
-0.06893332,-0.02303844,-0.018601356,-0.067659,-0.14145887,-0.19064222,-0.18151738,-0.12361209,-0.06043369,-0.037025653,-0.06609232,-0.11948321,-0.14869528,-0.121203266,-0.047998752,0.027035166,0.057711933,0.031851117,-0.022064468,-0.05498176,-0.035488904,0.02537716,0.0836709,0.09658199
0.08201952,0.049415935,-0.006135113,-0.034166038,-0.0040509417,0.072822705,0.14858969,0.17589025,0.14358307,0.08358036,0.04644277,0.06381205,0.124630526,0.18240064,0.19083066,0.13866138,0.05903995,0.0034675882,0.0040767486,0.051079303,0.09852227,0.09984531,0.044161934,-0.03481713
-0.04944559,-0.13213244,-0.18471134,-0.16865057,-0.09685209,-0.021070223,0.007076596,-0.025733337,-0.086209595,-0.11941736,-0.08792942,-0.003660944,0.080822855,0.1136711,0.08143791,0.015613417,-0.027012035,-0.008690674,0.059428513,0.12468956,0.13670594,0.08237514,-0.006234166,-0.07168854
0.008094459,-0.059967693,-0.15695652,-0.21885811,-0.20556946,-0.13362415,-0.06008115,-0.039747503,-0.084146455,-0.15566877,-0.19171597,-0.15460752,-0.060618654,0.031655822,0.067025594,0.032149296,-0.034425516,-0.070913784,-0.038717695,0.04512533,0.1225295,0.1387767,0.08224587,-0.009228913
0.025655717,-0.012037002,-0.065663174,-0.093986966,-0.07286498,-0.011992673,0.049169097,0.0706901,0.045454815,0.0008426699,-0.021569151,0.0021203742,0.061067477,0.116562635,0.1303502,0.09445754,0.03820696,0.0029871473,0.011473709,0.054890364,0.09565349,0.09564689,0.04745955,-0.01911939
0.04118811,-0.0017914618,0.0086020185,0.061645433,0.11363402,0.11844664,0.06289017,-0.021762254,-0.083445646,-0.08823778,-0.045439992,0.0007767624,0.0047560795,-0.047285404,-0.12358412,-0.1725584,-0.1598514,-0.096418284,-0.02786783,-0.0010751431,-0.03014078,-0.083832905,-0.11039925,-0.07885013
0.010593432,-0.030136995,-0.054896332,-0.037172634,0.019187126,0.08284963,0.11635737,0.10549108,0.06911218,0.043748774,0.056166857,0.10348622,0.15431488,0.17211641,0.14333314,0.0867611,0.040641353,0.032434814,0.06055125,0.094038956,0.0967578,0.05539946,-0.009382909,-0.05977409
-0.0457142,0.012757019,0.036025066,0.010645411,-0.039472356,-0.069164515,-0.047274105,0.018151514,0.08692029,0.11710332,0.09473225,0.0440271,0.010033094,0.024180116,0.07873336,0.13407524,0.1483317,0.10879303,0.040206347,-0.011166198,-0.013202191,0.026328214,0.0682513,0.07271663
-0.11930834,-0.073945366,-0.026253404,-0.009773399,-0.033917632,-0.07498792,-0.094176054,-0.06793393,-0.006417496,0.054716453,0.08077822,0.06257582,0.022660919,0.0006832401,0.019486131,0.070387304,0.117327794,0.12651017,0.089513116,0.029498445,-0.013153473,-0.013798083,0.01823263,0.04906205
0.19610538,0.15760309,0.087369084,0.046199493,0.07235264,0.14964259,0.22014445,0.22972089,0.16717681,0.07283007,0.008085171,0.011472404,0.06939421,0.12431339,0.122922115,0.053790156,-0.04286837,-0.10516634,-0.093759574,-0.023140142,0.048656624,0.06683414,0.020271258,-0.05275345
-0.0013763706,-0.039111752,-0.09796891,-0.13783835,-0.1305143,-0.080987304,-0.02424645,0.0004192627,-0.018553397,-0.059812605,-0.08357023,-0.06297552,-0.003816547,0.058588527,0.08589421,0.06536565,0.019952511,-0.011113194,-0.001696135,0.04347557,0.09003907,0.100234866,0.062256925,-0.0008491136
-0.00052505464,0.016639605,0.07041297,0.12001017,0.12597702,0.07837265,0.0058466173,-0.04503802,-0.04631266,-0.0076455944,0.03061976,0.028905021,-0.02226038,-0.09428218,-0.14053237,-0.13229652,-0.080146715,-0.02543466,-0.008573168,-0.04036147,-0.0922604,-0.11745533,-0.088389516,-0.018107457
-0.11779602,-0.14822878,-0.14075203,-0.10311616,-0.064003825,-0.049692843,-0.06632863,-0.09434869,-0.10380524,-0.07789575,-0.024658386,0.02746918,0.051170528,0.040147938,0.012406726,-0.0020002492,0.014845746,0.05508696,0.09120803,0.09653611,0.064579695,0.014109546,-0.02353442,-0.02832337
0.11852266,0.12784429,0.06613766,-0.029795477,-0.09832618,-0.09988467,-0.04474312,0.0116119785,0.014702031,-0.048552927,-0.14046665,-0.2003075,-0.18760894,-0.114909075,-0.037346125,-0.011712875,-0.05218502,-0.12100519,-0.15837853,-0.12396248,-0.03162817,0.06049452,0.09599704,0.061719585
0.014255796,-0.075367,-0.13882825,-0.1430925,-0.10035692,-0.059469562,-0.06546897,-0.12704813,-0.20879015,-0.25857863,-0.24349277,-0.17746335,-0.10998035,-0.08791003,-0.11995581,-0.1731643,-0.1948368,-0.15392406,-0.066545576,0.01656504,0.049123984,0.0226654,-0.030867787,-0.060120516
-0.011062766,0.0070614335,0.07484743,0.13857053,0.1467448,0.08719299,-0.004702079,-0.07087465,-0.07353674,-0.02313814,0.028342098,0.029452085,-0.032408975,-0.12200242,-0.18102254,-0.1713104,-0.103571124,-0.031382676,-0.0076480834,-0.04544444,-0.11081335,-0.14584674,-0.11215383,-0.0231808
-0.058154162,-0.06654542,-0.1118984,-0.16987821,-0.20485601,-0.19597661,-0.15187052,-0.105160214,-0.08673473,-0.104368426,-0.13489187,-0.1436163,-0.11071652,-0.046000835,0.016648002,0.044992026,0.03134614,-0.0011149195,-0.016852688,0.0044766273,0.052335504,0.09308234,0.09551105,0.054237053
-0.04567976,-0.068863556,-0.049367525,0.0033262307,0.054369316,0.07182062,0.048389584,0.008350569,-0.012654694,0.006046821,0.054781206,0.1002118,0.10950895,0.07676774,0.02628984,-0.005814816,0.0018736,0.03969881,0.07467663,0.074514434,0.0339724,-0.022228569,-0.058166094,-0.052645944
-0.007368611,0.010501008,0.071979955,0.13026808,0.14003603,0.09106705,0.014035022,-0.040971637,-0.04123013,0.0041426565,0.049771056,0.050446663,-0.004530394,-0.08411709,-0.13727297,-0.13086717,-0.0738322,-0.013185396,0.0038722698,-0.033077866,-0.09314279,-0.12579954,-0.098157644,-0.021913802
-0.038380858,-0.016485415,0.056682833,0.12779182,0.14399421,0.09374213,0.012668092,-0.0422209,-0.034945663,0.023697974,0.08195485,0.08814804,0.030182054,-0.055820648,-0.11327953,-0.10516131,-0.042463634,0.022906223,0.038228855,-0.00829323,-0.08157498,-0.12514412,-0.10250472,-0.024375554
-0.033815827,-0.06132706,-0.02501356,0.054060485,0.12356335,0.14058812,0.09796497,0.03273733,-0.0019319915,0.023042878,0.08867563,0.14497516,0.14833812,0.09264985,0.0135710845,-0.03477263,-0.02221829,0.03311765,0.08206948,0.0819776,0.02439668,-0.055136878,-0.10095048,-0.080912344
0.0072670705,-0.03002773,-0.046809312,-0.021356026,0.037135154,0.09631554,0.12189887,0.10596405,0.07072896,0.051151562,0.068822965,0.115823716,0.1599691,0.16845225,0.13345648,0.0777722,0.037637535,0.035184488,0.063720524,0.09182469,0.0871975,0.042153593,-0.01967069,-0.06205424
-0.116552435,-0.11903701,-0.08254909,-0.04550583,-0.04548933,-0.09219433,-0.15873905,-0.20148227,-0.19211416,-0.1402927,-0.08455212,-0.06385093,-0.08985005,-0.13645466,-0.16048956,-0.1340618,-0.0664952,0.0017568608,0.030838491,0.008635371,-0.03923813,-0.06784527,-0.04883259,0.00689969
-0.03872204,-0.03766006,-0.081779346,-0.14623849,-0.18915951,-0.18447757,-0.13764958,-0.08318663,-0.05812711,-0.07620507,-0.11458319,-0.1339566,-0.108716905,-0.045254815,0.022278909,0.05597475,0.042220067,0.0029643558,-0.022605386,-0.009050896,0.038704656,0.08789246,0.1006136,0.06264605
0.10266662,0.039721273,0.004381808,0.025646748,0.08842857,0.14423966,0.14732163,0.09051291,0.00980833,-0.042320725,-0.035934597,0.014454548,0.06127108,0.059036873,0.0011437238,-0.076956935,-0.122445986,-0.10590001,-0.042556178,0.019388797,0.0345327,-0.0048730113,-0.06391376,-0.091536656
-0.21412206,-0.14270152,-0.064989656,-0.0437494,-0.09663853,-0.1815715,-0.22937548,-0.19618396,-0.0962485,0.008138444,0.053186912,0.020712826,-0.04905523,-0.08722476,-0.051650994,0.04456847,0.13916636,0.16859904,0.11593183,0.022397833,-0.043623224,-0.03818103,0.027160866,0.09264114
0.04895616,0.12791045,0.15810198,0.12414653,0.057874218,0.01645972,0.036751755,0.10597435,0.17362787,0.19010456,0.14056663,0.05804396,-0.00011893487,0.0039352137,0.058887534,0.114897,0.12164699,0.06539402,-0.021385552,-0.07969448,-0.07142562,-0.009400674,0.055962343,0.075393766
0.03127634,0.05072081,0.007073802,-0.062451564,-0.09930068,-0.06634531,0.02204223,0.109433286,0.14216904,0.10745675,0.04208727,0.0045274654,0.031738058,0.11000826,0.1839915,0.19988847,0.14570221,0.059427034,-0.00018345438,0.00577772,0.06434898,0.120062366,0.11981661,0.053658474
-0.106887594,-0.033904966,0.0370637,0.05708617,0.015495638,-0.050513312,-0.084680445,-0.05373792,0.025362115,0.10018732,0.12094476,0.07809753,0.008658306,-0.030496256,-0.00790115,0.061395157,0.12362266,0.13034752,0.07416294,-0.0076961587,-0.059130333,-0.048128583,0.010289313,0.064923346
-0.028400864,-0.079389386,-0.110438965,-0.10096692,-0.0606046,-0.020052359,-0.008171542,-0.031863574,-0.06965196,-0.08863653,-0.06826154,-0.018233573,0.029980747,0.047174368,0.02665481,-0.011074317,-0.032035116,-0.01563968,0.027724085,0.06694778,0.07394395,0.042051364,-0.008201839,-0.041827384
0.07970086,0.08117913,0.04046803,-0.019344503,-0.06089845,-0.06179222,-0.030203396,-0.0004038437,-0.0033537163,-0.04489724,-0.10123575,-0.13607323,-0.12697408,-0.083382726,-0.038554896,-0.025150688,-0.049287274,-0.08791391,-0.10606474,-0.081222355,-0.0234364,0.032600094,0.054528207,0.03546743
-0.16022998,-0.14713043,-0.090050004,-0.030272309,-0.009189094,-0.036386646,-0.08419127,-0.10639811,-0.07537784,-0.0033555299,0.067496285,0.09592837,0.07104043,0.02135346,-0.008040327,0.011825048,0.06953412,0.12261286,0.13107848,0.08464771,0.01216835,-0.03954546,-0.040273152,-0.0012114568
0.02121366,-0.0361102,-0.076073185,-0.077301525,-0.047591787,-0.018266689,-0.019027453,-0.05775293,-0.11165833,-0.14549103,-0.13703799,-0.095266424,-0.051802993,-0.038034722,-0.060747627,-0.09939775,-0.11751528,-0.09403186,-0.03988725,0.012878428,0.033708286,0.014856134,-0.022442898,-0.043112103
0.017712899,-0.058549915,-0.113694675,-0.1140996,-0.06784479,-0.018956268,-0.01189838,-0.05856753,-0.12973352,-0.17684007,-0.16625108,-0.106637955,-0.04155119,-0.017072778,-0.046193436,-0.10131114,-0.13367528,-0.11008544,-0.039185546,0.03421321,0.06376786,0.035622593,-0.022296509,-0.060996365
0.034416966,0.047257766,0.08870472,0.12703216,0.13117243,0.09427426,0.037402187,-0.0062484825,-0.013991166,0.009164712,0.03304884,0.026689945,-0.017191315,-0.07718408,-0.11835047,-0.117987566,-0.08119369,-0.039664388,-0.026984127,-0.0500033,-0.086818315,-0.103686035,-0.07885019,-0.020026032
0.015983393,-0.039867476,-0.12282889,-0.17466831,-0.15787736,-0.08614762,-0.012094681,0.01260177,-0.023986403,-0.0879267,-0.12193871,-0.09022227,-0.00616728,0.07671543,0.10657652,0.07027452,0.0028221684,-0.03876235,-0.017453518,0.053032406,0.11945604,0.13042814,0.074758105,-0.012868947
-0.12551796,-0.10857552,-0.05383781,-0.00036523788,0.014744944,-0.015805723,-0.064045385,-0.08603161,-0.057904504,0.006354437,0.06650399,0.085593365,0.055174287,0.004175532,-0.023855137,-0.003922332,0.05040983,0.09833347,0.103964835,0.05870021,-0.007869525,-0.050071627,-0.042532783,-0.00012994705
-0.060078662,-0.113211565,-0.14877334,-0.14402352,-0.10614746,-0.06545556,-0.0514067,-0.070604764,-0.10331624,-0.118839346,-0.09586077,-0.041870736,0.01189076,0.035947245,0.023136102,-0.0075467643,-0.024680097,-0.0073289727,0.037277915,0.07781193,0.0859893,0.055729188,0.0056153904,-0.032465123
0.031775184,-0.009567235,-0.0716351,-0.10669209,-0.08496245,-0.018243834,0.04867014,0.07189385,0.0420382,-0.010905165,-0.039297815,-0.014229184,0.053029653,0.11742422,0.13512163,0.09624556,0.032074045,-0.0092189815,0.002018575,0.05487281,0.10445808,0.10719572,0.054840315,-0.02059083
0.059720613,0.12773678,0.13795975,0.0795341,-0.008800497,-0.067454964,-0.058950417,0.0011112925,0.05793751,0.06030035,-0.002556644,-0.09193784,-0.14768133,-0.13317867,-0.06341589,0.0062208064,0.022661913,-0.024559008,-0.09746386,-0.13601343,-0.10403477,-0.018290024,0.06479635,0.092484005
-0.12878951,-0.081817634,-0.034748506,-0.02243986,-0.052784383,-0.09930083,-0.121608704,-0.095203266,-0.032027736,0.029341208,0.052831482,0.03131914,-0.0095059695,-0.028965592,-0.004611646,0.052745767,0.10370221,0.113064244,0.07610462,0.01881063,-0.019038713,-0.014288499,0.023034312,0.055943843
0.030124966,0.04389123,0.09505822,0.14667493,0.15819153,0.11677307,0.046812497,-0.007886838,-0.017445419,0.013226375,0.047653742,0.04581689,-0.0053039407,-0.080382876,-0.13382608,-0.13539892,-0.09061259,-0.037687078,-0.019140676,-0.04816987,-0.09793413,-0.12354895,-0.09729987,-0.028315954
0.05668497,0.013070083,0.022293681,0.07647777,0.13231733,0.14242992,0.09145854,0.008002647,-0.056319617,-0.0650265,-0.024435034,0.021778941,0.02689604,-0.024847876,-0.103764124,-0.15861282,-0.15241659,-0.09283578,-0.025751788,0.001192182,-0.027105737,-0.0818265,-0.11231727,-0.08454687
0.022348179,0.06390548,0.09856248,0.095258735,0.048295017,-0.018349782,-0.065444924,-0.0702289,-0.042987186,-0.017127678,-0.024057271,-0.07032091,-0.13164759,-0.16937181,-0.15966663,-0.11293546,-0.06433658,-0.046520554,-0.06822014,-0.10612738,-0.12025622,-0.087411754,-0.020760857,0.042397715
-0.047806427,0.0079637375,0.06541028,0.087058425,0.062238194,0.014745401,-0.015104568,0.0002774259,0.05250753,0.10518133,0.120169744,0.08711763,0.03026764,-0.009244644,-0.004329929,0.03839201,0.08179302,0.088195875,0.04824161,-0.013972297,-0.057211086,-0.05354839,-0.009878307,0.036532514
0.032688435,0.0023341693,-0.043491818,-0.0661892,-0.042717982,0.015336128,0.07085535,0.0900426,0.06664237,0.025294703,0.0039840993,0.025198432,0.07792745,0.1254772,0.13436155,0.098430686,0.04334041,0.007539141,0.014507696,0.053082656,0.087053955,0.08424943,0.039234724,-0.022692896
0.11862088,0.13157882,0.08249518,0.0033528951,-0.051901557,-0.04895334,0.0025461724,0.054075558,0.057897452,0.0027942464,-0.07848675,-0.13252202,-0.12426477,-0.0645245,-0.0015365169,0.01570442,-0.0250145,-0.09042604,-0.12788805,-0.10252086,-0.026566016,0.05044608,0.07907455,0.048226908
0.0856419,0.050217506,-0.020126898,-0.060133994,-0.025937175,0.07284823,0.17779689,0.22556758,0.19524686,0.12303242,0.07409753,0.09333961,0.17226364,0.25367293,0.2748269,0.21506959,0.111900546,0.03276202,0.024098333,0.0785385,0.139647,0.14438948,0.073080055,-0.0345434
-0.010364524,0.009415833,0.079585664,0.14484847,0.15226679,0.088800654,-0.008131335,-0.07719874,-0.07965827,-0.027375333,0.025592651,0.025850842,-0.039531004,-0.13330036,-0.19423589,-0.18261744,-0.11123779,-0.035730895,-0.010814709,-0.050578743,-0.11861695,-0.15358248,-0.116501465,-0.022935968
0.022909943,-0.032800835,-0.062245257,-0.03342404,0.04225944,0.1218489,0.15862224,0.13695563,0.08503127,0.05262552,0.07253123,0.13517277,0.19701543,0.21285799,0.16853775,0.09197322,0.03516924,0.031979572,0.07246975,0.11479052,0.11529938,0.059378546,-0.02451844,-0.08338032
-0.02706966,0.070412934,0.17007072,0.21314126,0.18148634,0.112346284,0.06848274,0.09317968,0.17291899,0.25112408,0.26809794,0.20812497,0.10884268,0.035930056,0.03264239,0.0887224,0.14594579,0.14582743,0.07430785,-0.030753382,-0.10343175,-0.09942199,-0.030873416,0.04359779
0.019843798,-0.03905217,-0.12254692,-0.1723946,-0.1537993,-0.08288555,-0.012597344,0.00713178,-0.033009462,-0.097534135,-0.129473,-0.09578858,-0.01260738,0.06656423,0.09252316,0.05444307,-0.010943251,-0.047609974,-0.022298347,0.04890451,0.1139629,0.12383364,0.06883901,-0.015707219
0.1262897,0.093380034,0.042939674,0.016162671,0.036751144,0.090796046,0.13739951,0.13950442,0.092614286,0.027943304,-0.0120182475,-0.0036174138,0.040860124,0.080025665,0.07714382,0.027205857,-0.038233023,-0.075855315,-0.06175175,-0.008822984,0.040533178,0.048593283,0.01133728,-0.03976023
0.019885408,-0.03327388,-0.06470313,-0.056259584,-0.020314343,0.010992184,0.008745579,-0.03140302,-0.08378071,-0.11315676,-0.10049588,-0.0580076,-0.01866182,-0.011811413,-0.041513685,-0.083504915,-0.10188694,-0.07842313,-0.026769077,0.020611506,0.034316123,0.009146032,-0.030702097,-0.049227886
-0.039387308,-0.016644727,0.0517207,0.11272497,0.117839105,0.057536148,-0.030783156,-0.088048555,-0.08036547,-0.023389507,0.029987948,0.030961776,-0.030212274,-0.11559347,-0.16676308,-0.14840166,-0.07725392,-0.007830909,0.010546673,-0.032891672,-0.100912094,-0.13397472,-0.09803116,-0.012433171
-0.0061672768,0.020841945,0.0796118,0.12726174,0.12665333,0.074851125,0.0066148634,-0.032771993,-0.02217732,0.022333419,0.058242135,0.04856438,-0.009211985,-0.08017995,-0.11866962,-0.1025845,-0.048966806,-0.0006365006,0.0037898212,-0.03902385,-0.09321842,-0.11295949,-0.078496255,-0.007828628
-0.044908796,-0.100034356,-0.13482514,-0.12357462,-0.07321371,-0.019895142,-0.00024143138,-0.02196655,-0.060847387,-0.08042962,-0.056290925,0.0036175253,0.06298144,0.08539708,0.06252407,0.018674076,-0.008718828,0.0042321933,0.05097203,0.094530374,0.099228084,0.058423746,-0.0025334863,-0.047301114
0.03179291,0.005757244,0.032286953,0.096116066,0.15157789,0.15670197,0.1047753,0.031451646,-0.0154593615,-0.008927309,0.036466777,0.076472305,0.07037993,0.011766197,-0.06480663,-0.11072696,-0.09964628,-0.04593179,0.00667542,0.016017742,-0.025058445,-0.08254447,-0.10875464,-0.07798381
0.0044023027,0.018120522,-0.015364656,-0.072712034,-0.11150538,-0.10240873,-0.049636878,0.010389554,0.037616674,0.01721689,-0.028554808,-0.058382828,-0.043201655,0.012589304,0.0734162,0.098716415,0.07389879,0.02141131,-0.017579596,-0.013659601,0.029779369,0.07816124,0.09067543,0.053037647
-0.0728555,0.010394121,0.09383753,0.119147465,0.071578585,-0.009370836,-0.059777398,-0.038358677,0.040917348,0.12013467,0.1401466,0.08586878,-0.0033894323,-0.062465984,-0.04995884,0.02253515,0.09597285,0.11081349,0.052030362,-0.04076175,-0.101682484,-0.088021405,-0.012496505,0.06487329
-0.049352724,-0.0849009,-0.051334564,0.038076874,0.12823519,0.16704613,0.13869716,0.07755418,0.04109337,0.066798165,0.14233813,0.21509102,0.2321231,0.179838,0.09269434,0.02953053,0.029536849,0.081291676,0.13234237,0.13128158,0.06523295,-0.030965343,-0.09829432,-0.096301846
-0.046121895,-0.079925165,-0.081702255,-0.059841525,-0.040293276,-0.046956796,-0.08350405,-0.1303473,-0.15779404,-0.14998165,-0.115013525,-0.07998789,-0.06989639,-0.08927511,-0.11849695,-0.12886426,-0.103963934,-0.05381456,-0.007189127,0.0110333655,-0.0034008238,-0.030985473,-0.043000966,-0.024254026
0.17847437,0.14772499,0.09549804,0.06936755,0.0950105,0.15701146,0.20986558,0.21211855,0.15775408,0.08120454,0.030692574,0.03283429,0.07368263,0.10874054,0.09884874,0.03744862,-0.040932782,-0.08789821,-0.07791876,-0.024839956,0.028112676,0.039945506,0.002709518,-0.05101945
0.037401006,0.08383419,0.1199856,0.11560943,0.06747934,0.002875448,-0.039752293,-0.04038663,-0.0127465185,0.009029459,-0.0051197745,-0.057621274,-0.12057267,-0.15610918,-0.14439875,-0.099430606,-0.057316605,-0.048483543,-0.076221354,-0.1132962,-0.1224942,-0.08575753,-0.018988337,0.041249488
-0.06235304,-0.017249878,-0.008579501,-0.049889617,-0.11616648,-0.16254288,-0.15649909,-0.10422912,-0.044470873,-0.019601624,-0.04381067,-0.09308609,-0.12316684,-0.102535196,-0.038521588,0.030073028,0.059972357,0.03740537,-0.0132715255,-0.047617983,-0.03499313,0.017824022,0.072217226,0.08724755
-0.10155065,-0.107785754,-0.076012395,-0.03899931,-0.03299699,-0.07112984,-0.13092667,-0.17275581,-0.16895854,-0.12427206,-0.07141374,-0.04815426,-0.068038516,-0.11033332,-0.13610373,-0.11810301,-0.060835164,0.0021072123,0.03219704,0.014850755,-0.028816756,-0.059245206,-0.04859425,-0.0017356813
-0.06486486,-0.1190655,-0.11551774,-0.06540834,-0.014892197,-0.010627973,-0.06328778,-0.13966505,-0.18743849,-0.17467834,-0.11217269,-0.046953484,-0.026471023,-0.06244955,-0.1226588,-0.15534791,-0.12812306,-0.05285761,0.022410044,0.049323183,0.016072316,-0.044362098,-0.08034711,-0.059688866
-0.008076596,0.027728405,0.057864048,0.05206246,0.0048149773,-0.061075218,-0.10800914,-0.11289403,-0.08518041,-0.0574233,-0.060372528,-0.10004453,-0.15332069,-0.18387823,-0.16903083,-0.11879231,-0.067409836,-0.046570886,-0.06288004,-0.09466002,-0.10594119,-0.074616455,-0.0119763855,0.046388686
-0.053261977,-0.10860346,-0.1406095,-0.12688057,-0.076511115,-0.023637341,-0.0037144932,-0.024965618,-0.062177885,-0.07853374,-0.051633928,0.009088745,0.06837288,0.091061205,0.068012215,0.024348304,-0.0015606288,0.012557617,0.0580653,0.100363955,0.10364059,0.060239606,-0.0031513935,-0.04709941
0.039647814,-0.005602726,0.001549758,0.05267325,0.105482705,0.11544485,0.067768686,-0.011517133,-0.07252167,-0.07926979,-0.03785317,0.00951264,0.01817517,-0.027306942,-0.1002823,-0.1515704,-0.1443226,-0.085486546,-0.019641034,0.008371306,-0.01739039,-0.07108343,-0.10360877,-0.07908327
0.0756756,0.03519061,-0.02497458,-0.06661386,-0.0658528,-0.03315048,-0.0016900736,-0.0039526797,-0.046513382,-0.10489538,-0.14073887,-0.13148245,-0.08637061,-0.04049873,-0.026508084,-0.05264495,-0.094656065,-0.1144051,-0.08960041,-0.030945092,0.026153699,0.048038457,0.026844958,-0.013696431
-0.03281403,-0.00044023828,0.06687101,0.1316741,0.15855464,0.14038084,0.101332106,0.08114359,0.102140985,0.15378647,0.19885845,0.20337738,0.16047083,0.09642857,0.05074696,0.04842519,0.078794494,0.1055548,0.09611476,0.04367696,-0.025552293,-0.07080955,-0.06711919,-0.025462132
-0.0117296865,-0.05006533,-0.101636164,-0.13550134,-0.13240604,-0.0987082,-0.06221346,-0.051890235,-0.07342466,-0.107724726,-0.1238059,-0.103327624,-0.053546924,-0.00324969,0.018689228,0.004913189,-0.024383655,-0.03885902,-0.020753348,0.023528107,0.0651312,0.07475822,0.0462351,0.00048501513
-0.052157305,-0.09693392,-0.092712075,-0.049851004,-0.007921756,-0.004952626,-0.049605526,-0.11396615,-0.15406938,-0.14335401,-0.09162082,-0.038383354,-0.022629093,-0.053819545,-0.104645506,-0.13217448,-0.10904085,-0.04618113,0.015909465,0.038120344,0.010613023,-0.03938474,-0.06873783,-0.05035046
-0.034706015,0.021305287,0.085886106,0.11638096,0.09435855,0.042422544,0.0045826626,0.012183752,0.06099625,0.11607612,0.13523628,0.101593345,0.03720754,-0.01280266,-0.016697574,0.022512062,0.069366165,0.08251532,0.044408638,-0.021831607,-0.07073003,-0.07072749,-0.026133072,0.028999181
-0.1758668,-0.16822173,-0.12205276,-0.074214324,-0.05963935,-0.08510262,-0.1257081,-0.14174436,-0.10978073,-0.0418337,0.024637397,0.05438301,0.038946234,0.003410348,-0.0142233465,0.010448632,0.0663985,0.11598841,0.12555264,0.0871513,0.025128929,-0.02028905,-0.022610528,0.008246335
0.020151844,-0.041151233,-0.082653105,-0.08213195,-0.04987738,-0.02076987,-0.026475757,-0.071995534,-0.1311966,-0.16691276,-0.15681624,-0.11172705,-0.06703756,-0.055403,-0.081930965,-0.12217504,-0.13873611,-0.11050385,-0.04959223,0.007954696,0.029494653,0.009614049,-0.02800562,-0.0467124
0.007540292,0.020835241,0.061917976,0.09960339,0.10358785,0.06810946,0.014986942,-0.022422096,-0.02332631,0.00528766,0.03300797,0.02971804,-0.010817601,-0.066207245,-0.1019669,-0.09696356,-0.05830805,-0.01764003,-0.0073983134,-0.033399206,-0.07254274,-0.090567484,-0.06806909,-0.013862644
0.11493982,0.122637235,0.0871126,0.030362247,-0.010805654,-0.01324899,0.015940798,0.043262187,0.03747809,-0.0078124874,-0.06972475,-0.11219076,-0.11180772,-0.07615894,-0.037730567,-0.028614819,-0.056242917,-0.09823973,-0.12033122,-0.09890636,-0.04211645,0.016162619,0.042623624,0.029562304
0.03554534,-0.041990355,-0.093062505,-0.08422585,-0.02693657,0.030324392,0.03990057,-0.010082248,-0.08542842,-0.13281164,-0.11821531,-0.05406133,0.0111467615,0.028770378,-0.012121181,-0.079005204,-0.11720403,-0.09369634,-0.022260224,0.047992494,0.069446996,0.030808387,-0.034933534,-0.074760124
0.14840727,0.11799381,0.06016039,0.02383995,0.042419333,0.105755575,0.16695346,0.17960185,0.13287793,0.05818509,0.0053916583,0.0076790126,0.05654309,0.1055008,0.10879132,0.055629283,-0.022367705,-0.07511473,-0.06902716,-0.012680055,0.046621855,0.062164646,0.023909327,-0.037598494
-0.053870667,-0.01880373,-0.016094562,-0.05501811,-0.11190124,-0.14774685,-0.13771895,-0.09115258,-0.04153809,-0.023329927,-0.045915935,-0.08662154,-0.107686825,-0.08500517,-0.028083313,0.029071832,0.051872365,0.030633017,-0.012208361,-0.037931107,-0.023138361,0.02274844,0.06666525,0.07526245
-0.12065748,-0.07780018,-0.035232984,-0.023476271,-0.048017595,-0.08551686,-0.10088304,-0.07303866,-0.01248591,0.045858424,0.069829084,0.053130873,0.017951285,0.0004253159,0.021341093,0.071768016,0.11682754,0.12417179,0.088368304,0.032043424,-0.007732257,-0.007507686,0.023737002,0.051037084
-0.11749484,-0.16813932,-0.1508984,-0.0788436,-0.006211684,0.015211487,-0.02642655,-0.093187995,-0.12813528,-0.09765479,-0.015375473,0.065728836,0.09229592,0.05309923,-0.014968894,-0.05499233,-0.032240886,0.039573073,0.10801514,0.1198578,0.064463325,-0.020084737,-0.07687694,-0.07033873
0.05738412,0.093669325,0.09303882,0.051567663,-0.0069745993,-0.04755565,-0.04838676,-0.019448595,0.0058740303,-0.0017183069,-0.04628131,-0.103777036,-0.13841559,-0.12929672,-0.08660273,-0.04437488,-0.03385148,-0.05889882,-0.09640664,-0.11095813,-0.08195418,-0.021414565,0.034560364,0.055729218
0.14230356,0.16696441,0.1388555,0.08963012,0.06568256,0.09365041,0.1577491,0.21310766,0.21885401,0.16940652,0.09670096,0.04894944,0.05395174,0.097620554,0.13542669,0.12733519,0.066799164,-0.012735321,-0.06224564,-0.05311743,-0.0005679874,0.050067414,0.0574417,0.01627008
-0.20290633,-0.1909379,-0.1295573,-0.06600339,-0.048244916,-0.08570165,-0.14342766,-0.16809472,-0.1303114,-0.046003435,0.03629925,0.069574125,0.042224623,-0.0100808535,-0.036143024,-0.0053265584,0.066592544,0.13163434,0.14405055,0.09271043,0.013309521,-0.040396933,-0.03815195,0.0071944296
-0.16594152,-0.1644486,-0.13120498,-0.09271537,-0.07801216,-0.09433225,-0.122187465,-0.13083476,-0.102694735,-0.045942865,0.011950419,0.042628057,0.037325684,0.015395855,0.0058605233,0.026579425,0.07007472,0.10986272,0.11908139,0.08918006,0.039477248,0.00077034184,-0.008184706,0.007986878
0.10647963,0.03455156,-0.009420507,0.009686672,0.078299426,0.14447814,0.15543407,0.098427944,0.010438746,-0.049426988,-0.044616982,0.01217078,0.06999728,0.07599582,0.017730944,-0.06870335,-0.123431,-0.10998372,-0.041901946,0.029599348,0.051334277,0.009353509,-0.060429357,-0.09869226
0.026903227,-0.013482081,-0.0030392096,0.048176926,0.09892727,0.106618896,0.058549844,-0.017163737,-0.071809225,-0.0734312,-0.030602228,0.0151355835,0.020953063,-0.025879016,-0.09653771,-0.14254928,-0.1313399,-0.073031425,-0.010948921,0.011765105,-0.017701684,-0.07087609,-0.09936964,-0.07309838
0.0020660942,0.025714803,0.0775573,0.11882983,0.11773142,0.07226818,0.010956947,-0.02692251,-0.021466123,0.014248627,0.04267229,0.032635402,-0.017562376,-0.07936073,-0.11461377,-0.10237177,-0.056840528,-0.015717449,-0.01010958,-0.042336952,-0.0858471,-0.10281174,-0.072528355,-0.009290286
-0.08794689,-0.08750898,-0.06276587,-0.03879476,-0.039944228,-0.07124866,-0.11341175,-0.1377041,-0.1278777,-0.0919242,-0.05515613,-0.042243563,-0.05890959,-0.086839564,-0.09851442,-0.07800938,-0.033579424,0.009014536,0.025506072,0.00961783,-0.020850308,-0.03831999,-0.026164664,0.0077475533
0.006344341,-0.056182835,-0.09303603,-0.07329791,-0.008015449,0.058773477,0.08204945,0.05052915,-0.005886967,-0.03933523,-0.018935997,0.044805247,0.10781219,0.12554757,0.08664047,0.020750163,-0.023055786,-0.013564239,0.039235618,0.09134884,0.09880863,0.05061704,-0.02319242,-0.073180094
0.026672697,0.047301773,0.08768473,0.11965401,0.120159924,0.08721817,0.0419329,0.013206501,0.015631378,0.03957202,0.057526957,0.04632539,0.0044428674,-0.04667853,-0.07733742,-0.072192475,-0.041372318,-0.013105898,-0.011573883,-0.03891924,-0.07347339,-0.08555047,-0.06062772,-0.011148661
0.030685712,-0.015695551,-0.0011295865,0.062902,0.12641618,0.13862066,0.0846193,-0.0022995896,-0.0651457,-0.06570807,-0.013817296,0.041280724,0.048299704,-0.00736605,-0.091842294,-0.14846182,-0.13829277,-0.07213375,-0.0011535669,0.02302925,-0.014502707,-0.07983613,-0.11718499,-0.08926347
-0.04890176,-0.09813465,-0.09775635,-0.058283284,-0.019439867,-0.021479074,-0.072698,-0.14365105,-0.18848693,-0.17980637,-0.12760402,-0.07307196,-0.05692569,-0.08910149,-0.14052945,-0.1664494,-0.13878171,-0.06905517,0.00012844818,0.026894247,0.0014325152,-0.046762213,-0.07258228,-0.049344074
0.050521545,0.06755754,0.025295597,-0.042717107,-0.08168239,-0.056920413,0.018899526,0.0938667,0.11905553,0.082617626,0.017999971,-0.021077584,6.8604095e-05,0.06903393,0.13566415,0.15070167,0.10323091,0.027023777,-0.025057824,-0.016744372,0.040633168,0.09702542,0.10360249,0.049907733
-0.13748294,-0.12320554,-0.070186056,-0.016375022,0.0014375313,-0.024156049,-0.066989444,-0.08572321,-0.056538194,0.008499111,0.07083147,0.09389112,0.06896409,0.022917628,-0.0034316631,0.014729233,0.066246204,0.11238439,0.11756127,0.07348682,0.007398302,-0.03813886,-0.037119035,-0.00083805365
0.05929879,0.079156406,0.1292843,0.17351985,0.17832054,0.13583614,0.07030773,0.020581694,0.011483077,0.035967104,0.059249796,0.047475666,-0.0068787336,-0.079090916,-0.12869997,-0.1301435,-0.09102989,-0.047609724,-0.035961784,-0.06436586,-0.107867755,-0.12603433,-0.094766915,-0.02545553
-0.05452798,-0.09105908,-0.053884555,0.036378127,0.12099576,0.14734492,0.10368374,0.031001009,-0.00825337,0.021545397,0.101407886,0.17369448,0.18521744,0.12538922,0.034870215,-0.02264146,-0.009743936,0.05466631,0.11344491,0.114178665,0.045710344,-0.050813366,-0.10971072,-0.09364838
-0.01212072,-0.09746332,-0.15078218,-0.13295646,-0.05841463,0.018117307,0.041919958,-0.0007360474,-0.07296207,-0.11521274,-0.088546455,-0.006522158,0.075753145,0.10334951,0.061958503,-0.01280834,-0.060062792,-0.040461373,0.032761768,0.10458103,0.12067482,0.0664486,-0.022198485,-0.082926184
-0.0010670046,0.01574749,0.07761107,0.13636665,0.14453074,0.08664471,-0.005524792,-0.07343,-0.08021463,-0.03608955,0.010591371,0.011527494,-0.04762747,-0.13521738,-0.19357252,-0.18445662,-0.11968705,-0.049444385,-0.021911802,-0.054072965,-0.11512269,-0.14623468,-0.11043307,-0.023816876
0.014322079,-0.042838678,-0.06807815,-0.03420347,0.041670743,0.112331964,0.1339838,0.10023367,0.04498162,0.017040463,0.04361505,0.10915135,0.16649854,0.17287469,0.12255389,0.049109675,0.003043393,0.012191648,0.06185346,0.1050763,0.10012496,0.04126815,-0.037118908,-0.08507073
-0.05770026,-0.01537551,0.08166423,0.17453502,0.20713456,0.16961011,0.10072697,0.062313378,0.09004313,0.16761667,0.23671933,0.24346593,0.17741106,0.08022278,0.013941062,0.017136693,0.07366954,0.12545487,0.1191216,0.045323595,-0.054178823,-0.1163836,-0.10318341,-0.031544093
0.11616129,0.09513947,0.059252825,0.040536143,0.05743171,0.100191824,0.13715063,0.13943635,0.10281309,0.05070256,0.015951257,0.017610826,0.047325984,0.07355214,0.06845651,0.027222922,-0.026426809,-0.059518307,-0.052900646,-0.014907841,0.022881014,0.030661678,0.004277283,-0.033880938
-0.024657339,0.013585567,0.095210455,0.17820309,0.21990386,0.208683,0.16767733,0.14292167,0.16349724,0.22095484,0.27354532,0.2815224,0.23336057,0.15564102,0.093971215,0.080719136,0.10750972,0.13359298,0.12189053,0.06142304,-0.02227667,-0.0823313,-0.08572144,-0.041885965
0.0023547723,-0.036079105,-0.048061986,-0.0142802335,0.05035023,0.10952628,0.12984262,0.108055174,0.071019545,0.055281065,0.07987463,0.13146244,0.17390636,0.17548937,0.13313785,0.07443859,0.036988653,0.040465552,0.07278185,0.09854533,0.08703513,0.035038706,-0.029438198,-0.06870571
-0.032684896,-0.025015004,-0.05681536,-0.11101014,-0.1530334,-0.15553957,-0.11726842,-0.06710198,-0.040540423,-0.052995507,-0.088014126,-0.11146051,-0.09638812,-0.042948335,0.01892201,0.052612264,0.04235464,0.005731761,-0.022554524,-0.015516534,0.026099863,0.072384916,0.0870314,0.057614524
0.073995054,0.07922826,0.050282065,0.005309356,-0.02625152,-0.025723109,0.0012072296,0.027164035,0.025766088,-0.007967047,-0.055092916,-0.085771166,-0.08106147,-0.04754634,-0.012872811,-0.0044883513,-0.02803451,-0.06376659,-0.0822188,-0.06467266,-0.019385519,0.025270168,0.041378673,0.024996217
-0.16769713,-0.09082329,-0.012429632,0.009618766,-0.037938252,-0.11380624,-0.15322757,-0.11677436,-0.020704055,0.07462364,0.110066526,0.071551725,-0.0010049302,-0.042195614,-0.012803046,0.07258192,0.15359141,0.17089964,0.111512564,0.016132537,-0.049002007,-0.042909585,0.021118823,0.082598194
-0.015344027,0.011758301,0.080767006,0.13878891,0.14003336,0.07776836,-0.008589251,-0.062825106,-0.05464575,-0.0009637379,0.046166368,0.040052723,-0.025555773,-0.111630216,-0.1613349,-0.1435339,-0.07572624,-0.011327944,0.001652973,-0.044404376,-0.11014479,-0.1385471,-0.09888579,-0.012039124
0.07970937,0.079270884,0.0359592,-0.024729963,-0.06436507,-0.061152972,-0.025135824,0.006861176,0.0030633109,-0.04050293,-0.09744157,-0.13056032,-0.11768718,-0.07031483,-0.024551082,-0.013619309,-0.041816972,-0.08297464,-0.10143117,-0.07480708,-0.01500727,0.04022508,0.05780956,0.033918843
-0.11178421,-0.16537164,-0.1562255,-0.094115674,-0.026651446,-0.0039714104,-0.041687075,-0.1068916,-0.14481594,-0.12104603,-0.045482095,0.033912133,0.06612452,0.03541145,-0.027065046,-0.0661858,-0.04636204,0.021976763,0.091859974,0.111956604,0.06605806,-0.013217277,-0.06920898,-0.0660005
0.12049173,0.14466104,0.11518476,0.06248235,0.03291018,0.055005822,0.11652343,0.17383291,0.18389161,0.13829125,0.067524515,0.01993997,0.025403555,0.07249363,0.11749114,0.117480755,0.06304698,-0.013413083,-0.06232096,-0.05344214,0.0006532684,0.054869715,0.065486826,0.024991136
-0.046691895,-0.12894845,-0.18016419,-0.16455232,-0.094327755,-0.019970886,0.006389517,-0.028687814,-0.090000644,-0.12261948,-0.09100085,-0.0076608714,0.07588896,0.10752003,0.07321583,0.007340553,-0.03316961,-0.013025964,0.055558823,0.12157634,0.13317768,0.07752105,-0.009821067,-0.0710807
-0.054711238,-0.0950638,-0.099013746,-0.07338315,-0.046402037,-0.04816884,-0.08541813,-0.13691862,-0.16890682,-0.16103764,-0.11998389,-0.075852275,-0.05895713,-0.07772845,-0.11145743,-0.12724932,-0.104043484,-0.049810108,0.004282725,0.026776236,0.009451952,-0.02611708,-0.046502527,-0.03172423
0.07969868,0.014249923,-0.07875806,-0.14112763,-0.13810241,-0.085902035,-0.035726517,-0.03655676,-0.09743515,-0.18089025,-0.22881605,-0.2077467,-0.13289383,-0.05785745,-0.032860056,-0.06929155,-0.13014115,-0.1574839,-0.11785874,-0.027897952,0.057631534,0.08727769,0.049801845,-0.016785396
-0.054992884,0.0076875347,0.028541313,-0.0051505365,-0.06268827,-0.09301235,-0.06489104,0.009798825,0.08637786,0.118199684,0.09157348,0.03627771,0.0023717375,0.02222565,0.08534343,0.14795955,0.16393523,0.11919019,0.04356748,-0.01094389,-0.0107270675,0.034613144,0.08213731,0.08512789
0.11111464,0.077258445,0.02383845,-0.005729748,0.014464829,0.0712999,0.12202178,0.12822708,0.084598795,0.021286685,-0.017988723,-0.0075835483,0.04022571,0.08330909,0.08393726,0.036730636,-0.027936669,-0.066580996,-0.053488728,-0.00092840247,0.048692305,0.0574527,0.019924538,-0.03473999
0.040799018,0.011876013,0.018354587,0.053810872,0.08850582,0.09147879,0.05378361,-0.0042707887,-0.04823559,-0.05451971,-0.02846245,0.0004957146,0.001549689,-0.034408115,-0.08684539,-0.12164331,-0.11518696,-0.073525324,-0.027520353,-0.008601029,-0.026184378,-0.060122788,-0.077236906,-0.055138595
0.025752237,-0.024452606,-0.01426961,0.04334941,0.09912599,0.10369558,0.043299202,-0.04853917,-0.114206865,-0.116390996,-0.06594463,-0.012216795,-0.0052226363,-0.059240483,-0.13986363,-0.19061098,-0.17323144,-0.10063001,-0.0243155,0.0055513023,-0.025851961,-0.08548776,-0.11611976,-0.08250473
-0.04069815,-0.1234574,-0.1750182,-0.1602927,-0.09306548,-0.02464536,-0.0045347125,-0.043945562,-0.107746676,-0.14161462,-0.11080757,-0.02939152,0.05110542,0.08021986,0.04603163,-0.017624544,-0.054934096,-0.030974522,0.0406523,0.10800073,0.12139911,0.069151275,-0.013865512,-0.07075044
0.017174399,-0.033898644,-0.0205408,0.044480585,0.107963584,0.11665385,0.056756426,-0.035694398,-0.10100965,-0.099885195,-0.043335725,0.016065206,0.024779715,-0.03149766,-0.1164458,-0.17117473,-0.1558209,-0.08223826,-0.0046674977,0.022646416,-0.01488709,-0.081786044,-0.11941645,-0.089221135
-0.20291679,-0.18325037,-0.10272898,-0.020253107,0.0058198003,-0.03843235,-0.11222077,-0.14901422,-0.110210255,-0.013339834,0.081744805,0.11696555,0.07711706,0.0035870976,-0.03957459,-0.011652011,0.06994376,0.14586288,0.1604027,0.09787092,-0.00096373266,-0.06914047,-0.06476592,-0.0038232796
-0.027866604,0.08129627,0.18374123,0.21647058,0.16828169,0.0878768,0.044626314,0.0794682,0.17062508,0.25196418,0.2601079,0.1857274,0.077681325,0.008018499,0.01756133,0.08777558,0.15093005,0.14440066,0.06070819,-0.05071705,-0.11864014,-0.101503044,-0.018383825,0.062195495
-0.07432812,-0.007943452,0.014022346,-0.0251805,-0.09479587,-0.13789362,-0.11506906,-0.036559336,0.048024114,0.08575916,0.05911761,-0.0018708971,-0.041045055,-0.019092264,0.05472826,0.1309052,0.1568715,0.11547685,0.036505662,-0.022172432,-0.019842291,0.034153342,0.09112929,0.09976532
-0.0051079276,0.03473754,0.07533739,0.085457034,0.05526916,0.0025330521,-0.03907927,-0.043889266,-0.016277565,0.015121309,0.018754208,-0.014741613,-0.06690698,-0.10422802,-0.102547735,-0.06544177,-0.023428079,-0.008085641,-0.02759754,-0.064744785,-0.08762734,-0.07236102,-0.02304984,0.029419988
-0.055972673,-0.039665647,0.016152155,0.07735644,0.10498882,0.08762901,0.046454035,0.019507399,0.032468103,0.08091757,0.1313563,0.14664243,0.11514915,0.059129756,0.016299948,0.013694049,0.047191262,0.08436959,0.08813922,0.047761317,-0.014107461,-0.059889205,-0.06297531,-0.025646217
-0.11256114,-0.16130099,-0.15752496,-0.104271285,-0.04105247,-0.01020013,-0.028231587,-0.07323809,-0.10146391,-0.08103443,-0.015136543,0.05794859,0.094177015,0.07748351,0.029105276,-0.0075457445,0.0009803824,0.05168291,0.10648966,0.12253084,0.08449722,0.0139917955,-0.04499014,-0.05698426
-0.050555006,-0.09218203,-0.08880875,-0.050863393,-0.015884954,-0.019494703,-0.06745484,-0.1308498,-0.16890581,-0.15882722,-0.11115329,-0.063143365,-0.051315047,-0.08217974,-0.12802677,-0.1490057,-0.122489125,-0.05997993,0.0009734673,0.02291417,-0.0013000385,-0.043759152,-0.065212935,-0.043250944
0.01428174,0.08838479,0.15280105,0.1580485,0.09532823,0.004197884,-0.054909077,-0.048138216,0.005739908,0.053942192,0.04712053,-0.022479376,-0.11485038,-0.16977438,-0.15428449,-0.08626704,-0.02140034,-0.008283318,-0.055240534,-0.12342996,-0.1537453,-0.113557436,-0.02383898,0.060985927
-0.04427627,0.027725635,0.052105166,0.015104094,-0.049227595,-0.08374587,-0.05295101,0.029455319,0.11200336,0.1432832,0.109017536,0.043511268,0.0035007885,0.02506019,0.09491527,0.16227125,0.17569116,0.121922,0.036506712,-0.02231146,-0.01838127,0.03480066,0.08794207,0.090944484
0.09138094,0.10669908,0.05544118,-0.028140888,-0.08440533,-0.07728698,-0.017572755,0.044268433,0.057009242,0.006403821,-0.073546134,-0.12524492,-0.111036666,-0.043213952,0.027891714,0.050298627,0.009062445,-0.061751205,-0.10404367,-0.081267364,-0.0065507684,0.06951043,0.095846176,0.05673371
0.13281411,0.16959892,0.16699782,0.13952863,0.12052858,0.13499932,0.17890145,0.22354868,0.23752832,0.20949185,0.15465327,0.10670105,0.09184946,0.10788066,0.12843013,0.12330559,0.08116203,0.017564021,-0.033958968,-0.046451967,-0.021687767,0.013580236,0.029044708,0.01109561
0.035826452,-0.052741863,-0.11578174,-0.117196456,-0.067277454,-0.015206032,-0.01108457,-0.06894333,-0.15410496,-0.21026272,-0.20023368,-0.13460341,-0.06332408,-0.038106076,-0.073648445,-0.13766482,-0.17306113,-0.14331539,-0.060187474,0.025562556,0.06076978,0.030621372,-0.032469712,-0.07086864
0.0142338285,0.038744092,0.0051381444,-0.057082076,-0.09506559,-0.07300959,0.0009739888,0.080940574,0.1169639,0.09186234,0.034110595,-0.0036245922,0.01537682,0.08295987,0.15298432,0.17554449,0.13357927,0.05679654,0.00015203963,0.00086043245,0.0507053,0.103044085,0.109921455,0.055396266
0.14742121,0.12740861,0.08555502,0.06014022,0.075665675,0.12250945,0.16553783,0.17084387,0.13025036,0.06811621,0.02298563,0.019542517,0.05002771,0.079771556,0.07615443,0.030971596,-0.03185966,-0.0735318,-0.06922968,-0.027599897,0.017255591,0.03162769,0.0066571366,-0.035760082
0.03664358,-0.036671143,-0.072284274,-0.03151339,0.06710106,0.1615272,0.19146639,0.14683504,0.070703655,0.027407393,0.055314016,0.13763092,0.21316864,0.2233448,0.15720461,0.058818076,-0.0067430264,9.885988e-05,0.0650752,0.12641963,0.12556398,0.052201934,-0.04916878,-0.11324429
-0.11586193,-0.112082645,-0.06501612,-0.020257747,-0.021659426,-0.07708848,-0.15244217,-0.19834852,-0.18525985,-0.12603581,-0.06586399,-0.049483467,-0.086264126,-0.14327532,-0.17142,-0.14173107,-0.06671691,0.006934186,0.032664854,0.0012982602,-0.053927056,-0.083804116,-0.05931052,0.0067957337
-0.036604695,-0.10083652,-0.14320597,-0.13499834,-0.084649876,-0.030570922,-0.011163778,-0.03727638,-0.083667815,-0.10917192,-0.08567508,-0.022632133,0.041205414,0.06685847,0.04390019,-0.0033932393,-0.032329172,-0.015157446,0.037990596,0.08832412,0.0989031,0.059938893,-0.0041006547,-0.050509144
0.07408398,0.11669065,0.11816687,0.07286022,0.007926976,-0.037901655,-0.040770542,-0.010670026,0.016933303,0.008668846,-0.041433714,-0.1071669,-0.14891417,-0.14349283,-0.09978309,-0.05384973,-0.04075773,-0.06775192,-0.1099989,-0.12829979,-0.09887165,-0.032572377,0.033149194,0.06089455
-0.024300855,0.05882995,0.14589834,0.18455367,0.15787648,0.09758133,0.057595525,0.07604306,0.14330842,0.21132167,0.22742374,0.17660172,0.0907953,0.026306104,0.021336067,0.06892185,0.11986083,0.12214783,0.062219664,-0.027414804,-0.09064716,-0.08905603,-0.030117257,0.03617319
0.08796646,0.09790308,0.051780563,-0.019574426,-0.0676826,-0.06312132,-0.0150657175,0.033636685,0.03937667,-0.008197139,-0.07855346,-0.123155124,-0.11181576,-0.054681443,0.0050741495,0.022652116,-0.013603997,-0.0723478,-0.104787305,-0.081461065,-0.01358533,0.054777235,0.07794837,0.045531694
