0.073764175,0.033975907,-0.020242771,-0.07142432,-0.08218492,-0.06089377,-0.03229287,-0.040800054,-0.08387031,-0.15130652,-0.1750932,-0.18090814,-0.12688716,-0.08387225,-0.06152554,-0.078041665,-0.11241897,-0.12437572,-0.09920962,-0.035666313,0.024602553,0.056616757,0.044800263,0.014289014
-0.059003606,-0.11288235,-0.109076045,-0.06204833,-0.010897717,-0.0046258923,-0.053297687,-0.13092388,-0.18126282,-0.18029222,-0.1087573,-0.05114607,-0.021973621,-0.05344456,-0.11241024,-0.1488512,-0.12581259,-0.04644994,0.027555078,0.055337917,0.0229245,-0.038552355,-0.07611685,-0.056525495
0.11131606,0.08219842,0.042112894,0.016466184,0.039266013,0.09072399,0.12733562,0.12862511,0.08605055,0.01850037,0.0012433756,-0.0035011002,0.047127113,0.07852177,0.07993298,0.035821587,-0.025024578,-0.059431132,-0.042387582,0.0018201381,0.04279094,0.04892377,0.014611164,-0.030389307
-0.045536324,-0.10145269,-0.13544229,-0.13024671,-0.085674584,-0.037608225,-0.019066783,-0.043763194,-0.08319265,-0.109781764,-0.08272615,-0.028842334,0.032366,0.05537382,0.03662461,-0.006653209,-0.033621345,-0.0222158,0.025199676,0.0704425,0.07900907,0.040324803,-0.018782465,-0.06170079
-0.17138954,-0.10735072,-0.0443163,-0.013438873,-0.060004987,-0.13676694,-0.18380597,-0.15743732,-0.071371354,0.043263346,0.051094715,0.044409815,-0.04956559,-0.089180596,-0.069545455,0.01225308,0.09720297,0.12446786,0.076917164,-0.013523178,-0.07276471,-0.06600815,-0.0045480407,0.055983253
0.15445787,0.11747287,0.055680852,0.0018327544,0.014274547,0.07580603,0.135605,0.1462363,0.09568626,-0.0017909817,-0.041583136,-0.053280264,0.018257484,0.070992954,0.08808181,0.039336376,-0.042028494,-0.09691654,-0.08145876,-0.012522186,0.058110457,0.08325725,0.045436583,-0.016699672
-0.0154733155,-0.015236675,-0.061043672,-0.1206605,-0.1629909,-0.15483382,-0.10207897,-0.049718495,-0.029439181,-0.044475954,-0.09791437,-0.1105774,-0.09386924,-0.030848593,0.031554576,0.05907176,0.035683632,-0.011709614,-0.043542113,-0.025415117,0.02882271,0.07851474,0.08695202,0.045631006
-0.0637311,-0.09724609,-0.08391517,-0.029706439,0.022027796,0.03826246,0.017101843,-0.034463737,-0.06147739,-0.046396464,0.012856072,0.06552791,0.08577334,0.055001583,-3.4129305e-05,-0.033457443,-0.019944498,0.02754647,0.07006678,0.07967772,0.0362046,-0.028606897,-0.06848243,-0.06465878
0.08952194,0.038611796,-0.03272768,-0.09109649,-0.09282848,-0.05086734,-0.007906145,-0.01119451,-0.0626345,-0.14531907,-0.1736829,-0.17184515,-0.10194079,-0.0430655,-0.01823932,-0.04639368,-0.10014424,-0.12561034,-0.095538944,-0.02157493,0.051757563,0.0796078,0.05235226,0.0023000513
0.015139873,0.026426783,0.07175177,0.1109973,0.11553494,0.07411202,0.012803343,-0.037076633,-0.044094056,-0.020537408,0.018893778,0.014629831,-0.022987824,-0.08985871,-0.12732817,-0.11860123,-0.06695953,-0.019712145,0.003240058,-0.022139564,-0.06716309,-0.08749279,-0.060166176,0.0038759145
0.10461423,0.113300815,0.07919056,0.019143075,-0.019792806,-0.01386886,0.025984153,0.060395762,0.057409182,0.010561679,-0.04772318,-0.091420166,-0.07860346,-0.037822597,0.009978107,0.020613186,-0.016092803,-0.0669816,-0.09190056,-0.06960029,-0.0108290035,0.050594795,0.06984499,0.046378743
0.027872272,-0.04619154,-0.08960258,-0.094650894,-0.053892955,-0.01241626,-0.0111166425,-0.07053201,-0.14397347,-0.20597234,-0.17441058,-0.13320974,-0.05864207,-0.042076204,-0.07203877,-0.12510712,-0.15356898,-0.12097394,-0.04429742,0.02796619,0.053630657,0.027676716,-0.02234184,-0.049383923
-0.060450185,-0.021208756,-0.014228531,-0.03582663,-0.07812052,-0.10375388,-0.09463124,-0.04135376,0.014036159,0.05297047,0.019487195,-0.001055616,-0.039725076,-0.02231828,0.022312732,0.07073746,0.087900124,0.06067311,0.013139941,-0.025061326,-0.01978717,0.012810377,0.0463512,0.0489946
0.017094206,0.028324325,0.07172529,0.11220719,0.12432925,0.09276998,0.037016477,-0.0037578084,-0.009915889,0.011567389,0.047126874,0.04597953,0.013583197,-0.046499915,-0.08401111,-0.0850085,-0.04786501,-0.0037618435,0.014284924,-0.008601254,-0.05157607,-0.07427767,-0.05865879,-0.0036223766
-0.002730789,0.059008036,0.12094164,0.13802387,0.09333663,0.015919954,-0.04000969,-0.03901193,0.0077129295,0.0613546,0.062212843,0.0134963505,-0.06972232,-0.12641409,-0.12650846,-0.06963221,0.00086183636,0.022976026,-0.011163479,-0.07370982,-0.112832986,-0.09026214,-0.014106993,0.06413055
0.039484777,-0.026222734,-0.071937695,-0.084176645,-0.058686152,-0.029777465,-0.025451116,-0.07790417,-0.14651883,-0.20607851,-0.18420248,-0.15568049,-0.090040915,-0.07050413,-0.09053771,-0.13056473,-0.15192981,-0.12214569,-0.061080866,0.009617332,0.040878754,0.02743154,-0.008129467,-0.028650394
-0.063742004,-0.031002557,-0.033111855,-0.06893665,-0.13160302,-0.17752317,-0.17619537,-0.13289826,-0.085186884,-0.04953668,-0.08574738,-0.11359345,-0.15219095,-0.13245872,-0.074376665,-0.009476024,0.024425246,0.011955488,-0.031174092,-0.05741547,-0.04103759,0.010536935,0.060918424,0.07600102
-0.0068814135,0.059479646,0.12290789,0.14021315,0.091325715,0.011993466,-0.046913516,-0.041837204,0.011564634,0.07257096,0.06972774,0.022740379,-0.06676265,-0.12645279,-0.11872257,-0.05439798,0.015895618,0.0350952,-0.0013303206,-0.072219074,-0.11298366,-0.08677396,-0.009807575,0.06928081
0.04070571,0.008095501,0.032244228,0.08884235,0.14249298,0.14586869,0.09780563,0.0175216,-0.03779543,-0.048023034,0.015990397,0.046594568,0.05835045,-0.00023551364,-0.07087627,-0.11744163,-0.10355,-0.041821413,0.016875798,0.032470867,-0.009832625,-0.06582032,-0.09177718,-0.05592809
-0.13814217,-0.12449652,-0.07782872,-0.025948098,-0.012577413,-0.044090565,-0.092378065,-0.111747235,-0.08521819,-0.014302416,0.032291003,0.060170777,0.019778917,-0.019694908,-0.04964358,-0.03296756,0.022272903,0.073498346,0.08056878,0.034983683,-0.024859335,-0.065458626,-0.057070114,-0.017303653
0.14207491,0.15568264,0.100077786,0.008041154,-0.050676472,-0.04209997,0.019833934,0.07970197,0.07906134,0.0103715835,-0.076405086,-0.14520785,-0.1263676,-0.054654267,0.016319174,0.034103222,-0.016698154,-0.09226442,-0.13696967,-0.10280357,-0.011725749,0.077309616,0.108897656,0.07066602
0.027653253,-0.009496107,0.0094751725,0.06283346,0.121066794,0.13363954,0.089502014,0.010826084,-0.04571134,-0.060658824,0.0028125013,0.037523508,0.05938969,0.011692341,-0.0603606,-0.11179057,-0.10587782,-0.045451324,0.01896847,0.039019197,0.0028411865,-0.056222558,-0.08995802,-0.06575809
0.0076382086,-0.055898115,-0.1473483,-0.20891453,-0.19439048,-0.11830497,-0.041787077,-0.01627219,-0.05643241,-0.13000579,-0.16180941,-0.1320485,-0.03791194,0.056173295,0.09431974,0.05685751,-0.020259412,-0.06616132,-0.04261965,0.035616413,0.11418345,0.12811829,0.066830434,-0.029897029
-0.013919899,-0.008058883,0.040864002,0.090589434,0.10113581,0.053889785,-0.021075657,-0.07954171,-0.08843017,-0.054907955,-0.0043416326,0.0037403577,-0.03494825,-0.10269155,-0.1508878,-0.1461417,-0.08868602,-0.016662557,0.012359944,-0.010784396,-0.06189318,-0.092741005,-0.07069395,0.00266814
-0.10681686,-0.035786457,0.033591323,0.06606518,0.02993918,-0.03487741,-0.07062391,-0.0406018,0.039916985,0.1352509,0.13773762,0.11705863,0.02675403,-0.021499187,-0.012499936,0.051905237,0.12176291,0.12834847,0.073869586,-0.0137822,-0.07414818,-0.07021854,-0.012458044,0.043736417
0.021957293,-0.03083505,-0.014090543,0.049927704,0.11573944,0.12345674,0.06579789,-0.037810553,-0.11061698,-0.1275907,-0.045014065,0.00050661043,0.027560258,-0.027213855,-0.116661556,-0.17386208,-0.15576355,-0.06949967,0.012505397,0.04365288,0.0020349908,-0.0704338,-0.105869375,-0.07004356
0.19596912,0.17294662,0.12469261,0.082931496,0.09976116,0.16242176,0.22668889,0.23833904,0.18827415,0.090654634,0.048954636,0.02189874,0.083395936,0.12352496,0.13003159,0.074989,-0.012847141,-0.07614416,-0.07533148,-0.016232947,0.043895595,0.068205826,0.03499885,-0.022856029
0.028335745,-0.019193036,-0.04254671,-0.012553733,0.05649553,0.12537177,0.15626705,0.13098381,0.08265365,0.04901598,0.07787744,0.12818651,0.18708727,0.1931414,0.15296818,0.08376397,0.030616742,0.026220355,0.05963267,0.097926304,0.09105332,0.03515224,-0.040714715,-0.088894784
-0.026087604,-0.055912614,-0.037466157,0.023919938,0.084066294,0.10764435,0.0861469,0.031103756,-0.0007049023,0.008486077,0.06795545,0.1175583,0.13517375,0.09637292,0.03241193,-0.010832612,-0.007721951,0.033585124,0.07670838,0.081666626,0.034705617,-0.034925353,-0.07859837,-0.073613256
0.0768285,0.16790222,0.19415887,0.15647143,0.08059287,0.03901395,0.06577727,0.14896616,0.22456145,0.24952768,0.17185573,0.08156843,0.007550375,0.0131204,0.07414261,0.1409984,0.1454195,0.069004685,-0.031366333,-0.09533059,-0.08052114,-0.0032236804,0.07471645,0.08961216
-0.093981795,-0.03325395,-0.024251193,-0.057499487,-0.118999116,-0.15010971,-0.12010358,-0.028734207,0.057592537,0.117055826,0.06038417,0.03044151,-0.022388631,0.0065412186,0.08123876,0.15067108,0.16728565,0.11342958,0.03051528,-0.02474177,-0.01837573,0.033123743,0.07550897,0.06750997
0.01768897,-0.04745782,-0.07748973,-0.054009546,0.020443201,0.0947629,0.117280275,0.07631791,0.016470596,-0.030287284,0.006446857,0.06951008,0.14570774,0.15249963,0.10890914,0.03276901,-0.020771526,-0.015269067,0.046563897,0.09993383,0.09955929,0.040375147,-0.04468079,-0.096079305
-0.13637309,-0.089827485,-0.044023905,-0.0378249,-0.09582151,-0.1806715,-0.24117772,-0.23007645,-0.16704436,-0.08211751,-0.07796896,-0.095443666,-0.17491764,-0.206056,-0.17775811,-0.096693255,-0.010681368,0.031195287,0.0067844614,-0.05703582,-0.09074156,-0.062689535,0.007724418,0.07606566
-0.05636247,-0.12873645,-0.17014217,-0.15957676,-0.107241385,-0.05834628,-0.044487894,-0.085612364,-0.14098066,-0.17052484,-0.13101257,-0.06391451,0.0074217888,0.031716615,0.00422307,-0.047099702,-0.07122058,-0.040934347,0.01981502,0.07869511,0.087196924,0.039354898,-0.027987199,-0.06839494
-0.08550687,-0.09221504,-0.06914563,-0.04000736,-0.038026575,-0.070427835,-0.11249811,-0.14904316,-0.14809136,-0.11117628,-0.072480924,-0.04918376,-0.06566878,-0.099867314,-0.11949147,-0.103337735,-0.05240765,-0.00064807857,0.0226926,0.011195145,-0.023892924,-0.04692892,-0.03719292,-0.00054359686
-0.11293251,-0.15388381,-0.14899269,-0.09972647,-0.047066573,-0.025895052,-0.052756682,-0.09699367,-0.11797971,-0.09260867,-0.032125723,0.036629427,0.057941776,0.041393932,-0.0027206843,-0.0322591,-0.020923115,0.031871513,0.083984785,0.0890751,0.050719462,-0.014898414,-0.06279176,-0.06583048
0.016831469,-0.043100644,-0.1226184,-0.1747655,-0.15822323,-0.08913438,-0.024086442,-0.006501036,-0.044905383,-0.11353968,-0.13975932,-0.10808015,-0.021507416,0.054976504,0.08578742,0.047640402,-0.023421884,-0.061463296,-0.034784496,0.03875148,0.10602415,0.11603105,0.056300674,-0.027166758
-0.008405287,-0.049255468,-0.103522725,-0.13733904,-0.124183826,-0.07402225,-0.02430629,-0.00774745,-0.027875025,-0.068520166,-0.08526031,-0.055897217,0.0051508336,0.055692088,0.08031978,0.057374865,0.011763785,-0.020872062,-0.004693272,0.04289616,0.08393359,0.08513499,0.039108448,-0.024079796
-0.10467894,-0.06456099,-0.025590075,-0.018049253,-0.063672975,-0.13346529,-0.18103561,-0.1715058,-0.12030237,-0.050260603,-0.047461882,-0.060718264,-0.12733747,-0.152997,-0.13374889,-0.07059478,-0.0016127458,0.03252881,0.008407771,-0.043894954,-0.07208158,-0.052688185,0.0038167234,0.061937593
-0.06268724,0.024413735,0.107557066,0.14245614,0.099194005,0.021578684,-0.03212543,-0.0034828235,0.08122533,0.1769055,0.17404741,0.13586926,0.026216775,-0.03629927,-0.03022738,0.03892978,0.11072523,0.12059679,0.061350368,-0.039752513,-0.10238629,-0.089493245,-0.016642112,0.05956227
0.10191537,0.022462483,-0.021920392,-0.0060694674,0.069607474,0.14324205,0.16311654,0.097348705,5.6964356e-05,-0.08387792,-0.0450396,-0.0027988318,0.08692468,0.09945275,0.04019636,-0.052398544,-0.1134068,-0.09439351,-0.021494621,0.059664376,0.07901995,0.027597036,-0.04902085,-0.09211644
0.11432336,0.14040177,0.102981314,0.027261496,-0.022945564,-0.010992605,0.051937457,0.118564464,0.13378641,0.08606261,0.002961645,-0.057130132,-0.049953766,0.011078253,0.07562529,0.0916759,0.03964921,-0.04145172,-0.09341859,-0.079895355,-0.007908017,0.06929263,0.09475315,0.056346152
0.10204802,0.068821244,0.012840529,-0.036709767,-0.041580416,-0.01265336,0.017373053,0.018927718,-0.02341863,-0.09486274,-0.12209657,-0.13563114,-0.08720541,-0.040321637,-0.020367268,-0.041808818,-0.08461489,-0.10736242,-0.09114479,-0.035039164,0.027626244,0.055417884,0.042818695,0.009235774
0.0042466572,0.019056609,0.06149958,0.098196596,0.09984052,0.060691673,0.0052595,-0.03370786,-0.03400402,-0.006739622,0.026022097,0.020093026,-0.017630607,-0.07466739,-0.10628551,-0.09514528,-0.049691778,-0.005406855,0.008235701,-0.018654281,-0.059876308,-0.076023415,-0.0501762,0.0069113523
-0.038679413,-0.09447793,-0.08861925,-0.03781371,0.02228617,0.035840478,-0.013866064,-0.09410259,-0.1487488,-0.15407994,-0.080612905,-0.019606799,0.012543272,-0.02462961,-0.08971582,-0.1363871,-0.1211569,-0.044636,0.03436847,0.06362827,0.029024603,-0.038296957,-0.08373383,-0.06479747
0.050199896,0.025271783,0.049123738,0.09639489,0.14438263,0.15053855,0.10860903,0.040002894,-0.0060269455,-0.023823857,0.029094443,0.047564212,0.06038277,0.013466244,-0.056907468,-0.10275265,-0.096338324,-0.04392981,0.007569869,0.023394048,-0.009062116,-0.05803675,-0.078613706,-0.049312428
-0.001245807,0.06071792,0.11409504,0.139188,0.116188504,0.073055506,0.050667882,0.07488239,0.12599854,0.17856753,0.1719684,0.13645734,0.06683836,0.026783003,0.024962641,0.06142875,0.09854746,0.091824815,0.039900906,-0.023656625,-0.06341158,-0.057658628,-0.011735383,0.032201197
0.025448393,-0.026476944,-0.014366571,0.050999746,0.12295639,0.14070195,0.09308141,0.00053944404,-0.070815235,-0.08753814,-0.009689628,0.039806843,0.0703249,0.021810066,-0.064024724,-0.12700874,-0.12094904,-0.043904375,0.028876236,0.06006773,0.01977912,-0.056263886,-0.10257163,-0.0773867
0.06320469,0.13613558,0.15647623,0.12728961,0.06987658,0.03777691,0.061504032,0.13216928,0.18968827,0.20867449,0.14703466,0.07107007,0.012731331,0.019629845,0.06841558,0.11738825,0.11890262,0.058320936,-0.027644157,-0.076551065,-0.06523677,-0.003294139,0.057468444,0.06800757
-0.13892712,-0.19031781,-0.17993094,-0.1144248,-0.047672495,-0.026542882,-0.06246899,-0.12323819,-0.15284836,-0.11917763,-0.03852719,0.047900602,0.07350522,0.040765714,-0.0146006765,-0.050139785,-0.027014557,0.040189903,0.10561266,0.112652406,0.057022,-0.027414212,-0.086200856,-0.08435135
-0.10290272,-0.095801786,-0.062015828,-0.022854108,-0.019522244,-0.04981954,-0.083622985,-0.10596516,-0.08808094,-0.033312608,0.0016141377,0.025902046,-0.003264397,-0.03834759,-0.058627747,-0.0403626,0.006825794,0.04942985,0.055032615,0.0261932,-0.02003348,-0.0470065,-0.03788045,-0.0037188937
0.011420935,-0.03646716,-0.007348552,0.07219113,0.14942777,0.15821429,0.09307909,-0.010688083,-0.07732577,-0.082371034,0.010132774,0.06413158,0.083942585,0.013275276,-0.08480284,-0.14537737,-0.12171516,-0.034515668,0.046670444,0.06639481,0.007148324,-0.081227526,-0.12340529,-0.082737625
-0.055465255,0.019514468,0.03940821,0.0019568128,-0.074362166,-0.121659204,-0.10247628,-0.014929053,0.07674061,0.13225096,0.06793149,0.016745072,-0.051344994,-0.030632058,0.04008544,0.11853168,0.14210968,0.09057211,0.002968802,-0.059166316,-0.04972214,0.015039582,0.07994197,0.09055287
0.021864552,0.030742673,-0.023086479,-0.09898821,-0.15087289,-0.14014156,-0.07951505,-0.0125035215,0.009461585,-0.019760696,-0.09035527,-0.12387229,-0.1081427,-0.03021044,0.04201266,0.07257965,0.038366266,-0.025722088,-0.06902244,-0.05064823,0.021593014,0.08654286,0.104418516,0.056335766
0.03297777,-0.04279278,-0.0801872,-0.054637305,0.032969687,0.12194593,0.15493666,0.10856815,0.034060225,-0.028297465,0.011775392,0.076299205,0.16932118,0.18693915,0.12989137,0.034245774,-0.03468841,-0.026924375,0.039300296,0.1084621,0.11408441,0.047370635,-0.049957085,-0.113086194
-0.03165824,-0.06807589,-0.11739298,-0.150913,-0.14898925,-0.11636354,-0.07930658,-0.064229965,-0.07763874,-0.10510762,-0.11720528,-0.092892565,-0.04508691,-0.002381499,0.028778678,0.022840047,-0.0007097584,-0.024035659,-0.010092952,0.029026773,0.06339792,0.07000649,0.039563056,-0.009693278
0.019792808,0.045331765,0.009149289,-0.047337733,-0.081701376,-0.04959936,0.03469922,0.12151517,0.16111659,0.14660306,0.07072776,0.04366498,0.0540118,0.12502863,0.19008923,0.20580548,0.14793447,0.056901455,-0.007776717,-0.009299649,0.042922776,0.094613984,0.09393904,0.028581547
0.1191787,0.12834841,0.07880601,-0.0015710117,-0.055833902,-0.050931823,0.00084735185,0.049226183,0.048782382,-0.009026589,-0.08487172,-0.13974853,-0.12220473,-0.062484033,0.0026282426,0.021629315,-0.021525385,-0.08316375,-0.11867792,-0.08683587,-0.007654134,0.07219435,0.09843465,0.06674176
0.13286431,0.044192348,-0.0054032705,0.0018456626,0.0809196,0.15861528,0.17450234,0.10016894,-0.009597315,-0.11266835,-0.07579697,-0.031230481,0.06991155,0.082933515,0.020735608,-0.0834081,-0.15353711,-0.13187315,-0.043949302,0.0519807,0.08227058,0.03321693,-0.04950349,-0.09109532
0.023282016,-0.017762976,-0.006648679,0.04676694,0.107773244,0.12521857,0.0897203,0.0155920815,-0.04280497,-0.058944143,0.0035944516,0.041780397,0.06848713,0.032049403,-0.041787583,-0.09741766,-0.09638462,-0.035520896,0.022469454,0.04861638,0.016855964,-0.046371397,-0.085139714,-0.0672979
0.10669664,0.11532778,0.07859828,0.014918319,-0.027226524,-0.026356699,0.0038402984,0.039067548,0.036445323,-0.011520299,-0.069547646,-0.1163664,-0.10746747,-0.063866705,-0.014932839,-0.0006843399,-0.032704186,-0.07741716,-0.10048626,-0.078582495,-0.015277322,0.04787919,0.07231813,0.054913044
0.12891062,0.08251674,0.0074600233,-0.059575964,-0.05985687,-0.008707741,0.04381919,0.04959496,-0.0065613803,-0.10585919,-0.14340948,-0.15909979,-0.08466012,-0.019638106,0.008145795,-0.02665074,-0.09301901,-0.13616028,-0.11237057,-0.035902746,0.04651878,0.08209549,0.056440324,-0.0033832001
0.084927835,0.18243505,0.21162847,0.17939799,0.1030464,0.056438956,0.08148506,0.16576801,0.24194106,0.27231503,0.19632757,0.100521356,0.017353112,0.01977169,0.0777697,0.14780958,0.15829672,0.0818561,-0.027806016,-0.098864116,-0.08821885,-0.014429791,0.069635056,0.09063906
-0.15140833,-0.09777483,-0.04156542,-0.027428115,-0.08356767,-0.17358297,-0.24139811,-0.22849222,-0.15536776,-0.060375094,-0.05118641,-0.067007594,-0.15357941,-0.19490443,-0.17154215,-0.08625805,0.009823235,0.053855427,0.02628803,-0.046227302,-0.09113168,-0.07138374,0.0005888487,0.07450969
0.15436456,0.17070472,0.113487564,0.015562049,-0.050485656,-0.047746744,0.009730791,0.07313179,0.07565542,0.0043115215,-0.088043034,-0.16232722,-0.14665657,-0.0751557,0.0014993547,0.02488135,-0.024137836,-0.0991308,-0.14674115,-0.11130686,-0.015374528,0.08101188,0.118087746,0.084594615
0.011287913,-0.038526416,-0.013819025,0.058177095,0.12868086,0.13723727,0.07901337,-0.02440313,-0.09045913,-0.101472266,-0.014014688,0.03594909,0.062157046,-0.0029954903,-0.09720745,-0.15425123,-0.1314436,-0.047296055,0.03375657,0.060663786,0.007834655,-0.073142014,-0.11222722,-0.07682135
0.03686469,-0.016966566,-0.08871228,-0.13524993,-0.11351153,-0.040553544,0.025671031,0.040651724,0.0024820096,-0.07158978,-0.09472418,-0.07311362,0.012725991,0.08160971,0.10126493,0.059422642,-0.011112384,-0.056868847,-0.031183429,0.03791785,0.09928138,0.10348618,0.047030192,-0.037968062
0.11560522,0.09371766,0.052608456,0.01348984,0.015877038,0.052621122,0.09702109,0.1018646,0.06501145,-0.0037136774,-0.034890085,-0.051837634,-0.0060889865,0.035775244,0.04355959,0.0102224685,-0.04620767,-0.08039134,-0.07502476,-0.026369479,0.02687583,0.050603803,0.033817492,-0.004075465
0.13753107,0.06598581,0.021817453,0.020452142,0.085309185,0.15482135,0.16564377,0.108124115,0.014697149,-0.081623316,-0.05658726,-0.03018353,0.05454618,0.06598649,0.020463457,-0.06627206,-0.13152547,-0.1234359,-0.047637876,0.030425409,0.06222596,0.029259332,-0.037410207,-0.07596122
0.066910096,0.021912374,-0.04576266,-0.0799112,-0.04382938,0.043662887,0.1288708,0.15389809,0.1132752,0.040426992,0.011753013,0.033067714,0.11580655,0.19020851,0.1984868,0.13730466,0.043611538,-0.014987366,-0.00944907,0.053707805,0.111571446,0.10569105,0.037310462,-0.05533663
-0.053019505,-0.116327,-0.10794354,-0.043228537,0.02801202,0.04314041,-0.008219326,-0.1001552,-0.1632534,-0.16226812,-0.07489266,-0.0021217426,0.032357845,-0.012240915,-0.08845752,-0.14244053,-0.12241103,-0.03494097,0.04907654,0.08025233,0.03408553,-0.04735843,-0.10060683,-0.078910165
0.09848979,0.09465581,0.04610205,-0.024841234,-0.068027884,-0.058861796,-0.013844889,0.016407065,0.0048085777,-0.053104285,-0.112508096,-0.15578061,-0.12948063,-0.07549059,-0.022545347,-0.010987986,-0.049536645,-0.09724881,-0.11374896,-0.0766204,-0.0052498113,0.06288011,0.081584744,0.0495332
0.14796032,0.11437059,0.060551807,0.01357722,0.033207525,0.098272905,0.15422286,0.16304056,0.11459391,0.018338174,-0.015793404,-0.030220395,0.04022064,0.09155534,0.096910596,0.042721868,-0.039159197,-0.091756605,-0.073506005,-0.009993025,0.055020493,0.07266931,0.034434322,-0.0285254
0.014117464,0.022957832,-0.01726522,-0.07758355,-0.12178462,-0.11244035,-0.05559259,-0.000154122,0.022286937,0.0011867236,-0.0581115,-0.08362941,-0.06913026,-0.012599738,0.04957432,0.0771147,0.049658176,-0.009450098,-0.04767357,-0.032898717,0.020165157,0.07501836,0.08805693,0.04545386
-0.12153929,-0.16512601,-0.15796576,-0.10653207,-0.05039496,-0.030891389,-0.05827888,-0.10451046,-0.12663552,-0.09996663,-0.035481676,0.03964188,0.06465235,0.041495185,-0.0031659852,-0.034854732,-0.018642027,0.03604402,0.089827724,0.09913509,0.05567393,-0.015059407,-0.0679842,-0.06962462
0.058546156,0.08131222,0.035511166,-0.03840782,-0.07841271,-0.041391853,0.050602566,0.1444834,0.17944834,0.14422792,0.054552633,0.018507596,0.0397638,0.11516116,0.19313654,0.20605935,0.13613394,0.031242479,-0.03309034,-0.020925155,0.04629631,0.11316364,0.11077904,0.03793319
-0.09927306,-0.09283999,-0.04926113,-0.005126255,-0.0046517113,-0.052927766,-0.11641116,-0.15877017,-0.14758982,-0.09185386,-0.043460708,-0.025473243,-0.06419735,-0.11486302,-0.1460375,-0.12240782,-0.054673295,0.0126779415,0.034142483,0.0027769224,-0.04931938,-0.07733982,-0.05388782,0.0043836497
0.015756678,0.02435361,-0.03242883,-0.110488124,-0.16541278,-0.1537463,-0.08483792,-0.012117695,0.0135137625,-0.013332583,-0.08730257,-0.11881893,-0.101327345,-0.023522789,0.056846302,0.09152424,0.05768023,-0.013672696,-0.06285236,-0.043191504,0.028016435,0.09589122,0.1120814,0.058915574
-0.023640547,-0.042990353,-0.0019135019,0.07925916,0.15734118,0.18493097,0.15679024,0.10093326,0.07356066,0.090929665,0.16017741,0.21092604,0.21994147,0.1651354,0.080273576,0.020951508,0.02094308,0.06425141,0.10508557,0.096944414,0.0301974,-0.056393694,-0.1068591,-0.09491963
0.16583198,0.19800352,0.16664065,0.104873374,0.06858406,0.09072534,0.15914583,0.22452277,0.2318588,0.17684077,0.096274294,0.027343005,0.03285565,0.08203798,0.13336433,0.13573933,0.07273639,-0.018503614,-0.07996681,-0.0700547,-0.0071967854,0.06012554,0.07980549,0.03941739
-0.17037275,-0.1596197,-0.10610485,-0.04621549,-0.034418274,-0.07454545,-0.1324491,-0.16086757,-0.12793617,-0.042932596,0.013146366,0.05571386,0.0120243905,-0.04318053,-0.07282383,-0.046900608,0.024140209,0.08525888,0.1004064,0.051143143,-0.022158405,-0.06936505,-0.06216159,-0.014172179
0.0078286035,0.05690577,0.066586986,0.029311696,-0.033312816,-0.07879252,-0.08492498,-0.039182197,0.009285367,0.028944327,-0.014577649,-0.06948185,-0.11839799,-0.1106482,-0.060743187,-0.00025214392,0.027073922,0.0002022166,-0.04707203,-0.082905784,-0.0653046,-0.0076703737,0.055130653,0.07791965
-0.014896113,-0.038034,-0.011029109,0.054654732,0.12504877,0.15642717,0.13708128,0.09065643,0.061162896,0.07077556,0.12706001,0.17731641,0.19248244,0.1514632,0.08409528,0.027616646,0.017108446,0.051202662,0.089673,0.0887029,0.037807524,-0.03534602,-0.0881595,-0.08501732
-0.013523771,0.011768399,0.09344398,0.16762671,0.18050702,0.119073495,0.033319037,-0.033060163,-0.027846247,0.025535714,0.08742054,0.08851765,0.028594168,-0.07525965,-0.14030942,-0.13023157,-0.05367016,0.021079818,0.041227955,-0.003584071,-0.08714791,-0.12807322,-0.09469077,-0.0014930607
-0.12321428,-0.16945954,-0.15302089,-0.08173254,-0.011642309,0.01005343,-0.017428933,-0.07779371,-0.10701504,-0.07710066,0.003412704,0.08250396,0.10953349,0.07485362,0.0072059548,-0.035310145,-0.013896917,0.051263414,0.10613562,0.11692587,0.057299364,-0.03206241,-0.089739874,-0.08807232
0.074065715,0.14688641,0.16786572,0.14422442,0.08701179,0.05264982,0.079210326,0.14193009,0.19418105,0.21490106,0.155362,0.08145603,0.020840015,0.02427468,0.0674325,0.11572251,0.11872822,0.060330555,-0.027528878,-0.07664193,-0.067661464,-0.009482579,0.052663505,0.067573756
-0.051897094,-0.10115029,-0.13110733,-0.12942614,-0.093021676,-0.050368994,-0.036291204,-0.053446993,-0.08234126,-0.10222096,-0.081174865,-0.031001741,0.021686692,0.042619947,0.033422686,-0.0012015415,-0.026902415,-0.017338255,0.026381752,0.06365686,0.07156416,0.04275402,-0.010485548,-0.049727097
-0.021274,-0.098659195,-0.14152348,-0.12881449,-0.062858954,0.00693147,0.032354932,-0.0103212455,-0.07274525,-0.119213745,-0.08207024,-0.012207514,0.07442604,0.095386714,0.061623644,-0.007048898,-0.05344542,-0.03775426,0.02987862,0.096635595,0.10576374,0.053310174,-0.031016724,-0.087280534
-0.044006906,-0.09477044,-0.092326336,-0.0469549,-0.00024341387,0.003532738,-0.0425053,-0.1175218,-0.16709727,-0.16764101,-0.100358196,-0.048128333,-0.020823928,-0.05457042,-0.109192066,-0.14150724,-0.11793478,-0.042995527,0.024284136,0.052384954,0.020980353,-0.036131438,-0.07037677,-0.050141197
0.09281405,0.01458987,-0.030762391,-0.022903696,0.052116137,0.12841636,0.14331108,0.08615457,-0.0041966126,-0.088331416,-0.05392635,-0.0076705175,0.082170255,0.096296035,0.046865534,-0.043158714,-0.10629723,-0.09433777,-0.015919449,0.061168734,0.084541686,0.03549111,-0.044747878,-0.09101861
-0.053753298,0.005834367,0.016290888,-0.0071147373,-0.06758952,-0.10080092,-0.0728063,-0.00026116057,0.075072825,0.12638846,0.076578215,0.039057676,-0.014073767,0.0034778873,0.062185742,0.13102248,0.15203404,0.10302928,0.022836333,-0.029359993,-0.027083376,0.01863173,0.067849524,0.06650344
0.20977055,0.17694288,0.11728732,0.06989718,0.09585459,0.1735293,0.2481238,0.25944585,0.1997238,0.08558487,0.042649172,0.020068202,0.09733828,0.1515229,0.15159252,0.08243283,-0.019329354,-0.08835417,-0.08096649,-0.008676029,0.06314694,0.08094086,0.036503155,-0.03451075
0.019068127,0.03750682,0.087208,0.12948623,0.13791968,0.101298966,0.041671153,0.0003353091,-0.0018469645,0.023896445,0.058954637,0.050977312,0.009902025,-0.052287057,-0.09259204,-0.08944404,-0.048437923,-0.0038740947,0.01157193,-0.019810418,-0.06489488,-0.085594356,-0.06131564,-0.00045531636
-0.15662478,-0.07780363,0.0004231627,0.040010378,-0.0040708543,-0.0827373,-0.12825085,-0.095734596,-0.0012237171,0.11862756,0.12490355,0.10722838,0.0021685208,-0.04675942,-0.035286404,0.04368557,0.12800902,0.14850968,0.087673865,-0.014441968,-0.08416,-0.07962943,-0.012934452,0.052545886
-0.0035104195,-0.051997267,-0.11972108,-0.16525906,-0.15713342,-0.10312952,-0.042155825,-0.022929203,-0.04902873,-0.10089063,-0.12445546,-0.09762489,-0.02533973,0.03992753,0.07130291,0.047421373,-0.0047888383,-0.04040467,-0.025097245,0.036385708,0.0910852,0.10084318,0.054014906,-0.01844932
0.0716975,0.1067944,0.108369134,0.07729631,0.027691262,-0.010577918,-0.01614483,0.00887046,0.026956774,0.023011403,-0.0140221445,-0.070867755,-0.10693761,-0.10155834,-0.06998605,-0.03233253,-0.018516343,-0.033428974,-0.072495334,-0.08700384,-0.06348337,-0.011873508,0.04239349,0.06928983
-0.14563799,-0.14108805,-0.10356007,-0.06187214,-0.04978765,-0.078615144,-0.12811396,-0.14811575,-0.12394583,-0.061342567,-0.016022375,0.018266551,-0.012425042,-0.0439518,-0.0696666,-0.05366781,0.0004949561,0.053209774,0.070959665,0.03545531,-0.014460703,-0.05365374,-0.049289294,-0.0137138
-0.021390252,0.019775243,0.05755816,0.076690875,0.060126185,0.03041715,0.014226695,0.03057922,0.07080646,0.11325458,0.11169002,0.09306727,0.045341898,0.0142507525,0.016060866,0.046440374,0.07689647,0.072030045,0.0394198,-0.0072211297,-0.039631993,-0.0373618,-0.007140369,0.020918464
0.028422413,-0.017773092,-0.0788086,-0.11697572,-0.10040015,-0.041430607,0.014561011,0.024886189,-0.009515248,-0.06870201,-0.08898465,-0.0682305,0.0029422317,0.061921105,0.079991944,0.045110274,-0.015587297,-0.04946608,-0.028825961,0.030002713,0.082223006,0.08805104,0.04007226,-0.029197453
0.20778987,0.2500296,0.2097646,0.12901483,0.081396535,0.11056443,0.19883265,0.28316003,0.29673713,0.22589365,0.12243439,0.03461561,0.04074579,0.10797673,0.16977926,0.17409873,0.09495531,-0.02374723,-0.10085536,-0.09013429,-0.0072989874,0.07606207,0.10405314,0.051767025
-0.16553988,-0.10593883,-0.047890574,-0.021657515,-0.061922804,-0.12398372,-0.15674108,-0.12126553,-0.036100008,0.07146161,0.07270198,0.071540564,-0.0124299005,-0.046167318,-0.020185903,0.050858136,0.11813075,0.13171768,0.08379228,-0.00093512854,-0.056411307,-0.046981465,0.0010779923,0.04742319
0.01979843,0.044088066,0.11511053,0.17742871,0.19176826,0.13885894,0.051986516,-0.007741683,-0.01219495,0.0249051,0.07897247,0.067244425,0.010291598,-0.07883235,-0.13859102,-0.13523154,-0.07332849,-0.0054901554,0.016778687,-0.02567511,-0.092363544,-0.12439773,-0.090299584,-0.003336945
0.07120749,0.03408834,0.04898296,0.099639446,0.1532955,0.16233426,0.12448873,0.041995123,-0.022467656,-0.04958895,0.010323703,0.03357837,0.05639054,0.0052101677,-0.06917731,-0.12123558,-0.11419591,-0.057911012,-0.0008321188,0.028196119,-0.0039323373,-0.05839689,-0.08480582,-0.056232248
0.06066208,0.021738967,-0.04277417,-0.08329182,-0.06403271,0.007000733,0.08321123,0.10973348,0.07829295,0.011973955,-0.021552337,-0.00819067,0.06487333,0.13272463,0.15301323,0.109850876,0.029951474,-0.024367107,-0.022284053,0.03689054,0.094676904,0.103040464,0.04953448,-0.032184236
-0.065127134,-0.10713323,-0.07328211,0.012773426,0.09626362,0.11957496,0.07115928,-0.009708542,-0.053621817,-0.031722408,0.05744986,0.12935464,0.14663541,0.08945256,0.0012379838,-0.05837475,-0.04644014,0.02810008,0.09882306,0.1001413,0.031047793,-0.06263885,-0.11995704,-0.100503296
-0.11001926,-0.15993181,-0.13621765,-0.06048459,0.013569599,0.029341491,-0.01681862,-0.09547726,-0.13645123,-0.11029296,-0.020751745,0.05783207,0.08141635,0.03754116,-0.041560672,-0.090795204,-0.06635056,0.016105214,0.08832307,0.09900417,0.037434373,-0.052999116,-0.107054554,-0.09008939
-0.021318449,-0.059599407,-0.11945056,-0.16237593,-0.1619336,-0.12086586,-0.073067054,-0.050037052,-0.06776077,-0.10397319,-0.12678772,-0.10707578,-0.053086102,0.010278693,0.04588113,0.033582747,-0.007783364,-0.035373617,-0.02590749,0.019301578,0.069344446,0.08477616,0.051322788,-0.008504139
0.062918395,0.031036442,-0.017538197,-0.042254936,-0.015288895,0.05092806,0.11106657,0.1296239,0.10278904,0.045496903,0.023854867,0.03895003,0.10141706,0.14713433,0.15474609,0.11234064,0.0440785,-0.0049161403,0.0012520925,0.047374908,0.08720454,0.08166493,0.029466586,-0.040233634
0.043745145,0.013621148,0.03760433,0.089884214,0.13936578,0.13687964,0.08371199,0.004369361,-0.050114915,-0.064036585,-0.0010800898,0.021031648,0.031025685,-0.02249225,-0.09624077,-0.14074945,-0.12210021,-0.055148814,0.0018760746,0.01961546,-0.017376296,-0.071055874,-0.08914191,-0.048673365
0.025284681,0.031262815,-0.01644403,-0.08727115,-0.13601185,-0.1309912,-0.08005102,-0.022910075,-0.006665865,-0.035714712,-0.09785523,-0.13032201,-0.11607388,-0.05182598,0.016137192,0.0446187,0.018921843,-0.036820002,-0.072771445,-0.05287392,0.011229262,0.07369761,0.09269346,0.05449779
-0.04823998,-0.10394972,-0.103422,-0.06555415,-0.02252078,-0.021495923,-0.073566005,-0.15285335,-0.2022659,-0.20774761,-0.13924319,-0.08428305,-0.054314185,-0.08965316,-0.14175214,-0.17081293,-0.14098512,-0.06488832,0.014289126,0.046123292,0.018495157,-0.036266122,-0.06757123,-0.044164907
0.03478837,-0.045924883,-0.093312114,-0.097341575,-0.044358682,0.009817885,0.017366849,-0.038002726,-0.11636542,-0.18395136,-0.15292019,-0.099219985,-0.014425948,0.002283327,-0.026599329,-0.09353929,-0.13578904,-0.10914426,-0.029628875,0.049793955,0.075691104,0.042767357,-0.02585808,-0.061678477
-0.15805851,-0.07769469,0.0036383197,0.036708035,-0.015620632,-0.1028293,-0.15609546,-0.12350167,-0.02610055,0.09534459,0.099103466,0.07842759,-0.031522196,-0.08824947,-0.06582597,0.021137295,0.11236375,0.13301899,0.076391436,-0.028083922,-0.09826422,-0.08266027,-0.009206543,0.063795246
-0.15298986,-0.1440933,-0.088841185,-0.020855611,-6.9123475e-06,-0.037343815,-0.101123296,-0.13531932,-0.109812476,-0.027474558,0.034898944,0.07870048,0.034862444,-0.026795285,-0.06496833,-0.04689207,0.02204418,0.088054635,0.10582173,0.05696654,-0.020784562,-0.076120295,-0.07377643,-0.02227285
0.008129386,0.026446003,0.08322486,0.14192154,0.16068378,0.12438086,0.0590166,0.010008593,0.007830381,0.04201097,0.091644995,0.089433335,0.045017272,-0.029425722,-0.083499774,-0.08179463,-0.030053508,0.020292103,0.036938928,-0.000558664,-0.061345443,-0.10008171,-0.078511946,-0.014091552
0.054556493,0.019241272,-0.03782439,-0.07346512,-0.051090743,0.01871191,0.08938977,0.116950706,0.090323776,0.030786334,0.0015923865,0.017381856,0.08366399,0.14093915,0.16137359,0.11976941,0.0456947,-0.011706163,-0.008099139,0.04185388,0.09025197,0.09434655,0.04108992,-0.036268845
0.06805352,0.027291156,-0.03549797,-0.06619909,-0.02968638,0.062190708,0.15755813,0.1865241,0.15040399,0.08016014,0.048548277,0.067838416,0.15223426,0.21925536,0.23176369,0.1715747,0.07374286,0.003772893,0.0029085444,0.063093625,0.113446735,0.11040643,0.038863856,-0.06146971
0.15113331,0.18824595,0.14964776,0.07450968,0.026250035,0.047916103,0.12459217,0.20661518,0.22589675,0.17458205,0.08107225,0.0089768665,0.010895217,0.07455659,0.14270605,0.15637162,0.09113332,-0.012310848,-0.08280706,-0.07772546,-0.004418067,0.07474178,0.099976555,0.052521165
0.027580654,-0.004858178,-0.049277686,-0.06430361,-0.03246981,0.037781715,0.108063675,0.12787014,0.105988406,0.060139116,0.045403335,0.065878764,0.12983298,0.17543529,0.17870504,0.13608827,0.0714172,0.021387545,0.022468857,0.06497145,0.093120575,0.08007476,0.024336465,-0.053103197
0.057374656,0.013254826,0.03725053,0.10343665,0.17460243,0.18720526,0.12941933,0.029653423,-0.042792927,-0.06747288,0.01107968,0.046341896,0.07082201,0.010669635,-0.08509186,-0.1503763,-0.14150219,-0.06439304,0.013252659,0.04017324,-0.002473593,-0.07585007,-0.111813344,-0.07590385
-0.006435408,-0.05197992,-0.119430564,-0.16295382,-0.15568551,-0.10429949,-0.044441376,-0.024348896,-0.049381834,-0.097129226,-0.11887706,-0.09452804,-0.027461234,0.03846861,0.068785354,0.04859738,0.0017936063,-0.034172397,-0.022736488,0.033549093,0.086763084,0.09385843,0.05155665,-0.018654568
-0.06269901,-0.02757454,0.05481373,0.14416482,0.17854863,0.14516427,0.08302874,0.047224402,0.07064054,0.14543569,0.20467457,0.22145256,0.16005243,0.079040356,0.0097959805,0.00672854,0.058753766,0.113653935,0.1112501,0.045952484,-0.045355026,-0.108972155,-0.100199096,-0.036365055
0.008521818,0.013863224,-0.033610262,-0.1062047,-0.15568408,-0.14777203,-0.095335975,-0.034742422,-0.012874278,-0.03681495,-0.10267508,-0.12582535,-0.110728614,-0.043412827,0.029754775,0.058487635,0.026637685,-0.030118145,-0.06310602,-0.045447305,0.019780882,0.08413603,0.09718017,0.055527467
-0.043597616,-0.0089897765,0.062556475,0.13313602,0.16007024,0.132383,0.07657342,0.05269042,0.07852894,0.13821673,0.18374738,0.1918505,0.13660482,0.069358096,0.012245305,0.010723009,0.052801944,0.09367203,0.09137571,0.03233962,-0.041445564,-0.09183789,-0.08070772,-0.026130624
-0.116035216,-0.072541945,-0.034835074,-0.035217356,-0.09474185,-0.17594513,-0.2290752,-0.21809378,-0.1610835,-0.087507375,-0.08856236,-0.1097841,-0.18235318,-0.20498419,-0.17711554,-0.099443145,-0.019912858,0.017931242,-0.0076383017,-0.06251355,-0.085973084,-0.055277046,0.014841544,0.07841398
-0.16600782,-0.15754843,-0.11223992,-0.054920837,-0.0346483,-0.059339106,-0.10507778,-0.12190304,-0.09217141,-0.0138363475,0.036039963,0.07919986,0.04508287,0.0056882123,-0.021989632,-0.008032349,0.04292159,0.096173726,0.10543395,0.06107788,-0.00418891,-0.052022543,-0.05781897,-0.026289718
0.027639527,-0.04740449,-0.09525436,-0.1016871,-0.059484866,-0.013074029,-0.0056906533,-0.059415985,-0.13074377,-0.19307758,-0.16350253,-0.11873676,-0.04193315,-0.023169292,-0.049057502,-0.10176351,-0.13255116,-0.10801688,-0.03447562,0.037993807,0.064515375,0.03614429,-0.018199481,-0.051331554
-0.005792818,0.003653373,-0.02381928,-0.057192642,-0.07724971,-0.055662915,-0.00495327,0.046272743,0.06726247,0.06418942,0.020905325,0.012707381,0.020277256,0.065367095,0.11204601,0.1242728,0.08894457,0.036512196,0.0014321118,-0.00052422326,0.030454872,0.062365286,0.05731732,0.014317803
0.06607091,0.043613553,0.071685225,0.12970562,0.18457885,0.19181989,0.15096876,0.075965464,0.023054413,0.0058228453,0.06406434,0.07963476,0.09079104,0.037745196,-0.043075938,-0.09440636,-0.088381074,-0.034106277,0.012953165,0.02677045,-0.012375386,-0.0694222,-0.0911687,-0.059849788
0.10457813,0.079548925,0.10353549,0.15749635,0.22046752,0.2408611,0.20342284,0.13258757,0.074202776,0.04188922,0.096260846,0.109671265,0.12611835,0.07204334,-0.008200582,-0.07095519,-0.07929989,-0.03883532,0.012479076,0.02937036,-0.0050065406,-0.062126253,-0.09171646,-0.06684123
-0.038795393,-0.07559728,-0.039018292,0.057409618,0.1502156,0.18467304,0.15357964,0.07527233,0.030869313,0.049096234,0.13794427,0.20698965,0.22804971,0.1657912,0.0672819,-0.00026307369,0.0038214992,0.062328868,0.119988754,0.12057599,0.044000506,-0.06117842,-0.1252531,-0.116119824
-0.09899127,-0.075361274,-0.050768528,-0.045497634,-0.07767863,-0.124416895,-0.16153221,-0.15854526,-0.12039026,-0.06897422,-0.062042043,-0.06779094,-0.11123025,-0.123686776,-0.11234125,-0.06378471,-0.011687296,0.01750281,0.009547797,-0.028167069,-0.047065925,-0.036255985,0.0038917807,0.039897673
0.06847667,0.031263277,-0.025369082,-0.054918796,-0.01995508,0.06313848,0.14277421,0.16701388,0.13334084,0.06286855,0.03650382,0.04948756,0.12751439,0.19064474,0.19439659,0.13719346,0.050370462,-0.008989603,-0.0049698385,0.05201795,0.10122207,0.095094465,0.03286197,-0.055939395
-0.14983073,-0.07480852,0.0035402724,0.03312626,-0.018324211,-0.10780467,-0.16942275,-0.14275238,-0.051748373,0.0633325,0.06773852,0.05097962,-0.05569298,-0.1101474,-0.0907021,-0.008525762,0.08092715,0.11170327,0.06369353,-0.033316754,-0.096825056,-0.08150704,-0.010316041,0.06859626
0.21143144,0.1718266,0.10490504,0.052371807,0.078327194,0.16224614,0.24583617,0.25511357,0.18801877,0.06787791,0.021988196,0.0016990654,0.08734525,0.14871132,0.15332527,0.08033245,-0.02991589,-0.102339394,-0.090975024,-0.0117206285,0.06655183,0.08964741,0.040829998,-0.03817691
0.09039394,0.047701076,-0.017752059,-0.07153462,-0.07021966,-0.01993155,0.03651678,0.041667692,-0.0031382577,-0.0814426,-0.11517657,-0.11616205,-0.047885235,0.011725351,0.03630734,0.004830163,-0.059658796,-0.099004336,-0.07936959,-0.013565824,0.05484546,0.08285975,0.052029215,-0.0077020163
-0.07368207,-0.021186432,-0.022379464,-0.07778773,-0.16475987,-0.22182739,-0.22145864,-0.1494542,-0.07396894,-0.030620607,-0.08916495,-0.13593602,-0.19156511,-0.15883301,-0.077107966,0.010894635,0.04728206,0.020255832,-0.041272283,-0.08303982,-0.054513182,0.021365976,0.091790825,0.10774489
0.08463458,0.03311792,-0.036387358,-0.09696762,-0.09954855,-0.060820416,-0.018744545,-0.024406731,-0.07789748,-0.16281185,-0.18966569,-0.19098404,-0.11936428,-0.059440993,-0.037113555,-0.06657606,-0.11658376,-0.13868202,-0.106727116,-0.029436015,0.0448172,0.07386259,0.04981593,0.0019690827
-0.023480136,-0.02599422,-0.07924877,-0.14834909,-0.19361787,-0.18454626,-0.1345837,-0.074365035,-0.05348104,-0.07169733,-0.1284225,-0.14358154,-0.12393017,-0.053763878,0.020364996,0.051714882,0.028059233,-0.021346616,-0.051495425,-0.031002533,0.030388292,0.08694428,0.09517914,0.04915193
-0.044410754,-0.09565662,-0.08751891,-0.038263395,0.016917111,0.023052966,-0.03322137,-0.112819925,-0.16437407,-0.16625631,-0.0925291,-0.03742729,-0.011953101,-0.04755734,-0.113000676,-0.15365335,-0.1307297,-0.05005311,0.027127841,0.051601887,0.018122869,-0.047379676,-0.08394698,-0.05878204
0.025608791,-0.049937896,-0.08926523,-0.060179994,0.031885568,0.124389306,0.16127415,0.12043228,0.04787202,-0.0101511,0.03125295,0.100639425,0.19348551,0.21255215,0.15610233,0.0593165,-0.009974098,-0.005739072,0.054782256,0.12196899,0.12471091,0.051213283,-0.051429465,-0.11840533
-0.038517144,0.03814464,0.059630875,0.029821895,-0.039359573,-0.081961334,-0.06193033,0.02421183,0.11058339,0.16433516,0.10462028,0.047914784,-0.020343851,-0.0071752067,0.060138907,0.13560781,0.15850182,0.10203696,0.011037373,-0.054267794,-0.05166705,0.007927408,0.07070703,0.078275636
-0.15844434,-0.14565581,-0.08738576,-0.024374096,-0.01153877,-0.057769503,-0.12507996,-0.16113403,-0.13392712,-0.052496422,0.010645721,0.041475486,-0.0074018617,-0.06607277,-0.10647577,-0.081751205,-0.0017380288,0.06719063,0.084702924,0.033741552,-0.041610554,-0.090868935,-0.07300296,-0.015474718
0.0124994945,-0.059380528,-0.10011689,-0.10124648,-0.052791305,-0.00808664,-0.014264773,-0.0655762,-0.13330355,-0.18814825,-0.15367289,-0.10544008,-0.034932442,-0.01849028,-0.048109367,-0.10417328,-0.13367827,-0.10029101,-0.02370529,0.0410202,0.06256935,0.028369172,-0.028946059,-0.056017797
-0.19271173,-0.122407176,-0.05802133,-0.028354596,-0.0759238,-0.14918062,-0.1867365,-0.1456434,-0.048141282,0.07470894,0.077317566,0.07055562,-0.0263571,-0.05913517,-0.033185992,0.051258385,0.13336723,0.1503734,0.09169449,-0.0058415094,-0.06667429,-0.058869198,0.001360821,0.05388884
-0.026243433,0.04900861,0.11786529,0.14629044,0.113412775,0.05411009,0.01583639,0.039727297,0.104513384,0.1748705,0.16993439,0.12829621,0.03889787,-0.009145656,-0.010413159,0.040141635,0.092562035,0.093920976,0.041034907,-0.041933104,-0.09004253,-0.07931021,-0.016922409,0.04291022
0.052450515,0.07026194,0.02356225,-0.04689199,-0.087795384,-0.060516626,0.01429223,0.09192565,0.11754236,0.082588874,0.006539509,-0.0336697,-0.016747253,0.05580973,0.12441207,0.1431831,0.091409974,0.0035668928,-0.048842553,-0.03782065,0.028198684,0.0896505,0.0989655,0.03806492
-0.11903194,-0.15955712,-0.13975687,-0.07697255,-0.018369567,-0.0064879702,-0.045703165,-0.10668566,-0.13118415,-0.10196335,-0.026682775,0.042523887,0.061510485,0.027003404,-0.035458393,-0.06857704,-0.042381737,0.02637855,0.085812494,0.091129586,0.037657958,-0.039222106,-0.08364113,-0.07290048
0.03198048,-0.04693305,-0.087559246,-0.061073363,0.024210189,0.10981598,0.14147963,0.09102342,0.014626786,-0.04544533,-0.0030274505,0.06585138,0.15830395,0.17190526,0.11769193,0.027108647,-0.03563943,-0.025950456,0.04145985,0.11182299,0.11595718,0.04793101,-0.048721865,-0.10909151
0.0002659105,0.016311828,0.06859236,0.122930914,0.13390058,0.08861989,0.021770244,-0.027046481,-0.029299382,0.0061658653,0.054769464,0.051378336,0.007454221,-0.06539512,-0.11335269,-0.1042432,-0.044015907,0.013098306,0.026035992,-0.0049854424,-0.06293658,-0.09648558,-0.07013503,-0.0016152296
0.05514548,0.07037592,0.027559137,-0.030909719,-0.061523754,-0.033091564,0.040226873,0.1126409,0.1328587,0.1004493,0.033360764,-0.0011038888,0.017193245,0.08035067,0.1396542,0.1505768,0.1008598,0.019271465,-0.034752775,-0.02119775,0.034444615,0.08411254,0.0859085,0.027992615
0.1724347,0.21061443,0.18768866,0.12908243,0.093195245,0.11686221,0.18630303,0.25318193,0.2676577,0.21184577,0.12917466,0.05548098,0.05964264,0.10468444,0.14954545,0.14968616,0.08276464,-0.010981827,-0.074598506,-0.06744497,-0.008519675,0.05924711,0.080153584,0.039365992
-0.08210745,-0.13990143,-0.13885173,-0.09024226,-0.041129015,-0.044059847,-0.10250783,-0.18483822,-0.2365783,-0.22744094,-0.14751782,-0.08433476,-0.060076054,-0.09195628,-0.15055127,-0.17952812,-0.14038019,-0.049681623,0.027589632,0.053798363,0.019198177,-0.047785997,-0.08047631,-0.052189745
0.15942562,0.1905911,0.16921967,0.11620629,0.08894462,0.11286174,0.1685163,0.22675079,0.23660243,0.18458767,0.114158854,0.05291853,0.056278497,0.09138679,0.13334286,0.13141991,0.072730936,-0.013823254,-0.062374093,-0.05832937,-0.006690817,0.05000184,0.065094136,0.03024117
-0.117238864,-0.085832134,-0.052249555,-0.040140104,-0.07810792,-0.14028126,-0.18689947,-0.18279023,-0.13538563,-0.06801018,-0.055305406,-0.06271893,-0.12051846,-0.14622633,-0.13289942,-0.0711488,0.0020312048,0.0368473,0.02044097,-0.027678743,-0.05944816,-0.051334515,-0.0006793478,0.049080856
-0.03956754,-0.12577453,-0.17911257,-0.16586246,-0.089986965,-0.0059581012,0.027317705,-0.009308345,-0.07503812,-0.12067041,-0.08323025,0.0008256613,0.09589701,0.13219784,0.0997509,0.021215603,-0.03940555,-0.024330253,0.045257073,0.11561392,0.1299618,0.07048777,-0.029815909,-0.09927836
-0.06858362,-0.11886519,-0.12541445,-0.10066533,-0.0698899,-0.07121428,-0.109426804,-0.17026205,-0.20943615,-0.21170613,-0.15656026,-0.108980805,-0.07889591,-0.09633064,-0.13286737,-0.15252982,-0.1242997,-0.05788789,0.00516938,0.0378458,0.020589644,-0.021176003,-0.046662092,-0.03253888
-0.028130565,-0.065252714,-0.036645934,0.04331122,0.12440869,0.15498716,0.123328276,0.052546877,0.010110465,0.018908141,0.09616864,0.15705326,0.18135484,0.12738277,0.04281791,-0.018284027,-0.016854528,0.03858432,0.095633194,0.1037062,0.041272547,-0.047752693,-0.10638644,-0.09858928
0.13631262,0.14406471,0.08258352,-0.01279562,-0.07629434,-0.07352821,-0.017654631,0.035787087,0.03043426,-0.03913257,-0.12229979,-0.19034237,-0.1700729,-0.099054195,-0.023812847,0.0011925173,-0.040099718,-0.10895604,-0.14759015,-0.10932053,-0.015739499,0.07555607,0.1114238,0.076657616
-0.007715861,-0.04670183,-0.09772958,-0.13109294,-0.12145445,-0.079767145,-0.04006043,-0.02865944,-0.05291216,-0.09016275,-0.10415488,-0.0813752,-0.029615551,0.0209209,0.043985467,0.023025934,-0.01714984,-0.03962225,-0.021269202,0.021202978,0.06265161,0.06903521,0.033024784,-0.018747214
0.05053872,-0.033372235,-0.082636036,-0.07951432,-0.017714301,0.046454657,0.060688797,-0.0006036547,-0.086924545,-0.1608966,-0.12674378,-0.07338155,0.017598115,0.03818604,-0.0033408336,-0.080948934,-0.13352099,-0.106424555,-0.026283575,0.05691796,0.08298568,0.042676035,-0.031880334,-0.07437848
0.14366995,0.16457844,0.14185083,0.09813738,0.07631835,0.09554809,0.1446184,0.18561198,0.18382746,0.13350955,0.07653753,0.02341957,0.031909186,0.067461856,0.094404496,0.08738933,0.036743682,-0.026888095,-0.06733592,-0.05372669,-0.005291687,0.04044581,0.053521413,0.025416538
0.06946185,0.092461295,0.048059504,-0.018057304,-0.052482255,-0.014072528,0.079022676,0.16762403,0.19460495,0.15975113,0.07452501,0.03579968,0.055752967,0.12941378,0.20008583,0.2075957,0.13589154,0.034268208,-0.03305336,-0.02192436,0.041607995,0.10387501,0.10076945,0.029264351
0.0071313875,0.029154383,0.098784015,0.16579062,0.17976446,0.12654015,0.04852653,-0.01160054,-0.013266978,0.029433955,0.08498243,0.0817413,0.029086143,-0.0645585,-0.12271069,-0.11575501,-0.04965411,0.01638793,0.03284285,-0.005513057,-0.07841807,-0.115508534,-0.08662176,-0.00373822
0.11336273,0.04976799,-0.0395228,-0.11468241,-0.10867689,-0.043177687,0.015890678,0.019612404,-0.044043295,-0.15450048,-0.193393,-0.19278532,-0.0975681,-0.01618679,0.013317048,-0.03276994,-0.11523843,-0.15441456,-0.11531099,-0.02133879,0.07390168,0.108364984,0.06496193,-0.010094939
0.043157928,0.0031917195,-0.05500319,-0.09461966,-0.07961996,-0.022301823,0.033955913,0.05052674,0.018848628,-0.040875074,-0.06547097,-0.051500294,0.014227711,0.070911504,0.09179695,0.05726041,-0.0046285773,-0.04443173,-0.03072625,0.024122007,0.076181464,0.085585676,0.040976513,-0.025639702
0.056187738,0.10517212,0.10429796,0.054039475,-0.022415632,-0.072012335,-0.06980386,-0.022565056,0.01861102,0.023810448,-0.033103533,-0.1029109,-0.14911412,-0.1418603,-0.07660273,-0.008785945,0.014350864,-0.022729756,-0.077925004,-0.103581406,-0.07420134,0.0034651295,0.07462865,0.09691939
-0.041671578,-0.11553197,-0.1588436,-0.14396317,-0.08439441,-0.02556684,-0.0054182145,-0.04642029,-0.1043079,-0.13879676,-0.09884193,-0.029887056,0.0470422,0.070032045,0.038424745,-0.019082703,-0.051572997,-0.028235467,0.031859305,0.092435434,0.09935252,0.045499228,-0.029860802,-0.0784779
-0.042724486,-0.02456237,0.028421178,0.08648179,0.11001336,0.08898753,0.04804476,0.019271221,0.0304703,0.0763344,0.11783741,0.1304114,0.09404324,0.040827133,-0.006707253,-0.01125472,0.02289794,0.062315162,0.06676418,0.028437426,-0.030947106,-0.07218127,-0.067156695,-0.02536214
0.028542262,-0.06798686,-0.13576418,-0.15344296,-0.10526795,-0.0528268,-0.049986713,-0.11113171,-0.2019648,-0.28454307,-0.25071284,-0.19958061,-0.101223186,-0.06489645,-0.092404164,-0.15696533,-0.19356681,-0.15303665,-0.06302772,0.03601251,0.080642916,0.05093851,-0.0139568215,-0.053140417
-0.07463896,-0.043226473,0.04017458,0.12606409,0.1569901,0.11751273,0.044791,0.005260914,0.028647806,0.10559179,0.16733305,0.18784896,0.12537582,0.038452897,-0.024079673,-0.022512596,0.036264285,0.09801982,0.10516384,0.040439997,-0.051938742,-0.11058385,-0.10030332,-0.03013464
0.021631822,-0.053482722,-0.15770888,-0.227476,-0.2122696,-0.12374945,-0.028065957,-0.005882854,-0.055142466,-0.14328273,-0.18167047,-0.14441268,-0.031577896,0.07082105,0.11303641,0.06843474,-0.023278208,-0.07942764,-0.050693788,0.04440779,0.13347477,0.15092626,0.07848672,-0.033722103
0.03343651,-0.019619917,-0.045605943,-0.016086217,0.060040917,0.13709798,0.1705013,0.1407233,0.08402466,0.04128872,0.0725241,0.12251386,0.19039969,0.20242621,0.15530142,0.075887695,0.014567436,0.011472102,0.052106254,0.096814275,0.09404405,0.035421427,-0.045890845,-0.10045236
-0.13723354,-0.1843122,-0.1695715,-0.104806535,-0.04277251,-0.027657533,-0.06539525,-0.12806189,-0.15656787,-0.121908784,-0.044235367,0.036444403,0.057032745,0.029735092,-0.031606916,-0.068255626,-0.046416406,0.028621405,0.09138512,0.09764791,0.045674182,-0.034051273,-0.08537073,-0.07651577
0.038202256,0.0748614,0.07428774,0.029109363,-0.039503776,-0.09254945,-0.105136916,-0.07448606,-0.04459094,-0.039192885,-0.08248399,-0.13919562,-0.18166228,-0.17504632,-0.12226605,-0.063346975,-0.034567356,-0.047987435,-0.08482447,-0.103020534,-0.0748469,-0.0069349874,0.05951536,0.09228434
0.019698499,-0.032761965,-0.06978667,-0.083701394,-0.064644046,-0.040629767,-0.043629147,-0.0835891,-0.13595955,-0.18172888,-0.16487804,-0.1420923,-0.09303614,-0.07139143,-0.084450334,-0.114780776,-0.13341857,-0.10799351,-0.052428868,-0.0018178497,0.027238846,0.020040868,-0.0060045985,-0.022141518
0.0022689372,0.0055031013,0.03832349,0.07138498,0.07227239,0.030276181,-0.030229714,-0.07827083,-0.089328706,-0.06805677,-0.030956054,-0.031949453,-0.06231224,-0.11484282,-0.1465702,-0.13627738,-0.08725504,-0.030182967,-0.0076229936,-0.022090284,-0.05665716,-0.072738454,-0.04832715,0.01146699
0.067362875,0.119188234,0.12931858,0.09535678,0.03882621,0.0020150205,0.0059984108,0.050156515,0.088431895,0.09305066,0.045029894,-0.021456713,-0.06722354,-0.06585662,-0.02224347,0.02641113,0.039618462,0.00048674527,-0.053859167,-0.08525162,-0.067319535,-0.008468521,0.05170235,0.07121808
0.08458497,0.048941612,-0.004523129,-0.0566801,-0.06094549,-0.031893287,-0.006075551,-0.0071203904,-0.04810532,-0.1185969,-0.14304802,-0.15217853,-0.10150445,-0.056750916,-0.035047818,-0.05565905,-0.0951461,-0.11741569,-0.091132194,-0.03615519,0.025298154,0.053036746,0.039348334,0.005276989
0.09795493,0.09891466,0.05485218,-0.020845063,-0.07101903,-0.08016638,-0.061278827,-0.032833412,-0.041787986,-0.09806541,-0.15250786,-0.20537594,-0.19275196,-0.14293921,-0.091506146,-0.070681214,-0.088664256,-0.121580355,-0.13338469,-0.1016782,-0.02826145,0.041205786,0.07665417,0.06600342
0.059763893,0.10727328,0.11764883,0.07700586,0.013116441,-0.032473024,-0.03748732,-0.0035399413,0.030534754,0.03262742,-0.015554902,-0.08146555,-0.12616,-0.12197909,-0.0785809,-0.027885018,-0.01112532,-0.03644443,-0.078959756,-0.10470469,-0.07983178,-0.012764331,0.053555414,0.081805445
-0.057842042,-0.010742415,-0.0050309575,-0.02556952,-0.07003863,-0.08960848,-0.061955184,0.003947688,0.06789093,0.10971391,0.06885098,0.042109102,0.003014142,0.024982456,0.0734177,0.12576462,0.13822623,0.09329255,0.027785659,-0.014932158,-0.011331622,0.021806704,0.055804543,0.046061616
0.027853344,-0.012343463,0.010871012,0.06932799,0.12537462,0.12541461,0.06747812,-0.02294649,-0.08366004,-0.093073264,-0.02120165,0.018029386,0.0326623,-0.029058907,-0.103157274,-0.15037903,-0.13005422,-0.055781707,0.01482697,0.034661498,-0.008871717,-0.06973835,-0.0981916,-0.056897867
-0.067412235,-0.037392538,0.04400809,0.13416693,0.1701065,0.13752691,0.07005297,0.028769752,0.05004263,0.1248031,0.18818657,0.2106216,0.15066598,0.066066004,-0.0030294554,-0.0058348244,0.04799044,0.10663619,0.1134041,0.048710935,-0.044063162,-0.10913612,-0.10256191,-0.0373906
-0.157778,-0.1504405,-0.09729957,-0.035357174,-0.015593498,-0.04644176,-0.09911602,-0.13028121,-0.1048551,-0.026982695,0.028309358,0.07260538,0.036018416,-0.014782327,-0.05114805,-0.03866146,0.017781807,0.07935902,0.09771552,0.053804297,-0.016750298,-0.06545316,-0.066933885,-0.024450038
0.036057606,-0.0025554837,0.022438036,0.08726206,0.15299149,0.17064194,0.12959933,0.04432607,-0.013101244,-0.026788792,0.041968957,0.082689315,0.10664567,0.046890337,-0.033882294,-0.09148225,-0.08886467,-0.028758604,0.037040524,0.057358395,0.01016065,-0.056574803,-0.09750187,-0.07409304
0.051410362,0.019341778,0.03171465,0.07609028,0.12478855,0.13520162,0.09965577,0.031042555,-0.02172423,-0.042096827,0.0096420655,0.03469347,0.053676017,0.013593863,-0.051063776,-0.09715785,-0.09424791,-0.043800972,0.0074950443,0.029572766,0.0030379433,-0.04704137,-0.07360207,-0.050438177
-0.005524945,-0.058798756,-0.13043961,-0.17327695,-0.1570462,-0.09501429,-0.03416624,-0.017016815,-0.049555924,-0.10337186,-0.12323582,-0.09183388,-0.015537175,0.05531973,0.082787655,0.051672295,-0.007306757,-0.041206297,-0.020687176,0.041185677,0.097647615,0.1015066,0.047534835,-0.030164527
-0.12916657,-0.17282908,-0.1558541,-0.09054788,-0.034197334,-0.026143508,-0.064590864,-0.13040751,-0.15707023,-0.12357537,-0.044779725,0.028058937,0.047280893,0.012166422,-0.050091106,-0.07852458,-0.045609925,0.028136084,0.086941384,0.09407595,0.038740315,-0.040206157,-0.083202094,-0.07095063
-0.011896698,-0.0009902295,0.048412148,0.09619194,0.10536838,0.06383609,0.0010307914,-0.051237714,-0.05557521,-0.024469037,0.022217887,0.021619778,-0.015041549,-0.07983454,-0.12681308,-0.11969907,-0.064379364,-0.007261679,0.015003449,-0.011395114,-0.06275088,-0.091667555,-0.06652984,-0.0037423228
-0.01051448,-0.056506913,-0.12579776,-0.17743807,-0.16854861,-0.10688651,-0.040645346,-0.011194326,-0.032878034,-0.08616252,-0.11782935,-0.091439866,-0.016786337,0.06124491,0.09684479,0.0684385,0.0025468469,-0.039108258,-0.025157416,0.03430122,0.09666365,0.11137848,0.05996616,-0.021473207
0.12235422,0.07051238,0.03927262,0.042367525,0.092757754,0.14338331,0.15141542,0.105358995,0.032858066,-0.044591956,-0.023416765,-0.011129933,0.052324116,0.05796818,0.014124827,-0.053803075,-0.10038301,-0.09200788,-0.03978733,0.022192849,0.044252146,0.015631823,-0.030766636,-0.056543577
0.067741506,0.03216881,-0.02343843,-0.046916194,-0.009281034,0.074946485,0.15693091,0.18317837,0.1512456,0.08890968,0.06286816,0.083602436,0.15660764,0.215491,0.2211559,0.16399358,0.07570141,0.013551814,0.012659795,0.063812174,0.10756643,0.09684088,0.029929183,-0.05761559
0.14491814,0.09868415,0.07950443,0.09095279,0.1498761,0.20111099,0.20332678,0.15273458,0.075465776,-0.0013634401,0.021996515,0.03344423,0.09045625,0.084375985,0.032421853,-0.046670943,-0.099547535,-0.09031577,-0.0366048,0.018645223,0.033283636,0.0011558114,-0.04843352,-0.065611914
-0.03329333,-0.080713466,-0.08025082,-0.044829346,-0.006875275,-0.0047410466,-0.044991545,-0.11520033,-0.16213256,-0.166945,-0.109166555,-0.06375027,-0.03788842,-0.06679068,-0.11357761,-0.14192463,-0.12153899,-0.055218685,0.009140786,0.037241567,0.013587313,-0.03205239,-0.05974725,-0.040392037
-0.049095225,-0.1204785,-0.16613711,-0.15804009,-0.10088032,-0.03648528,-0.008254484,-0.03707214,-0.0882016,-0.12225518,-0.090885386,-0.022697164,0.05517492,0.08692579,0.064504564,0.00707161,-0.034654673,-0.021225784,0.034189925,0.09266024,0.10451466,0.05789482,-0.019920887,-0.077088855
0.033585057,0.050512727,0.09334792,0.12878917,0.1301095,0.091069184,0.03317198,-0.0071057216,-0.010238604,0.008941728,0.040002406,0.025817314,-0.013380017,-0.074357875,-0.10833094,-0.0986744,-0.05481883,-0.013859549,-0.00036425886,-0.026628433,-0.06591794,-0.07991329,-0.050266493,0.009752606
-0.031245789,0.023844784,0.028509175,-0.015287404,-0.08818058,-0.13343343,-0.12108401,-0.055606015,0.009957819,0.043807797,-0.012474426,-0.06188816,-0.11333063,-0.08772902,-0.023893213,0.04645372,0.069989294,0.033047967,-0.032650955,-0.0730196,-0.05038292,0.013486051,0.07603037,0.08786322
0.051492434,0.12914519,0.14669976,0.10918222,0.037218872,-0.0062890775,0.015014095,0.092040375,0.15772474,0.18360269,0.1150263,0.035046674,-0.030889688,-0.020872725,0.041533906,0.10624608,0.116933525,0.056249283,-0.036290307,-0.08905507,-0.073059924,-8.890773e-05,0.071433716,0.08688565
-0.1614923,-0.14796135,-0.09093249,-0.024786232,-0.005818575,-0.040204436,-0.09899503,-0.12609985,-0.09443818,-0.0072016953,0.049902596,0.093587585,0.0463567,-0.0113132065,-0.044085246,-0.024341522,0.039115857,0.0975944,0.11180815,0.05570203,-0.021483526,-0.0726644,-0.070403546,-0.023283005
-0.097951114,-0.092239104,-0.05583073,-0.020351136,-0.027097844,-0.0786847,-0.1361151,-0.17203805,-0.16157681,-0.10758873,-0.06641529,-0.051026277,-0.088273644,-0.13203128,-0.1521108,-0.12432284,-0.05708171,0.0072029936,0.021663839,-0.0043321443,-0.048969176,-0.06808042,-0.04245485,0.014221531
-0.0494508,-0.02387462,-0.03283951,-0.06940715,-0.12290711,-0.15447247,-0.14418995,-0.10134752,-0.058857977,-0.036367893,-0.07166473,-0.096031375,-0.12021348,-0.09779216,-0.04440595,0.011155486,0.035471797,0.0138667505,-0.02424905,-0.040859602,-0.021420548,0.022677602,0.06163765,0.06293461
0.015386566,0.018783454,-0.038194943,-0.11751862,-0.1690036,-0.15429789,-0.08762626,-0.019089963,-0.0005353061,-0.030327538,-0.10364401,-0.13179708,-0.11036418,-0.031578384,0.049980015,0.07743135,0.03606564,-0.030466808,-0.07128658,-0.048100658,0.025069283,0.096926555,0.107888505,0.054472685
0.08359092,0.031401046,-0.038519617,-0.09494304,-0.09729981,-0.062627874,-0.027025638,-0.03659706,-0.09450239,-0.17788355,-0.20095983,-0.20629571,-0.13534473,-0.075645395,-0.055777464,-0.08405516,-0.13120344,-0.1423323,-0.11177043,-0.032927338,0.040135108,0.06930202,0.04704664,0.0022544267
-0.006443478,0.0034025642,0.045268007,0.07734637,0.08028932,0.04090283,-0.015784277,-0.057971768,-0.06250171,-0.040102698,-0.005457579,-0.010289885,-0.041659027,-0.09401882,-0.12788095,-0.12171079,-0.07599497,-0.026278723,-0.005187528,-0.024903197,-0.062210273,-0.07733685,-0.052557833,0.004291763
0.009047966,0.03787024,0.10987199,0.17893884,0.19632517,0.1487783,0.0724882,0.021593755,0.026637284,0.07196655,0.12437784,0.118231356,0.060137104,-0.027430138,-0.08873341,-0.084697925,-0.025798516,0.03416229,0.04440319,-0.002863327,-0.075248405,-0.11538836,-0.0871394,-0.007702931
0.03312779,0.050097715,0.09656526,0.14219917,0.15407462,0.12344734,0.07845355,0.038209006,0.031542446,0.05367668,0.085996196,0.07888653,0.044226862,-0.016183022,-0.058794316,-0.062146675,-0.02957308,0.009417908,0.015737494,-0.008594557,-0.054046653,-0.07679095,-0.05905867,-0.0053853104
0.08684118,0.08674219,0.051967103,-0.0057229176,-0.04128686,-0.0428088,-0.02275925,0.0012126345,-0.0060027903,-0.05324855,-0.0977302,-0.13607302,-0.12128369,-0.08603951,-0.04502467,-0.032759707,-0.053240333,-0.084864385,-0.09546984,-0.06751805,-0.011852821,0.04080375,0.06113757,0.047569875
0.052466743,0.01587186,0.028543511,0.07660232,0.13396546,0.14889319,0.10502155,0.0327675,-0.023226377,-0.046223816,0.013568627,0.04351062,0.06519535,0.017501414,-0.050250072,-0.09988,-0.094122574,-0.043140087,0.017940596,0.03946511,0.0080761975,-0.050750755,-0.083280146,-0.06046032
-0.18555884,-0.16565987,-0.08908173,0.00065574574,0.019497363,-0.035328746,-0.11050339,-0.1553157,-0.11970223,-0.010987536,0.065138794,0.10944482,0.045955908,-0.034354955,-0.08686947,-0.058839433,0.03239704,0.115709424,0.12662983,0.060247872,-0.041689202,-0.106466904,-0.09157194,-0.021011006
-0.12413077,-0.12507097,-0.090699345,-0.0536593,-0.055681784,-0.104598396,-0.17122754,-0.21200366,-0.2005354,-0.1444966,-0.09390031,-0.070289455,-0.105294235,-0.14595224,-0.17176373,-0.14333867,-0.069631234,0.0020891477,0.029973015,0.002452804,-0.043057714,-0.07151103,-0.047823634,0.00788474
0.13550058,0.15899998,0.12919314,0.074637525,0.04394313,0.06817102,0.12881465,0.1838025,0.18986662,0.14275618,0.07159219,0.019460449,0.027955977,0.07389864,0.12100702,0.12144401,0.05951476,-0.018759267,-0.06539278,-0.0559674,0.0008338134,0.060981672,0.07218875,0.032631315
0.04591875,0.07394822,0.07522856,0.046155795,0.0017954072,-0.03257578,-0.04208817,-0.023006108,-0.0068083825,-0.007634189,-0.03743275,-0.0834292,-0.11456796,-0.10966846,-0.079279155,-0.043269347,-0.027657257,-0.03800983,-0.06419962,-0.07884861,-0.058269255,-0.012284876,0.035593875,0.059205886
-0.107794344,-0.057555187,-0.012482367,0.0097285,-0.017092993,-0.057077207,-0.07095989,-0.03880148,0.02763807,0.10579291,0.10223657,0.09878021,0.037215084,0.011700587,0.028277712,0.07773359,0.12086485,0.11876659,0.07375032,0.008512527,-0.034244034,-0.03105377,0.0012914785,0.029167226
-0.114868194,-0.070337705,-0.024472192,-0.0003361753,-0.026732637,-0.07194661,-0.093993336,-0.071290895,-0.009806824,0.06811863,0.07242724,0.07140955,0.01179073,-0.02109156,-0.0065954626,0.044530522,0.0974327,0.10484743,0.06831852,0.0073235473,-0.03942412,-0.038130376,-0.0043431297,0.029367825
0.12337298,0.0754753,0.05513558,0.0680501,0.1251916,0.17860135,0.18814822,0.13837802,0.06550634,-0.004716596,0.017631821,0.036438216,0.09584782,0.09326072,0.043793276,-0.032492604,-0.08717485,-0.07859334,-0.02611695,0.02879211,0.041849352,0.009734857,-0.04327467,-0.06628886
0.16164283,0.19700892,0.15791062,0.07850514,0.028502943,0.046719603,0.11984698,0.20217602,0.2201857,0.16099927,0.066203825,-0.010579565,-0.004065814,0.057563946,0.12588944,0.13796797,0.07412849,-0.025117036,-0.095150456,-0.08064523,-0.0046418677,0.078324474,0.10428267,0.059448086
0.008064238,-0.031517267,-0.08492304,-0.122804984,-0.115072384,-0.070793524,-0.028176311,-0.01604784,-0.040733103,-0.085755534,-0.10429938,-0.08446858,-0.028069636,0.022301752,0.04756209,0.026109869,-0.018715583,-0.046281014,-0.026972942,0.020227605,0.06586771,0.07633984,0.039455965,-0.015808273
0.09738269,0.045982853,0.01909259,0.030069018,0.08482349,0.13752799,0.14595775,0.09756131,0.027848572,-0.038792178,-0.012650558,0.008567685,0.070227526,0.07446037,0.027414853,-0.0405506,-0.086296186,-0.0754924,-0.021511344,0.033478636,0.048252337,0.012466671,-0.038498763,-0.06625471
-0.014506895,-0.01438163,-0.06581193,-0.13802704,-0.19135968,-0.18668404,-0.12991914,-0.075133964,-0.05632684,-0.075997554,-0.13690634,-0.15884486,-0.1410992,-0.07076065,0.0037953737,0.038833085,0.016023075,-0.03645699,-0.0682022,-0.047853943,0.015949538,0.08103305,0.09836002,0.054568112
0.10909691,0.08799037,0.052796945,0.02064873,0.029195301,0.064383745,0.09598576,0.09957399,0.06520233,0.00026357753,-0.022661738,-0.037896466,0.004758854,0.036437597,0.03993992,0.006470357,-0.042879667,-0.07115446,-0.061583206,-0.017335102,0.026970528,0.04284621,0.024012748,-0.009116297
-0.01314469,0.0072381967,0.070924975,0.124089494,0.12918311,0.07065522,-0.018430473,-0.07463577,-0.07188067,-0.030299442,0.022778802,0.016792124,-0.037919305,-0.120641544,-0.169425,-0.15267332,-0.079474606,-0.009956594,0.015789608,-0.024492508,-0.08607074,-0.115130804,-0.07764529,0.0071968646
0.17380033,0.12738481,0.049147505,-0.013794208,0.0016281246,0.07887185,0.16174622,0.17470759,0.1126878,-0.0025837189,-0.049357563,-0.062418994,0.027569313,0.09755927,0.116452,0.058306392,-0.03936247,-0.10804675,-0.09444822,-0.009482018,0.075334854,0.10262131,0.05635015,-0.025792053
0.022571357,-0.012701553,-0.06303093,-0.09551308,-0.08505599,-0.039777327,0.0022559236,0.013623194,-0.012373319,-0.05794413,-0.07631585,-0.06207088,-0.008967666,0.041386664,0.05927437,0.034250792,-0.014478876,-0.040435605,-0.02591752,0.018341161,0.062706836,0.07078453,0.035239868,-0.0185073
-0.047049362,0.008739563,0.013999368,-0.036527667,-0.11826447,-0.17149264,-0.1613848,-0.09324418,-0.023478508,0.012674646,-0.044746056,-0.099627875,-0.15188354,-0.12930611,-0.05464286,0.026052043,0.06012664,0.022754408,-0.04317608,-0.08289358,-0.06103689,0.012562156,0.08269474,0.09610946
-0.009913017,-0.06084254,-0.12966804,-0.17445256,-0.16158876,-0.10269058,-0.046246238,-0.02849139,-0.057365157,-0.109539695,-0.12975402,-0.10133303,-0.028300704,0.040144414,0.07016726,0.04342941,-0.011810518,-0.0458405,-0.023272807,0.03490832,0.09052411,0.09798224,0.048503492,-0.026729574
0.05803924,0.08592015,0.08357457,0.046581022,-0.0029068827,-0.03991891,-0.050127223,-0.029094258,-0.012654819,-0.020542562,-0.05583566,-0.10581823,-0.13621928,-0.12496193,-0.09392358,-0.057915047,-0.04393833,-0.053361192,-0.07969847,-0.089000694,-0.059312735,-0.008169586,0.043846924,0.07019894
-0.12376651,-0.050494377,0.016021203,0.047933944,0.0072696814,-0.06056636,-0.0984022,-0.063060835,0.021357782,0.12459997,0.12447285,0.1028256,0.007674023,-0.03132873,-0.01753751,0.052494302,0.12174268,0.1343316,0.07422978,-0.017756086,-0.07489889,-0.06681285,-0.006319806,0.04966372
0.030808179,-0.030286755,-0.11724773,-0.1729615,-0.15835668,-0.08356838,-0.006058031,0.0134535935,-0.02785919,-0.102687724,-0.13216606,-0.10515998,-0.0134614175,0.06497846,0.100988545,0.066247486,-0.0062533137,-0.058451533,-0.036182407,0.039770633,0.109967366,0.12184572,0.06287194,-0.030599099
-0.049558587,-0.10290869,-0.10752294,-0.07750776,-0.036882024,-0.030494116,-0.074922375,-0.1434254,-0.19060351,-0.19693132,-0.13841677,-0.08494516,-0.054979675,-0.07569761,-0.11998318,-0.15100019,-0.13362378,-0.064778954,0.009318454,0.039221052,0.021625267,-0.025652597,-0.05876498,-0.042574015
0.007937532,-0.04034268,-0.011279906,0.06787715,0.14812408,0.16336936,0.10789911,0.007390732,-0.059083533,-0.06725974,0.02092104,0.07589524,0.102983154,0.041256655,-0.06081209,-0.1299009,-0.1182848,-0.03155952,0.046286676,0.07182685,0.016169766,-0.07162454,-0.12034644,-0.08770217
0.07187144,0.1730305,0.20479031,0.16212071,0.0757386,0.02073473,0.0435412,0.13673751,0.21992506,0.2539333,0.16831243,0.07062057,-0.01594258,-0.010317239,0.06134931,0.13569446,0.14495797,0.07072025,-0.042040832,-0.11228209,-0.09659809,-0.007223341,0.0804004,0.10615781
0.04180274,0.0040611294,0.02318127,0.08128064,0.14076981,0.154647,0.115998544,0.03376744,-0.025270522,-0.04304526,0.021523567,0.054061554,0.07781421,0.02719035,-0.05095491,-0.104869545,-0.100228876,-0.03997972,0.020265514,0.044169948,0.005294837,-0.0560421,-0.08981845,-0.06620532
-0.11475408,-0.07327366,-0.03437288,-0.024763506,-0.07017736,-0.13976938,-0.19059406,-0.17866518,-0.12278996,-0.048349254,-0.04214851,-0.055664588,-0.1252518,-0.15350053,-0.1324507,-0.06307643,0.012471629,0.04393626,0.019698901,-0.03863603,-0.070889264,-0.05505086,0.0032821496,0.05981101
0.01953051,0.08301094,0.13769893,0.14064275,0.08949643,0.013645755,-0.04754152,-0.038449056,0.009338476,0.0533116,0.0436225,-0.012713096,-0.09761216,-0.1465315,-0.1349774,-0.07471447,-0.011635665,0.0030629628,-0.02788061,-0.09161679,-0.11656369,-0.08201645,-0.0019817504,0.07520743
0.07750627,0.035050582,-0.033859614,-0.0698275,-0.035391074,0.056608606,0.15153588,0.18403985,0.14893177,0.07458248,0.039886303,0.061096754,0.14609377,0.21593496,0.23198317,0.17365032,0.07619394,0.0030739862,0.0018810596,0.06498812,0.121018104,0.11763114,0.045776155,-0.054173533
0.02195877,-0.030246379,-0.10302809,-0.15214488,-0.1359186,-0.07110453,-0.010965272,0.009486222,-0.02432571,-0.088674285,-0.11333918,-0.08777967,-0.010054753,0.05834119,0.088731274,0.0547182,-0.008962986,-0.051285185,-0.029136047,0.03503805,0.0960822,0.1041657,0.050463565,-0.027486483
-0.028068433,-0.10504704,-0.15367128,-0.1405909,-0.07367805,-0.004518745,0.0204141,-0.016858868,-0.07985578,-0.12258823,-0.08434217,-0.015046219,0.067245066,0.09843549,0.0640565,-0.003747042,-0.047975145,-0.029524725,0.031414885,0.09551922,0.10828192,0.051507242,-0.030914664,-0.08661383
0.023614222,0.009499196,-0.017329246,-0.030970955,-0.016974222,0.023464983,0.074240655,0.0918824,0.081993155,0.054389156,0.03834286,0.047071416,0.08336334,0.1133106,0.119746044,0.09693657,0.057344418,0.01774761,0.009870982,0.034060754,0.054153327,0.050190847,0.02024125,-0.027319066
0.032248255,0.02864153,-0.03422335,-0.11427243,-0.15868063,-0.13651207,-0.06894667,-0.0037671158,0.008697272,-0.03350163,-0.103191026,-0.12873955,-0.095913105,-0.02031302,0.0572487,0.07935478,0.03694525,-0.03378441,-0.06816971,-0.035123914,0.0395444,0.10330565,0.10651932,0.04675048
0.056389034,0.12626782,0.13290916,0.07272992,-0.020934926,-0.08453641,-0.081640214,-0.014321398,0.045102704,0.06012011,-0.012876151,-0.10090043,-0.16744478,-0.1521721,-0.076016806,0.0049838643,0.03205322,-0.013545391,-0.09049361,-0.1316236,-0.09642228,-0.002717881,0.08823146,0.11979557
0.023619318,-0.021801302,-0.040118616,-0.01846656,0.04170766,0.09914729,0.11918068,0.089339375,0.044384964,0.005825451,0.035088688,0.07586148,0.13313468,0.13809605,0.095216595,0.03207957,-0.008806604,-0.0058636894,0.0350964,0.07602948,0.07320351,0.023819357,-0.03855673,-0.07718709
-0.079734914,-0.04900469,0.038940467,0.13149154,0.16138323,0.11281959,0.033384915,-0.015429951,0.0059389756,0.08913007,0.15889673,0.18164203,0.11386143,0.016307412,-0.050789274,-0.044904757,0.027339526,0.09770078,0.10648083,0.040127184,-0.060539976,-0.123786576,-0.108368225,-0.027508164
0.07704825,0.07549307,0.03450224,-0.02711707,-0.07090484,-0.07496926,-0.046449352,-0.022892779,-0.032084055,-0.075009,-0.12302932,-0.1624726,-0.14927846,-0.10639325,-0.057256278,-0.03762667,-0.0569014,-0.09035494,-0.10499328,-0.077829644,-0.01790822,0.042913575,0.06899074,0.05299244
0.044846512,0.025609268,-0.0057731695,-0.021918437,0.002798752,0.061677095,0.12147635,0.1428418,0.12790762,0.08606155,0.064551175,0.0765055,0.12579304,0.16418447,0.16682242,0.12668674,0.06267347,0.01510482,0.0124195935,0.04469383,0.07231404,0.06747592,0.02213056,-0.03961439
-0.12966755,-0.08683154,-0.044556763,-0.029198667,-0.06487592,-0.1193684,-0.14817557,-0.124807104,-0.06170347,0.018523855,0.019380854,0.019423509,-0.042895764,-0.068292715,-0.046830058,0.010655557,0.068445936,0.085270256,0.051519185,-0.006983002,-0.045559023,-0.035943065,0.003929008,0.044547234
-0.07983731,-0.1309822,-0.16223918,-0.15541318,-0.1196821,-0.08035425,-0.0588804,-0.07835972,-0.10649746,-0.117716506,-0.09207419,-0.036510073,0.017459884,0.04397174,0.029753296,-0.0023531856,-0.020570736,-0.004750196,0.03270509,0.07225424,0.07685491,0.04127518,-0.0112673445,-0.051822986
-0.02616516,0.012437124,0.08686246,0.16395503,0.19454002,0.17517333,0.13722833,0.11500595,0.13964425,0.1989123,0.24279581,0.24690501,0.1945035,0.117439374,0.062224682,0.05944079,0.09652895,0.11824482,0.105950505,0.043968506,-0.03921714,-0.09060836,-0.08329998,-0.039555732
-0.03193267,-0.022655874,0.028785108,0.08191598,0.09322863,0.04866848,-0.023149941,-0.07825805,-0.08231114,-0.042189263,0.010201112,0.015738582,-0.025406754,-0.090735234,-0.13913104,-0.1311721,-0.07246379,-0.003993183,0.021978386,-0.008890702,-0.06429584,-0.09640147,-0.07249594,-0.004701552
-0.08836747,-0.036550496,-0.035504747,-0.08908715,-0.17861943,-0.24258792,-0.24001588,-0.1731627,-0.10157859,-0.052804496,-0.10663558,-0.15502286,-0.2125022,-0.18253161,-0.10037254,-0.008898409,0.03783536,0.014307934,-0.048996434,-0.09082844,-0.06699999,0.009806103,0.0860109,0.10592133
0.10164276,0.19399953,0.23136225,0.20618093,0.14437069,0.10612524,0.12162997,0.19595078,0.26361698,0.28760576,0.21679582,0.13056147,0.05191724,0.045121375,0.091705225,0.14239897,0.13850774,0.069946535,-0.023355206,-0.09178983,-0.08526378,-0.017403806,0.052701578,0.07765612
-0.024294315,-0.045974266,-0.0067236004,0.07335755,0.15337196,0.18132111,0.14631568,0.09166588,0.06353601,0.08177811,0.15099907,0.20726149,0.21443239,0.16116355,0.07847369,0.016750094,0.013707356,0.06159822,0.10664242,0.09782782,0.033512324,-0.053391095,-0.10754466,-0.0922546
-0.021590538,-0.007003191,0.04626913,0.09613819,0.1067387,0.063426204,-0.0028269219,-0.049166385,-0.047495358,-0.011084986,0.035938725,0.036405638,-0.003940957,-0.070158705,-0.116782576,-0.10936979,-0.052186433,0.0062344386,0.024451528,-0.005619747,-0.060533084,-0.09186182,-0.06789426,-0.0031219348
-0.04476205,0.040316813,0.12367919,0.15481791,0.11246345,0.039097864,-0.011740618,0.015526115,0.09632294,0.1838288,0.1779423,0.1375169,0.03173877,-0.03365421,-0.025518173,0.038465302,0.10304951,0.1072583,0.052676626,-0.044808816,-0.105404526,-0.08678175,-0.015929295,0.058321595
-0.06062681,-0.010313935,0.007626838,-0.0040454655,-0.04310969,-0.06798118,-0.051625494,0.0089180255,0.07194065,0.121177465,0.084484234,0.062353384,0.015616074,0.030390367,0.069786415,0.11362958,0.12405179,0.093348525,0.030663187,-0.01672305,-0.020210467,0.009772919,0.04146925,0.0448313
0.12263966,0.0670528,-0.017972106,-0.08686438,-0.07806424,-0.011181914,0.055466548,0.064709,0.0051177503,-0.10115079,-0.14058702,-0.14355716,-0.05412617,0.024152234,0.04937179,0.0028403974,-0.07855892,-0.12750952,-0.10108751,-0.014245901,0.074963145,0.10269706,0.060644124,-0.015260599
-0.029716037,-0.017922295,0.036306262,0.09604666,0.10992128,0.065474644,-0.0032451237,-0.058882095,-0.061864007,-0.01790734,0.036974765,0.042827,-0.0019670557,-0.06918558,-0.12403796,-0.11758665,-0.05745597,0.010711518,0.031004256,-0.0029831948,-0.0633031,-0.10133216,-0.07674786,-0.0072684716
-0.026285892,0.03738889,0.10555121,0.14315446,0.12463415,0.07532418,0.04125008,0.055003934,0.10927945,0.17459641,0.17995012,0.15067162,0.07381124,0.01943247,0.007640767,0.04405485,0.09173805,0.09701694,0.053259622,-0.019282503,-0.07468529,-0.076533094,-0.029110452,0.02535267
-0.11311592,-0.061482627,-0.0038025382,0.024321623,-0.001099477,-0.054615743,-0.09719317,-0.078153506,-0.012808503,0.07019483,0.080072075,0.07486532,0.002210277,-0.041176926,-0.032531355,0.020671783,0.08256747,0.09788732,0.06831029,-0.005093061,-0.057801906,-0.059070338,-0.017404445,0.03136485
-0.08092376,-0.07745691,-0.043160204,-0.012986777,-0.013700559,-0.05338058,-0.11026634,-0.14220455,-0.13222533,-0.08964705,-0.051379398,-0.035967115,-0.066168055,-0.11067791,-0.12821381,-0.10702751,-0.050479684,0.0017791106,0.024820445,0.00014530978,-0.040754218,-0.059570763,-0.0416359,0.0060859565
0.038758166,0.01565195,0.03919954,0.09144537,0.14212455,0.15112595,0.11385766,0.050314467,0.0068566846,-0.0011780726,0.053004995,0.077056184,0.08603303,0.035963,-0.027996225,-0.0705926,-0.063183956,-0.018107,0.027502116,0.035280637,-0.0039033007,-0.056681775,-0.08147035,-0.05615489
0.08231896,0.14708164,0.16843578,0.1474887,0.10530284,0.082339354,0.09760873,0.15524627,0.19971637,0.21131694,0.15871133,0.09296647,0.040727057,0.039892282,0.07677262,0.11071867,0.1039164,0.049602337,-0.020455506,-0.06605129,-0.05775181,-0.007926339,0.039820105,0.051771134
0.029850492,0.038236454,0.07466959,0.10444475,0.108207695,0.071604595,0.016078433,-0.026707718,-0.036344364,-0.025815817,0.0065101036,-0.0032322118,-0.030805646,-0.08710107,-0.12105532,-0.11648399,-0.07322513,-0.029822487,-0.010056602,-0.023478495,-0.05707224,-0.07264903,-0.04874479,0.007104433
0.054193042,0.0030094206,0.0134852175,0.064410746,0.12219864,0.12986806,0.06985762,-0.026959656,-0.09974682,-0.12648603,-0.0544999,-0.01679681,0.009023599,-0.049081996,-0.121029645,-0.1714649,-0.15724333,-0.08433327,-0.0011497466,0.029845703,-0.003090083,-0.061177596,-0.09312184,-0.057867263
0.03445908,-0.04277678,-0.083372734,-0.05769157,0.028933521,0.113133475,0.139179,0.0915391,0.013903277,-0.044871006,-0.0023011868,0.06508256,0.15258469,0.1679532,0.11508797,0.023282662,-0.03945833,-0.028109489,0.038839243,0.105260864,0.11092711,0.04299219,-0.052451413,-0.108767085
0.07145295,0.081392966,0.045745295,-0.016395928,-0.06107289,-0.064939745,-0.036978066,0.0018470703,0.005213303,-0.031362157,-0.08454598,-0.13127771,-0.12748052,-0.08087706,-0.02902097,-0.006650688,-0.027313147,-0.06849949,-0.09431223,-0.0790341,-0.020368982,0.04145956,0.07126949,0.054225337
0.03220755,0.043298937,0.08615988,0.12754819,0.13465264,0.095880315,0.03131288,-0.020398889,-0.032463335,-0.013458658,0.02474199,0.016361585,-0.021887047,-0.08100292,-0.1259075,-0.123645425,-0.081517085,-0.026454868,-0.0042533637,-0.027980221,-0.067108855,-0.087339684,-0.060448274,0.004817314
0.11728075,0.0510566,0.012861352,0.023965659,0.09195658,0.15624756,0.16548018,0.11028059,0.023013126,-0.057860084,-0.02472712,0.0040356163,0.07820134,0.08497905,0.033047292,-0.049745195,-0.103050105,-0.09067166,-0.025685474,0.04241919,0.06165568,0.017205587,-0.04641548,-0.079208896
-0.16922332,-0.10924916,-0.049213257,-0.02187688,-0.062246624,-0.13110775,-0.17226024,-0.14220111,-0.058083743,0.048680317,0.057587996,0.052731298,-0.03248499,-0.072278254,-0.051519293,0.024591193,0.107650325,0.12497074,0.08038421,-0.004534453,-0.06336048,-0.060797114,-0.0060651656,0.046166226
0.043819115,0.011677779,0.038959023,0.10340184,0.1664698,0.17511316,0.12877843,0.045809377,-0.012017063,-0.02380352,0.04391114,0.07669608,0.09038899,0.03739367,-0.050128754,-0.10878328,-0.10167124,-0.033987142,0.02334676,0.04047119,-0.0024633987,-0.0699707,-0.10099906,-0.06574993
0.13890828,0.108735316,0.09476915,0.09942378,0.13921763,0.17839473,0.18360816,0.14709938,0.09090515,0.025003023,0.036311865,0.03551099,0.07737321,0.0693808,0.031079188,-0.02624567,-0.06863984,-0.07182966,-0.034593225,0.0068819225,0.020848868,0.0020602546,-0.029815888,-0.04313013
-0.045810163,0.0015442211,0.008807029,-0.027815947,-0.0914905,-0.13661025,-0.13610701,-0.07957008,-0.02007926,0.016165605,-0.027966669,-0.06797266,-0.11671618,-0.09927448,-0.04094566,0.024022317,0.052765984,0.028274037,-0.025175534,-0.063500434,-0.048562475,0.0065234997,0.06209072,0.07838747
0.11011433,0.04196274,0.0022399144,-0.0003860256,0.05781124,0.12172456,0.13711327,0.0811401,-0.002581948,-0.09067951,-0.06757207,-0.037890777,0.04531077,0.058798473,0.013742531,-0.06647155,-0.12543158,-0.116792195,-0.04399839,0.032204468,0.062140014,0.030246746,-0.032329902,-0.07039609
0.02976079,-0.01770419,0.00034738646,0.061615407,0.1319317,0.15033689,0.103300795,0.012579463,-0.053295154,-0.07545969,0.000573273,0.042430278,0.07421898,0.02177572,-0.06559362,-0.12763675,-0.11952868,-0.050793644,0.02457729,0.05432111,0.013218246,-0.06037865,-0.10212353,-0.07885224
-0.11285405,-0.060332417,-0.01305547,-0.0026759033,-0.05344249,-0.13208084,-0.1881788,-0.17150019,-0.10961104,-0.026831763,-0.024458656,-0.045156926,-0.12831208,-0.15913711,-0.13613467,-0.062232647,0.016812354,0.04903723,0.016466778,-0.052899152,-0.08737754,-0.06647386,0.0009291675,0.06752788
0.066700526,0.11321145,0.1127487,0.06782022,-0.0041233804,-0.053854454,-0.053325333,-0.014524032,0.018410493,0.021024227,-0.03180082,-0.101074666,-0.14707795,-0.13738775,-0.08409114,-0.02421366,-0.0037040988,-0.031186972,-0.0846183,-0.10686608,-0.07649302,-0.0041307933,0.06666615,0.09385157
0.20969222,0.15767145,0.0785246,0.01907492,0.051945467,0.14682306,0.22959314,0.23692526,0.16044517,0.027821578,-0.016462803,-0.030276507,0.06993378,0.14306538,0.14792742,0.06663303,-0.052633986,-0.12282265,-0.098085344,-0.0073152995,0.081961244,0.10220394,0.042647664,-0.046818685
-0.21020244,-0.18709822,-0.10802642,-0.021548117,-0.0003462407,-0.050254628,-0.124271765,-0.16158654,-0.11840786,-0.00677454,0.06932712,0.11371105,0.05012007,-0.022913799,-0.07518153,-0.047085807,0.04404254,0.12046575,0.13389777,0.060305886,-0.04086567,-0.10840905,-0.093691394,-0.030035097
-0.048778124,-0.13124223,-0.18785669,-0.18772581,-0.1348482,-0.07235614,-0.044126574,-0.082279004,-0.14349411,-0.1874647,-0.15454233,-0.084878385,0.003962028,0.041042816,0.020944122,-0.03412392,-0.07171266,-0.052034065,0.012939031,0.08551589,0.10657205,0.06324243,-0.013585477,-0.072603695
0.06574078,-0.0007953396,-0.033373617,-0.0082917465,0.07924809,0.17354554,0.21286009,0.17366357,0.100698695,0.035600614,0.064959146,0.12161297,0.20958512,0.22450727,0.17184915,0.07159143,-0.013083217,-0.018551188,0.039650902,0.10176847,0.108385466,0.050274633,-0.048184026,-0.11357919
0.09927174,0.09894027,0.04266104,-0.04525512,-0.10140726,-0.09799053,-0.051675797,-0.00784543,-0.010202448,-0.07261534,-0.1437192,-0.19375706,-0.16977464,-0.10370063,-0.03847134,-0.017075986,-0.05213448,-0.10705303,-0.12970391,-0.090335235,-0.005053108,0.073629506,0.101554975,0.06985549
0.08175662,0.1787511,0.2163623,0.19174275,0.12422179,0.07881773,0.09615946,0.17583808,0.2504777,0.28427404,0.2137395,0.12592712,0.0413005,0.035948694,0.08650779,0.14728507,0.15467276,0.0854706,-0.017607411,-0.09103137,-0.08748233,-0.020532096,0.05611976,0.08278912
-0.08887083,-0.053126466,-0.017940436,-0.013193917,-0.053016394,-0.113981664,-0.15642008,-0.14785978,-0.10487088,-0.046541166,-0.044163555,-0.06121747,-0.11883716,-0.14075118,-0.12375534,-0.069776766,-0.009860946,0.019503899,-0.0006718825,-0.046054155,-0.06982836,-0.049794465,0.0017911639,0.052161705
-0.105912365,-0.09585369,-0.039396197,0.012439535,0.012806652,-0.045548934,-0.12365057,-0.17389429,-0.15825617,-0.09404879,-0.037901327,-0.017397372,-0.0656385,-0.13351762,-0.17027949,-0.14305599,-0.06261028,0.013856482,0.04123503,0.0024224736,-0.061835878,-0.093705185,-0.06521255,0.007890577
-0.08734076,-0.029223183,-0.026427556,-0.07635924,-0.16773325,-0.23031917,-0.22416022,-0.15149207,-0.072747484,-0.015274783,-0.073833264,-0.11968403,-0.18544705,-0.1549873,-0.06989731,0.024983346,0.066859186,0.037660055,-0.033437528,-0.08544294,-0.063719824,0.013361129,0.089397356,0.10896812
0.026313487,-0.042987376,-0.093064785,-0.106500246,-0.071744375,-0.033040773,-0.029719843,-0.07445436,-0.14051151,-0.20254253,-0.1773518,-0.14252771,-0.070931844,-0.04625251,-0.06650269,-0.11121552,-0.13471948,-0.11023752,-0.045073655,0.02584847,0.058002472,0.03457963,-0.010537769,-0.040276438
0.015132306,0.025728501,-0.0069373115,-0.046983346,-0.0620304,-0.027929028,0.0359497,0.10099471,0.12236398,0.10778196,0.055343483,0.042859837,0.058589563,0.11157411,0.16247517,0.16525501,0.114384085,0.045371115,0.0027321007,0.0063011697,0.04422279,0.07807029,0.06447223,0.008193448
-0.048601963,-0.0012670024,0.009885867,-0.008614066,-0.05313214,-0.079936795,-0.060963273,-0.0022504628,0.057718094,0.09761703,0.060115255,0.03096468,-0.009559656,0.003944279,0.047750905,0.09837159,0.11611443,0.08008248,0.01795439,-0.021710213,-0.020943033,0.012404377,0.049226835,0.049344596
0.0990505,0.124737985,0.10812643,0.06527315,0.03458816,0.04401491,0.08985588,0.13633369,0.14906901,0.11756461,0.060714465,0.012947893,0.012987137,0.044586405,0.08210229,0.08963861,0.051154364,-0.009421958,-0.053648915,-0.049763955,-0.009465704,0.04077297,0.058774687,0.03414775
-0.04479794,-0.13021488,-0.18418822,-0.17975909,-0.11724418,-0.050945587,-0.029834168,-0.0739211,-0.14176275,-0.18945026,-0.15058677,-0.07794254,0.012319318,0.05114671,0.018998848,-0.047778245,-0.089944474,-0.061918266,0.011379247,0.08497292,0.106359065,0.055012677,-0.02646468,-0.08226254
0.0044247042,0.008979482,-0.048031803,-0.13103956,-0.18709292,-0.1795429,-0.11655266,-0.047579188,-0.02669086,-0.056654744,-0.12908272,-0.16137065,-0.13945422,-0.058501955,0.022735346,0.055495705,0.02381753,-0.03807302,-0.08013972,-0.053992677,0.021234669,0.09339871,0.11032755,0.059806507
0.064820595,0.14278841,0.17278445,0.15029734,0.09252108,0.053712677,0.06713975,0.13117035,0.19134687,0.21737228,0.15979515,0.08491862,0.016823983,0.012914917,0.05602822,0.1075543,0.11546531,0.060514264,-0.022167068,-0.08014784,-0.07617682,-0.017371507,0.048154037,0.07011213
-0.11162123,-0.16792414,-0.15559493,-0.08152214,0.0011937247,0.028447207,-0.019464348,-0.09155454,-0.13553219,-0.11330056,-0.023187341,0.06335222,0.093071856,0.059876814,-0.016706448,-0.071338356,-0.05610891,0.024814697,0.100573055,0.11328481,0.058603644,-0.03929673,-0.10547422,-0.09823115
-0.016884575,-0.030778905,-0.0011318935,0.06451164,0.12905577,0.1578778,0.14491646,0.10790143,0.08744543,0.10222163,0.15356925,0.193677,0.20182563,0.16400436,0.098873705,0.04909798,0.04079117,0.06775455,0.09233006,0.0842795,0.032006968,-0.037045628,-0.08154943,-0.08012094
0.052177828,-0.015275675,-0.051942874,-0.027481139,0.05820012,0.14746907,0.18080372,0.14621912,0.08024194,0.019483766,0.052579895,0.11442684,0.20065492,0.21253599,0.16350038,0.07277075,0.0023836384,-0.0025843487,0.053393465,0.115353525,0.11967727,0.053727243,-0.043880396,-0.10686915
-0.07044548,-0.02770052,-0.017744571,-0.025649255,-0.062382627,-0.08021532,-0.053137183,0.0031997461,0.062117036,0.11299164,0.07965,0.066138156,0.027025944,0.04326803,0.08446469,0.13017392,0.13966398,0.10504393,0.043244675,-0.00053595484,-0.0061418917,0.018939337,0.043959092,0.036848657
0.11341858,0.040668603,0.0011811426,0.008632897,0.08147216,0.1544268,0.17095563,0.11460294,0.023846412,-0.0645081,-0.034497768,0.0022023427,0.090186685,0.100396715,0.048765782,-0.044516776,-0.11085143,-0.09978544,-0.02737551,0.051578615,0.0746066,0.03168867,-0.044556957,-0.08667768
-0.10571465,-0.05413318,-0.00894001,0.00045620115,-0.05002824,-0.12633657,-0.17522162,-0.15608048,-0.09458703,-0.014596171,-0.015046381,-0.034603715,-0.11395405,-0.14496148,-0.12015955,-0.048254106,0.02754237,0.05494245,0.01822905,-0.046483345,-0.08043357,-0.059127785,0.0048623807,0.06799493
-0.12384224,-0.1555976,-0.1443551,-0.09526149,-0.047605485,-0.030881576,-0.057921316,-0.09416437,-0.10314371,-0.070526615,-0.012729824,0.05080799,0.06518765,0.045039594,0.004788582,-0.016156452,0.0018354888,0.0482604,0.09279339,0.08903072,0.045959264,-0.017844379,-0.059553545,-0.06193773
0.07781619,0.055625763,0.07835599,0.12598999,0.17774512,0.18716717,0.14482716,0.077655934,0.027054904,0.0019630955,0.054029346,0.06477386,0.07655664,0.029269604,-0.044572007,-0.09464958,-0.09179059,-0.044689354,0.0037461235,0.018696321,-0.011535408,-0.06268303,-0.08240377,-0.05330488
