0.06855338,0.038492106,-0.022825168,-0.07032538,-0.077906825,-0.065243945,-0.037733044,-0.04908706,-0.07356384,-0.13723497,-0.17334136,-0.17949334,-0.13573179,-0.09234545,-0.0747462,-0.08746931,-0.11855748,-0.12979768,-0.10306557,-0.0395837,0.02020648,0.051751874,0.03988916,0.008479143
-0.0614818,-0.1092485,-0.11086145,-0.059192434,-0.0069834213,-0.008801695,-0.056939017,-0.13516751,-0.17479059,-0.1642014,-0.102773175,-0.048669424,-0.026057608,-0.057068493,-0.12001727,-0.15381478,-0.12680568,-0.047228325,0.02713272,0.054094397,0.021104254,-0.0403468,-0.07743286,-0.056965645
0.10595319,0.0862735,0.04095712,0.018616028,0.041152835,0.08382607,0.13063568,0.123754874,0.08120876,0.032436717,-0.00013131545,0.0053839483,0.043717507,0.07476209,0.07420779,0.030358901,-0.028140655,-0.06261252,-0.045073412,-0.0008999355,0.040665206,0.046507042,0.011327087,-0.033461936
-0.043103844,-0.097238764,-0.1317991,-0.12433581,-0.07882304,-0.03207517,-0.016082462,-0.039774578,-0.07559404,-0.09951631,-0.074296184,-0.0221144,0.037224114,0.059572395,0.04159315,-0.0019416645,-0.0275311,-0.017539065,0.030590896,0.07639464,0.083320074,0.045100793,-0.014987584,-0.058096506
-0.16111489,-0.11405263,-0.040169816,-0.017259236,-0.06561589,-0.12636904,-0.1801027,-0.14541425,-0.06758552,0.015795084,0.050265417,0.032265745,-0.037282273,-0.07658462,-0.052509412,0.026351966,0.10613461,0.1316675,0.08251521,-0.0069115204,-0.066110566,-0.059251897,0.0030380795,0.06296037
0.14693217,0.12231347,0.052527655,0.00292432,0.016858924,0.068350635,0.13427173,0.13853145,0.091934025,0.014103959,-0.04377462,-0.046657547,0.008712619,0.061477832,0.073499046,0.028183706,-0.051348962,-0.10244393,-0.08591966,-0.016943032,0.053305276,0.078046724,0.03929315,-0.022505878
-0.012205508,-0.016177308,-0.057812255,-0.12193508,-0.16160774,-0.15102588,-0.10001667,-0.046578273,-0.020443875,-0.05329346,-0.09653633,-0.11575492,-0.08981311,-0.026115486,0.035802577,0.06379256,0.03907273,-0.008595831,-0.04012026,-0.020137057,0.033346772,0.08144244,0.08965067,0.04767288
-0.06291765,-0.09662217,-0.08304237,-0.02762033,0.026085807,0.042520404,0.013461145,-0.035664704,-0.061491657,-0.039550923,0.018905306,0.06724279,0.08611423,0.055740584,0.0001967201,-0.03255457,-0.01704448,0.030418305,0.07307532,0.08197522,0.037751526,-0.02732673,-0.066369474,-0.06198695
0.083212435,0.043600664,-0.035017896,-0.089843355,-0.08922373,-0.058212098,-0.010100409,-0.020000411,-0.0560644,-0.12987426,-0.17407952,-0.16927895,-0.11025563,-0.0509533,-0.032436915,-0.05664278,-0.10837136,-0.13065372,-0.099315725,-0.024103004,0.048017308,0.075028405,0.047340352,-0.002842973
0.010664619,0.025568128,0.066856295,0.10942383,0.111631215,0.072844855,0.004225321,-0.044923387,-0.049687576,-0.017694853,0.011896158,0.012524531,-0.031112809,-0.09865122,-0.13832183,-0.12754402,-0.07819212,-0.026746383,-0.003676109,-0.02909497,-0.0753221,-0.09335116,-0.064698346,-0.0013361751
0.101424135,0.11492046,0.07748411,0.017408404,-0.020474121,-0.016949743,0.024820698,0.05562471,0.059629302,0.012651303,-0.0513325,-0.092229046,-0.08435155,-0.043246735,0.0013034639,0.014286822,-0.021941377,-0.07207987,-0.09638391,-0.07309947,-0.014525779,0.046617437,0.06577336,0.041381482
0.022281326,-0.038518257,-0.091676645,-0.08978157,-0.046553515,-0.01635177,-0.0140597075,-0.078678995,-0.13444623,-0.18147127,-0.16883917,-0.12560703,-0.06447564,-0.048358656,-0.082668364,-0.13350643,-0.15772873,-0.12451868,-0.04587554,0.025424205,0.05058223,0.024529748,-0.02588931,-0.05323242
-0.054580446,-0.02506218,-0.010953565,-0.03780855,-0.08195158,-0.10005491,-0.0883439,-0.032121763,0.01519416,0.034573004,0.017062757,-0.006810016,-0.031069905,-0.013765657,0.034461018,0.080257036,0.09315436,0.06548777,0.016934464,-0.019951805,-0.014565094,0.017858867,0.050811954,0.05329748
0.012579005,0.027302733,0.06644597,0.109344155,0.12017155,0.08692977,0.030339584,-0.009209395,-0.01710066,0.014614299,0.042324122,0.043545548,0.00492403,-0.054787956,-0.09621483,-0.093923785,-0.05671049,-0.009152634,0.008416944,-0.015615382,-0.05838035,-0.08017587,-0.06349873,-0.0077224984
-0.0038947708,0.054176718,0.11697882,0.13418318,0.08642642,0.015349743,-0.046146926,-0.041936073,0.0026676164,0.049362186,0.053290565,0.007080382,-0.07337595,-0.130898,-0.1272343,-0.072409965,-0.005521653,0.017821305,-0.01663875,-0.08054028,-0.11846822,-0.09410091,-0.017008184,0.060176454
0.033410776,-0.020751225,-0.07461035,-0.08142827,-0.052351862,-0.03487941,-0.0324455,-0.089198574,-0.13635282,-0.18453628,-0.17964269,-0.15233688,-0.09958299,-0.079476885,-0.105288066,-0.14128305,-0.15762652,-0.12719584,-0.06453433,0.0061292467,0.03632787,0.022318661,-0.012708847,-0.03352675
-0.05863871,-0.034774788,-0.0306468,-0.071817495,-0.13425668,-0.17337856,-0.17576572,-0.12793617,-0.074876145,-0.06601881,-0.08677245,-0.12301049,-0.14783397,-0.12742361,-0.067959495,-0.0030856873,0.028734079,0.014060437,-0.029696062,-0.054213353,-0.038143903,0.013139361,0.06399536,0.0776923
-0.008453655,0.054165464,0.11809542,0.13342242,0.081683345,0.008993368,-0.05201028,-0.044863004,0.0035744277,0.05792447,0.058126573,0.012288418,-0.07231654,-0.1314958,-0.12474941,-0.05946088,0.006486913,0.0300476,-0.0077025224,-0.0790493,-0.11882643,-0.091722965,-0.013338049,0.0652642
0.033969097,0.010495397,0.02743483,0.08931899,0.14368357,0.14074989,0.08861655,0.0070763477,-0.042443026,-0.030558245,0.016452665,0.05028705,0.04777622,-0.010648294,-0.08713405,-0.12924904,-0.11173841,-0.04834099,0.010990244,0.025739256,-0.01752866,-0.072649136,-0.09719902,-0.06056721
-0.13024329,-0.12574448,-0.07324638,-0.022182273,-0.011866668,-0.03548308,-0.08699253,-0.10105834,-0.07977656,-0.021930376,0.037979815,0.061559573,0.032356936,-0.00873246,-0.031171553,-0.019836407,0.033938628,0.079910755,0.08671721,0.041062973,-0.019126795,-0.057957456,-0.05011016,-0.010617431
0.13813882,0.15681943,0.098794855,0.007350584,-0.050967056,-0.048359297,0.020133352,0.07381433,0.08309276,0.012097481,-0.0809494,-0.14420494,-0.13170756,-0.060199715,0.01108077,0.028520755,-0.021255638,-0.098404795,-0.14220315,-0.10694867,-0.01536906,0.0733671,0.10422669,0.06478048
0.022723407,-0.0050290297,0.0058878474,0.06589809,0.1236369,0.12938128,0.0847394,0.0033581092,-0.04789747,-0.04075746,0.0054848907,0.043946195,0.05125559,0.0033415628,-0.072485305,-0.12132026,-0.11164326,-0.050207533,0.014729862,0.033912294,-0.0032104924,-0.060893346,-0.0941735,-0.06927717
0.009224842,-0.050455935,-0.14231628,-0.20353167,-0.18667744,-0.11775779,-0.03315438,-0.012492537,-0.044700973,-0.119743384,-0.15404318,-0.12490427,-0.031800095,0.062316366,0.10012315,0.062103104,-0.012564817,-0.06100583,-0.03667349,0.04312343,0.121019594,0.13344373,0.07033037,-0.026681472
-0.018451907,-0.009085812,0.03485769,0.087723635,0.09739584,0.046803363,-0.030214414,-0.08657016,-0.09124373,-0.050703052,-0.0077060587,-0.0012624251,-0.045239367,-0.11245712,-0.16568102,-0.15684125,-0.09890495,-0.022846691,0.005962827,-0.017994812,-0.0696819,-0.09960194,-0.076196305,-0.0016174284
-0.09903529,-0.04299521,0.036291093,0.06306218,0.024245342,-0.02348286,-0.06974162,-0.0305083,0.0355358,0.109472685,0.13417765,0.10935286,0.03681338,-0.012372328,0.004186121,0.0640867,0.1277351,0.13332035,0.077825405,-0.010169692,-0.070071094,-0.06488925,-0.0066294973,0.048684306
0.014430018,-0.02649515,-0.019186191,0.05275321,0.119356796,0.115919165,0.056854505,-0.05089533,-0.11117923,-0.103079796,-0.04201012,0.0059593967,0.016218223,-0.03857951,-0.133242,-0.1872439,-0.1641444,-0.07632199,0.0067610205,0.036892682,-0.005841053,-0.0775154,-0.11181178,-0.074830584
0.1872446,0.17683925,0.121077605,0.08310646,0.10229822,0.15497841,0.22376181,0.22763045,0.1792031,0.10731469,0.04644894,0.030217826,0.07271162,0.11302699,0.115523264,0.06296075,-0.021163171,-0.08299269,-0.081014715,-0.022834396,0.03809043,0.06150572,0.028014997,-0.029573493
0.026457258,-0.017562905,-0.041365433,-0.011615272,0.06052959,0.12446988,0.15627259,0.12880753,0.074524105,0.06025569,0.08287642,0.13348505,0.18560018,0.19301474,0.1477466,0.08194467,0.03235054,0.028981611,0.062111504,0.10090021,0.093101375,0.03539785,-0.039960403,-0.0862259
-0.027524466,-0.055044107,-0.03802688,0.024783902,0.08617293,0.10867375,0.08323771,0.027457489,-0.0075812237,0.017134545,0.07070871,0.11986238,0.13319291,0.09495286,0.027909607,-0.013633428,-0.009207076,0.03461396,0.07761595,0.08237711,0.03437509,-0.035657603,-0.07836835,-0.07206084
0.077772014,0.16143987,0.19360372,0.14986496,0.072062336,0.039978974,0.06762302,0.14902577,0.21212415,0.22749072,0.15989597,0.074596375,0.008385674,0.014201366,0.079107255,0.14279623,0.14258228,0.06680832,-0.034728337,-0.09819878,-0.081529215,-0.0046102903,0.07388615,0.08772597
-0.083130985,-0.040047344,-0.017641198,-0.0609241,-0.12302411,-0.13951114,-0.11248318,-0.012301228,0.060700383,0.08680882,0.060306933,0.021719178,-0.007872718,0.021417107,0.10213936,0.1685027,0.18049428,0.122835405,0.03837785,-0.015571676,-0.008531997,0.042214144,0.08417528,0.0753386
0.014908299,-0.042439375,-0.07744808,-0.050982058,0.025725622,0.09465218,0.11808571,0.07494217,0.011787769,-0.013600711,0.011450653,0.07700305,0.143721,0.15093459,0.10181799,0.029146362,-0.022372011,-0.013111247,0.049122408,0.10211302,0.10066012,0.040661503,-0.044812065,-0.0948355
-0.1304327,-0.09335848,-0.04291885,-0.040590875,-0.10049736,-0.1772486,-0.23928118,-0.22240987,-0.15595664,-0.09988654,-0.079279214,-0.10524179,-0.16752511,-0.19884607,-0.1674534,-0.088547185,-0.005454146,0.033600193,0.008524373,-0.05566174,-0.08807697,-0.05956479,0.011207362,0.078266166
-0.0544348,-0.12417328,-0.16646466,-0.15345247,-0.098550044,-0.054112107,-0.044162042,-0.08385481,-0.12883684,-0.1562971,-0.11941805,-0.057868995,0.010622183,0.03476985,0.0060389508,-0.043866374,-0.064276434,-0.03679133,0.024997387,0.08487986,0.09111616,0.043222815,-0.024564384,-0.0647876
-0.08302908,-0.092814066,-0.068862066,-0.0394072,-0.03703413,-0.064394906,-0.11802535,-0.14881687,-0.14008342,-0.11239435,-0.06962631,-0.05336305,-0.06611016,-0.10017269,-0.11993141,-0.10232806,-0.05168107,-0.00012624396,0.023236886,0.012081141,-0.024484508,-0.046353254,-0.03560664,6.101334e-06
-0.10992171,-0.15166187,-0.14610776,-0.096704096,-0.043924484,-0.02456293,-0.047224317,-0.09178052,-0.11477397,-0.08721775,-0.025289794,0.03936866,0.065350346,0.048889767,0.0034520985,-0.026474807,-0.014258229,0.038102627,0.08994401,0.095243454,0.05630198,-0.010032962,-0.058242932,-0.059884492
0.015775992,-0.038633704,-0.120640464,-0.172756,-0.15250836,-0.09163776,-0.019706564,-0.005121152,-0.037675746,-0.104028895,-0.1343787,-0.10462037,-0.020395758,0.0569605,0.08332259,0.047780365,-0.021107066,-0.057986222,-0.030656777,0.043261066,0.11046468,0.118111864,0.05717901,-0.025699483
-0.007426857,-0.047309298,-0.101199485,-0.13614503,-0.1206057,-0.0712499,-0.022285588,-0.0048321607,-0.024130328,-0.066038586,-0.08217863,-0.055275172,0.0065135304,0.057854347,0.07958604,0.059251096,0.013237907,-0.016786456,-0.0006421741,0.04798278,0.08790061,0.087988414,0.041329365,-0.021905778
-0.09961566,-0.06813868,-0.02489015,-0.020612298,-0.067807965,-0.13074818,-0.18116255,-0.16539034,-0.112107195,-0.06556696,-0.048269875,-0.07003734,-0.123072036,-0.1487197,-0.12786587,-0.06524202,0.0011016479,0.034046553,0.009305779,-0.042435292,-0.07080553,-0.050738286,0.006160045,0.063872196
-0.05900147,0.01697732,0.10606596,0.13578407,0.08878297,0.02313301,-0.031207163,0.0029131197,0.06962918,0.15201952,0.16480717,0.12534733,0.029778369,-0.032703836,-0.023909371,0.04326664,0.10879364,0.12166966,0.060601655,-0.041187838,-0.10245555,-0.088988565,-0.015462762,0.061331306
0.093671076,0.029367013,-0.024200324,-0.000905142,0.07752993,0.1357285,0.15932564,0.08472227,-0.0012037894,-0.053322345,-0.03932366,0.009623857,0.078044064,0.09053776,0.026544066,-0.063707806,-0.117761426,-0.09923016,-0.024679538,0.05602462,0.07457302,0.022595044,-0.053953033,-0.095983826
0.11399883,0.14157897,0.10376171,0.02717572,-0.023408644,-0.011274332,0.055767693,0.11882823,0.13536608,0.0831477,3.8379017e-05,-0.055274095,-0.04995116,0.010310759,0.07644651,0.09118711,0.038388338,-0.044320457,-0.09549059,-0.08072168,-0.00879303,0.068640366,0.09293415,0.053520158
0.09536246,0.07199925,0.010069178,-0.035828814,-0.04037462,-0.02357524,0.016301742,0.010073076,-0.021038715,-0.08178959,-0.12481617,-0.13248548,-0.095603235,-0.048425574,-0.03252561,-0.051674847,-0.09226894,-0.113264315,-0.09645345,-0.0391521,0.022996347,0.050374508,0.037315346,0.0039567687
0.00054576626,0.017809471,0.05697475,0.09555563,0.09596255,0.05676565,-0.0012303664,-0.04010616,-0.038962778,-0.0052096723,0.020907303,0.016710702,-0.025026225,-0.08176366,-0.11613114,-0.10288898,-0.05784221,-0.01067238,0.0025939974,-0.024972558,-0.06611454,-0.08136398,-0.054224778,0.0029205931
-0.043111745,-0.090777025,-0.09198733,-0.03605619,0.024888836,0.028930914,-0.017939644,-0.09899058,-0.14714977,-0.1369493,-0.07673375,-0.016994826,0.0063084015,-0.030335203,-0.10154361,-0.14419185,-0.12574257,-0.046331182,0.03293092,0.061008632,0.025906114,-0.041541908,-0.08661334,-0.06601827
0.042795986,0.028477982,0.04333487,0.097922035,0.14584695,0.14257784,0.10223705,0.03020658,-0.012410155,-0.0057849423,0.028995166,0.053302474,0.05059558,0.003111496,-0.06946969,-0.11443681,-0.10494509,-0.05008389,0.0024108293,0.015380498,-0.016211271,-0.06457362,-0.08489852,-0.05430793
8.857772e-05,0.05416173,0.11294539,0.1346658,0.10938794,0.073505424,0.048784662,0.07617755,0.11356985,0.16245572,0.16505782,0.13056478,0.06674869,0.026913675,0.028330464,0.063049816,0.09693692,0.091483526,0.03816268,-0.025632638,-0.06462634,-0.05844862,-0.011673124,0.032782827
0.018407935,-0.02354181,-0.01907385,0.052099746,0.12545583,0.13081412,0.08488522,-0.011116511,-0.07446637,-0.06533773,-0.006294932,0.043346014,0.05802028,0.01075988,-0.082720116,-0.14031902,-0.12825988,-0.049242947,0.023608584,0.054508384,0.012935053,-0.06324826,-0.10815185,-0.08076066
0.064859726,0.13046117,0.15730938,0.12323105,0.06446237,0.03858505,0.06343433,0.13385151,0.181936,0.19166127,0.14048404,0.06822055,0.015568778,0.022423694,0.07717575,0.1221325,0.12239468,0.057435982,-0.029366566,-0.0785993,-0.064819194,-0.0031635517,0.05794343,0.06739626
-0.1345517,-0.18864422,-0.17603338,-0.110628195,-0.043434888,-0.02007831,-0.06022247,-0.11715223,-0.14805718,-0.11367665,-0.02983966,0.05049943,0.08089226,0.04833449,-0.008505013,-0.04287383,-0.018772915,0.047320943,0.11229674,0.12011406,0.06265892,-0.02159439,-0.08007138,-0.07760813
-0.09823791,-0.09781833,-0.060091496,-0.02320131,-0.018809563,-0.041645296,-0.086659275,-0.10248429,-0.08299155,-0.039983924,0.005739777,0.021145903,0.00082384417,-0.034102723,-0.0534827,-0.035093527,0.0114663,0.052734084,0.058312364,0.029613638,-0.017597578,-0.044315755,-0.034170542,-0.00031149123
0.004067298,-0.033978567,-0.012893948,0.07374264,0.15080166,0.15074985,0.08357387,-0.021847405,-0.084204435,-0.061737005,0.010877169,0.06818927,0.07202242,0.001641258,-0.10238008,-0.15856741,-0.13163154,-0.0402573,0.041132033,0.05997442,-0.0007561194,-0.08804244,-0.12894778,-0.086526446
-0.048251864,0.0130597595,0.042340375,-0.0030722665,-0.080327466,-0.115894586,-0.09722817,-0.0037870477,0.0764851,0.10360428,0.063540354,0.0065125935,-0.04191552,-0.021139583,0.05475503,0.12975147,0.14769857,0.09572645,0.007128738,-0.05480061,-0.04392309,0.019998496,0.08445192,0.09468536
0.02438198,0.03032378,-0.019942386,-0.09906228,-0.15069363,-0.14030397,-0.07349193,-0.009975112,0.016583022,-0.02744005,-0.09154379,-0.12648837,-0.10415314,-0.025970966,0.0480517,0.07678795,0.041000202,-0.023897082,-0.06725324,-0.046414744,0.025362909,0.08928967,0.106179774,0.057403557
0.030054495,-0.03624196,-0.07934339,-0.04882341,0.04202394,0.12119853,0.15643843,0.10646217,0.032012057,-0.0052055707,0.021690754,0.08885303,0.16865832,0.18610744,0.1268255,0.031958748,-0.03170126,-0.024360424,0.04314428,0.11054765,0.116165385,0.04832087,-0.04991634,-0.11144166
-0.030206317,-0.0674819,-0.11450292,-0.1497535,-0.14590926,-0.11226174,-0.07822478,-0.061629724,-0.0713425,-0.105577275,-0.11519431,-0.09303372,-0.041865584,0.0013287697,0.031736985,0.027060624,0.002745281,-0.020054644,-0.006159671,0.033937354,0.067688055,0.073498316,0.042830177,-0.007557381
0.02564405,0.044019748,0.0148259485,-0.048190553,-0.08082468,-0.04262903,0.04384388,0.1303174,0.16080461,0.13313223,0.07243868,0.042970598,0.06425303,0.13539386,0.20347916,0.21635363,0.15652058,0.063371,-0.001316597,-0.0014794136,0.051051367,0.100837275,0.09905183,0.033642255
0.11461343,0.12911682,0.07612924,-0.0050389166,-0.057031654,-0.058079805,-0.0014491363,0.04221812,0.052024797,-0.007973705,-0.08950988,-0.14332393,-0.13065878,-0.06974827,-0.009222924,0.013030163,-0.028843539,-0.089043066,-0.12411636,-0.0913921,-0.011743808,0.06665992,0.092977576,0.06071241
0.12178187,0.052927162,-0.010615494,0.006657716,0.08825185,0.14722626,0.16853032,0.086240835,-0.011421671,-0.07740819,-0.071423694,-0.018928254,0.0556433,0.06847647,-0.0019538226,-0.100894,-0.16467434,-0.139516,-0.049547248,0.04552272,0.074374184,0.02528733,-0.05788879,-0.09763895
0.018448891,-0.014588838,-0.009731097,0.049468797,0.111085966,0.11865222,0.08432098,0.0073951767,-0.04466373,-0.039611887,0.008055456,0.047194786,0.060235236,0.024102867,-0.05341838,-0.106525235,-0.100351326,-0.039414056,0.019028371,0.0445847,0.011849067,-0.05095563,-0.08909134,-0.06958997
0.101762615,0.11646864,0.075504236,0.012492064,-0.029898908,-0.035980046,0.004155741,0.033357963,0.036979616,-0.00927105,-0.07576361,-0.11791368,-0.11460073,-0.07052028,-0.025439816,-0.009034675,-0.040928338,-0.08345598,-0.10636287,-0.08342998,-0.019820794,0.042771757,0.066795215,0.049340587
0.122571565,0.088503554,0.006300116,-0.055263903,-0.05542597,-0.015301247,0.04501611,0.041482538,-0.0013314763,-0.08758596,-0.14431764,-0.14986211,-0.09034408,-0.026185146,0.00060985953,-0.034143556,-0.09795903,-0.14173701,-0.11651617,-0.03927856,0.042869244,0.07887015,0.051997676,-0.009134025
0.086379595,0.17430261,0.21183588,0.1729682,0.0934515,0.057219177,0.08283731,0.16459136,0.22771196,0.24852228,0.18314168,0.093069196,0.017705062,0.020487264,0.083222926,0.14985614,0.15551202,0.079020746,-0.03236052,-0.10112024,-0.08992803,-0.015868776,0.069164716,0.08914304
-0.14527945,-0.10287589,-0.04140639,-0.03108758,-0.08985522,-0.17018183,-0.2408087,-0.21972173,-0.14818989,-0.08177445,-0.0543869,-0.07891608,-0.14774983,-0.18896733,-0.16187744,-0.07851079,0.013088529,0.05705619,0.028132848,-0.04529433,-0.08877756,-0.06829891,0.0039950497,0.07695309
0.14764304,0.17061596,0.10938365,0.011590757,-0.053216852,-0.060356047,0.007766715,0.06463567,0.07649163,0.0048706387,-0.09570049,-0.16540061,-0.15704928,-0.08456901,-0.011146828,0.014385363,-0.033499632,-0.10677284,-0.15404724,-0.1182407,-0.020859463,0.07401401,0.110712565,0.07698581
0.0036501728,-0.03547579,-0.019710595,0.059847612,0.13171071,0.13173191,0.06759705,-0.037172806,-0.09492989,-0.079839915,-0.012258642,0.039696414,0.04949912,-0.015354993,-0.11456475,-0.16789411,-0.14130402,-0.0531626,0.028645778,0.053469073,-2.2320123e-06,-0.08031932,-0.11802105,-0.08153027
0.035465647,-0.01210595,-0.086592324,-0.13080038,-0.10724349,-0.04019474,0.030847637,0.04071868,0.00566249,-0.060516693,-0.091333486,-0.06524514,0.014985475,0.083485566,0.10394339,0.060659368,-0.009051304,-0.05393401,-0.027354982,0.041323356,0.10315374,0.106278315,0.048197728,-0.03730211
0.11132612,0.098194726,0.05140898,0.016281815,0.020165065,0.049496457,0.0959204,0.095579624,0.06742781,0.009912098,-0.032993987,-0.04503383,-0.011014849,0.029958209,0.03685926,0.0036469717,-0.050030563,-0.085135445,-0.077888325,-0.029212931,0.02348751,0.04731162,0.029707802,-0.008225865
0.12653826,0.07428293,0.01674524,0.02469261,0.089542024,0.14157365,0.1648084,0.096124314,0.009459601,-0.05033106,-0.05681037,-0.017043976,0.043035362,0.054051302,0.0021280728,-0.081549846,-0.14208211,-0.1308229,-0.053830896,0.023209803,0.0550526,0.022291213,-0.04524946,-0.082700394
0.06771056,0.025943281,-0.04131629,-0.07488129,-0.03669552,0.045053467,0.13549991,0.15591651,0.11370041,0.051057544,0.019152284,0.04275016,0.119828336,0.19394441,0.2027677,0.14059022,0.049674433,-0.01110897,-0.0046849563,0.06004922,0.11649344,0.109519094,0.03959392,-0.052016053
-0.05624082,-0.113154404,-0.1098062,-0.040623285,0.032418262,0.03975043,-0.014443963,-0.10528468,-0.15949182,-0.14431065,-0.06799168,0.0011175151,0.027352374,-0.016741443,-0.0987091,-0.14832817,-0.12382368,-0.035965502,0.04857214,0.079237394,0.031636443,-0.049740523,-0.10200874,-0.07892191
0.0948327,0.097629696,0.04487989,-0.025254427,-0.06629129,-0.06192958,-0.014719534,0.009722921,0.012295198,-0.04731177,-0.11428176,-0.15500796,-0.13413504,-0.080014326,-0.028950712,-0.016630469,-0.053239565,-0.10237261,-0.11761221,-0.08022378,-0.008082517,0.059224863,0.077782586,0.04402224
0.14164771,0.12083329,0.058503892,0.01810647,0.037258,0.092070915,0.15748858,0.15779957,0.11091576,0.036662593,-0.016499374,-0.018032324,0.035232652,0.085135505,0.09100175,0.0353805,-0.04475393,-0.09604781,-0.07630068,-0.013991097,0.051751398,0.069878586,0.029600734,-0.033374686
0.016285678,0.021940073,-0.014974264,-0.07929013,-0.12089059,-0.10766531,-0.054703124,0.0011799353,0.027478402,-0.0073205,-0.058755234,-0.08793305,-0.06694244,-0.0097389715,0.05285461,0.08036838,0.051416963,-0.0074730096,-0.04547403,-0.029735498,0.02339238,0.0768429,0.08982195,0.04588984
-0.117599785,-0.16383946,-0.15515065,-0.10360324,-0.04681984,-0.026015406,-0.056935783,-0.09774854,-0.12240259,-0.0962407,-0.02741849,0.040861078,0.06994619,0.047088202,0.0008312851,-0.029100813,-0.0122376485,0.042661674,0.09601735,0.10551276,0.060525455,-0.010126185,-0.06311768,-0.063709185
0.06118008,0.07999163,0.038371436,-0.041591387,-0.078636564,-0.03791264,0.056381818,0.1512769,0.17671564,0.1319083,0.05372262,0.016373672,0.04448766,0.12071348,0.19877926,0.21172297,0.14017884,0.035695955,-0.02875133,-0.016723385,0.05202223,0.11638017,0.11298554,0.040075134
-0.09692287,-0.0936596,-0.049588982,-0.004514918,-0.0050283573,-0.04933117,-0.11974986,-0.15805268,-0.1412716,-0.09399426,-0.041604426,-0.028928429,-0.06271156,-0.11382512,-0.14331849,-0.120589,-0.05340667,0.012913236,0.034443308,0.0025228644,-0.04994283,-0.07673258,-0.05252575,0.0051582055
0.018404674,0.022377875,-0.029086296,-0.11235557,-0.16521071,-0.15153117,-0.08175807,-0.010035698,0.02009854,-0.024279121,-0.08864917,-0.123971455,-0.097925596,-0.01918429,0.061834265,0.096205294,0.06078689,-0.011098601,-0.060465224,-0.038535718,0.03240168,0.098527834,0.114463,0.060218427
-0.023344958,-0.041511424,-0.001644912,0.082867034,0.16035223,0.18855225,0.15644242,0.10271455,0.06364487,0.10002668,0.16563036,0.21899877,0.22210273,0.16618232,0.08313481,0.022337742,0.023601301,0.066761136,0.10797284,0.09797422,0.030833013,-0.054779343,-0.105414614,-0.091737315
0.16304347,0.19732144,0.16637611,0.10312501,0.06659825,0.087382376,0.16099747,0.22041057,0.22416385,0.17514312,0.09067136,0.03005122,0.02904892,0.07834679,0.13034253,0.13218941,0.06987232,-0.023000196,-0.0844732,-0.073172495,-0.009937076,0.057108227,0.07650695,0.035542656
-0.16309682,-0.16231155,-0.10327962,-0.04599539,-0.03522715,-0.063886546,-0.13236873,-0.15137276,-0.12401383,-0.05464586,0.016767751,0.05044357,0.020801445,-0.034769304,-0.06170531,-0.03690916,0.030795684,0.091902904,0.10637978,0.056836095,-0.017313354,-0.06350195,-0.055800848,-0.008034637
0.008484037,0.053715575,0.065737054,0.02656742,-0.039368562,-0.080973,-0.08228269,-0.037790176,0.008689766,0.015442,-0.023244519,-0.07461175,-0.117224745,-0.10989341,-0.056306936,0.0013130675,0.024554567,-0.0016507927,-0.049745835,-0.08518784,-0.06631367,-0.007960644,0.054503698,0.075975634
-0.01470478,-0.036290836,-0.01072365,0.05679082,0.12715343,0.1579855,0.13749577,0.092899956,0.053044047,0.07934947,0.13219863,0.18312609,0.19328624,0.15205963,0.08260155,0.027597435,0.018773036,0.05348186,0.09189749,0.090342104,0.03837518,-0.034362204,-0.087191924,-0.08201978
-0.018272856,0.008700718,0.08617909,0.16329561,0.17643733,0.11861436,0.018105289,-0.041640658,-0.036503516,0.025721172,0.0825558,0.082470655,0.017020911,-0.086669,-0.15434897,-0.14098552,-0.065144286,0.014394053,0.034705818,-0.0132168485,-0.0962914,-0.13588956,-0.10025231,-0.006838852
-0.11908897,-0.16895086,-0.14960964,-0.07737588,-0.0052736774,0.018349562,-0.019746568,-0.073629014,-0.103197694,-0.07109477,0.014521181,0.08584631,0.11498398,0.08026765,0.014513094,-0.028375259,-0.004497145,0.058126055,0.11318546,0.123072825,0.062329717,-0.026946688,-0.084144235,-0.081766985
0.07595107,0.1407399,0.16894631,0.13963774,0.08173189,0.05585607,0.07787469,0.14053982,0.18663979,0.1980938,0.14885624,0.076253995,0.021078378,0.02489182,0.07155667,0.11797159,0.11947247,0.057954513,-0.030669142,-0.0779257,-0.06889657,-0.010653972,0.052689724,0.06657699
-0.050504185,-0.09715157,-0.12866062,-0.1260233,-0.08787137,-0.048018012,-0.031888615,-0.04870324,-0.07626852,-0.09429967,-0.07436129,-0.026187953,0.026973275,0.047744587,0.03727466,0.003030032,-0.021342501,-0.012343723,0.031939857,0.06840302,0.07652613,0.046837926,-0.00736664,-0.046366543
-0.022142863,-0.092938125,-0.13989438,-0.12433074,-0.0543357,0.009770758,0.032182388,-0.01055403,-0.067499444,-0.10173,-0.07226301,-0.0051340368,0.07468245,0.096050575,0.058350425,-0.0075301337,-0.05011066,-0.034027025,0.034644857,0.10053437,0.10892042,0.055304736,-0.029422684,-0.085164666
-0.04792898,-0.09270112,-0.095365115,-0.046606235,0.0023110393,-0.0024660155,-0.049323004,-0.12474878,-0.16332613,-0.15306312,-0.09638348,-0.048960645,-0.028919326,-0.06103235,-0.12217118,-0.149574,-0.12158503,-0.04484946,0.022210376,0.049670763,0.017797068,-0.040058367,-0.072987825,-0.0517387
0.08501979,0.022244202,-0.033461627,-0.01763831,0.05749374,0.11959444,0.14348918,0.078160085,-0.00771378,-0.06006293,-0.051274627,0.004761276,0.07418627,0.08793355,0.032804456,-0.054100815,-0.113317944,-0.09830189,-0.018943554,0.05815029,0.08024658,0.03160052,-0.04958574,-0.09453359
-0.04736017,-0.001968033,0.019948188,-0.013082319,-0.072625645,-0.09340845,-0.07104322,0.0050569572,0.07199784,0.099731654,0.07184305,0.027126674,-0.007429209,0.011695331,0.07328163,0.1404308,0.15705225,0.10830771,0.0264118,-0.023988372,-0.021313427,0.022633852,0.07299384,0.07086784
0.20088227,0.18214816,0.11407173,0.072701566,0.09971209,0.16550837,0.24702926,0.24903709,0.19038647,0.105680384,0.040686265,0.03168398,0.08727014,0.14068744,0.13870917,0.07033514,-0.028585352,-0.095210694,-0.08622246,-0.014325609,0.05732561,0.07503855,0.029382322,-0.04091542
0.015272016,0.03724625,0.08259797,0.1281021,0.13382512,0.09666459,0.037310768,-0.0048307613,-0.008627682,0.027301554,0.05377671,0.050521154,0.0035309563,-0.05916339,-0.10112699,-0.09700746,-0.056699105,-0.009642368,0.0056366865,-0.026529318,-0.071636036,-0.09068269,-0.06570922,-0.0044646957
-0.14581905,-0.08526102,0.0048042657,0.03691517,-0.009393828,-0.070387915,-0.124601014,-0.08250575,-0.0007001145,0.089674935,0.124583416,0.09763283,0.016131481,-0.03330318,-0.013568253,0.059921134,0.13921793,0.15596971,0.09386952,-0.008567469,-0.077285625,-0.072209306,-0.0049475958,0.059832554
-0.002842213,-0.049663898,-0.117028184,-0.16359253,-0.15145043,-0.10045577,-0.041301783,-0.021543387,-0.041200306,-0.09639105,-0.11911697,-0.096546665,-0.024020294,0.04212543,0.0712815,0.04950834,-0.0013644652,-0.03642144,-0.020569222,0.041439053,0.09559259,0.10356421,0.056191504,-0.016599087
0.067344576,0.10362207,0.10458195,0.07269248,0.022427231,-0.020688526,-0.019784937,0.001370244,0.024722543,0.018481743,-0.021782339,-0.07642564,-0.11455018,-0.10828252,-0.078120254,-0.039628282,-0.02526137,-0.03998638,-0.07955994,-0.09361128,-0.06893205,-0.017918026,0.037188955,0.06410636
-0.13867529,-0.14153731,-0.100085326,-0.057905067,-0.04941023,-0.07200773,-0.122528344,-0.13684048,-0.11768704,-0.06818108,-0.011546458,0.019027537,-0.0010115555,-0.03439585,-0.05346571,-0.042228315,0.008920689,0.05944303,0.07704849,0.04125011,-0.009226668,-0.046458285,-0.043250393,-0.0075939693
-0.020229956,0.014977799,0.056882855,0.07276328,0.055236716,0.032616086,0.012880563,0.031834267,0.061668757,0.10015569,0.10606068,0.08775807,0.046358388,0.015631296,0.019288735,0.048537567,0.07578916,0.072924316,0.039240994,-0.00804119,-0.039403792,-0.03729538,-0.006253363,0.02173232
0.027876886,-0.01343205,-0.07672687,-0.11403476,-0.09472316,-0.04100407,0.018100666,0.02480312,-0.0040871687,-0.058893602,-0.08406428,-0.063344836,0.0039591785,0.06329699,0.07944957,0.045400877,-0.013164371,-0.047140054,-0.025764454,0.033433456,0.08540601,0.089870624,0.04096162,-0.028434848
0.20416881,0.24957278,0.20940807,0.12809086,0.07872956,0.10659917,0.20288153,0.27788526,0.2855183,0.22329123,0.113550134,0.03909428,0.03746379,0.1037934,0.1685496,0.16985166,0.08904515,-0.02953336,-0.10621121,-0.093444206,-0.01070235,0.07291317,0.09987355,0.047071006
-0.1550979,-0.11201273,-0.043066077,-0.025753124,-0.06634083,-0.111891866,-0.15191506,-0.106319524,-0.03269153,0.04380529,0.07374231,0.061460685,0.0028131427,-0.030945953,-0.00086314394,0.0674127,0.13001175,0.14047661,0.09155344,0.00650161,-0.04781564,-0.03901959,0.009560421,0.055363484
0.014512325,0.043314703,0.10887588,0.17616083,0.1868635,0.1320532,0.045506783,-0.014780909,-0.020728856,0.030240234,0.07294284,0.067944705,0.0021984242,-0.087786935,-0.14768967,-0.14430292,-0.08218326,-0.013078658,0.00902147,-0.035543714,-0.101223506,-0.13102895,-0.09598773,-0.008731598
0.06249746,0.036183182,0.043027833,0.10020929,0.1554303,0.15577415,0.11193183,0.026777694,-0.028347766,-0.029172074,0.010148286,0.037263393,0.041661546,-0.009054146,-0.088757105,-0.13651466,-0.12499613,-0.06620469,-0.008328218,0.019632943,-0.01344259,-0.06724649,-0.09193828,-0.0626494
0.059562147,0.024526434,-0.040687703,-0.08187343,-0.058753174,0.0058445493,0.086248934,0.10905229,0.0786938,0.01984718,-0.016762964,-0.003702423,0.0649579,0.13372715,0.15153572,0.10967745,0.032703806,-0.021738442,-0.019101575,0.04042809,0.09823915,0.10424576,0.05001131,-0.030866398
-0.06457424,-0.10313226,-0.072339386,0.0173708,0.1006825,0.12191491,0.07266204,-0.007987202,-0.05512207,-0.0171664,0.06576502,0.13770296,0.15041132,0.09237582,0.0029445132,-0.056752585,-0.041772697,0.030748602,0.10203832,0.10218853,0.03242563,-0.060579766,-0.117869504,-0.09700545
-0.106698886,-0.15622859,-0.13343967,-0.0538412,0.020466793,0.035966996,-0.016775105,-0.09135756,-0.12935948,-0.097669385,-0.008791406,0.06518099,0.08744226,0.04229258,-0.034983158,-0.08538636,-0.05797624,0.020593785,0.0938021,0.103606194,0.04056905,-0.04855443,-0.10282037,-0.085214995
-0.018891443,-0.057012595,-0.115117975,-0.15961094,-0.15713021,-0.11956708,-0.06693058,-0.045896336,-0.057233058,-0.10081999,-0.12095305,-0.10422734,-0.046850834,0.016830416,0.052264392,0.039670352,0.00014309521,-0.030731836,-0.020924676,0.025496604,0.0754013,0.08939023,0.05501147,-0.0052736257
0.060318124,0.03258213,-0.01745074,-0.042288665,-0.013168704,0.04807657,0.112997726,0.12779178,0.095344275,0.05150958,0.023742665,0.04178869,0.09831502,0.1452556,0.14934185,0.10915022,0.041443806,-0.0031364309,0.0026333511,0.04907618,0.08875619,0.081413135,0.028692009,-0.039840333
0.03658787,0.016154129,0.032216266,0.0918684,0.14082672,0.12885655,0.0751944,-0.00636912,-0.053606275,-0.045156155,-0.00048831804,0.026214475,0.020048259,-0.03388706,-0.11034682,-0.15274817,-0.1301419,-0.06230287,-0.0045021926,0.011701309,-0.025659407,-0.07799373,-0.09532741,-0.053852905
0.026941147,0.030688886,-0.013947439,-0.0872872,-0.13545905,-0.12979864,-0.07710409,-0.02097661,0.0011874769,-0.042279,-0.09892943,-0.13204214,-0.11296712,-0.04884521,0.0212697,0.048449438,0.021622682,-0.03608018,-0.07171627,-0.050252818,0.013766336,0.07573141,0.094035074,0.054457825
-0.05339359,-0.10102786,-0.107602425,-0.06453342,-0.020465467,-0.02687868,-0.08075994,-0.16009475,-0.1986073,-0.19298951,-0.13813366,-0.084561504,-0.06230308,-0.09714094,-0.15510666,-0.17996192,-0.14874475,-0.06773833,0.011830445,0.042570285,0.014244555,-0.040370334,-0.07094659,-0.04695847
0.028911298,-0.03881071,-0.09603273,-0.09416579,-0.037919186,0.00453359,0.013079996,-0.043618727,-0.10958305,-0.16034223,-0.14682387,-0.093189105,-0.022618333,-0.005511516,-0.042696062,-0.10340708,-0.14123271,-0.11187647,-0.030941484,0.047672596,0.07245726,0.039096486,-0.029907066,-0.064944826
-0.14782944,-0.08477709,0.007294672,0.032732673,-0.021737427,-0.089344956,-0.15336838,-0.10925773,-0.024137154,0.06534326,0.09743695,0.06843698,-0.017409168,-0.07492954,-0.045246944,0.03729446,0.12277734,0.13969927,0.08205535,-0.02353441,-0.09207224,-0.075646974,-0.0015734815,0.06987677
-0.14744207,-0.14746384,-0.08717193,-0.021740813,-0.002230968,-0.031221248,-0.10158349,-0.12775066,-0.10971341,-0.037573878,0.037108265,0.07307676,0.04073143,-0.020591935,-0.0580808,-0.03969013,0.026855247,0.09363247,0.11008641,0.061255645,-0.017299695,-0.071959935,-0.068801895,-0.016714837
0.004128841,0.024290407,0.07875916,0.1405354,0.15590954,0.12055747,0.053228386,0.0030484328,-0.0035566816,0.043808784,0.08452759,0.088660516,0.038333803,-0.03648669,-0.09059927,-0.08892971,-0.038865242,0.015027355,0.030945309,-0.0069990004,-0.06807479,-0.1049385,-0.08217914,-0.017476713
0.053848896,0.02149902,-0.035287213,-0.07172502,-0.04703549,0.01986577,0.09342422,0.1184003,0.08792003,0.03599765,0.004115293,0.023101075,0.086196795,0.1435705,0.16275528,0.12170669,0.048282687,-0.00863008,-0.0045274333,0.04593557,0.09410785,0.096761,0.042572174,-0.034435324
0.06957886,0.030906858,-0.030480998,-0.062397163,-0.021480069,0.06899238,0.16204058,0.18857898,0.14989546,0.089109994,0.05708005,0.07708863,0.156691,0.22403556,0.23704977,0.17647412,0.08242165,0.008860419,0.008881008,0.06930461,0.11947912,0.114622764,0.04230424,-0.05816264
0.14981697,0.18741024,0.15072463,0.07288879,0.023512596,0.04517916,0.13015752,0.2052254,0.21931073,0.16890772,0.07446001,0.011151178,0.0108496845,0.07425055,0.14390585,0.15580507,0.08943104,-0.0153715955,-0.08592329,-0.07860596,-0.005170147,0.07365748,0.09810828,0.050043046
0.02842004,-0.0035167811,-0.04554973,-0.061691534,-0.02623342,0.043795757,0.11073174,0.12854846,0.10270292,0.064645216,0.05045061,0.07241018,0.13440558,0.18019985,0.18609454,0.14124976,0.078302056,0.026657058,0.028299466,0.06987665,0.0989668,0.08402606,0.027875964,-0.049872965
0.048523903,0.017874993,0.030826552,0.10637836,0.17683363,0.17705038,0.12163886,0.016588371,-0.048979715,-0.041665517,0.011959387,0.053918425,0.057647992,-0.0027876429,-0.103042796,-0.16568717,-0.15213917,-0.07232226,0.0060872803,0.03132406,-0.011886113,-0.083950326,-0.11928169,-0.08178663
-0.0047137467,-0.05024131,-0.11544299,-0.15997174,-0.15033661,-0.1004865,-0.042238977,-0.022899855,-0.041691434,-0.09373306,-0.11435633,-0.09251518,-0.024438854,0.041916564,0.07203685,0.052462198,0.0061080456,-0.030125517,-0.018375935,0.039933525,0.09150046,0.097692475,0.054808836,-0.016055552
-0.059593525,-0.031010456,0.054496024,0.14372092,0.17536253,0.14801535,0.082007736,0.050905664,0.059672747,0.13953452,0.20548642,0.2205962,0.16220467,0.08078556,0.01450834,0.009577822,0.06064166,0.115517154,0.11210562,0.046038635,-0.04572431,-0.10794452,-0.09853091,-0.032866582
0.011030366,0.014349636,-0.031229075,-0.10745676,-0.1555647,-0.14640479,-0.09064669,-0.029992925,-0.004124037,-0.044604037,-0.10282901,-0.12961084,-0.106916614,-0.039309543,0.032597456,0.06210034,0.02847041,-0.028149523,-0.060823396,-0.041555904,0.023338193,0.08653852,0.09864882,0.056357607
-0.042457163,-0.0116454195,0.060990017,0.13273937,0.15573782,0.13116482,0.07832929,0.056485545,0.06542044,0.1327387,0.1812578,0.19243729,0.1389745,0.07070334,0.017332235,0.012489787,0.051988035,0.094872355,0.09173235,0.031033594,-0.042045794,-0.091172956,-0.08032951,-0.023737105
-0.11102261,-0.07594463,-0.034312148,-0.03781109,-0.09907869,-0.17380492,-0.22864756,-0.21293147,-0.15005387,-0.103425756,-0.09022047,-0.120014645,-0.17767118,-0.20032398,-0.16991164,-0.0939067,-0.01714101,0.019027028,-0.0071092537,-0.061696228,-0.08465199,-0.05341819,0.017106768,0.07965539
-0.15731855,-0.15942726,-0.10776057,-0.053547554,-0.034297075,-0.051342048,-0.10001212,-0.10898425,-0.087274574,-0.023661394,0.043430664,0.076990984,0.056738548,0.01733755,-0.0066572595,0.0051463386,0.05565109,0.10509582,0.11327859,0.06836508,0.0032936472,-0.044274673,-0.050202824,-0.018130347
0.02179098,-0.041073937,-0.09732609,-0.09794037,-0.053332675,-0.017108075,-0.009236509,-0.067734465,-0.12439584,-0.17132683,-0.16000983,-0.11282347,-0.04837633,-0.029671295,-0.060974624,-0.11044831,-0.13834204,-0.111079454,-0.03604452,0.036204726,0.061652407,0.032993183,-0.02151136,-0.0547239
-0.0011096617,0.003173802,-0.018799555,-0.0581771,-0.07673807,-0.05070963,0.0027898597,0.05259056,0.0696228,0.055725165,0.022907125,0.011720545,0.028865568,0.07463955,0.12091848,0.13265227,0.09697925,0.041555386,0.006086994,0.0061830026,0.037019216,0.06722995,0.061965458,0.01861526
0.05940037,0.04631535,0.06674208,0.13195601,0.18656416,0.18546733,0.1431859,0.06428267,0.015947012,0.025407203,0.06510368,0.085949145,0.07940801,0.026221897,-0.05644797,-0.106526375,-0.09595654,-0.04091953,0.0067122616,0.019018581,-0.020452445,-0.0763147,-0.09719643,-0.06483261
0.09453786,0.082271315,0.09686313,0.15871996,0.22023831,0.22973883,0.19726358,0.11991142,0.05943471,0.06255325,0.092487425,0.118254155,0.11402778,0.05933288,-0.02393743,-0.085422635,-0.09086269,-0.04702255,0.004825445,0.0195952,-0.014231033,-0.070354484,-0.099511065,-0.073012054
-0.038474463,-0.07389136,-0.037975766,0.061104137,0.15475678,0.19064222,0.15072256,0.0734648,0.022404477,0.061737977,0.1449235,0.21410224,0.22862396,0.16622859,0.06705685,-6.9363414e-05,0.0066557117,0.064935945,0.122689754,0.122733764,0.044563524,-0.059986733,-0.12307831,-0.11269069
-0.09500318,-0.076327786,-0.049558856,-0.045583732,-0.07978917,-0.12275898,-0.15708748,-0.1539922,-0.11326297,-0.07805745,-0.06281374,-0.0722367,-0.10456916,-0.117561884,-0.102579385,-0.057805743,-0.008239207,0.019917961,0.011663398,-0.026267119,-0.044201065,-0.033159733,0.006675049,0.041992776
0.06848823,0.03509934,-0.022092931,-0.050007854,-0.01298359,0.0652718,0.14852782,0.16834448,0.13098077,0.0731888,0.042525582,0.060002387,0.13085257,0.1935385,0.20043041,0.14039598,0.05616868,-0.005112398,-0.0002644193,0.05605932,0.105810456,0.09857475,0.034737356,-0.053730156
-0.14117122,-0.08112742,0.0051091234,0.028326908,-0.025513655,-0.09971369,-0.16757436,-0.12903653,-0.049238034,0.035827167,0.0657546,0.03909827,-0.04585362,-0.10065279,-0.07748074,0.002958079,0.086869866,0.11676875,0.06760125,-0.030236416,-0.092806876,-0.07669647,-0.0052036303,0.07349118
0.20385058,0.1788356,0.10348832,0.056753937,0.08461831,0.15825464,0.24582775,0.24536492,0.18366258,0.09065277,0.023139892,0.015689328,0.080077775,0.14022738,0.14308332,0.070480645,-0.035770155,-0.10885203,-0.09515333,-0.01586433,0.06184167,0.08502318,0.03500172,-0.04417859
0.08655805,0.053347025,-0.017801013,-0.06910599,-0.06496609,-0.021542657,0.036815137,0.035470124,0.0032889068,-0.067055866,-0.11300335,-0.11096577,-0.051756248,0.007824371,0.028441874,-0.0010282735,-0.063076146,-0.10205541,-0.080820516,-0.014040485,0.053470653,0.08068281,0.049304195,-0.01119358
-0.06906244,-0.025696896,-0.02106731,-0.08257546,-0.17079842,-0.22369456,-0.21536988,-0.14149913,-0.06630973,-0.05331667,-0.09444118,-0.14714044,-0.18467876,-0.15137818,-0.06694196,0.018583115,0.050791886,0.02340104,-0.039231505,-0.08077614,-0.050007723,0.024522675,0.09437654,0.109652385
0.07992384,0.03918231,-0.037442733,-0.09259707,-0.0935551,-0.064167745,-0.020921107,-0.031248521,-0.06655342,-0.14561187,-0.18708603,-0.18484136,-0.12515175,-0.06612167,-0.04571085,-0.073761135,-0.12133444,-0.1435115,-0.1094767,-0.031514168,0.041433327,0.07099209,0.045912553,-0.00301376
-0.020129291,-0.026788224,-0.075591855,-0.14915705,-0.19294657,-0.18363264,-0.1291178,-0.068838604,-0.043291487,-0.08073163,-0.12757958,-0.14723508,-0.11793342,-0.04707033,0.027742146,0.058650564,0.03422425,-0.017255228,-0.04765696,-0.025787232,0.036157858,0.09105012,0.098558106,0.051569115
-0.047947288,-0.09170246,-0.09027614,-0.034781966,0.01933783,0.015896052,-0.035280008,-0.116853245,-0.16116644,-0.14914787,-0.08888656,-0.03345854,-0.01672716,-0.052479465,-0.12143098,-0.16009331,-0.13451114,-0.0519355,0.02545788,0.049341504,0.014957169,-0.049706694,-0.08639393,-0.05979573
0.02350711,-0.04508837,-0.08764659,-0.05489383,0.040076487,0.123597614,0.1626172,0.11934749,0.04369639,0.009993167,0.040753223,0.111884534,0.1929097,0.2122871,0.153313,0.058107313,-0.006315128,-0.0020453103,0.059065424,0.12557973,0.12749584,0.0528669,-0.050459586,-0.11541424
-0.03156536,0.030714603,0.063298166,0.024969632,-0.045807492,-0.07587795,-0.056407366,0.03364769,0.106902055,0.13628796,0.0989344,0.039476793,-0.011089053,0.0025953848,0.07635787,0.14772584,0.16614363,0.107098855,0.0142805595,-0.050422505,-0.04592967,0.01298866,0.07591887,0.08226173
-0.15135281,-0.14758757,-0.08372527,-0.020285048,-0.010954253,-0.04702858,-0.12307936,-0.15270875,-0.12844145,-0.06050233,0.014453873,0.0423178,0.0044766665,-0.056422334,-0.08750442,-0.06920473,0.007863199,0.07255327,0.09012079,0.03840159,-0.03720023,-0.083929785,-0.066226654,-0.009879439
0.007677438,-0.05239033,-0.102003224,-0.09650318,-0.047896735,-0.016081715,-0.01288969,-0.06895684,-0.1270793,-0.16631342,-0.14932913,-0.09762337,-0.039129674,-0.023040539,-0.05733047,-0.11087669,-0.13718338,-0.102050126,-0.024554206,0.039687954,0.060679935,0.026645249,-0.03185332,-0.058025815
-0.17955019,-0.12956291,-0.051391013,-0.030732788,-0.08050571,-0.13486221,-0.17984931,-0.1288895,-0.043199427,0.04348926,0.078647815,0.060450684,-0.008211553,-0.041418515,-0.00720689,0.07160351,0.14813676,0.16054298,0.100421354,0.0035903468,-0.056742262,-0.04864203,0.011874515,0.063451946
-0.022580393,0.043891363,0.11789308,0.14379863,0.10623569,0.057286758,0.018516568,0.044631097,0.0951416,0.15728219,0.16313022,0.12437636,0.043834038,-0.0053704674,-0.00031567764,0.04542975,0.09296567,0.09408301,0.040165626,-0.042904403,-0.090326674,-0.077887915,-0.015440469,0.044263557
0.055009518,0.069882125,0.027435552,-0.046379123,-0.0876624,-0.057686955,0.022695497,0.096092254,0.11758883,0.074197285,0.004095747,-0.03192415,-0.009895847,0.062179513,0.1352837,0.15000531,0.09591616,0.0064018327,-0.046015713,-0.03364402,0.0330576,0.09371942,0.10171254,0.039642684
-0.115776055,-0.157096,-0.13750952,-0.07211194,-0.013161741,-0.0010044181,-0.044721935,-0.10231202,-0.12610154,-0.09426692,-0.017629482,0.046839204,0.06739105,0.03217961,-0.028219283,-0.06299478,-0.035369016,0.031814154,0.09167168,0.09561035,0.04171333,-0.034673218,-0.07935866,-0.06803778
0.028031003,-0.041864246,-0.08753855,-0.0575203,0.031832907,0.108629785,0.13952783,0.08598988,0.010967205,-0.024222957,0.0045031533,0.07424387,0.15415908,0.1686184,0.10864363,0.021809382,-0.03644205,-0.02435004,0.043817967,0.11369258,0.116701335,0.047153894,-0.049452018,-0.10814767
-0.0044691805,0.01242464,0.063101254,0.11951036,0.12909228,0.08303289,0.011281484,-0.036102,-0.03840429,0.00653347,0.048341256,0.046512976,-0.0030609579,-0.07507699,-0.12483429,-0.11345206,-0.05327437,0.00735375,0.019262366,-0.012591988,-0.0704677,-0.103048615,-0.074709974,-0.005779218
0.05714371,0.06804304,0.030877212,-0.03183035,-0.061390676,-0.031001845,0.04434654,0.11557492,0.13084657,0.09154768,0.032021534,-0.0010942608,0.020946972,0.08458863,0.14707606,0.15612024,0.105819754,0.022135286,-0.032346126,-0.01770359,0.038615443,0.08699648,0.08826929,0.02968361
0.16800493,0.21029662,0.18554533,0.12621807,0.09145979,0.11192778,0.18769209,0.24808729,0.25664824,0.21067491,0.12320905,0.058369372,0.055057734,0.10016525,0.14638951,0.14467016,0.0786372,-0.015400823,-0.07853348,-0.07285391,-0.011177436,0.055150133,0.075524986,0.03464052
-0.08354316,-0.13747147,-0.13955295,-0.08634195,-0.037891485,-0.047924843,-0.1063812,-0.18882744,-0.22786349,-0.21322736,-0.14236753,-0.08277619,-0.063266605,-0.09499085,-0.15660396,-0.18314452,-0.14128041,-0.050494995,0.02679115,0.054241225,0.017250746,-0.048634585,-0.08074056,-0.051760178
0.1550085,0.19043581,0.16725825,0.1141191,0.085321076,0.1080108,0.17161527,0.223597,0.22377782,0.18289785,0.10524581,0.056625284,0.052786514,0.08733261,0.12982509,0.12679373,0.06625566,-0.018342474,-0.06686477,-0.06279239,-0.009917836,0.04674826,0.060991842,0.025904346
-0.11289846,-0.089998275,-0.051186252,-0.041824233,-0.08185898,-0.13721178,-0.18648006,-0.17872982,-0.12979138,-0.08279813,-0.05803891,-0.070657074,-0.11511156,-0.14093372,-0.12342215,-0.06459432,0.0050841426,0.03929902,0.02199814,-0.025949271,-0.05714241,-0.048513398,0.0026469599,0.051342454
-0.03883474,-0.11944294,-0.17552514,-0.16077241,-0.08096805,-0.0054409686,0.032332703,-0.005937389,-0.06841352,-0.10287932,-0.07064032,0.009007769,0.10016646,0.13710941,0.0995099,0.023821518,-0.032025006,-0.018028736,0.052338716,0.12291711,0.13614412,0.07470311,-0.02650367,-0.09419761
-0.07038026,-0.11635997,-0.12692769,-0.09796485,-0.06569565,-0.07281918,-0.11503252,-0.17367092,-0.19963494,-0.20004189,-0.15135819,-0.108421415,-0.08255188,-0.09981332,-0.13814898,-0.1558813,-0.12505603,-0.058265932,0.0054217726,0.03686821,0.0192832,-0.022253213,-0.04739306,-0.033363327
-0.029911613,-0.063424565,-0.037815284,0.04503742,0.12773661,0.15567744,0.119757414,0.049873903,0.0021653695,0.031820506,0.10161558,0.16196306,0.17851408,0.1251602,0.037735485,-0.021359878,-0.016616492,0.0401395,0.097042866,0.103267714,0.04075267,-0.048598588,-0.106394574,-0.09697572
0.13160367,0.14481366,0.08094119,-0.013982108,-0.07714202,-0.08065096,-0.018848585,0.027457647,0.035931002,-0.036997456,-0.12840615,-0.19103928,-0.17726536,-0.105963185,-0.03157873,-0.005925909,-0.04626502,-0.11606753,-0.15414956,-0.11400075,-0.020318698,0.07071193,0.10637175,0.06984179
-0.005754647,-0.043163925,-0.09375788,-0.1271615,-0.116747424,-0.07705473,-0.034247868,-0.024657067,-0.044076174,-0.084685676,-0.09903851,-0.076278925,-0.023566213,0.02638818,0.0494497,0.028112872,-0.011287485,-0.036307927,-0.01722062,0.02681459,0.067143254,0.07330205,0.0361585,-0.016174588
0.043993823,-0.025452418,-0.085104406,-0.07557724,-0.0098270755,0.039823066,0.057518885,-0.009044817,-0.08138388,-0.1332853,-0.11926255,-0.065316744,0.009479709,0.030587882,-0.018649006,-0.091533676,-0.13797647,-0.109364256,-0.027557721,0.05469275,0.080079935,0.038606327,-0.03621624,-0.0775281
0.1396584,0.164727,0.14012843,0.09723318,0.07527127,0.090320565,0.1448162,0.18001597,0.17652102,0.13586465,0.07204533,0.026620748,0.026660709,0.062013157,0.089681,0.081739955,0.031990316,-0.03180293,-0.07182992,-0.057977773,-0.0089389095,0.0365631,0.04920526,0.02122417
0.07314943,0.09128223,0.052520823,-0.019792432,-0.051477,-0.009270067,0.085293226,0.17352553,0.19345947,0.14977695,0.07599685,0.03587093,0.061484754,0.13595879,0.20790887,0.21470073,0.1434398,0.03844531,-0.029030245,-0.016914906,0.047453184,0.107622,0.103868015,0.031945378
0.0017833215,0.025696777,0.091777794,0.16107905,0.17481957,0.12268024,0.03469415,-0.021311421,-0.023283655,0.030674001,0.0791173,0.07577609,0.015949411,-0.07666418,-0.13870224,-0.12748006,-0.0609031,0.009393834,0.0251234,-0.015168072,-0.08776785,-0.12383008,-0.0924959,-0.009243228
0.10654622,0.058157593,-0.041363627,-0.1105887,-0.102658376,-0.052844528,0.019036673,0.013150525,-0.03539555,-0.13242264,-0.19122134,-0.18388377,-0.10340343,-0.022388773,0.0029323786,-0.041565295,-0.12031739,-0.15860648,-0.11768282,-0.024089217,0.07166803,0.105152495,0.059884734,-0.01533055
0.042206127,0.0067277215,-0.053180132,-0.09209915,-0.07497468,-0.022866076,0.03741108,0.050925966,0.022132322,-0.03245806,-0.06176011,-0.04621403,0.0150583675,0.07194111,0.09134142,0.057618286,-0.002351526,-0.042600095,-0.028301502,0.026869897,0.07884764,0.08712872,0.041528825,-0.02511754
0.05259558,0.10015613,0.10052975,0.046189766,-0.030147286,-0.07806658,-0.074438475,-0.029258441,0.015569184,0.010592445,-0.045340512,-0.11366432,-0.1565594,-0.14749886,-0.084821165,-0.014802306,0.00632406,-0.028308578,-0.084800564,-0.110123076,-0.07873657,-0.0022222253,0.07048841,0.091111585
-0.041176718,-0.11162425,-0.15607692,-0.13942577,-0.07661751,-0.023162492,-0.005763239,-0.046945885,-0.097337306,-0.12435856,-0.08915761,-0.02499358,0.04776356,0.071513586,0.03673511,-0.01821873,-0.046968024,-0.024148911,0.03640163,0.09790343,0.10289417,0.04813294,-0.027238864,-0.07523525
-0.04095974,-0.025888173,0.028375285,0.08708481,0.10941195,0.092141874,0.04712253,0.021265266,0.025456857,0.074524686,0.11961316,0.13161694,0.09680813,0.04273316,-0.0017566752,-0.008632282,0.025340477,0.063367404,0.06788992,0.028216684,-0.03089123,-0.07123931,-0.06590104,-0.023346014
0.020798458,-0.060444582,-0.13907507,-0.14842047,-0.097710416,-0.0651171,-0.05327849,-0.120197594,-0.19056366,-0.25608683,-0.24447672,-0.1922181,-0.11059646,-0.07390122,-0.10718776,-0.16803752,-0.19849086,-0.15670228,-0.06527954,0.032640684,0.07718604,0.04667174,-0.019044746,-0.057328746
-0.07215483,-0.046068214,0.039020665,0.124802224,0.15312478,0.11969781,0.043554787,0.010147413,0.01951816,0.0996614,0.16751035,0.1863048,0.12744436,0.040117733,-0.02112017,-0.020077964,0.03747742,0.09962088,0.10581579,0.03954998,-0.0526088,-0.10990782,-0.099034265,-0.02736
0.022578193,-0.047131196,-0.15307817,-0.22319445,-0.20260642,-0.11922086,-0.023799827,-0.0049117845,-0.04189433,-0.13113575,-0.17265378,-0.13950223,-0.028629314,0.074458934,0.1126701,0.07057518,-0.01861056,-0.074871436,-0.04470433,0.052214123,0.13956544,0.15483743,0.0812497,-0.03157295
0.03251937,-0.01559402,-0.04310717,-0.011648663,0.06659485,0.13767086,0.17381065,0.14001712,0.07911684,0.05745811,0.08053881,0.13326895,0.19213293,0.20436586,0.15572043,0.07665477,0.020032138,0.0146788955,0.055694476,0.10036117,0.097046964,0.03742068,-0.044235256,-0.09738939
-0.13223235,-0.18104918,-0.16550055,-0.099443085,-0.036672138,-0.02180611,-0.06191279,-0.121536545,-0.14738959,-0.113674514,-0.032076403,0.040835362,0.06596532,0.038023822,-0.023104833,-0.060538,-0.036350578,0.035222217,0.09860403,0.10498923,0.051438414,-0.028097032,-0.07970563,-0.06968878
0.034871995,0.07178235,0.070550896,0.023569597,-0.045663062,-0.10016445,-0.1089215,-0.079655856,-0.042120777,-0.04786006,-0.09148301,-0.1478091,-0.18794008,-0.18050674,-0.13011496,-0.06933901,-0.04194881,-0.054031428,-0.09132336,-0.10908548,-0.07973358,-0.012211262,0.055056043,0.0868537
0.015787799,-0.026082326,-0.070657104,-0.07907624,-0.059662525,-0.04584435,-0.041888855,-0.08919432,-0.12582979,-0.16294448,-0.16137654,-0.13517927,-0.09474545,-0.0740476,-0.089462064,-0.11986099,-0.1355894,-0.111224286,-0.0540045,-0.003272963,0.025375737,0.018342745,-0.008492788,-0.024949932
-0.0028746566,0.004208942,0.0327622,0.06799528,0.06864675,0.022602208,-0.03912573,-0.0873712,-0.09135023,-0.06390875,-0.035462443,-0.037317667,-0.07306089,-0.1245199,-0.16148612,-0.14709693,-0.09696155,-0.036670335,-0.014566763,-0.029391523,-0.06410845,-0.079873756,-0.053766817,0.0065147225
0.06478292,0.11510732,0.12677543,0.09066141,0.032329172,-0.0023842123,0.004836793,0.046033114,0.08163965,0.08216515,0.034408003,-0.02616946,-0.07074613,-0.069110684,-0.023684753,0.023518832,0.03433558,-0.0040384945,-0.059205286,-0.09070571,-0.07084513,-0.0120534245,0.048694156,0.067001864
0.07973588,0.05410087,-0.0060753436,-0.05305054,-0.058668613,-0.03787391,-0.0045834095,-0.012106992,-0.042549428,-0.104885645,-0.14495778,-0.14580445,-0.10601967,-0.062397484,-0.042052794,-0.062196884,-0.10127644,-0.122381255,-0.09497579,-0.038982537,0.021549003,0.05044736,0.03542658,0.00046772964
0.09272697,0.10123806,0.051907662,-0.019756693,-0.072318934,-0.09036423,-0.06022866,-0.03879692,-0.035326734,-0.09255583,-0.15868151,-0.20331924,-0.19836311,-0.14962879,-0.097009115,-0.07760308,-0.095809825,-0.12879296,-0.13976559,-0.107529104,-0.03346876,0.036964953,0.0711374,0.059283458
0.057586864,0.1061493,0.114687115,0.073912315,0.00838616,-0.036237907,-0.038249772,-0.0069684437,0.03115856,0.025996873,-0.02327391,-0.0852968,-0.12955825,-0.12585878,-0.0811304,-0.031870905,-0.016912185,-0.042176735,-0.084449805,-0.11069495,-0.08423936,-0.016661055,0.04964431,0.07653164
-0.050821435,-0.016594075,-0.00032872029,-0.028180048,-0.073322944,-0.08198977,-0.056753434,0.012053107,0.066084415,0.0873869,0.06625124,0.03543436,0.012738556,0.035104267,0.08915369,0.13763429,0.14579548,0.09964404,0.032810215,-0.008422314,-0.0044790795,0.027860142,0.06192969,0.051456608
0.02086867,-0.009335723,0.005433121,0.06989894,0.12640996,0.119356506,0.05750482,-0.033451144,-0.08637595,-0.074123904,-0.020587616,0.020655721,0.020540478,-0.040866822,-0.122501425,-0.16382371,-0.14011294,-0.062763184,0.008395421,0.027786868,-0.017429829,-0.07711764,-0.10418927,-0.061913133
-0.06552379,-0.040387284,0.042913903,0.13287799,0.16615784,0.13901468,0.06946861,0.03164182,0.038016144,0.119494066,0.18727408,0.20926164,0.15269071,0.06774342,-0.0001725035,-0.0042002914,0.047863737,0.10815311,0.11394327,0.048274945,-0.04462764,-0.10869605,-0.10140836,-0.034348037
-0.15008815,-0.15108207,-0.09396323,-0.033843357,-0.014389867,-0.035889607,-0.097136326,-0.119609386,-0.09877432,-0.03434666,0.035711978,0.07040293,0.04609974,-0.0053599766,-0.03899449,-0.028093707,0.027181696,0.086250894,0.10454988,0.05967793,-0.011274719,-0.0592076,-0.06062389,-0.017959422
0.028776765,0.00085127784,0.01691127,0.087004,0.15533869,0.16599888,0.12041814,0.03322419,-0.020335581,-0.0072047124,0.04364164,0.08623579,0.09517119,0.03626436,-0.05170192,-0.10446738,-0.0975533,-0.033897243,0.032547686,0.05041204,0.0034613507,-0.06367063,-0.10311854,-0.078516126
0.04424654,0.021647539,0.026508417,0.076457955,0.1255767,0.12676248,0.091995984,0.019814115,-0.027683016,-0.024780512,0.009159127,0.037454087,0.041654658,0.0021503428,-0.06828857,-0.11041049,-0.10419944,-0.050132465,0.0014380595,0.023049936,-0.004499318,-0.054204974,-0.079777755,-0.05506609
-0.003722635,-0.055118937,-0.12613629,-0.16953978,-0.15089838,-0.093054846,-0.028620087,-0.013886764,-0.04068274,-0.096327476,-0.116682805,-0.087561704,-0.011141114,0.0601842,0.08633323,0.05597069,-0.0011946379,-0.03641586,-0.015532196,0.048014197,0.10337024,0.10592052,0.050885886,-0.027001536
-0.12551798,-0.17133188,-0.15319866,-0.086435385,-0.028643481,-0.019110933,-0.066328116,-0.12819201,-0.15038222,-0.116731405,-0.035279103,0.029736424,0.05166331,0.01657386,-0.04494522,-0.07365597,-0.038881265,0.03342509,0.09245282,0.09928094,0.042561173,-0.036157694,-0.078590624,-0.06601297
-0.014650678,-0.0015810013,0.04463026,0.09619049,0.10359346,0.06343456,-0.006205909,-0.057653554,-0.058360122,-0.020734401,0.019142225,0.020893775,-0.020739088,-0.08625265,-0.13224189,-0.12557036,-0.0707105,-0.012207898,0.010304165,-0.017302219,-0.06877801,-0.095803715,-0.069609284,-0.00738121
-0.0076988135,-0.051772084,-0.12154607,-0.17356879,-0.16182695,-0.10429371,-0.03314218,-0.0044831424,-0.022214638,-0.08030472,-0.10948396,-0.0866659,-0.010498587,0.06760526,0.102793306,0.07432906,0.010253798,-0.033147994,-0.018368673,0.04122767,0.10362098,0.11674941,0.063485764,-0.017897766
0.11176534,0.07524841,0.03374506,0.044712786,0.09589161,0.13008185,0.1473804,0.092104904,0.025466528,-0.020119572,-0.024764905,-0.0017693575,0.04015389,0.045805346,-0.001633684,-0.06809865,-0.11013713,-0.0989093,-0.045777828,0.014203517,0.037400942,0.00828315,-0.03839975,-0.062922396
0.06795957,0.034388073,-0.020063197,-0.04454703,-0.0042145303,0.07698817,0.16124229,0.184316,0.14590989,0.09574009,0.06756621,0.090201594,0.1583637,0.21784288,0.22213912,0.16574663,0.0792717,0.017521147,0.01680029,0.06923405,0.11184407,0.09954309,0.031828027,-0.054580692
0.13525417,0.10481849,0.07437325,0.09451854,0.15287471,0.18950215,0.20039804,0.14229324,0.06786103,0.025166886,0.022137575,0.045663886,0.07885329,0.07203005,0.015817385,-0.060795907,-0.10885323,-0.09818319,-0.04331869,0.010655639,0.02517823,-0.006018186,-0.056278955,-0.07203799
-0.03696588,-0.0777169,-0.082930245,-0.043744795,-0.003797045,-0.008258851,-0.051367532,-0.122109264,-0.15662824,-0.15248393,-0.105475955,-0.06349852,-0.044483818,-0.07262929,-0.12508993,-0.1493919,-0.12568964,-0.057806127,0.0070868223,0.03469244,0.010197255,-0.03564572,-0.062320154,-0.042529475
-0.04741057,-0.115784556,-0.16220379,-0.15299298,-0.09247943,-0.03315924,-0.0049546524,-0.03397082,-0.08002857,-0.10904366,-0.0797523,-0.015890144,0.060240082,0.09222534,0.067897014,0.011532343,-0.026416745,-0.015338947,0.04088877,0.09945072,0.11044244,0.06251623,-0.015942082,-0.07250441
0.026990607,0.0487697,0.08683433,0.124924704,0.12461913,0.08297568,0.025659444,-0.016936053,-0.019944454,0.0116178375,0.031243913,0.022377321,-0.023807948,-0.08436045,-0.12184724,-0.11000655,-0.0669587,-0.021188997,-0.008221436,-0.035666488,-0.07414932,-0.08753961,-0.05646183,0.0038930557
-0.026604252,0.019481333,0.03028027,-0.018607475,-0.09291283,-0.13099098,-0.1176214,-0.05001526,0.013608297,0.023801692,-0.017146297,-0.07048009,-0.108215034,-0.08258854,-0.0149906175,0.052723106,0.07198484,0.034772076,-0.031611215,-0.0707094,-0.0476886,0.016002767,0.07825681,0.08926881
0.053348593,0.12230564,0.1471681,0.10324052,0.030202258,-0.006363555,0.015792225,0.09322459,0.15131518,0.16299191,0.10685434,0.02793563,-0.029702302,-0.018906085,0.047310177,0.10985687,0.11863543,0.0550625,-0.038843323,-0.09098741,-0.073049985,-0.0007015509,0.0716243,0.085968085
-0.15384392,-0.15015472,-0.08741372,-0.024436582,-0.0075075882,-0.03087801,-0.09542881,-0.115134805,-0.092770636,-0.018335667,0.053357027,0.08999282,0.056921955,-0.0011279068,-0.03204153,-0.013427457,0.046967592,0.104598925,0.117794834,0.062154304,-0.01605643,-0.06620065,-0.063617125,-0.016262295
-0.09496827,-0.094003364,-0.05567073,-0.02048605,-0.027150925,-0.07451705,-0.14173353,-0.17111698,-0.15211788,-0.11122185,-0.06311576,-0.056407977,-0.087961905,-0.13158217,-0.15108399,-0.1223532,-0.054484036,0.007353925,0.021760004,-0.00413757,-0.0496928,-0.06772841,-0.040916603,0.015022096
-0.046155944,-0.027880402,-0.031533018,-0.07263759,-0.12569515,-0.15141541,-0.1448086,-0.09846962,-0.053519633,-0.051625993,-0.07490164,-0.10513936,-0.118270315,-0.09487131,-0.04008761,0.015400829,0.03680151,0.016024359,-0.023006521,-0.038662467,-0.018979441,0.024475144,0.06387882,0.06388914
0.018957494,0.019286228,-0.033874568,-0.117962256,-0.16702361,-0.15109335,-0.08193498,-0.0141976345,0.011075296,-0.037493702,-0.10120966,-0.13363376,-0.10397036,-0.024804948,0.057113666,0.08418012,0.043201398,-0.02756162,-0.06788632,-0.043028377,0.030411445,0.100627735,0.11088805,0.05611929
0.078420155,0.037156235,-0.03995616,-0.09140242,-0.09119395,-0.0703181,-0.029217841,-0.045224994,-0.081573755,-0.15841606,-0.19662234,-0.20101981,-0.14328615,-0.08313026,-0.06606458,-0.092305206,-0.13339902,-0.14723408,-0.11534388,-0.036340136,0.036764063,0.06533653,0.042569384,-0.0030359286
-0.0082154935,0.0042975307,0.04215985,0.07861683,0.07946233,0.04084515,-0.020915063,-0.06076873,-0.06084495,-0.035482116,-0.0063261883,-0.008944141,-0.045400042,-0.099113286,-0.13123925,-0.12570642,-0.07985165,-0.03086991,-0.009072404,-0.030369017,-0.06756881,-0.08033926,-0.055323057,0.0007748691
0.0040700072,0.03463224,0.1035117,0.17516167,0.19038849,0.14189509,0.06423848,0.014006072,0.0132057,0.07245552,0.11750972,0.114739455,0.050565317,-0.036630746,-0.09978464,-0.094295435,-0.0358231,0.028252713,0.03761454,-0.011466577,-0.08306872,-0.12224522,-0.09243355,-0.011699
0.029233918,0.048422363,0.09201765,0.13915691,0.15135877,0.120550476,0.069196545,0.030474564,0.024422098,0.056801077,0.08321156,0.07605,0.034793288,-0.024941154,-0.07109509,-0.07116754,-0.037065927,0.003645366,0.009817162,-0.01528399,-0.061028212,-0.08318152,-0.0636921,-0.009418398
0.08145064,0.08763058,0.048182447,-0.007492762,-0.0432071,-0.05179465,-0.02491908,-0.0046952,-0.004592381,-0.049961552,-0.1035731,-0.13739623,-0.12950514,-0.0938946,-0.0552968,-0.041156735,-0.0614883,-0.0905757,-0.10101962,-0.07327867,-0.016700886,0.035730142,0.0556544,0.041598827
0.04393358,0.017818255,0.02251005,0.07693257,0.132824,0.13816974,0.09860783,0.021759328,-0.03385671,-0.028920062,0.009387688,0.047296125,0.052702084,0.0054511083,-0.06801131,-0.11376067,-0.106373996,-0.049552627,0.011110602,0.03211188,-1.1712948e-05,-0.05795882,-0.08974368,-0.06544269
-0.17800076,-0.17023425,-0.08627892,-0.00011290026,0.018754117,-0.023866229,-0.11363495,-0.14861803,-0.117394805,-0.02355204,0.0700879,0.10261469,0.054066103,-0.026102481,-0.07548309,-0.04890913,0.040710002,0.12204997,0.13220136,0.065358944,-0.03726678,-0.101499245,-0.084961794,-0.014341551
-0.12115506,-0.1257296,-0.09011402,-0.051503338,-0.056030963,-0.10197369,-0.17184573,-0.20967528,-0.19173501,-0.14723136,-0.09255725,-0.07281127,-0.10092605,-0.1426937,-0.16487917,-0.13916752,-0.06731369,0.0033100438,0.031263072,0.0037498772,-0.042374264,-0.06916227,-0.045341384,0.009687632
0.13293244,0.15989587,0.12876676,0.072105005,0.042257886,0.06442233,0.13246688,0.18078691,0.1840394,0.14240274,0.06733568,0.02092279,0.02541555,0.07186735,0.116371356,0.117622346,0.05642471,-0.02210381,-0.06859108,-0.058103397,-0.0006678224,0.058239814,0.069162995,0.029572906
0.0434974,0.07271346,0.07308128,0.04393738,-0.00229177,-0.038803946,-0.042334694,-0.027224982,-0.0058564856,-0.0109175425,-0.04379232,-0.08631113,-0.11798213,-0.113098994,-0.08266002,-0.047179226,-0.03210948,-0.04303957,-0.069463484,-0.08333182,-0.062094092,-0.015760604,0.032350663,0.05522327
-0.09967729,-0.063067906,-0.008919748,0.0061449893,-0.020880526,-0.04627712,-0.068855256,-0.028268559,0.026139818,0.08342135,0.10206279,0.09012905,0.046559017,0.021448923,0.040846206,0.08902099,0.12787408,0.12542005,0.079223834,0.014411798,-0.028401418,-0.025461713,0.007514922,0.035162687
-0.10749333,-0.07594631,-0.021479236,-0.0038651645,-0.03002548,-0.060510978,-0.09437788,-0.06206906,-0.009697826,0.046892747,0.07222966,0.06266837,0.020010166,-0.012487882,0.0051197335,0.05522913,0.10425556,0.11086392,0.07330332,0.012042457,-0.034331743,-0.03312361,0.0016080064,0.03442161
0.11501458,0.081836596,0.05085061,0.070831224,0.12945686,0.17017539,0.18480404,0.1283404,0.06011037,0.020509094,0.019946398,0.046686694,0.08553081,0.08270683,0.027644867,-0.045470808,-0.095010504,-0.08492811,-0.0310351,0.022498257,0.035428714,0.003287876,-0.05000351,-0.07164531
0.15763497,0.19519891,0.15612473,0.07486757,0.025515663,0.039218817,0.121144794,0.19893825,0.21247068,0.15614903,0.0593836,-0.010246524,-0.009055162,0.053116884,0.12215217,0.13381955,0.070607565,-0.02913099,-0.099293694,-0.08524383,-0.006903614,0.07464128,0.09996039,0.055044763
0.007971372,-0.028074663,-0.08291632,-0.12072661,-0.11118367,-0.07029829,-0.024361528,-0.0143704,-0.03467791,-0.07976631,-0.10116315,-0.08124609,-0.025706379,0.02477938,0.047872275,0.027557509,-0.016600847,-0.04394832,-0.024072848,0.02374791,0.06906247,0.07854214,0.040762052,-0.014837476
0.08982976,0.051682957,0.015805617,0.033929463,0.08895556,0.1290851,0.14455011,0.087339304,0.022929212,-0.015003113,-0.011581712,0.018686417,0.061652888,0.06564552,0.015507969,-0.051443193,-0.09309046,-0.08049663,-0.025643526,0.028583916,0.043229695,0.007564689,-0.043805044,-0.07064427
-0.0096373325,-0.01350706,-0.060569476,-0.136701,-0.18795647,-0.17826673,-0.1257122,-0.07092797,-0.04096219,-0.083123185,-0.13379116,-0.1605085,-0.13296293,-0.0630654,0.014139918,0.047214616,0.023485731,-0.033486433,-0.064159445,-0.041730944,0.021387005,0.08583973,0.10264071,0.056382716
0.10326373,0.09132919,0.05002363,0.022223616,0.031294335,0.05665719,0.095412925,0.09363347,0.06288238,0.012885298,-0.023525048,-0.03153292,-0.001640611,0.02963123,0.032223064,-0.0010473643,-0.04788538,-0.075554416,-0.06502902,-0.022019507,0.023298189,0.038916793,0.0191576,-0.0135605745
-0.017753795,0.005779639,0.06463348,0.12243023,0.12343344,0.06459338,-0.02530406,-0.080835804,-0.07869137,-0.028368859,0.014987941,0.0142653715,-0.046332046,-0.1296406,-0.17880715,-0.16150574,-0.09030279,-0.016550789,0.008579201,-0.033255707,-0.09441181,-0.12107374,-0.0827217,0.002108995
0.16707061,0.13309023,0.047918558,-0.010397234,0.007373447,0.075472295,0.16000244,0.16530393,0.11164023,0.016441626,-0.04900535,-0.05291705,0.019198032,0.088826545,0.10486943,0.048689593,-0.04610685,-0.11338101,-0.09808971,-0.012298482,0.07132307,0.09846727,0.051327135,-0.03134716
0.021817146,-0.009307034,-0.061422583,-0.09365989,-0.081434,-0.04247497,0.007064407,0.013663398,-0.008232283,-0.050312404,-0.07302206,-0.05839032,-0.007613543,0.043241806,0.05892256,0.034462277,-0.012202994,-0.038621813,-0.02378032,0.02103589,0.06556273,0.072119705,0.03574872,-0.017675802
-0.0415292,0.0042425487,0.016505394,-0.03907736,-0.121757634,-0.16500777,-0.15913409,-0.086289704,-0.01583197,-0.008643932,-0.0484481,-0.107079186,-0.14462587,-0.12249087,-0.040948085,0.03565751,0.06591569,0.025188224,-0.04110823,-0.081067935,-0.057399843,0.016382124,0.08629703,0.09715537
-0.00819174,-0.05661742,-0.12545095,-0.1702786,-0.15568456,-0.10040048,-0.039261017,-0.024620289,-0.04837562,-0.10265179,-0.12412842,-0.09594803,-0.022391751,0.046012446,0.075943254,0.04867338,-0.005473432,-0.041000098,-0.017910466,0.04129319,0.09652131,0.102898,0.052047905,-0.02382477
0.05377278,0.084675476,0.079606526,0.04370117,-0.007635687,-0.050373945,-0.051389236,-0.03472052,-0.012365731,-0.023152132,-0.06344703,-0.109773465,-0.14210588,-0.1310016,-0.10065353,-0.06493963,-0.05201757,-0.05979318,-0.08603264,-0.09508238,-0.06454545,-0.013341482,0.03852915,0.06507784
-0.11499779,-0.057609007,0.019570658,0.04434841,0.001330849,-0.053137705,-0.093797885,-0.05196794,0.019577762,0.098652266,0.122859366,0.094120614,0.019398516,-0.019648483,0.0006918923,0.066040136,0.13128589,0.14055927,0.07889652,-0.013063945,-0.06897033,-0.060871985,0.00013144221,0.05600632
0.0298082,-0.02672949,-0.11415979,-0.17066342,-0.15241697,-0.081843615,-0.0031846284,0.0118291695,-0.022503452,-0.09417799,-0.12905374,-0.10154616,-0.012491383,0.0669062,0.0995912,0.06690364,-0.0044742553,-0.05534393,-0.0326601,0.044978693,0.11423695,0.12418964,0.06473538,-0.029565558
-0.05246573,-0.098337844,-0.109624706,-0.074700594,-0.034119703,-0.035614848,-0.07651903,-0.1465364,-0.183527,-0.18170032,-0.13472353,-0.082624674,-0.058408573,-0.07925418,-0.12864546,-0.15667993,-0.13748737,-0.066352166,0.008365898,0.03819788,0.019358827,-0.02746176,-0.0607032,-0.043597527
0.0019776667,-0.036456615,-0.016220065,0.07047037,0.15232146,0.15710519,0.0989881,-0.0016961719,-0.062265683,-0.044342685,0.02705223,0.08140962,0.092230625,0.030779777,-0.076113746,-0.14158708,-0.12420859,-0.035848845,0.04285308,0.06599403,0.00979484,-0.077567756,-0.12546672,-0.09060246
0.07459601,0.16585597,0.20487815,0.15511909,0.06702841,0.021966824,0.04476529,0.1404435,0.21189862,0.22909054,0.15913619,0.06259563,-0.014368726,-0.008457474,0.0669835,0.13942318,0.14554721,0.06870848,-0.045182794,-0.114831805,-0.097453564,-0.008144313,0.079968534,0.10485309
0.034810882,0.0071924296,0.018250206,0.08229265,0.14375335,0.14909011,0.10698998,0.021650583,-0.030122787,-0.022765527,0.023798207,0.05843906,0.066467464,0.01643584,-0.066674665,-0.11727637,-0.10762573,-0.045678258,0.015285555,0.03731921,-0.0015875167,-0.06294441,-0.09536746,-0.07074283
-0.110029995,-0.077898555,-0.033501584,-0.027570153,-0.07585355,-0.13788103,-0.18895862,-0.17298745,-0.1181304,-0.065875486,-0.046264213,-0.06502903,-0.11981201,-0.14799476,-0.12408678,-0.056628067,0.0147644915,0.046142675,0.020603165,-0.036961958,-0.06890453,-0.0524107,0.0063721263,0.062126316
0.015962034,0.07914867,0.13195446,0.1357233,0.07908553,0.005217862,-0.048812896,-0.04128189,0.00058969134,0.042051297,0.029566705,-0.019011866,-0.10236509,-0.15206164,-0.13929048,-0.08056505,-0.022725351,-0.0035847777,-0.03552123,-0.1001121,-0.12339258,-0.08717636,-0.0069804136,0.06997242
0.07669332,0.037005372,-0.030914133,-0.06844246,-0.02998634,0.058448944,0.15415208,0.18396764,0.14359339,0.081213735,0.043969072,0.0665605,0.1464114,0.21724425,0.23061807,0.17422913,0.07851028,0.0069398438,0.0060295714,0.07017955,0.125287,0.11967454,0.047205072,-0.051740766
0.021270026,-0.02677216,-0.10064725,-0.14935645,-0.13161242,-0.0722988,-0.0059463517,0.011631677,-0.020097945,-0.08144532,-0.110604934,-0.083075926,-0.007975915,0.06065005,0.08899665,0.05624497,-0.007008751,-0.04806775,-0.025655318,0.03952648,0.10001941,0.10698877,0.05194463,-0.026002614
-0.027820256,-0.10046406,-0.15034689,-0.13466585,-0.06575028,-0.0046437155,0.02346874,-0.016194709,-0.07418846,-0.106203154,-0.07443905,-0.00688548,0.07000965,0.10133055,0.06505732,-0.0017510108,-0.042073473,-0.02517708,0.036329355,0.101555936,0.11249559,0.054983992,-0.02815111,-0.08263812
0.025820749,0.009869261,-0.014051025,-0.028587222,-0.012912495,0.03191842,0.07408867,0.093211405,0.08106581,0.0548216,0.04166951,0.050338775,0.085936986,0.11558191,0.12428075,0.1007002,0.060717307,0.02064667,0.013275165,0.038476553,0.057023093,0.053189885,0.023038184,-0.02517844
0.032965712,0.02776598,-0.0323329,-0.116219945,-0.15843858,-0.13642287,-0.06679128,-0.0022590864,0.013961966,-0.040453706,-0.10510876,-0.13259596,-0.095385425,-0.01857933,0.057905596,0.081382625,0.038024437,-0.031975515,-0.06672442,-0.032345355,0.04265912,0.10470754,0.10751678,0.046623033
0.055246416,0.120864056,0.13055688,0.066486925,-0.029281154,-0.08984903,-0.08280396,-0.01664255,0.044349715,0.04258451,-0.02448349,-0.11021516,-0.17063524,-0.15493378,-0.07719478,0.0029835794,0.026932476,-0.0187904,-0.09664074,-0.13689746,-0.10011067,-0.006385826,0.085100405,0.11517176
0.021398164,-0.018462129,-0.039937783,-0.014456547,0.04710587,0.099513575,0.11917828,0.08786847,0.039782044,0.019362431,0.0399794,0.08452583,0.13262326,0.13701048,0.09453574,0.030816458,-0.007972431,-0.0042031636,0.03759233,0.07695854,0.07418419,0.024553126,-0.038525578,-0.076167226
-0.077518046,-0.05311891,0.037546873,0.1296883,0.15742308,0.117127486,0.027986066,-0.012858352,-0.002854885,0.082090706,0.15836424,0.17818521,0.11415352,0.016269475,-0.04996149,-0.04357999,0.026944153,0.09820857,0.10614385,0.038925286,-0.06255081,-0.12403047,-0.107259005,-0.02532769
0.074059404,0.07708002,0.03372266,-0.02744309,-0.07063345,-0.078229666,-0.04766572,-0.029202843,-0.024345772,-0.071651004,-0.12613554,-0.16291483,-0.15330026,-0.110441945,-0.06286506,-0.042372175,-0.06075297,-0.09569538,-0.10950934,-0.080711946,-0.02115883,0.0396562,0.06585091,0.04812035
0.04537413,0.027974734,-0.0037109724,-0.019986026,0.007291705,0.065592535,0.12456401,0.14516667,0.12417356,0.09046194,0.06888349,0.08212404,0.12838334,0.16659686,0.16978653,0.1289278,0.065791905,0.01851321,0.01661386,0.0480152,0.07591591,0.06989009,0.02357476,-0.037565567
-0.1218316,-0.0916629,-0.0417961,-0.032587335,-0.06817735,-0.110054575,-0.1478251,-0.11401655,-0.056554854,-0.0025214865,0.02056605,0.009395709,-0.034568302,-0.059707172,-0.036270443,0.020966139,0.075073294,0.09097941,0.056480575,-0.0019712974,-0.040603373,-0.031012585,0.009378621,0.049632937
-0.0753104,-0.12782514,-0.1572911,-0.15011817,-0.11149382,-0.071920194,-0.056891587,-0.07332259,-0.094840795,-0.11108058,-0.08058952,-0.032268215,0.024692416,0.05088391,0.03828869,0.0053604655,-0.010600204,0.0018063271,0.04028025,0.080039635,0.08336919,0.047327396,-0.0057819095,-0.04657707
-0.023716692,0.008615572,0.08725366,0.16332051,0.19169061,0.18357572,0.13530985,0.11690706,0.12432301,0.19150662,0.2405469,0.24808197,0.19750713,0.11973232,0.06933055,0.063544,0.09831889,0.11996258,0.10679712,0.043636065,-0.03931701,-0.08916937,-0.08081902,-0.037156083
-0.03398583,-0.02283231,0.025559165,0.081810474,0.091173135,0.045841433,-0.027603189,-0.082972296,-0.08313634,-0.038092334,0.008584785,0.014960368,-0.029171715,-0.094953805,-0.14341278,-0.13575397,-0.076411515,-0.008028153,0.017956056,-0.013897388,-0.06910765,-0.09983866,-0.074984916,-0.007152149
-0.080001675,-0.040619403,-0.030561486,-0.089944996,-0.18103948,-0.23437119,-0.23526286,-0.16328259,-0.08582205,-0.07519886,-0.107246585,-0.16252363,-0.20077011,-0.17166196,-0.08158279,0.0049625817,0.04831203,0.018087553,-0.045380004,-0.085949376,-0.061361335,0.0160904,0.0919041,0.10892658
0.10137932,0.18872581,0.2295171,0.19923522,0.1345496,0.10298897,0.12486781,0.19712526,0.2480077,0.26893428,0.20500417,0.12524821,0.05126477,0.044576846,0.09205707,0.14146894,0.13364667,0.066335194,-0.028150808,-0.09597462,-0.088008806,-0.020230995,0.05006046,0.07536769
-0.025079286,-0.044429988,-0.0075155194,0.07548797,0.15439945,0.17944622,0.14783114,0.09459861,0.05220397,0.090725385,0.15522835,0.21396327,0.21574712,0.16178615,0.077521674,0.016281342,0.014310954,0.06385329,0.10887929,0.09859398,0.033828598,-0.052651983,-0.10724652,-0.088882975
-0.024132155,-0.008569511,0.04209451,0.09544016,0.104055226,0.060968127,-0.009707326,-0.05340283,-0.051670615,-0.0095297145,0.03296733,0.034894273,-0.00967954,-0.07636518,-0.121787444,-0.11457202,-0.05771195,0.0022858244,0.020330865,-0.011652825,-0.066015504,-0.09570964,-0.07093222,-0.0060535795
-0.042207904,0.034087263,0.121682666,0.14819005,0.102758326,0.041808758,-0.011107776,0.02177818,0.08463403,0.16092615,0.16863708,0.12916152,0.036013007,-0.029974448,-0.019244686,0.042578354,0.10096977,0.1075262,0.051894344,-0.047512114,-0.10583233,-0.086683534,-0.015293079,0.059030876
-0.052842706,-0.014804932,0.011934816,-0.006558293,-0.04593019,-0.062144995,-0.04560816,0.020416679,0.07302319,0.100846305,0.08591544,0.0563566,0.025711576,0.040672313,0.08386493,0.12527704,0.13327065,0.09960094,0.03608372,-0.010446756,-0.013618524,0.015579163,0.046866424,0.050770998
0.11696927,0.07348683,-0.0186385,-0.08224782,-0.07249328,-0.017507408,0.057267033,0.057988685,0.010178665,-0.08239975,-0.1395535,-0.13466713,-0.05962785,0.018006304,0.041123774,-0.0045764744,-0.083657004,-0.13149674,-0.10354149,-0.015590076,0.072564915,0.100255504,0.056629516,-0.019612087
-0.031784177,-0.019261185,0.03339076,0.09574879,0.10801138,0.06329448,-0.0089956075,-0.06499863,-0.06451462,-0.014995971,0.035237294,0.041634366,-0.0055654626,-0.073319264,-0.1275579,-0.12198865,-0.061459113,0.0066257217,0.027087195,-0.007464463,-0.06806443,-0.10486501,-0.07901184,-0.00919098
-0.023345087,0.032127928,0.105338655,0.14042033,0.119355455,0.08061327,0.04026979,0.05888371,0.099491544,0.15905958,0.17530811,0.14733629,0.07773619,0.022381408,0.016294086,0.04898021,0.093017325,0.09759877,0.05327129,-0.020562328,-0.074849255,-0.07550785,-0.027558371,0.026707808
-0.10628455,-0.06604001,-0.0016683192,0.022215893,-0.0067642387,-0.046528056,-0.093223296,-0.06666107,-0.01518852,0.04961846,0.07668065,0.06885882,0.011948159,-0.032308184,-0.018928744,0.03134053,0.087159745,0.102901876,0.07211073,-0.0014995759,-0.053822163,-0.053714316,-0.012196582,0.035974383
-0.07983647,-0.07805948,-0.044286612,-0.013119221,-0.015431306,-0.0516331,-0.1125424,-0.14008449,-0.12829183,-0.09225727,-0.05203971,-0.038803186,-0.06537812,-0.11031165,-0.12729785,-0.10591619,-0.050874744,0.0018599954,0.024635997,-0.0010402789,-0.041681994,-0.05922063,-0.040934492,0.0060451403
0.03349942,0.017517779,0.03565739,0.09256447,0.14269672,0.14707364,0.10837004,0.042340413,-0.00051681546,0.012940083,0.052438144,0.08182377,0.07852185,0.028334362,-0.038763218,-0.07922291,-0.06948095,-0.022785533,0.023031605,0.030137751,-0.009687075,-0.06147218,-0.08538079,-0.059349906
0.08229246,0.14284703,0.16785051,0.14311872,0.09836394,0.07942866,0.100712,0.15629771,0.18833722,0.19840296,0.15044254,0.09068001,0.040614706,0.040025603,0.07881343,0.11133095,0.102810346,0.04730137,-0.024048587,-0.068991594,-0.059335593,-0.0094199255,0.038492475,0.050323088
0.023716396,0.03687899,0.0681524,0.10196649,0.10425374,0.065166436,0.006291637,-0.035501778,-0.042804018,-0.021657227,-0.00023223602,-0.0060750158,-0.042539783,-0.09866564,-0.13504088,-0.12780921,-0.085030414,-0.037035145,-0.017554583,-0.032491673,-0.06577524,-0.07997459,-0.054940835,0.0009397353
0.043164708,0.006610248,0.005754,0.063530065,0.12151165,0.11707043,0.06042018,-0.04238848,-0.10635733,-0.10359468,-0.058529727,-0.01435647,-0.006857756,-0.06395595,-0.14633675,-0.18994321,-0.17244382,-0.09346855,-0.010222613,0.020158306,-0.013463812,-0.07126792,-0.10162892,-0.06523645
0.031200483,-0.037487447,-0.082490645,-0.052883707,0.035660658,0.11002474,0.14049548,0.08886412,0.010707033,-0.02354252,0.0050429287,0.075528026,0.15054487,0.16619217,0.10844735,0.019656595,-0.038776916,-0.02654444,0.040924113,0.10794921,0.11185371,0.04325248,-0.05269445,-0.10705083
0.0695537,0.08240498,0.045806088,-0.015730422,-0.062035125,-0.07022354,-0.033127118,-0.00048403328,0.010207471,-0.030965947,-0.08850979,-0.12928632,-0.12743974,-0.08158774,-0.027627561,-0.00756031,-0.028160557,-0.07212765,-0.097498864,-0.08111907,-0.021741007,0.040356085,0.06931031,0.050985258
0.025692796,0.043191046,0.079895556,0.12494105,0.1301461,0.08561003,0.02563214,-0.030690521,-0.039292198,-0.006554363,0.018292995,0.01432034,-0.031741317,-0.090694964,-0.13997287,-0.13575707,-0.09320192,-0.034421433,-0.012327565,-0.036523007,-0.075550154,-0.09514872,-0.06709111,-0.00071535056
0.107748136,0.056554683,0.009385317,0.028392479,0.09595395,0.14437833,0.1638505,0.09851908,0.016237313,-0.030862302,-0.024733445,0.016488735,0.06892285,0.075217225,0.019531412,-0.061730973,-0.11056608,-0.09671787,-0.0308798,0.037151724,0.05581339,0.011685112,-0.052354857,-0.08388
-0.15838729,-0.11620393,-0.044247344,-0.023610204,-0.06710942,-0.116759904,-0.1689311,-0.12794255,-0.055459227,0.020427328,0.056120023,0.04380949,-0.018306596,-0.058946703,-0.02990562,0.0415167,0.117713146,0.13298151,0.08699446,0.0026192353,-0.05629474,-0.052220885,0.0027928648,0.05340916
0.037662264,0.014771793,0.03435807,0.10580386,0.16902812,0.1681553,0.1211145,0.035950564,-0.01674442,-0.003689618,0.047147855,0.082483634,0.08031041,0.026937345,-0.06436396,-0.12050099,-0.10895312,-0.040129125,0.018228382,0.03440213,-0.0098883705,-0.07634443,-0.106694974,-0.069359556
0.12866321,0.11267757,0.08859303,0.10009642,0.13985881,0.1675571,0.17903183,0.13499765,0.07945152,0.04463182,0.031892497,0.043145757,0.06490029,0.056599915,0.013809899,-0.0412031,-0.08141493,-0.079791434,-0.041687857,-0.0018527315,0.012652734,-0.0059494404,-0.037989363,-0.050190408
-0.041385192,-0.002476074,0.010429273,-0.030738939,-0.096150964,-0.13537244,-0.13218696,-0.07246257,-0.015604323,-0.0022801473,-0.031798564,-0.07529268,-0.1109586,-0.09355015,-0.031554773,0.03109944,0.056344658,0.030518241,-0.023767568,-0.061556663,-0.045566615,0.009449622,0.06459198,0.0800637
0.10164754,0.05067483,-0.0018189923,0.0050896564,0.0641048,0.11513298,0.13462543,0.07128273,-0.0035464426,-0.061659567,-0.06502068,-0.025707228,0.035626307,0.047996234,-0.0013727625,-0.07946973,-0.13497843,-0.12286586,-0.048047274,0.0268342,0.0559759,0.0249021,-0.03878609,-0.076258875
0.022814674,-0.0136094745,-0.004496665,0.06517956,0.13541582,0.14461115,0.09589035,0.0023192067,-0.057903644,-0.05284056,0.0027506598,0.04999965,0.06422846,0.011317672,-0.07841031,-0.13888437,-0.12695964,-0.056039732,0.020161105,0.04773201,0.006388136,-0.06599245,-0.107262455,-0.083079986
-0.10642714,-0.06477523,-0.011215469,-0.004551178,-0.059649363,-0.12930687,-0.1846631,-0.16315521,-0.1032443,-0.04568721,-0.02765335,-0.05362007,-0.12098057,-0.1523254,-0.12549062,-0.05398869,0.020803936,0.05103967,0.01720664,-0.050423473,-0.08548322,-0.06293077,0.004572671,0.070464455
0.0629461,0.10894068,0.10907342,0.061113514,-0.010655659,-0.06157893,-0.058079377,-0.02280731,0.017209815,0.011358978,-0.041811984,-0.11066238,-0.15508968,-0.1438633,-0.093086675,-0.031456426,-0.011565118,-0.03786817,-0.09208755,-0.1133625,-0.08180473,-0.010486933,0.06177357,0.088048145
0.20163898,0.16649745,0.07705218,0.025056103,0.058391344,0.13894174,0.23362717,0.22848043,0.15710576,0.054515697,-0.015199074,-0.01385238,0.06320062,0.13498245,0.13813739,0.0566089,-0.05842367,-0.12884323,-0.10207834,-0.011230935,0.07776832,0.098243356,0.036598828,-0.052659158
-0.19868778,-0.18940686,-0.10181918,-0.016509127,0.0006179018,-0.03269616,-0.11958659,-0.14779648,-0.11308979,-0.019593697,0.075807236,0.1142375,0.0674747,-0.008098736,-0.049216516,-0.0288428,0.057974406,0.12954356,0.14278844,0.06895979,-0.03333548,-0.09783707,-0.08337648,-0.020861145
-0.04785689,-0.12594089,-0.18446426,-0.18224686,-0.12532392,-0.06858705,-0.04379316,-0.0823177,-0.13148974,-0.17137942,-0.14316827,-0.079266265,0.0058971425,0.043565195,0.02072528,-0.032204777,-0.06553398,-0.047475163,0.018434456,0.09155879,0.111076124,0.06664921,-0.0104535045,-0.06954561
0.06236973,0.006565986,-0.03284687,-0.0040516243,0.08719512,0.17193176,0.21610376,0.17205988,0.09574261,0.059105095,0.074444674,0.13453081,0.20856558,0.22374325,0.16581783,0.068052,-0.010540257,-0.016702097,0.042661767,0.103123635,0.11003098,0.050257493,-0.048974715,-0.11241268
0.09444723,0.100690305,0.040073726,-0.046284936,-0.101668075,-0.10487994,-0.052619405,-0.014143942,-0.00421917,-0.07034174,-0.14909503,-0.19496594,-0.1756704,-0.10988096,-0.04580789,-0.02412037,-0.059916843,-0.11279905,-0.13426922,-0.09457128,-0.008690308,0.069430694,0.09652251,0.06378572
0.08357176,0.17162928,0.21611853,0.1854067,0.114519134,0.07903456,0.09824609,0.17772922,0.23634337,0.2615871,0.20227772,0.11923836,0.04183793,0.03661648,0.090417765,0.1491187,0.15193611,0.08292209,-0.0217098,-0.09332489,-0.08938705,-0.021881044,0.055279016,0.08171826
-0.08370203,-0.055220626,-0.016347738,-0.013324135,-0.055306166,-0.11003253,-0.15464939,-0.14111121,-0.095367484,-0.05805952,-0.04336117,-0.065618314,-0.11234346,-0.13512592,-0.11340968,-0.062337734,-0.003912774,0.02108925,0.0007648304,-0.044871207,-0.06800147,-0.046725817,0.004738972,0.053921074
-0.104749374,-0.09709105,-0.04147508,0.0117928805,0.011077252,-0.041948143,-0.1293897,-0.17344296,-0.15411635,-0.09754882,-0.03816962,-0.02236954,-0.065712556,-0.13428926,-0.17040977,-0.14314795,-0.06481942,0.013123223,0.04074676,0.00044833866,-0.0639395,-0.09432573,-0.06496757,0.0076245805
-0.07919269,-0.034149412,-0.021690752,-0.079941235,-0.17234963,-0.224157,-0.21812266,-0.14228508,-0.060859296,-0.040749982,-0.07649837,-0.13072632,-0.1741662,-0.1436164,-0.054837666,0.03722226,0.07476483,0.041621726,-0.030164815,-0.07948796,-0.057771802,0.018827591,0.094963625,0.11277333
0.020627076,-0.037969068,-0.09526675,-0.10220165,-0.06678383,-0.040301166,-0.03249473,-0.08205468,-0.13417737,-0.18264149,-0.17506208,-0.13680145,-0.07801283,-0.053393766,-0.076564625,-0.119310856,-0.1399679,-0.11334351,-0.04735092,0.023550646,0.054860067,0.031676434,-0.013989924,-0.04367102
0.019432241,0.024715235,-0.0019876494,-0.047849767,-0.061548736,-0.024198512,0.044420138,0.109224476,0.1215362,0.09870514,0.057325576,0.043822106,0.06738068,0.12092196,0.17287852,0.17463161,0.12373231,0.051241536,0.00805589,0.012660816,0.05139455,0.083429806,0.069102906,0.012796325
-0.042538397,-0.0071118614,0.0130664045,-0.0116923135,-0.056403015,-0.07337645,-0.05913205,0.0049427585,0.05683775,0.076890156,0.05813266,0.023465293,-0.0034237318,0.010707245,0.05922308,0.107558385,0.12204047,0.08496126,0.021580013,-0.017371347,-0.0161327,0.016698707,0.053754985,0.053226095
0.09745609,0.12427843,0.10757612,0.06338643,0.033800457,0.04319348,0.0900247,0.13416544,0.1452819,0.11494796,0.057870664,0.013584225,0.01086463,0.04253608,0.08075713,0.08773557,0.049756516,-0.011914763,-0.05573819,-0.05222281,-0.0107447095,0.038779065,0.056616087,0.031478647
-0.043429878,-0.122988135,-0.18035585,-0.17137375,-0.10697991,-0.049179446,-0.02559531,-0.07159641,-0.128567,-0.16936177,-0.13749167,-0.06790764,0.016580392,0.054750316,0.021987936,-0.04477308,-0.082524896,-0.057481088,0.017189378,0.091443956,0.11090465,0.059517596,-0.023382533,-0.07857279
0.008878203,0.009092281,-0.043690056,-0.12994666,-0.18446976,-0.1753678,-0.11221226,-0.04207226,-0.012633781,-0.06419157,-0.12591651,-0.16314682,-0.13402055,-0.05296986,0.031708427,0.0628674,0.03145173,-0.035030853,-0.076729804,-0.049182948,0.026137762,0.09762419,0.11352018,0.061198667
0.06608119,0.13740534,0.17272118,0.14561857,0.085566126,0.054320388,0.068965025,0.13236451,0.1816465,0.19993295,0.15121414,0.0807998,0.018461585,0.014366647,0.06159745,0.110130556,0.11513586,0.058449823,-0.025117261,-0.082643375,-0.07724538,-0.018204844,0.047704164,0.068910815
-0.10936716,-0.1648493,-0.15334666,-0.076086655,0.0049239374,0.026369624,-0.014477905,-0.08640901,-0.13335705,-0.10101726,-0.014286532,0.069543585,0.09800804,0.064691275,-0.013090043,-0.0674689,-0.04965446,0.03025856,0.10536203,0.118626215,0.062341157,-0.035001345,-0.101800315,-0.0922176
-0.015977446,-0.03015538,0.00021773162,0.06703279,0.13171841,0.16066067,0.1461847,0.10984145,0.078659706,0.10849122,0.15890926,0.20047978,0.20532009,0.16698587,0.10335919,0.052053973,0.045781657,0.07093434,0.09560119,0.08632939,0.03408785,-0.034928333,-0.079384536,-0.076340936
0.04670092,-0.011897307,-0.053760853,-0.026535254,0.06210729,0.14099027,0.18007311,0.14238967,0.06822507,0.03684425,0.05575595,0.120929174,0.1939831,0.20746614,0.15089944,0.06529299,-0.001962273,-0.0009051827,0.054671876,0.11573349,0.1197257,0.05176064,-0.046065457,-0.10617843
-0.062274534,-0.033068817,-0.012317937,-0.029407399,-0.06453883,-0.07081414,-0.04918202,0.011559882,0.062866285,0.091675855,0.0808533,0.057542644,0.036604196,0.05413566,0.09693373,0.1417241,0.14888611,0.11202847,0.049052946,0.007472651,0.001322501,0.024735933,0.05057309,0.04333146
0.10486049,0.048393134,-0.002512692,0.013474832,0.087906994,0.14554644,0.16836512,0.10583695,0.021032767,-0.034817524,-0.029938992,0.015232928,0.08037307,0.090211466,0.033450186,-0.056570336,-0.116971515,-0.10474393,-0.03085514,0.046358325,0.069320686,0.02649334,-0.050584126,-0.091415636
-0.099915706,-0.059733,-0.007778952,-0.003021667,-0.056151405,-0.12299279,-0.17533545,-0.14892834,-0.08942888,-0.03476256,-0.018130694,-0.04530449,-0.10917863,-0.14004214,-0.11299712,-0.041572656,0.030345082,0.05679399,0.01878841,-0.044514373,-0.07907815,-0.05670345,0.007926683,0.07052968
-0.1199088,-0.15430056,-0.14122891,-0.092190854,-0.045167264,-0.027304145,-0.05206131,-0.08739075,-0.10171594,-0.06877882,-0.007282055,0.05322848,0.073780924,0.05347589,0.014278339,-0.008447462,0.008961251,0.05551515,0.099493206,0.0953854,0.052217867,-0.011906561,-0.054096516,-0.055620283
0.06933107,0.05830809,0.072241366,0.12805662,0.177791,0.17628472,0.1395252,0.06643185,0.016676897,0.021017598,0.05132153,0.07212082,0.06540762,0.01743729,-0.05773676,-0.10759817,-0.10199161,-0.052101772,-0.003241611,0.009771101,-0.020024901,-0.069881,-0.08948326,-0.0589382
