-0.12637831,-0.120811656,-0.06382932,-0.010322447,-0.0076497863,-0.06462494,-0.14616635,-0.1966594,-0.18645172,-0.12549467,-0.060903247,-0.043591004,-0.08537288,-0.14979449,-0.18287584,-0.15473318,-0.07562679,0.0048027686,0.034772497,-0.004135007,-0.07233357,-0.10570131,-0.07797358,-0.009169422
0.051107466,0.022463556,-0.019693017,-0.042081043,-0.015215652,0.044259373,0.09583112,0.10970267,0.08336747,0.039509438,0.01659006,0.03432235,0.086938374,0.12743764,0.12690836,0.08898728,0.035661183,-0.007470876,-0.0070076594,0.029427404,0.06530152,0.06381087,0.022013258,-0.03680523
-0.09930149,-0.14381424,-0.14603484,-0.102352396,-0.051483996,-0.0334886,-0.053268652,-0.0959848,-0.12633531,-0.11882507,-0.07012622,-0.013387163,0.01062421,-0.009636178,-0.056771815,-0.09687078,-0.10292828,-0.065607466,-0.015464566,-0.0027034322,-0.040850498,-0.1027133,-0.1499024,-0.16268094
0.020371279,0.06292364,0.10205991,0.1072937,0.06556975,0.0050302,-0.039337527,-0.040873006,-0.010328865,0.024996405,0.028886415,-0.0076490035,-0.06439141,-0.09648312,-0.08331355,-0.033917114,0.021215932,0.051381767,0.036639307,0.0027011689,-0.0101533085,0.015648732,0.073910095,0.14002761
-0.005969374,-0.0050062584,-0.06500958,-0.14945899,-0.20120624,-0.18740728,-0.11979329,-0.05579833,-0.034264572,-0.07597229,-0.13901378,-0.1698002,-0.14050496,-0.061241195,0.025082968,0.050041888,0.012059917,-0.048350673,-0.08596834,-0.06468662,0.0022683607,0.06967183,0.07905505,0.01693688
-0.08211523,-0.023307323,0.03876571,0.065429226,0.04002627,-0.0041881483,-0.032126863,-0.012113709,0.04555147,0.10061805,0.11444278,0.08160207,0.017846584,-0.022644874,-0.014230513,0.026209587,0.06095062,0.06352099,0.017475672,-0.058297493,-0.1191045,-0.11135286,-0.0680978,-0.033918697
-0.035409726,0.016785115,0.03546936,0.010062846,-0.041508123,-0.07127407,-0.055159204,-0.002884154,0.053769987,0.072785124,0.045694567,-0.0036555897,-0.040288813,-0.030663844,0.021197945,0.066588186,0.07683942,0.045731213,-0.014989313,-0.06252363,-0.06783451,-0.022820659,0.018965388,0.019960683
0.059833396,0.079991534,0.052242655,0.0035278916,-0.019562595,0.007774343,0.071541175,0.13249967,0.1559256,0.12831977,0.07614692,0.04415659,0.05725793,0.10968608,0.16505764,0.17346272,0.12685563,0.060545746,0.010174042,0.011580737,0.05409254,0.09997738,0.10398964,0.054432414
0.13496822,0.073519915,0.0339783,0.05042935,0.113743804,0.16884275,0.1742904,0.12726247,0.05078953,0.0048209364,0.009669432,0.05713364,0.10785035,0.11451234,0.05970698,-0.00954261,-0.053019747,-0.04104793,0.019374413,0.093339175,0.12954381,0.0859437,0.03120246,0.016242823
0.12431836,0.20992842,0.24467798,0.2200479,0.16597496,0.1373836,0.15618719,0.21975979,0.28141847,0.29542267,0.24515767,0.16551523,0.10401167,0.10407428,0.15258375,0.202703,0.20054503,0.14580168,0.06420067,0.0125904465,0.02318236,0.087731756,0.14853829,0.17136127
0.05630776,0.023957517,0.031248575,0.071598716,0.11054608,0.112219945,0.07450809,0.01603908,-0.028851975,-0.02648578,0.012296676,0.049343925,0.059539717,0.02706049,-0.030610971,-0.061234783,-0.039207906,0.016323721,0.07363603,0.102607556,0.09607753,0.049521364,0.02775382,0.065377325
0.046193715,-0.009808503,-0.0914786,-0.14024758,-0.11752415,-0.04890471,0.01965665,0.03469295,-0.0070245625,-0.07249847,-0.10365016,-0.07316324,0.009262206,0.08128496,0.10053214,0.06079557,-0.007604004,-0.051291242,-0.027825193,0.044892192,0.11453118,0.12371632,0.06827744,-0.011917646
0.09065124,0.049407527,-0.021610519,-0.077555336,-0.08254467,-0.049279913,-0.012384058,-0.009432526,-0.050762948,-0.11350445,-0.15506507,-0.1489501,-0.09486711,-0.037521172,-0.013848312,-0.03030943,-0.069422826,-0.09571121,-0.07000932,0.001920539,0.08020958,0.10938056,0.08959456,0.05075025
-0.014257562,0.0058443584,0.065784454,0.13028765,0.15946186,0.14221701,0.09813321,0.069085024,0.07533183,0.119587116,0.16271386,0.17057063,0.13309446,0.07192267,0.020532161,0.013420944,0.042156458,0.07594091,0.07903247,0.039627515,-0.022860367,-0.06631101,-0.06266629,-0.01709948
0.16680434,0.19794676,0.16578116,0.10109441,0.063196875,0.08314323,0.139644,0.19942833,0.21491812,0.17330655,0.098672695,0.04559278,0.04944279,0.10140255,0.15780348,0.17602201,0.13354729,0.059546243,0.0063731475,0.021669295,0.09351142,0.1647267,0.18993604,0.16272378
0.011019564,0.062652,0.1115853,0.11771129,0.07422653,0.014063088,-0.029919975,-0.027240688,0.010497816,0.050264847,0.054125022,0.012321449,-0.047179423,-0.08303992,-0.07082309,-0.01634288,0.045154773,0.06853897,0.042574655,-0.0033132264,-0.023908608,0.005174318,0.06792959,0.1343368
0.013178491,0.01887278,-0.02783616,-0.10357961,-0.15053971,-0.14156501,-0.087145574,-0.034443688,-0.016653417,-0.053746838,-0.11200201,-0.145156,-0.12266607,-0.057416346,0.015998796,0.043437038,0.01517688,-0.041168664,-0.07531829,-0.05641827,0.0030820004,0.067236036,0.081030816,0.0336151
0.03223644,-0.02141173,-0.10573411,-0.15705484,-0.13240604,-0.054013874,0.0269633,0.05490836,0.021605888,-0.043343056,-0.07572204,-0.0434027,0.042800277,0.12312543,0.1512116,0.11044462,0.033123493,-0.01961777,-0.0072780172,0.057935778,0.12618898,0.1372169,0.07865253,-0.016786776
0.04902019,0.01839935,-0.024949865,-0.039428916,-0.0021105362,0.06423498,0.123436175,0.1398196,0.11266858,0.067122556,0.043932416,0.06574394,0.117298596,0.1553591,0.1478343,0.096291006,0.022273598,-0.03007689,-0.029349962,0.008154481,0.036730893,0.02269239,-0.03415591,-0.10401673
0.08258022,0.033028085,-0.048006028,-0.11209851,-0.11709272,-0.08126118,-0.034707777,-0.029468594,-0.07015439,-0.13401653,-0.16923895,-0.15373014,-0.08603614,-0.018425677,0.013476298,0.0011037545,-0.03652181,-0.05951196,-0.025071362,0.05595974,0.14349075,0.17385893,0.14460765,0.09799274
-0.0003803382,-0.039769605,-0.00690885,0.08324646,0.1709942,0.19816007,0.15661472,0.0832068,0.032571312,0.053088874,0.123689674,0.18974341,0.20185009,0.14052446,0.036414128,-0.030632922,-0.025810769,0.031093173,0.091947965,0.1009656,0.043071542,-0.055035617,-0.1107094,-0.08616093
0.023110649,0.033469904,-0.009746148,-0.07895766,-0.12583748,-0.118329056,-0.06241439,-0.0065329373,0.015179148,-0.016079003,-0.07058155,-0.103644654,-0.08542927,-0.024332287,0.045011114,0.06992623,0.04344929,-0.008936752,-0.045725048,-0.031776518,0.025918795,0.08642318,0.09987605,0.058458224
0.03328688,-0.04911483,-0.110547766,-0.11245375,-0.061450623,-0.012094394,-0.0044896794,-0.054798067,-0.13085032,-0.1792046,-0.16214159,-0.09646833,-0.02131048,0.001764401,-0.039151676,-0.09673327,-0.123834185,-0.09955736,-0.019714674,0.06344602,0.10363899,0.06519189,0.0014038524,-0.029114893
0.09081224,0.05943038,0.08304326,0.14920048,0.21364781,0.22617204,0.17648344,0.103847735,0.049562186,0.056665663,0.10654723,0.15236542,0.15565354,0.10075112,0.012179191,-0.03615916,-0.020197796,0.03790949,0.098204724,0.12196785,0.098249465,0.030236367,-1.5455864e-05,0.04557888
0.21406423,0.25667426,0.21534014,0.13523175,0.08304999,0.10958337,0.18959628,0.26951867,0.28707293,0.22595693,0.117471196,0.041105926,0.03989359,0.105147526,0.1704491,0.1770321,0.10974668,0.004786179,-0.07128805,-0.05429178,0.03369596,0.116946116,0.14310925,0.10332598
0.045781232,-0.020751452,-0.118058436,-0.1749006,-0.15023275,-0.070051126,0.007951017,0.024874633,-0.024780955,-0.10356983,-0.14241508,-0.106727876,-0.01274849,0.07079416,0.0917578,0.041577064,-0.03967409,-0.09012566,-0.063727774,0.019334983,0.0990046,0.10871909,0.045244683,-0.049977813
-0.12639421,-0.06463109,0.0028287652,0.022488883,-0.021539478,-0.08684839,-0.12636825,-0.10560417,-0.03591641,0.030144555,0.049359906,0.011623616,-0.061599344,-0.10151254,-0.07430686,-0.013529477,0.046416402,0.067915894,0.018596007,-0.06764637,-0.13162361,-0.11614205,-0.055426385,-0.010803019
0.07850369,0.0983207,0.055585563,-0.0080675,-0.040665258,-0.00909364,0.0651173,0.13417536,0.15393111,0.11277583,0.04223454,0.0019227659,0.019872863,0.08412872,0.14536361,0.15165026,0.09289812,0.010664279,-0.043258026,-0.031600654,0.027641414,0.087367825,0.093299046,0.03680158
0.027516566,-0.04085307,-0.09128872,-0.09071307,-0.043736845,-0.0013058813,0.0054622698,-0.03534839,-0.09638327,-0.13204704,-0.112542875,-0.054628864,0.009377128,0.030279038,0.00042110396,-0.042842712,-0.067274034,-0.045640506,0.024087938,0.09395589,0.12646857,0.09545561,0.04194315,0.015562453
0.08109168,0.045562834,-0.014362241,-0.05878695,-0.058799826,-0.027515693,0.006144365,0.009993394,-0.023146015,-0.07175614,-0.10137143,-0.09091013,-0.043273628,0.0049050506,0.023579447,0.00953367,-0.02360658,-0.043292467,-0.02006223,0.040597457,0.10717074,0.12984763,0.11061528,0.078064516
0.090556026,0.042970005,-0.0327824,-0.073386945,-0.04092395,0.04271737,0.12273854,0.14217064,0.095729366,0.020325258,-0.023383807,-0.00044150904,0.07951552,0.14445296,0.14355224,0.08200096,-0.005686697,-0.072459035,-0.06296261,0.005625316,0.0712176,0.07154648,0.0049775233,-0.08152599
0.027703516,-0.0109431045,0.018126251,0.09550015,0.16896379,0.17943034,0.12014552,0.037506517,-0.01728751,-0.00087224826,0.066597156,0.1252606,0.13314681,0.07093309,-0.025310166,-0.073171,-0.050015364,0.018005887,0.089105055,0.10784662,0.06477943,-0.015653811,-0.053722743,-0.010723432
0.078766346,0.054720618,0.0071894857,-0.019372635,0.004582927,0.06587178,0.12751111,0.14906558,0.12420847,0.07325443,0.04052199,0.051826,0.10235597,0.14833747,0.15250327,0.11076366,0.042850763,-0.011488921,-0.013661635,0.026458666,0.06906266,0.07103655,0.02520422,-0.03929868
0.080179445,0.03623286,-0.030243995,-0.078509845,-0.078093365,-0.042679284,-0.01125012,-0.013862696,-0.05594502,-0.111012265,-0.14133191,-0.12612708,-0.069925055,-0.0192817,-0.005645415,-0.023598751,-0.051629934,-0.06759967,-0.03864654,0.029092146,0.10189147,0.12502143,0.10511242,0.07246673
-0.09524944,-0.051652696,-0.010733705,-0.013127102,-0.069003455,-0.13879564,-0.18035969,-0.16994421,-0.1195183,-0.07017853,-0.05948213,-0.094671056,-0.15013917,-0.17454953,-0.14090006,-0.074513204,-0.006476108,0.024916992,-0.00084869534,-0.053654082,-0.082807936,-0.051155362,0.013191868,0.06615842
-0.02189622,0.020409353,0.025017243,-0.01423305,-0.0745469,-0.1112335,-0.10017549,-0.0520692,-0.0012094985,0.011536842,-0.019191694,-0.06743542,-0.10106316,-0.07896664,-0.009065696,0.04633976,0.060769685,0.042830266,-0.00510341,-0.036792114,-0.023231886,0.033207845,0.08439879,0.088669166
-0.13977088,-0.08462957,-0.029047258,-0.029768106,-0.09627895,-0.18188322,-0.2353585,-0.22091286,-0.15330052,-0.08811594,-0.06896352,-0.10959775,-0.17836468,-0.2116916,-0.16975051,-0.08486472,0.003122345,0.042348847,0.005112812,-0.06877542,-0.11310676,-0.076794684,0.0019123675,0.063290074
0.008313668,-0.07918262,-0.13728532,-0.13549444,-0.0833997,-0.041647084,-0.04698057,-0.10574281,-0.18226261,-0.22094215,-0.19233887,-0.120349005,-0.046151478,-0.026451118,-0.06472299,-0.11285479,-0.12647173,-0.08546123,0.0035442782,0.086980805,0.12284932,0.0835238,0.026642224,0.0051347152
0.024610227,0.076361105,0.12585339,0.14295237,0.11740621,0.07928478,0.056747302,0.06872947,0.105402656,0.14132877,0.14226392,0.10502211,0.051344693,0.019413514,0.023517497,0.055133883,0.08914237,0.09532488,0.060847133,0.012559018,-0.014584986,-0.0007927728,0.04211122,0.08866083
-0.056781575,-0.0075978944,-0.0130001195,-0.07813084,-0.16597015,-0.21439308,-0.19157644,-0.1253243,-0.059659433,-0.04962078,-0.09667996,-0.15986179,-0.19419734,-0.15689836,-0.06156288,0.012394469,0.030051028,-0.0022287562,-0.06360908,-0.0975687,-0.07247588,0.0075714556,0.069695845,0.06654639
-0.041544147,-0.101604514,-0.13916469,-0.12839924,-0.0762204,-0.026048817,-0.005912499,-0.032133844,-0.07706521,-0.10293737,-0.08138489,-0.024225991,0.035612464,0.05399549,0.023817137,-0.02771125,-0.063135,-0.057370313,-0.010129492,0.03464797,0.03991941,-0.003869017,-0.06698178,-0.11371925
0.015399917,-0.033932287,-0.10680495,-0.14922394,-0.13099632,-0.0704536,-0.0031939868,0.014684899,-0.018954752,-0.075630985,-0.10598319,-0.08041114,-0.008487316,0.057622693,0.076666586,0.037502505,-0.029974423,-0.07387757,-0.05621345,0.0055058836,0.06183709,0.06660204,0.013270138,-0.06421658
0.11502753,0.06577609,-0.018891823,-0.080262884,-0.07406401,-0.016689321,0.042327445,0.054323673,0.0052041425,-0.07397269,-0.12628812,-0.1157806,-0.045655087,0.02623841,0.049823247,0.014622185,-0.04913434,-0.09355196,-0.07406502,0.0072309333,0.096770205,0.12215018,0.08603351,0.023036173
-0.052816287,-0.116041176,-0.10647245,-0.03918406,0.029837398,0.038696066,-0.019105732,-0.106339164,-0.1662243,-0.15291323,-0.07733945,-0.0013509562,0.023601502,-0.023273781,-0.10629664,-0.15494168,-0.1261079,-0.040472705,0.045703307,0.07519927,0.035989143,-0.049797125,-0.09593433,-0.06782972
0.07744699,0.055186003,0.07017321,0.11133988,0.14497958,0.13986363,0.09062045,0.03189361,-0.010280963,-0.0047277324,0.028573973,0.05492597,0.051919397,0.012893449,-0.04365875,-0.06598763,-0.03853508,0.017022973,0.0672211,0.0898718,0.08280934,0.045751687,0.041123044,0.09138385
0.020930167,-0.055169087,-0.101717375,-0.07833547,0.002157673,0.075636536,0.10112561,0.062627174,-0.0039109546,-0.04235166,-0.015353061,0.06033918,0.13372782,0.15024473,0.097487316,0.01818264,-0.038784955,-0.031749997,0.03254533,0.096813455,0.10957748,0.045457274,-0.04143752,-0.09562923
0.03523551,0.05209654,0.028182814,-0.0051857335,-0.0121080475,0.024255361,0.08715577,0.14187825,0.16023065,0.13149999,0.084575355,0.060872722,0.074556045,0.11713198,0.15346211,0.14476158,0.08185668,0.0072201733,-0.038487375,-0.040440638,-0.017150998,0.010925321,-0.001999408,-0.062185414
0.0871343,0.060137764,0.007866632,-0.022653209,0.001461238,0.064618126,0.12883838,0.15094997,0.12316569,0.06909225,0.034380835,0.04597773,0.10128061,0.15108773,0.15699986,0.11570027,0.04615444,-0.009684821,-0.01016733,0.036107756,0.085506156,0.09013167,0.043134805,-0.022457562
-0.008876954,0.056325115,0.11468973,0.117509544,0.05251379,-0.035153132,-0.095842086,-0.09024211,-0.036771554,0.018746441,0.025519758,-0.029011952,-0.108440734,-0.14975917,-0.12057616,-0.039794646,0.044417866,0.08316185,0.05346586,-0.0048581115,-0.028787311,0.01514528,0.103255846,0.19130552
0.01870333,0.037851054,0.08083853,0.1184312,0.12179833,0.089552484,0.03963084,0.0115880305,0.016001359,0.052096903,0.08224172,0.079392,0.043094587,-0.0027120244,-0.030546337,-0.014242492,0.0308424,0.07326758,0.0842203,0.061129365,0.030426105,0.01821873,0.045630913,0.10546958
-0.10791094,-0.042257685,0.02478056,0.03479233,-0.028033031,-0.11707762,-0.17549527,-0.16192318,-0.09228722,-0.021213869,-0.0038851593,-0.052040767,-0.1353586,-0.17816502,-0.14137472,-0.057623606,0.024771933,0.06220413,0.022146687,-0.05662835,-0.10739819,-0.07330488,0.010807602,0.08276341
0.03722114,-0.010663356,-0.04128452,-0.025979547,0.026694156,0.07650842,0.0917297,0.064244814,0.015096335,-0.018339202,-0.009459447,0.034120914,0.07880176,0.08755836,0.047678582,-0.010930372,-0.05437075,-0.05594297,-0.0158211,0.028333066,0.03852433,-0.0033927376,-0.059666213,-0.09453323
0.09983537,0.11343193,0.06970286,0.0014251126,-0.046007153,-0.04188819,0.0007991068,0.047838926,0.057428706,0.018515106,-0.045847464,-0.08815794,-0.079394594,-0.02421482,0.038253695,0.061914034,0.035128936,-0.013079387,-0.045104258,-0.02049357,0.051291406,0.11916927,0.14595267,0.12386216
0.17813674,0.14094914,0.06734994,0.016763337,0.029459631,0.090415776,0.14652766,0.15567185,0.101304285,0.016390773,-0.045896333,-0.046241157,0.011016852,0.06677649,0.068039276,0.018800613,-0.055854596,-0.114164345,-0.10307638,-0.025259929,0.06024135,0.07965158,0.041815683,-0.011884294
-0.027864894,-0.008278449,0.06684973,0.13951217,0.15303339,0.10000572,0.013491266,-0.043168955,-0.03946135,0.022932662,0.0867657,0.095978625,0.04110877,-0.04177423,-0.099341996,-0.08480585,-0.0038498573,0.07876795,0.1027955,0.05933407,-0.009165864,-0.052281905,-0.022131663,0.06972139
-0.08738221,-0.094104566,-0.068150684,-0.036812257,-0.031265303,-0.060966503,-0.106918596,-0.13937564,-0.13840376,-0.10605543,-0.06420814,-0.045129552,-0.061936896,-0.097572654,-0.12026021,-0.11077276,-0.06665931,-0.015014082,0.008587846,-0.008443467,-0.046559826,-0.073243365,-0.066028245,-0.03158419
-0.028670894,-0.09210417,-0.14006895,-0.13796455,-0.09144273,-0.04157486,-0.01989762,-0.044177506,-0.09132482,-0.12247429,-0.10500766,-0.047968168,0.015788564,0.042848814,0.021243917,-0.026721204,-0.06211166,-0.053619348,-0.0024302457,0.050017167,0.06811506,0.03300969,-0.025950933,-0.07298832
-0.06870083,-0.006612293,0.012098123,-0.023405654,-0.08566172,-0.11774387,-0.09186609,-0.02307998,0.048577406,0.07103928,0.033039395,-0.027298095,-0.06987287,-0.0513601,0.019215576,0.075993136,0.076708086,0.027661381,-0.04801775,-0.1048974,-0.11367739,-0.05492374,-0.0055222865,-0.0163099
-0.13383739,-0.11899407,-0.06454434,-0.009688345,-0.00062602304,-0.03652763,-0.09218028,-0.11835144,-0.0959809,-0.038937334,0.015176091,0.029511478,-0.0107924035,-0.06410159,-0.09028321,-0.07546267,-0.025906293,0.027154261,0.033542994,-0.019780774,-0.09451719,-0.12903568,-0.111299805,-0.07139502
0.11290432,0.0296089,-0.01899082,0.004454265,0.087667815,0.15713477,0.16466798,0.10414625,0.013128758,-0.037312433,-0.015853057,0.05652677,0.12907211,0.1363588,0.066207245,-0.01829136,-0.06445989,-0.043240014,0.037086044,0.12411994,0.15802681,0.09502798,0.01615527,-0.010666639
-0.147939,-0.14346893,-0.09197901,-0.035752706,-0.020416021,-0.056032877,-0.111691125,-0.14472713,-0.12921011,-0.07324504,-0.013554972,0.008033978,-0.024369076,-0.07805078,-0.10849206,-0.09758197,-0.048965044,0.008139538,0.023939585,-0.020121414,-0.09512433,-0.13852943,-0.13139345,-0.093930036
-0.038793385,0.014942928,0.018962504,-0.03746953,-0.119400814,-0.1688039,-0.15595573,-0.095776655,-0.032046057,-0.017174684,-0.058187637,-0.12178225,-0.15972424,-0.13258423,-0.04704657,0.029012777,0.05420036,0.02611203,-0.03460807,-0.07228592,-0.052162994,0.026206506,0.09254775,0.10052927
0.057062436,0.01737758,-0.0007425984,0.028862556,0.090030804,0.14562853,0.16753209,0.14430615,0.09908896,0.07488722,0.08839456,0.13136172,0.17183398,0.17217381,0.12004513,0.052336123,0.0076778326,0.0042476393,0.03493152,0.06957565,0.071854606,0.019366803,-0.04149658,-0.07078941
0.08109711,0.046749696,-0.010292687,-0.05452376,-0.058214393,-0.032638475,-0.003312392,-0.002560788,-0.036392204,-0.0857583,-0.115327016,-0.10799929,-0.06297223,-0.017422168,0.000826428,-0.011970582,-0.038765892,-0.054221287,-0.030651273,0.028680783,0.09402099,0.11572794,0.09852332,0.070671625
0.15123841,0.17709866,0.14563484,0.09074459,0.05775311,0.076478735,0.13003807,0.18229777,0.19156836,0.14886768,0.07707438,0.027938336,0.029985528,0.076855816,0.12349849,0.12921607,0.081560284,0.012746654,-0.03278945,-0.015964368,0.0469841,0.104267254,0.12076556,0.09322582
0.10004323,0.10456396,0.046465043,-0.041797288,-0.105417326,-0.11055939,-0.06792056,-0.0235651,-0.020144789,-0.06976902,-0.14388402,-0.19035803,-0.17491025,-0.1085757,-0.033991046,-0.0026266493,-0.020787286,-0.064489424,-0.08945378,-0.04925272,0.042191423,0.121962175,0.1540482,0.13431138
0.017350007,-0.043115955,-0.12544282,-0.17322119,-0.15378551,-0.08701767,-0.01932069,-0.006982447,-0.049421772,-0.11545234,-0.14422897,-0.11013598,-0.02633113,0.044254877,0.059490837,0.013963035,-0.04798699,-0.08549369,-0.06197921,0.0070278,0.07179819,0.07404751,0.01538753,-0.06651033
0.10918872,0.07008697,0.0021334477,-0.03171979,-0.0010839846,0.07621536,0.15019998,0.17086186,0.12888096,0.059648618,0.014518827,0.03082497,0.0961627,0.15543915,0.1564987,0.09688165,0.008414059,-0.054045565,-0.048654586,0.013391704,0.07510872,0.07579627,0.01877009,-0.05801036
-0.084237725,-0.122749485,-0.110964894,-0.060335424,-0.0084401695,0.0014833845,-0.026393842,-0.07506332,-0.10230337,-0.08109771,-0.021031063,0.035388395,0.05528778,0.025001395,-0.027266169,-0.05660241,-0.04345984,0.0053169164,0.05831829,0.067479566,0.026187897,-0.035898533,-0.076374754,-0.06986133
0.015308846,0.09956788,0.18647167,0.21964851,0.18576346,0.12549151,0.08213875,0.10030265,0.1619776,0.22245917,0.22741847,0.1688302,0.077957906,0.017963467,0.019834803,0.070240825,0.12128308,0.12648678,0.06424672,-0.022108406,-0.07948042,-0.063416734,0.0037768988,0.07309433
-0.014808711,0.030668892,0.12752838,0.21647157,0.24198498,0.19870643,0.1273314,0.09134738,0.115399726,0.18914682,0.24850556,0.24558158,0.17287357,0.08038029,0.019838402,0.029242098,0.082646966,0.13422206,0.13070187,0.061918445,-0.030464951,-0.07952931,-0.055355515,0.024435453
-0.013335569,-0.029111808,0.0005715012,0.06345235,0.12072917,0.13583754,0.113785505,0.072875075,0.049375072,0.068459064,0.11372243,0.1508828,0.15194996,0.10802775,0.04085265,-0.00072079885,-0.005247353,0.020072093,0.05252325,0.049471036,0.0003989629,-0.06504443,-0.104889885,-0.09267925
0.19578478,0.23219779,0.18823504,0.10935552,0.05961868,0.08536366,0.16297542,0.23642088,0.2507927,0.194235,0.096942,0.029635336,0.038713478,0.10539854,0.16839746,0.17998588,0.12282001,0.026910895,-0.035605554,-0.012944703,0.07547796,0.15862472,0.18155801,0.14544769
-0.011919611,-0.06486316,-0.09638921,-0.0846189,-0.036524218,0.0057181315,0.018689334,-0.008364973,-0.051476438,-0.0743458,-0.055242077,-0.0056785955,0.04366631,0.055418987,0.024757745,-0.021278676,-0.05188304,-0.043352343,0.00075759774,0.043973677,0.051823538,0.012072015,-0.04180155,-0.07558697
-0.109719746,-0.16234806,-0.1450884,-0.06930761,0.008262487,0.031893905,-0.0032888164,-0.06924097,-0.10860013,-0.082107164,0.00030869414,0.08104678,0.109563366,0.06678114,-0.0127981035,-0.064452834,-0.050876968,0.014183544,0.08236322,0.08952248,0.028784737,-0.06268671,-0.12186028,-0.11793705
0.030474225,0.08332487,0.12914287,0.13042144,0.076241896,0.005129312,-0.04305754,-0.041932773,-0.007346886,0.028482871,0.023474531,-0.02774503,-0.0943261,-0.1305378,-0.115628205,-0.05968587,0.0038738681,0.030684616,0.0060298517,-0.03354647,-0.04527438,-0.01155444,0.05822003,0.13518912
-0.13586926,-0.13174573,-0.09016874,-0.047364432,-0.034563802,-0.058202174,-0.09321585,-0.11576375,-0.10086071,-0.056522153,-0.008595431,0.009828943,-0.0086926045,-0.049546223,-0.076682344,-0.0697209,-0.031626135,0.0046569905,0.0138740465,-0.023460178,-0.08638877,-0.12228604,-0.12458805,-0.10232242
-0.023344247,-0.09920248,-0.14203896,-0.119530804,-0.044977803,0.019633707,0.040747903,-4.5600154e-05,-0.062646635,-0.09613294,-0.06554729,0.00885048,0.08133651,0.096955314,0.04830105,-0.023515688,-0.07197978,-0.06196201,0.0045257937,0.06433049,0.06819077,0.004609347,-0.080243126,-0.1338686
-0.025627322,-0.008317954,0.049389597,0.10993742,0.13401157,0.112054005,0.06533651,0.03389925,0.039518725,0.081850536,0.124027126,0.13182957,0.093833104,0.03309862,-0.016327377,-0.022058899,0.0107382005,0.04794891,0.053206712,0.01512732,-0.046403117,-0.089463234,-0.08486827,-0.038875587
-0.109132856,-0.16339122,-0.15020818,-0.07503556,0.0038190647,0.028996745,-0.006500262,-0.07130803,-0.113255434,-0.094211966,-0.019795652,0.0580551,0.082107894,0.040001962,-0.03848364,-0.09716334,-0.098008044,-0.039704803,0.025900045,0.034639183,-0.027296238,-0.12122509,-0.1827409,-0.18671255
0.035823345,-0.028235663,-0.07206025,-0.070452906,-0.029565437,0.007648351,0.014097439,-0.02719103,-0.08728546,-0.12140996,-0.10478098,-0.05304004,0.005806358,0.02130097,-0.013930627,-0.059520636,-0.074767716,-0.05078359,0.012309786,0.07772222,0.10977685,0.07628995,0.025866179,0.008452055
-0.042612147,0.017322857,0.030260788,-0.02022908,-0.09913329,-0.14664385,-0.13434933,-0.06955314,0.0008162612,0.020866346,-0.02011927,-0.0861799,-0.13283147,-0.11053717,-0.024980703,0.049350172,0.07168582,0.040994983,-0.031612936,-0.08126589,-0.070507236,0.004024004,0.07351929,0.07949018
-0.0621119,-0.011289116,-0.010582164,-0.07122339,-0.15498666,-0.20210181,-0.18776132,-0.12485642,-0.058159254,-0.042137545,-0.081086986,-0.14069188,-0.1743253,-0.14249621,-0.05148692,0.02793867,0.05661472,0.029922362,-0.03259755,-0.0728245,-0.05258908,0.02873839,0.09669736,0.09899071
-0.037536796,0.026563752,0.04752646,0.012615769,-0.04846825,-0.078185216,-0.052635603,0.013940535,0.08234852,0.09982035,0.059637576,-0.002569578,-0.04584053,-0.030417316,0.034210153,0.086452246,0.089158274,0.03980702,-0.037988886,-0.09481136,-0.10032876,-0.043306757,0.0052394196,-0.0024654057
0.09538035,0.16798384,0.19862676,0.17327683,0.12174051,0.0943016,0.10392492,0.15555382,0.20535302,0.21366513,0.16459848,0.09111421,0.0369287,0.034685504,0.07424394,0.11827434,0.12260491,0.07425705,-0.00095631625,-0.04653524,-0.037446745,0.02125227,0.080210134,0.10231251
0.045582183,0.010302954,0.01694779,0.053699754,0.09285112,0.092165425,0.050135233,-0.01266904,-0.060433637,-0.05870117,-0.019534232,0.017660912,0.031230003,-0.0024489923,-0.061147183,-0.086302355,-0.061732087,-0.008658539,0.052793108,0.08664304,0.08045636,0.03703906,0.015520232,0.054032963
-0.0168267,0.060140148,0.13516617,0.15385641,0.108545266,0.040778898,-0.0017347613,0.019021746,0.083396286,0.1434417,0.14866257,0.09216654,0.00825688,-0.03953861,-0.019737445,0.043957435,0.10199525,0.1134426,0.057488754,-0.021590495,-0.06906648,-0.042136103,0.029556038,0.0953449
0.02469286,-0.06900314,-0.139561,-0.14453809,-0.09222566,-0.043724153,-0.036093615,-0.091156565,-0.17173482,-0.22051589,-0.19605786,-0.12055735,-0.036436867,-0.0056078807,-0.03936804,-0.09465867,-0.11845889,-0.081167914,0.012884976,0.10675957,0.15417734,0.114264645,0.04654566,0.014534983
0.19156177,0.1584892,0.09152079,0.04921783,0.069667414,0.13408305,0.19484681,0.20436858,0.15149713,0.07381843,0.016001534,0.01708119,0.073668234,0.12590541,0.121333554,0.070537046,-0.008554052,-0.070220344,-0.0569198,0.020657627,0.101792224,0.11720484,0.074832834,0.024347443
-0.025373869,-0.009398391,0.06136796,0.13249445,0.14668663,0.09216028,0.006398191,-0.0524604,-0.053207513,0.008122853,0.069988325,0.07927009,0.026979813,-0.055822242,-0.11635139,-0.10233031,-0.026076857,0.053523846,0.08371967,0.049590454,-0.014626008,-0.05714466,-0.030307664,0.06360186
0.039268125,-0.04378677,-0.10544907,-0.10834351,-0.055864125,-0.0052675265,0.0024447036,-0.046903055,-0.123757176,-0.1718648,-0.15539362,-0.09058371,-0.014107527,0.010957105,-0.0268637,-0.08239037,-0.10975085,-0.08532291,-0.006995569,0.07798884,0.12116386,0.084668584,0.023073459,-0.007106592
0.12820016,0.052797634,6.0509137e-05,0.0065377913,0.068314254,0.12576841,0.13348532,0.077104636,-0.0110160615,-0.06735156,-0.059302982,-0.0024643603,0.067662366,0.08162368,0.02307119,-0.047279384,-0.082105644,-0.065379016,0.011817311,0.101911396,0.149863,0.10727808,0.042595245,0.024680933
0.01873814,0.022648204,-0.019839907,-0.0795642,-0.11768682,-0.1072821,-0.060091004,-0.016064057,-0.0037025784,-0.034719277,-0.083088785,-0.10853512,-0.08872263,-0.032737523,0.02536344,0.043029685,0.017012114,-0.027211819,-0.052133135,-0.03451153,0.017419672,0.07004321,0.08113971,0.04350717
0.00040234564,-0.0012552333,-0.050177194,-0.11215205,-0.14398064,-0.122243114,-0.06767536,-0.01816582,-0.0041712234,-0.03856227,-0.08539336,-0.10246615,-0.07505305,-0.013583824,0.04654537,0.058931768,0.023798771,-0.026215699,-0.055165417,-0.039337043,0.011432285,0.061037034,0.06409417,0.009900867
0.11756581,0.044914156,-0.0043036924,0.011327349,0.081722826,0.14670941,0.15682307,0.10832194,0.02869252,-0.01822665,-0.003060222,0.060351934,0.12613726,0.1388559,0.08222854,0.009386534,-0.032634374,-0.014559923,0.054723714,0.13352577,0.17291845,0.12537397,0.060802672,0.03665586
-0.04276889,-0.100895226,-0.14006373,-0.13437648,-0.09141578,-0.04990727,-0.03472222,-0.060530525,-0.10298513,-0.12876248,-0.110368446,-0.057861198,-0.003724695,0.015214089,-0.008450058,-0.05331521,-0.083779044,-0.07404168,-0.026796881,0.017755223,0.026430627,-0.011011006,-0.06607926,-0.107594386
-0.15368089,-0.15728746,-0.10973443,-0.06348452,-0.06809246,-0.13036047,-0.21108338,-0.2648957,-0.25910947,-0.20216715,-0.13672341,-0.116195865,-0.14891228,-0.20823362,-0.23967484,-0.21103401,-0.12471787,-0.03835451,-0.00029949797,-0.031030256,-0.09345221,-0.12676625,-0.10332305,-0.035263576
-0.04519579,-0.12669022,-0.17487726,-0.15444681,-0.082835265,-0.017900318,0.0019118824,-0.037592664,-0.10090985,-0.13205044,-0.10097815,-0.023458067,0.05160898,0.07160038,0.026945861,-0.044422455,-0.08851617,-0.07139024,-0.0059356736,0.054384787,0.061497625,-0.00015396113,-0.07948007,-0.13279337
0.16028933,0.12807886,0.063197166,0.020897044,0.035888422,0.09510604,0.15306513,0.16703615,0.12328204,0.05527493,0.0057144137,0.0098684,0.06488068,0.11883724,0.12372862,0.081576794,0.015512528,-0.034052305,-0.025255542,0.042537384,0.120230585,0.13739651,0.10236663,0.053838186
0.101737715,0.064862445,0.04246216,0.04816858,0.07964459,0.105819315,0.10074824,0.06539928,0.0154430345,-0.013647612,-0.009766887,0.016260816,0.047112964,0.04867721,0.014264575,-0.02080233,-0.029701918,-0.012469794,0.028050791,0.07583411,0.10530782,0.08449897,0.059640184,0.06401856
-0.012255773,0.06180708,0.1290893,0.1324049,0.061114904,-0.032596543,-0.095989995,-0.08835787,-0.03043616,0.024916857,0.025477014,-0.039784424,-0.12864195,-0.17604566,-0.14835733,-0.066799834,0.02031928,0.05321168,0.012398707,-0.05564249,-0.08667902,-0.04230636,0.05065258,0.14162701
-0.03541658,-0.08342186,-0.080596894,-0.037057016,0.008760171,0.011831066,-0.030066097,-0.092894256,-0.13587818,-0.12652212,-0.0726941,-0.01769836,0.0005414367,-0.028555596,-0.08051098,-0.11082683,-0.08824637,-0.02186442,0.04398879,0.06973296,0.047596946,-0.010125935,-0.0401174,-0.01863791
0.10267852,0.023366982,-0.034239102,-0.023951227,0.0427609,0.104069255,0.112966925,0.05866296,-0.02700713,-0.079638064,-0.06564124,-0.00025444152,0.071748264,0.08851892,0.03245252,-0.039524686,-0.08201251,-0.06338989,0.018549249,0.10748323,0.15042095,0.10501277,0.03637098,0.010596813
0.11833998,0.07986928,0.051082753,0.058259703,0.095764406,0.12641835,0.12316233,0.08461942,0.028718617,-0.0065775067,-0.0044845804,0.02444476,0.058583032,0.05917418,0.016458018,-0.024142103,-0.047199965,-0.039398957,0.011892283,0.0689428,0.09994438,0.07866851,0.04438297,0.044974282
0.01329813,-0.05752659,-0.10514187,-0.101103835,-0.0527083,-0.010515543,-0.005185822,-0.047922373,-0.11012365,-0.14542252,-0.12556013,-0.066824935,-0.004773989,0.012691694,-0.02121032,-0.07039272,-0.09435293,-0.070490204,-0.00398216,0.062788695,0.08986419,0.05132557,-0.004380511,-0.031870145
0.08830019,0.18405275,0.22139034,0.18230873,0.10150711,0.052995834,0.06642237,0.14058839,0.21594791,0.23539892,0.172492,0.074151136,-0.0016352894,0.0009325549,0.06849839,0.13728629,0.14979348,0.094592445,-0.00472952,-0.06759238,-0.054950714,0.027532991,0.11197148,0.14322174
0.04967297,0.007910998,0.026127575,0.09182635,0.16077493,0.17869498,0.1300975,0.05480019,-0.0018905691,0.0039311447,0.062231198,0.119334586,0.13486408,0.08483992,-0.002897035,-0.05365595,-0.0341374,0.02949685,0.094793595,0.11895135,0.09136554,0.017656948,-0.020447649,0.014310511
-0.017060453,0.03420116,0.050452925,0.02226476,-0.02610987,-0.04843273,-0.025616938,0.029424915,0.08446544,0.097044654,0.0653716,0.015894705,-0.017928438,-0.003374418,0.051174626,0.091711976,0.09436517,0.05774242,-0.006260665,-0.05190574,-0.05309001,-0.008606546,0.029548597,0.022633709
-0.013165451,0.047229297,0.06393814,0.026867408,-0.030192882,-0.05707011,-0.031921614,0.03194996,0.09636464,0.11237752,0.07599744,0.018338865,-0.018713608,0.000387487,0.06746478,0.12338383,0.12762742,0.08289933,0.012929476,-0.03553518,-0.032091424,0.028198477,0.07629754,0.07068654
-0.011361836,-0.055146575,-0.11027402,-0.14108343,-0.12805651,-0.08756256,-0.049668267,-0.044190437,-0.07048996,-0.109292954,-0.12211831,-0.09421238,-0.040269103,0.0049828873,0.017946728,-0.0074611404,-0.044271126,-0.061084554,-0.041618705,0.002729784,0.04210229,0.042934686,0.0069595734,-0.04645574
0.019675864,0.03377149,0.076289795,0.11271984,0.11772375,0.08521618,0.0356431,0.0034210212,0.004250344,0.03670734,0.069852054,0.07032674,0.03887926,-0.0077489056,-0.03832234,-0.024953812,0.024153637,0.070346,0.0841204,0.064346276,0.034898452,0.016628578,0.037142545,0.09554614
0.023151467,-0.045880668,-0.09631586,-0.09687286,-0.05243348,-0.01136418,-0.007631005,-0.048623383,-0.11034378,-0.14781804,-0.13221225,-0.0768007,-0.016460268,0.0037615718,-0.025167579,-0.07008273,-0.09422855,-0.071635254,-0.0061339987,0.06182925,0.09400836,0.06291537,0.013462383,-0.0128304325
0.07056857,0.02996107,0.04153233,0.09715463,0.1539023,0.1587603,0.09886428,0.021520948,-0.03491405,-0.029569121,0.02449636,0.0756608,0.08401412,0.038650174,-0.0337639,-0.06807073,-0.04192708,0.031468563,0.10487243,0.13693437,0.12282846,0.06591848,0.04524255,0.092060894
0.13027528,0.15533897,0.12698129,0.07628706,0.043914452,0.05825426,0.10587389,0.15482564,0.16723406,0.13330166,0.07241396,0.02968563,0.031987146,0.073026456,0.11531828,0.12607045,0.088661574,0.028221378,-0.012573,0.00070935057,0.057973415,0.11296003,0.12957714,0.10786676
0.030992482,0.0049533653,-0.04181042,-0.06986222,-0.058582388,-0.012227566,0.040090922,0.05958969,0.041163545,0.001982154,-0.02240275,-0.008959122,0.03770783,0.08335031,0.095599316,0.065746665,0.01852038,-0.016713107,-0.014986441,0.019668909,0.059082855,0.06422088,0.029691212,-0.024093956
0.21860507,0.1874578,0.12290356,0.08377666,0.11090018,0.18213332,0.24512278,0.25616384,0.20337577,0.12516162,0.06976923,0.07256733,0.13021964,0.18459281,0.18251392,0.13050753,0.049400687,-0.010571635,0.0007888183,0.07670311,0.15966241,0.1741585,0.13182525,0.07953026
0.07973285,0.094697595,0.03558976,-0.04605477,-0.08459908,-0.04404682,0.04466872,0.12565164,0.14670266,0.09334766,0.010297738,-0.031562302,-0.004122201,0.08123987,0.16377015,0.17232613,0.10132616,0.008805248,-0.05025527,-0.031603564,0.043388408,0.115877315,0.122597106,0.046858072
0.07472939,0.047917582,-0.00030683857,-0.024643905,-0.0032582944,0.04951736,0.102299325,0.11845151,0.09029751,0.040851507,0.0078010443,0.017878693,0.0620268,0.10313417,0.10510113,0.06320498,-0.003607197,-0.050794706,-0.04797475,-0.0041239616,0.03816609,0.037869293,-0.004506898,-0.06089972
-0.123410106,-0.120646246,-0.06769505,-0.016672617,-0.017755661,-0.07412739,-0.15347031,-0.20305572,-0.19383022,-0.13420157,-0.0694524,-0.050354853,-0.089129426,-0.14909296,-0.17941603,-0.15292673,-0.06806168,0.01954777,0.049599178,0.011615722,-0.050541732,-0.08330141,-0.05369208,0.016434077
-0.1131602,-0.084550604,-0.050930448,-0.050167896,-0.093437105,-0.15317762,-0.19134143,-0.18732932,-0.14638852,-0.09954449,-0.082930095,-0.10448425,-0.14784876,-0.16832712,-0.13957728,-0.08318122,-0.023272565,0.01117611,-0.0036403064,-0.045963973,-0.0753661,-0.054375593,-0.002807828,0.040316783
-0.03976655,0.0020150533,0.015433896,-0.011553532,-0.06001342,-0.089808196,-0.08121924,-0.03953043,0.0067292964,0.020249141,-0.0077778734,-0.0528079,-0.08672209,-0.07601137,-0.02542318,0.017360065,0.026027596,0.00046479498,-0.049159415,-0.08631661,-0.08907867,-0.046100374,-0.0043481365,-0.0035551067
0.12834474,0.0805824,0.052785717,0.06657154,0.122560196,0.17250423,0.17452516,0.13061209,0.06313184,0.02042853,0.023516525,0.061205275,0.10674034,0.10617997,0.04903781,-0.00928846,-0.04126277,-0.039390016,0.009685875,0.07022728,0.09845902,0.0634774,0.016084654,0.0054195635
-0.09327509,-0.09092307,-0.05730243,-0.026484348,-0.03297257,-0.07670425,-0.13229369,-0.16658355,-0.15973426,-0.117935106,-0.07474234,-0.06372034,-0.08944326,-0.12933938,-0.14827298,-0.12424259,-0.0628029,-0.0035850143,0.020821407,-0.0020935081,-0.042097375,-0.058493283,-0.03543994,0.016115474
0.011271145,-0.06271338,-0.1153862,-0.11743763,-0.07943892,-0.04697157,-0.051824663,-0.09960565,-0.16534922,-0.20192535,-0.1850209,-0.12911786,-0.070091955,-0.051557194,-0.081124336,-0.12386279,-0.13713247,-0.10256196,-0.030801505,0.0408646,0.075687714,0.044880103,0.0010393708,-0.01597975
-0.091297135,-0.13187517,-0.12009951,-0.061895657,-0.0038558869,0.014150692,-0.009628936,-0.059500042,-0.09148867,-0.07616705,-0.02012861,0.037866008,0.057025366,0.024677824,-0.03786977,-0.08484828,-0.08388835,-0.040767234,0.009886378,0.016074695,-0.03342258,-0.107108586,-0.15653674,-0.15867037
0.15856165,0.14352222,0.11109291,0.0895318,0.10643356,0.14524333,0.17715037,0.17816956,0.1441522,0.09662676,0.065332025,0.06459785,0.09676878,0.11959063,0.10784594,0.07769151,0.03685061,0.0015730241,0.0090328185,0.054981794,0.10532821,0.112441085,0.08639617,0.06512695
-0.13807864,-0.13045847,-0.08605444,-0.03957354,-0.02683548,-0.052566048,-0.0924734,-0.11344789,-0.095373444,-0.0495658,-0.003957164,0.011445056,-0.017105548,-0.059924785,-0.08297258,-0.07644415,-0.04401828,-0.0068229344,-0.0016894662,-0.045107465,-0.113664635,-0.15012446,-0.14671536,-0.12524182
0.029831331,0.08682281,0.1420143,0.16297533,0.14168292,0.10424602,0.08148392,0.095383465,0.13513222,0.17301479,0.17504649,0.13592434,0.0791603,0.040523086,0.03888055,0.07042499,0.10028497,0.09870459,0.0593489,0.006720914,-0.026293287,-0.0148435645,0.024506876,0.07041352
0.06662392,-0.009047409,-0.05239959,-0.014022542,0.088950805,0.1848813,0.21485306,0.17318493,0.09346594,0.045730814,0.066330805,0.14412262,0.21966627,0.22583699,0.14409006,0.03838021,-0.042404104,-0.054657366,0.0041112076,0.07038159,0.07788189,0.00034953616,-0.100100145,-0.1604893
-0.046303693,0.00191804,0.0013750875,-0.05452818,-0.13352741,-0.17766307,-0.16367969,-0.105304696,-0.04518565,-0.033502664,-0.07424902,-0.13238922,-0.16670763,-0.13789886,-0.055590015,0.013824028,0.035728417,0.008625454,-0.049603287,-0.08548359,-0.06535138,0.009412866,0.07204314,0.074923635
0.12783901,0.21734007,0.25080833,0.21474387,0.14717348,0.11303798,0.13502641,0.20430048,0.2683214,0.277891,0.2138675,0.122040994,0.056287356,0.059901197,0.115145706,0.16892682,0.16975488,0.10809936,0.015358491,-0.03662009,-0.018301439,0.05550673,0.12502247,0.14989853
0.03465421,-0.027463427,-0.0687133,-0.065501444,-0.0221718,0.01702076,0.019667972,-0.022283318,-0.082290195,-0.11759111,-0.10202826,-0.051564965,0.0047801556,0.018732492,-0.016479872,-0.061779827,-0.07919065,-0.057783388,0.0025706987,0.06418849,0.09203231,0.059378244,0.011737805,-0.008000486
-0.04420274,-0.09092891,-0.15336724,-0.19246411,-0.18331026,-0.1417909,-0.09511856,-0.08515467,-0.10877569,-0.1503784,-0.1635565,-0.13394392,-0.069739096,-0.014665728,0.0068000495,-0.013951456,-0.053356092,-0.077387735,-0.054599885,-0.0072016628,0.033074737,0.03869371,-0.0037533217,-0.0689758
-0.045313712,-0.10040752,-0.13401328,-0.122518525,-0.07299905,-0.025069049,-0.0034076206,-0.02791843,-0.0697328,-0.09638121,-0.0772661,-0.024461659,0.03169758,0.04733535,0.015389286,-0.037334494,-0.07384059,-0.07334316,-0.03016484,0.009546608,0.009673732,-0.035429444,-0.10031574,-0.14833917
0.1421404,0.091714434,0.058866933,0.0718179,0.12794283,0.17681704,0.18357185,0.13981044,0.06945956,0.023237078,0.023979526,0.061825015,0.10823418,0.10936818,0.051600885,-0.011435863,-0.051107574,-0.050490744,0.0036061786,0.071975216,0.10532189,0.06721321,0.012871681,0.0013999923
0.081304274,0.05056637,0.061631706,0.103792526,0.14766079,0.15360048,0.1102051,0.046397313,-0.004587303,-0.005307024,0.030126125,0.06504001,0.0743044,0.03497438,-0.034026384,-0.06700056,-0.044821948,0.005127299,0.0609494,0.0916035,0.08583981,0.040783037,0.021876134,0.064740956
-0.090211764,-0.0018611843,0.093813434,0.1256936,0.077077106,-0.004536102,-0.06046226,-0.039087925,0.045206707,0.13017508,0.15481436,0.10143475,0.0034534421,-0.059580967,-0.040140778,0.038236417,0.11643267,0.13922498,0.07699992,-0.029988667,-0.10724191,-0.08520953,-0.0052454276,0.06799127
-0.12356764,-0.078654274,-0.028689625,-0.02439722,-0.077910736,-0.15580519,-0.2090158,-0.20398735,-0.1487199,-0.08910695,-0.06803384,-0.09980884,-0.1621976,-0.19661382,-0.16525805,-0.09154813,-0.016306816,0.022070004,-0.0008210293,-0.060700275,-0.103098,-0.075859465,-0.009330214,0.048712194
-0.064410165,-0.115053095,-0.12601674,-0.10638614,-0.081645384,-0.09001468,-0.13034867,-0.18454038,-0.21977752,-0.21353894,-0.16615474,-0.11597583,-0.09337297,-0.10774995,-0.13458475,-0.14445436,-0.11163423,-0.04399428,0.020111172,0.050386913,0.04363561,0.0065636947,-0.012109273,0.005623236
-0.003922572,-0.05224401,-0.1146515,-0.14739719,-0.13106881,-0.07971109,-0.02881233,-0.022915415,-0.05590309,-0.101576544,-0.116889045,-0.08501701,-0.017334849,0.034909062,0.04103569,0.0059650424,-0.03595876,-0.06022026,-0.035736553,0.016687548,0.062284824,0.061639175,0.014576842,-0.04545162
0.0866834,0.045935538,0.06439316,0.13207151,0.20108326,0.21524669,0.16759673,0.088154,0.024305275,0.028029429,0.079267465,0.12978983,0.1411519,0.08844756,-0.0052171033,-0.060369685,-0.04762456,0.013217701,0.08463308,0.12009914,0.09921696,0.024687206,-0.014364051,0.030680532
0.13139623,0.0824127,0.05133331,0.06240226,0.1080248,0.14163554,0.13550635,0.086451694,0.01986458,-0.015969565,-0.0062322035,0.031953335,0.07456651,0.074175596,0.023766661,-0.021834256,-0.039508812,-0.019966051,0.04377835,0.1118316,0.14792039,0.1189593,0.07890109,0.08503316
-0.0071909605,0.048450995,0.103648424,0.110172175,0.05811953,-0.018839976,-0.07824351,-0.08003463,-0.037877195,0.00855017,0.014343178,-0.0332867,-0.10547621,-0.14942525,-0.13323414,-0.06704048,0.0046969987,0.036565837,0.011729166,-0.038911257,-0.06570433,-0.033236142,0.040944003,0.119095884
0.06977857,0.030792544,0.04132921,0.09463235,0.15466589,0.17076334,0.12960069,0.059526995,0.0020113073,-0.00015082785,0.044085808,0.091229245,0.10749796,0.066522256,-0.0119907325,-0.058145106,-0.047034618,0.004037239,0.06928204,0.10273998,0.087508135,0.026749747,-0.008240063,0.02439397
0.115225255,0.0762123,0.0550827,0.07112674,0.116234906,0.15288341,0.15136996,0.111274704,0.054065973,0.022008121,0.028587911,0.06076851,0.096098736,0.091113545,0.03822046,-0.011523309,-0.031863805,-0.022160308,0.023344612,0.07426321,0.09786326,0.06549063,0.02634265,0.027012367
-0.054438572,-0.11719859,-0.1170446,-0.06559886,-0.010022743,-0.0054613682,-0.054637354,-0.13369538,-0.18836878,-0.17623332,-0.1056653,-0.03331,-0.0022276198,-0.036876377,-0.10489269,-0.14120983,-0.106736794,-0.023468371,0.062660225,0.09795027,0.073345594,0.0027338075,-0.038434934,-0.011085715
0.024577929,0.037820656,0.08080111,0.12129516,0.12030486,0.07509106,0.008435703,-0.036564104,-0.04106802,-0.0039165597,0.034268014,0.035733823,-0.0023956313,-0.057302162,-0.095301904,-0.076738216,-0.013420103,0.04919003,0.078239866,0.062831536,0.03433654,0.018959306,0.04966987,0.12860465
0.15260275,0.10560922,0.07126623,0.08254236,0.1395038,0.1936381,0.20430493,0.16642854,0.10017429,0.055254187,0.05747508,0.09636769,0.14569913,0.15230927,0.10093471,0.042485982,0.002943223,0.0024061324,0.05373586,0.11927581,0.15624501,0.12476727,0.07384933,0.0596164
0.01927253,0.022239182,-0.039978504,-0.12827633,-0.17692631,-0.1564162,-0.083288744,-0.01625472,0.0032614062,-0.045378856,-0.116270386,-0.15072772,-0.12000891,-0.037683196,0.049253713,0.07204095,0.02279475,-0.050199766,-0.09094232,-0.065729,0.0059861923,0.07734089,0.08454235,0.016260933
-0.061332136,-0.01895135,-0.014678961,-0.063605815,-0.13636392,-0.18201779,-0.17744708,-0.12848677,-0.07191478,-0.05637614,-0.08698668,-0.13800348,-0.17184854,-0.14689091,-0.06644067,0.0027647475,0.03286635,0.019717697,-0.031724904,-0.06890306,-0.055914946,0.010516457,0.073091134,0.07883311
0.120009,0.037307784,-0.016762951,-0.007870894,0.06233868,0.12554154,0.12825318,0.06695567,-0.026317433,-0.08672565,-0.07595191,-0.01243323,0.060300842,0.0718105,0.008847852,-0.067511715,-0.10600463,-0.0875678,-0.009774664,0.08093382,0.12523109,0.075576216,0.006570996,-0.018177593
0.20073865,0.23954882,0.20551705,0.13642877,0.09351175,0.11584626,0.18379842,0.25172645,0.26640424,0.21380472,0.12072405,0.053436533,0.052100107,0.10753921,0.16444112,0.1737371,0.11457976,0.022191374,-0.04115007,-0.023884412,0.053672373,0.12780398,0.15064186,0.11860299
0.15416056,0.14110532,0.102235556,0.078059174,0.093380526,0.1395898,0.18115973,0.19198488,0.15943483,0.10698765,0.06319343,0.057167735,0.08745078,0.11944404,0.11481429,0.07812738,0.01953582,-0.02830645,-0.02867381,0.016271602,0.068183646,0.07976991,0.05549988,0.022802565
0.07742904,0.095839,0.0553332,-0.00633471,-0.03404018,0.00029633692,0.07124789,0.13946718,0.1607945,0.122116156,0.05688377,0.021099458,0.03878368,0.10343102,0.16875185,0.17755605,0.120505445,0.043652304,-0.010701672,-0.0022599632,0.054583233,0.112991646,0.12098956,0.06207449
-0.12848848,-0.08941102,-0.039952654,-0.020312993,-0.043067694,-0.086076185,-0.10880615,-0.09261012,-0.040625624,0.01204695,0.03362539,0.01412117,-0.032690085,-0.060496423,-0.041160043,-0.00079476973,0.03508655,0.04844345,0.014960093,-0.047715466,-0.10351111,-0.102456324,-0.07080987,-0.04922627
0.027236512,-0.049459152,-0.109163836,-0.11897051,-0.07927644,-0.03907511,-0.031709455,-0.07534695,-0.14353,-0.19003579,-0.17842144,-0.1223059,-0.053590745,-0.026350409,-0.05215907,-0.09851349,-0.12079922,-0.09658269,-0.02503363,0.053778417,0.09680184,0.06733736,0.013694138,-0.0151065
-0.046313472,0.006855174,0.01950398,-0.02568103,-0.10295852,-0.1528773,-0.14532064,-0.09220386,-0.031522222,-0.013938824,-0.050479956,-0.11185535,-0.15444809,-0.13716781,-0.06449098,0.0014176593,0.030889729,0.009469611,-0.05168837,-0.09557392,-0.08655392,-0.021478476,0.041621845,0.054324012
-0.012271085,0.078798674,0.17123957,0.19982068,0.15203907,0.07626353,0.025267836,0.044533312,0.11783478,0.18881683,0.20153561,0.14026259,0.044547986,-0.017403461,-0.0058643,0.063692376,0.13669696,0.15252602,0.09057539,-0.005075739,-0.06578903,-0.04050012,0.037939157,0.117498174
-0.09486975,-0.090968944,-0.053813875,-0.018382216,-0.018357068,-0.05784459,-0.11290761,-0.14644624,-0.13987575,-0.10222337,-0.062971815,-0.053713165,-0.08432811,-0.12871698,-0.1523131,-0.13681315,-0.08881041,-0.03936717,-0.020950012,-0.048123796,-0.09705068,-0.12095098,-0.10413667,-0.061510086
-0.035639618,-0.08331468,-0.0734506,-0.020745538,0.032938175,0.03639812,-0.010314425,-0.080480576,-0.12669517,-0.112531945,-0.050325375,0.008862454,0.028852323,-0.010561946,-0.077555194,-0.11012621,-0.08318381,-0.0158694,0.055474035,0.080916606,0.05111143,-0.013731772,-0.04954292,-0.021472441
-0.03186879,0.020436263,0.02651262,-0.024188073,-0.09968988,-0.14354496,-0.13172935,-0.07379216,-0.0127752265,0.00061482866,-0.039751545,-0.10034321,-0.140062,-0.115770586,-0.03576908,0.03204571,0.05283261,0.025743987,-0.036339052,-0.07638141,-0.06018292,0.011361341,0.075265765,0.080781415
0.05581555,0.07793175,0.03485724,-0.03542017,-0.07438857,-0.047370728,0.032530617,0.10701448,0.13523453,0.09662219,0.028851189,-0.011793857,0.009094988,0.078102976,0.14928362,0.16479847,0.1103023,0.025844755,-0.028889127,-0.020317512,0.03776455,0.10155887,0.10498964,0.043066494
0.029368144,0.10912406,0.1914532,0.23303644,0.21136662,0.1618374,0.11764099,0.13249494,0.18783104,0.2448355,0.25317267,0.20366336,0.1152604,0.05329172,0.045254294,0.08382139,0.12283647,0.12803237,0.072088234,-0.011443177,-0.07065008,-0.061746642,-0.0018043998,0.062466092
-0.026725465,0.014077954,0.01923182,-0.021236576,-0.078334816,-0.10805031,-0.09315012,-0.047526903,-0.0007269137,0.0075836405,-0.02354166,-0.06977274,-0.09441503,-0.073921375,-0.014688307,0.036164816,0.052694622,0.026274249,-0.022345895,-0.053329952,-0.04130436,0.013560431,0.057719078,0.0579156
0.01604693,0.09275037,0.16782586,0.19305107,0.1610226,0.1062669,0.0709916,0.08792525,0.14256458,0.1933479,0.19344325,0.1379884,0.058643177,0.0067833317,0.00892304,0.056358904,0.09604279,0.09106884,0.038739208,-0.033350237,-0.08268904,-0.06393224,-0.007207199,0.052133214
-0.006659819,-0.0025118825,-0.050128527,-0.12141661,-0.16693023,-0.15591395,-0.1052416,-0.050261647,-0.02882122,-0.05867255,-0.10989149,-0.13635641,-0.11452934,-0.050063334,0.023513408,0.051525004,0.028101139,-0.019446297,-0.055876594,-0.04374237,0.012582718,0.07599214,0.09472156,0.048305485
-0.004377845,-0.0420529,-0.003308019,0.09074116,0.18146245,0.20830038,0.161779,0.085910045,0.037368152,0.06285247,0.13891388,0.20717952,0.21698403,0.15152079,0.0459374,-0.017817385,-0.007760414,0.052922644,0.11360809,0.11771046,0.054312296,-0.044945147,-0.0978072,-0.07050847
0.054231405,-0.008914935,-0.0462123,-0.022116883,0.055549204,0.12622489,0.15175019,0.11707356,0.05369773,0.016193658,0.033921663,0.095905386,0.15930691,0.16977729,0.11393395,0.037749402,-0.022095397,-0.027278084,0.026900435,0.08714417,0.09970336,0.041885387,-0.037965983,-0.0840752
-0.052806344,-0.10258364,-0.097457305,-0.0478635,0.0033686357,0.008027461,-0.03726932,-0.10641789,-0.15281974,-0.14280446,-0.083887346,-0.02440044,-0.0031711601,-0.037776325,-0.10044596,-0.13455792,-0.11200405,-0.04707242,0.025244854,0.050542686,0.019623913,-0.043716993,-0.08003928,-0.059308436
-0.05746271,-0.10758771,-0.10636161,-0.06636292,-0.024727054,-0.02528536,-0.069763474,-0.13303176,-0.17327984,-0.16038254,-0.100546554,-0.041935574,-0.01932519,-0.046773467,-0.09501437,-0.117660984,-0.0838108,-0.010906068,0.05736634,0.08173991,0.06017826,0.005943676,-0.02158798,0.0013969621
-0.025506428,0.046044942,0.11817816,0.14291848,0.100961074,0.033615556,-0.010453729,0.004127752,0.06244313,0.11891262,0.1259548,0.07451516,-0.008904486,-0.06090851,-0.05186803,-1.5305828e-05,0.053130187,0.06738844,0.019048221,-0.057148833,-0.10934512,-0.093063086,-0.030651344,0.03372422
-0.09109968,-0.127708,-0.11961304,-0.07382706,-0.02497295,-0.009329988,-0.028459568,-0.066571,-0.088415116,-0.07023157,-0.016832992,0.036834024,0.056706373,0.035091396,-0.006708879,-0.037889075,-0.031841103,0.010811899,0.052551903,0.056147996,0.016765786,-0.041751727,-0.08013982,-0.08481627
0.08242188,0.14467967,0.15762778,0.10937487,0.03803071,-0.0007863736,0.009146059,0.060201176,0.10880517,0.11324177,0.06301618,-0.008946517,-0.05141658,-0.035541594,0.026743833,0.089250356,0.11278563,0.07977074,0.017399283,-0.012996663,0.019694695,0.096921586,0.16618553,0.192775
0.026096681,-0.045451377,-0.09232628,-0.08939215,-0.044835556,-0.010027952,-0.01466409,-0.06590287,-0.13136666,-0.16550246,-0.14099856,-0.08094741,-0.019518785,-0.006859842,-0.044773635,-0.08753318,-0.09777551,-0.06371728,0.011960077,0.08253505,0.11358499,0.0784378,0.027868705,0.0130879665
0.07591581,0.12891915,0.13816428,0.09970536,0.032490104,-0.0119091775,-0.016191237,0.021703629,0.06138669,0.06761458,0.025777528,-0.037063442,-0.08311037,-0.07340038,-0.019002102,0.037284028,0.06278548,0.048710637,0.0033702475,-0.020843625,0.008841592,0.0766602,0.14562757,0.18127197
-0.034029696,0.0014309344,0.09606394,0.18963534,0.22194922,0.184021,0.107450165,0.063307784,0.07989192,0.15118623,0.21717775,0.22434206,0.1581937,0.06410469,-0.004131822,-0.0030399393,0.05460194,0.115435496,0.117277265,0.04925699,-0.047122538,-0.105487026,-0.085986726,-0.009418845
-0.1304992,-0.14390416,-0.11426754,-0.07951208,-0.079159066,-0.12456527,-0.18924491,-0.23430067,-0.23276033,-0.18742876,-0.12996227,-0.1031441,-0.12307797,-0.16319619,-0.18130909,-0.15846422,-0.090360776,-0.011301666,0.026799697,0.008683641,-0.03560886,-0.06332447,-0.045389533,0.0039298423
0.034555804,-0.0059238025,-0.06516402,-0.09948211,-0.082163036,-0.029553123,0.022928221,0.03464753,0.003830599,-0.0443956,-0.067449175,-0.044894654,0.016523542,0.069427736,0.08126813,0.049181253,-0.0009573317,-0.033761173,-0.018016545,0.033818822,0.08409387,0.089380875,0.047550555,-0.011858806
-0.1521913,-0.14383058,-0.077156916,-0.0068329894,0.012641271,-0.031057402,-0.09989303,-0.14182399,-0.12381469,-0.056272022,0.016095657,0.0405498,-0.002229466,-0.07130613,-0.11200186,-0.10032784,-0.03855277,0.032938823,0.050919443,-0.0032068086,-0.09245031,-0.14686364,-0.13727771,-0.086103424
0.030177101,0.12815227,0.22815153,0.27171296,0.24036367,0.1799741,0.1352475,0.15485983,0.22037691,0.28658608,0.28938034,0.22296633,0.12216146,0.04838561,0.034056254,0.08102609,0.1295122,0.122620575,0.052034095,-0.04448766,-0.11304047,-0.098790914,-0.030713836,0.04695205
-0.025908483,-0.02455874,-0.0714003,-0.13627346,-0.17841949,-0.17015855,-0.123290464,-0.07272473,-0.052303698,-0.081282765,-0.12724234,-0.14968164,-0.1297286,-0.06809102,0.0034821,0.02756595,0.00092343224,-0.041711096,-0.0714835,-0.06039177,-0.012715607,0.042330842,0.055320058,0.006426111
0.13114287,0.09234188,0.062075812,0.06390124,0.09458572,0.12406494,0.12228318,0.087127514,0.03191309,-0.002815795,-0.0017902049,0.02496762,0.061702143,0.0663477,0.028499376,-0.008911651,-0.018830985,-0.0026995193,0.04195198,0.09841119,0.1399872,0.12351878,0.09709348,0.10435388
0.052315306,-0.032665733,-0.09541445,-0.096321866,-0.03472187,0.025584687,0.0400087,-0.008002383,-0.086848915,-0.1397163,-0.12519842,-0.05697139,0.021505695,0.047459774,0.0064757382,-0.057816185,-0.09925512,-0.08344595,-0.0062570306,0.08059036,0.12233684,0.07984113,0.008785119,-0.031951666
-0.01708091,0.059685953,0.08453182,0.042521313,-0.030077001,-0.067693874,-0.03890479,0.037748348,0.117169224,0.14033781,0.095415354,0.02168503,-0.028519256,-0.009711012,0.06815431,0.13573074,0.1445107,0.09170809,0.005487948,-0.05593655,-0.054653265,0.017251842,0.07825834,0.078477696
0.021511577,0.02015073,-0.030164706,-0.09350533,-0.12787457,-0.11001508,-0.053273793,-0.0047737695,0.005607828,-0.031379476,-0.08385874,-0.10667135,-0.08130355,-0.017039472,0.04637338,0.05807907,0.018882358,-0.031209407,-0.056352563,-0.03278595,0.024209784,0.07502048,0.07868856,0.029042518
0.11072864,0.062871344,0.04183142,0.07125713,0.13530484,0.182789,0.1806214,0.13367616,0.0705569,0.04129949,0.059780702,0.107552245,0.14767525,0.13752489,0.07211129,0.010011192,-0.020717233,-0.0069356766,0.048372824,0.10219469,0.117137395,0.06868977,0.015492927,0.009861412
0.060913857,0.10355759,0.10366027,0.0592118,-3.779226e-05,-0.03158493,-0.02204699,0.021289103,0.05960554,0.0618903,0.02174243,-0.031818546,-0.06250989,-0.04044061,0.021591306,0.07449715,0.09039049,0.070834644,0.025435127,0.008105207,0.04321454,0.10842699,0.16565034,0.18303603
0.06294269,0.11274758,0.123288594,0.08485244,0.022131233,-0.020264896,-0.024135133,0.0116631035,0.049121358,0.051632933,0.009425176,-0.05232396,-0.09581182,-0.08894901,-0.03892451,0.013392261,0.03431229,0.013977289,-0.033046257,-0.05670542,-0.03211069,0.029587891,0.09059719,0.11911467
-0.009301217,-0.099164166,-0.15486233,-0.1347426,-0.05535318,0.0131714055,0.030809034,-0.019719902,-0.09679088,-0.138711,-0.10794204,-0.024748387,0.057169445,0.074311145,0.017193202,-0.062298346,-0.113830134,-0.09817834,-0.0170891,0.060078446,0.07537065,0.009048065,-0.08180296,-0.13402106
0.09758663,0.07939251,0.10242733,0.15485333,0.20253041,0.2042561,0.1597762,0.10249181,0.061871417,0.07059154,0.108496115,0.13734813,0.13181105,0.085320376,0.019562,-0.010420273,0.004100213,0.051723115,0.099427715,0.11916083,0.103466816,0.05519545,0.038795374,0.08510864
-0.11313659,-0.12107908,-0.082166694,-0.04367751,-0.04064959,-0.086256154,-0.15107755,-0.19862567,-0.19725667,-0.15176325,-0.09313787,-0.06960022,-0.09066988,-0.13931566,-0.16798991,-0.14700447,-0.07448525,-0.00017810131,0.034087956,0.012470115,-0.036074486,-0.06807675,-0.054287583,-0.00031843167
-0.124860734,-0.118557625,-0.063880734,-0.014330916,-0.017350657,-0.07648493,-0.15212438,-0.19711007,-0.18368815,-0.122087255,-0.05990817,-0.045371447,-0.08689767,-0.14548166,-0.17038022,-0.1404891,-0.05982279,0.022753367,0.049341157,0.010661509,-0.052084874,-0.08302157,-0.053451512,0.015298541
-0.012758033,-0.0144575825,-0.06119741,-0.12522902,-0.16243275,-0.14989723,-0.099565335,-0.052251816,-0.036329813,-0.0669775,-0.111694425,-0.13117525,-0.106034175,-0.04452307,0.021784592,0.042057347,0.014547807,-0.02924243,-0.055145014,-0.038652636,0.011475299,0.06299881,0.07007536,0.021112857
0.046391454,-0.023240492,-0.06728676,-0.059590623,-0.003555061,0.045257833,0.048614897,0.0021870537,-0.06522871,-0.10379448,-0.084206596,-0.025250623,0.037780754,0.051360045,0.009526478,-0.04377696,-0.068865426,-0.04720599,0.01848634,0.086554326,0.115217604,0.07502402,0.018726904,-0.006292133
0.12155225,0.049844064,0.0048233424,0.022377186,0.09299973,0.1539641,0.16420919,0.11044319,0.027027747,-0.02282858,-0.008959477,0.0506904,0.11651964,0.12464078,0.06102236,-0.014964434,-0.05714284,-0.042798232,0.030337615,0.11233347,0.14827706,0.09554368,0.024113016,0.002527271
0.05787579,0.13460575,0.16066055,0.120815806,0.050967198,0.012985182,0.031442244,0.09546828,0.15806612,0.16974944,0.11615109,0.035377778,-0.018025769,-0.0096676005,0.049336724,0.10785327,0.11895514,0.067072496,-0.014981,-0.06420408,-0.05069023,0.020463537,0.084673114,0.10274233
0.024747966,0.012780211,0.04406939,0.11072788,0.17555642,0.19922432,0.1797725,0.14082274,0.116134934,0.13268237,0.17505558,0.21182609,0.21014735,0.1650447,0.094362535,0.04748198,0.032931533,0.052262507,0.08156768,0.078201465,0.031004122,-0.034799017,-0.07525733,-0.06472736
-0.1495073,-0.20377545,-0.20356266,-0.15542185,-0.100879654,-0.08531147,-0.11225405,-0.16283834,-0.19359975,-0.17814572,-0.11588256,-0.04705319,-0.018754818,-0.0431006,-0.09379025,-0.13302694,-0.12698036,-0.07577534,-0.019328551,-0.009362712,-0.05734457,-0.12887022,-0.17928551,-0.19225882
0.053680066,0.084567,0.08351775,0.044459086,-0.014773593,-0.05798806,-0.07012267,-0.051690977,-0.031202981,-0.033457533,-0.06881673,-0.1172928,-0.14856716,-0.14041358,-0.09924134,-0.052240588,-0.023960304,-0.027824255,-0.05087155,-0.055540938,-0.023003459,0.03298664,0.08836754,0.122702815
0.109486245,0.051746782,-0.036581572,-0.09387915,-0.080205746,-0.017832281,0.039578512,0.046586476,-0.005199332,-0.07830102,-0.11752564,-0.09239028,-0.01415223,0.058623284,0.07887924,0.04365747,-0.013702573,-0.045129523,-0.014561426,0.07089932,0.1623746,0.18383332,0.1446003,0.08357096
-0.060781986,-0.118697405,-0.15671596,-0.15488264,-0.112277105,-0.067110844,-0.047522742,-0.068234816,-0.10514883,-0.12899423,-0.10796911,-0.05379399,0.005068604,0.03048348,0.016724648,-0.022546433,-0.048663694,-0.038963743,0.0023785848,0.041199032,0.04856346,0.0140930815,-0.03930917,-0.08853531
-0.060842063,-0.030806378,0.06426601,0.15976627,0.18914466,0.14150625,0.060071137,0.0063992357,0.018853977,0.09471996,0.16687492,0.17755824,0.114118256,0.01356616,-0.06455335,-0.06249022,0.0044077015,0.071480945,0.0859694,0.02444727,-0.075451225,-0.13902886,-0.124938466,-0.039209913
0.049415354,0.080745175,0.07603565,0.031118155,-0.031112092,-0.072070114,-0.07571797,-0.05029708,-0.02536741,-0.027390955,-0.063809335,-0.11221447,-0.13888149,-0.12332463,-0.07400858,-0.023415435,0.0040904596,-0.0031171234,-0.029256523,-0.033763524,0.003469266,0.06408502,0.11853283,0.1473102
0.105100386,0.08213664,0.03269387,0.00472739,0.028424218,0.0925115,0.15581343,0.17749159,0.14942597,0.09553481,0.059589483,0.06909521,0.121366985,0.16852221,0.17019325,0.1269976,0.059506044,0.004011731,0.0018960738,0.045679875,0.0955136,0.10096765,0.057041477,-0.0035936034
0.037256118,0.11304534,0.18494472,0.21330105,0.18944645,0.14375229,0.111948505,0.13132007,0.18482548,0.23426527,0.2374312,0.18732986,0.11190664,0.063012086,0.06515616,0.10905857,0.14187497,0.13678755,0.085556164,0.0148466015,-0.031253755,-0.0134692695,0.039926913,0.09478212
0.10154146,0.05312509,0.020504463,0.02767747,0.06746343,0.099293485,0.09792312,0.056032952,-0.0030663817,-0.037485436,-0.027936634,0.009809308,0.05225835,0.057274062,0.016930116,-0.026219893,-0.042986643,-0.0232385,0.034002453,0.09523285,0.12844215,0.100224815,0.060494035,0.058727965
0.094954185,0.04774644,-0.026360584,-0.08059042,-0.0797722,-0.040417235,0.0028676102,0.007503886,-0.033991955,-0.09593181,-0.13138817,-0.11664552,-0.056894552,0.004470546,0.030098338,0.008454574,-0.032012887,-0.0515986,-0.024600731,0.049099535,0.13042518,0.15240821,0.12543872,0.08132627
0.034728266,-0.0008629281,0.0069345064,0.05183034,0.097744234,0.106092356,0.06532701,0.003197281,-0.04374828,-0.041622635,0.0010529378,0.044507988,0.057511296,0.024263818,-0.03738206,-0.071773425,-0.0524307,0.002606213,0.062497664,0.088027865,0.073032826,0.022852708,-0.0010961962,0.029608335
0.16155529,0.13737889,0.08627897,0.055204593,0.0736229,0.12954043,0.17849076,0.1895364,0.15118207,0.0921299,0.052656274,0.0574371,0.10475067,0.14706822,0.1447794,0.10510239,0.05027221,0.0083304895,0.013405471,0.06755799,0.13285606,0.14471686,0.11342399,0.07364038
0.15399335,0.10254303,0.06860437,0.08929689,0.15386078,0.21240322,0.22486094,0.18468548,0.114349894,0.070592426,0.07490369,0.11856365,0.16624331,0.17130543,0.11436277,0.0434725,-0.0037762576,0.00077712134,0.05436478,0.12082073,0.1538548,0.11046428,0.05376107,0.038229953
0.015061254,0.08709167,0.1530074,0.15959597,0.09554643,0.00773161,-0.05414944,-0.04850214,0.004308053,0.05774487,0.05857631,-0.003566291,-0.09031468,-0.14026734,-0.12076684,-0.04549381,0.036013268,0.06709369,0.028704252,-0.033806313,-0.06079313,-0.019878136,0.06843431,0.16096573
0.19116038,0.17728287,0.1408457,0.11383893,0.12943844,0.17103954,0.20438857,0.20764062,0.1699607,0.1166289,0.07603504,0.069408335,0.10110027,0.12819532,0.12010441,0.09064132,0.044410728,0.0037834558,0.008446452,0.06059395,0.12170418,0.13673683,0.11647288,0.096695825
0.015667249,-0.026875062,-0.083860055,-0.11318852,-0.09461636,-0.044540025,0.0057590194,0.015160858,-0.0148513615,-0.058661666,-0.07743405,-0.051627636,0.0072206915,0.056881674,0.06623057,0.031523228,-0.017704641,-0.04529263,-0.027371783,0.022073604,0.06590219,0.06466841,0.020790696,-0.037714977
-0.15137337,-0.099800855,-0.042705387,-0.039365854,-0.104450524,-0.1922038,-0.24888039,-0.24073638,-0.17552921,-0.10812875,-0.08246121,-0.1178808,-0.18486945,-0.22161889,-0.18541554,-0.1028082,-0.008580001,0.038291868,0.008138984,-0.06524331,-0.11360833,-0.08347472,-0.008501894,0.05608886
0.044725828,-0.048464987,-0.11555597,-0.11897701,-0.06132781,-0.00755143,0.0021266032,-0.05399892,-0.13903508,-0.19018869,-0.17146705,-0.099318035,-0.015897185,0.0119808,-0.02855657,-0.089413315,-0.11925482,-0.09000581,-0.0006174517,0.09596755,0.14436242,0.102308735,0.03338748,0.0019247397
0.1421725,0.0832958,0.041618973,0.050356116,0.09874444,0.14062041,0.13613348,0.08576165,0.010975724,-0.031009186,-0.023403017,0.021084806,0.0706196,0.077300616,0.027253099,-0.026399633,-0.046475664,-0.020369243,0.04614177,0.12189141,0.168592,0.13891524,0.099339455,0.10257307
0.07143932,0.050702132,0.074586146,0.131636,0.1803214,0.18253216,0.13718562,0.07724001,0.03538017,0.043411188,0.084450625,0.11664223,0.11269684,0.06342882,-0.008763754,-0.04578057,-0.029685423,0.020157509,0.068546064,0.083939955,0.060019672,0.0037653397,-0.01823599,0.024674848
0.10110618,0.081893615,0.1002367,0.15106408,0.20072679,0.21147092,0.17505854,0.12380723,0.08361253,0.08885093,0.122998744,0.15370876,0.1517035,0.110188834,0.04487229,0.00845709,0.015618435,0.057542663,0.099532954,0.11821546,0.1055313,0.057295933,0.038188107,0.07617964
0.073941946,0.03554741,0.056189284,0.12373408,0.18690953,0.19500443,0.13830067,0.057333607,-0.003063067,0.0048053507,0.059850954,0.11039402,0.1177343,0.0612958,-0.03184105,-0.080403976,-0.05525209,0.013729212,0.08402511,0.11284219,0.08956289,0.019020827,-0.011076478,0.04084954
-0.13398151,-0.12863344,-0.07004051,-0.0056049465,0.017411428,-0.013680373,-0.07052693,-0.10754341,-0.09267907,-0.034250792,0.03232009,0.058880888,0.025616288,-0.03319909,-0.07063073,-0.06491259,-0.0131550245,0.04935196,0.06582131,0.017043907,-0.063533984,-0.115251906,-0.11154234,-0.07244571
0.18196736,0.2119763,0.17200562,0.101039775,0.06289351,0.09262469,0.16527042,0.23378806,0.24765226,0.19381762,0.106661364,0.049984008,0.058312844,0.119524606,0.17896253,0.18506615,0.12585698,0.037570346,-0.023607826,-0.004909926,0.07373834,0.143392,0.15926893,0.11693952
0.122840255,0.21085186,0.2455432,0.21849954,0.15909638,0.1297689,0.14563122,0.21031886,0.27005005,0.27865744,0.21791603,0.13032608,0.06365391,0.06199298,0.10798946,0.15417586,0.15028067,0.08964731,-0.0007515816,-0.05555663,-0.045134068,0.022301532,0.08945946,0.11271202
0.06989997,0.041684378,-0.0046364916,-0.027017819,0.003700832,0.06974095,0.13087453,0.14884092,0.11947259,0.06848585,0.03717444,0.052106835,0.10567028,0.14829946,0.14402437,0.09601299,0.025269486,-0.03117194,-0.03277624,0.008759581,0.047314815,0.043036997,-0.0076254914,-0.07412888
-0.058425974,-0.0339879,0.054069165,0.14143555,0.17220008,0.1300341,0.050667685,-0.0010221767,0.010538404,0.08115376,0.15299992,0.16785692,0.11149085,0.019103669,-0.04967543,-0.04409436,0.021733435,0.08910245,0.103325285,0.045721702,-0.0465524,-0.10549883,-0.09118695,-0.014192283
0.04805801,-0.037306633,-0.09618673,-0.09057863,-0.027363908,0.028015207,0.035540093,-0.018711684,-0.09888127,-0.14592643,-0.122268446,-0.05065018,0.027917737,0.049077224,0.0037389672,-0.057852324,-0.08974781,-0.06322916,0.02180874,0.10835692,0.14636779,0.100615904,0.030205598,-0.0014225163
0.070315965,0.12746018,0.13479157,0.08359518,0.006819059,-0.042433843,-0.044591267,0.0006570792,0.047232587,0.051857844,0.0020201837,-0.06877708,-0.117286764,-0.10248149,-0.034903195,0.033374585,0.058632873,0.03552661,-0.017698795,-0.04273251,-0.007909284,0.07236419,0.14838837,0.18025441
0.101376444,0.17086191,0.198169,0.17541067,0.12772623,0.104810886,0.11959981,0.17315707,0.22254498,0.23275474,0.18728618,0.119287655,0.068571836,0.070055954,0.11070731,0.15093859,0.15236981,0.10840941,0.03594435,-0.0072156135,0.004983006,0.06046045,0.11585071,0.1362886
0.021188017,-0.038115595,-0.08579501,-0.09655636,-0.07358066,-0.05143494,-0.056559406,-0.091752596,-0.140194,-0.1658058,-0.14976284,-0.10356427,-0.054403305,-0.032191172,-0.04258901,-0.06262871,-0.06270068,-0.026033131,0.034655564,0.09544292,0.13601066,0.12453517,0.10026895,0.092633165
0.08599559,0.11808254,0.070980266,-0.009215105,-0.059021827,-0.030309968,0.055322833,0.14346424,0.17499353,0.12553933,0.034383446,-0.024552861,-0.014039889,0.06192488,0.14407647,0.1576755,0.08948826,-0.011454383,-0.08638128,-0.08180941,-0.014287506,0.062672846,0.078658424,0.0118301045
0.008365983,-0.074062034,-0.13219991,-0.13911247,-0.10156171,-0.06918122,-0.0732301,-0.12505388,-0.19378376,-0.22801957,-0.20205696,-0.13724843,-0.06621918,-0.041700564,-0.06741524,-0.10377515,-0.10350808,-0.05636924,0.025623277,0.1055148,0.14972676,0.12108585,0.07626351,0.0628624
0.11802354,0.07702276,0.0033232286,-0.03379894,0.0068530096,0.10069055,0.19077252,0.21781312,0.17495038,0.10050357,0.05406287,0.07554677,0.15464969,0.22362171,0.22593786,0.16247292,0.0592383,-0.019360846,-0.013678374,0.053675473,0.11908453,0.12148177,0.052265633,-0.04115971
0.00058392517,0.028887767,0.09381697,0.16038465,0.18966508,0.17315899,0.1310536,0.10458113,0.113998644,0.15852042,0.19815522,0.20078205,0.15830898,0.09363658,0.038846686,0.031607885,0.055722132,0.08041526,0.07966467,0.036042165,-0.029952148,-0.07134547,-0.0674335,-0.021097297
0.10998631,0.12603007,0.09969879,0.0585944,0.03582031,0.051861048,0.09204204,0.12924576,0.13407136,0.102015495,0.05134716,0.018935837,0.025013786,0.06097363,0.09376776,0.09757673,0.06326113,0.013735954,-0.015925849,-0.0004850962,0.048054792,0.090474024,0.1004694,0.07938608
0.116997615,0.09564865,0.11665699,0.17248948,0.2264478,0.23810324,0.19916084,0.13887133,0.09064677,0.092747904,0.12915975,0.1615377,0.16242975,0.116333194,0.039888367,-0.0028850706,0.007567063,0.05259585,0.10237965,0.12563185,0.11206809,0.057557806,0.033219606,0.07662216
-0.0856003,-0.05484234,-0.021024924,-0.01700926,-0.050273057,-0.09622265,-0.12848026,-0.120817244,-0.08176448,-0.04118377,-0.026843123,-0.046816666,-0.08688758,-0.10685667,-0.083414994,-0.035946082,0.013106822,0.03790054,0.016493674,-0.028346714,-0.0576932,-0.039440256,0.0063557937,0.040403076
0.016175885,-0.0007534042,0.040310573,0.12354434,0.19977356,0.22556068,0.1931131,0.1399013,0.10718027,0.12749712,0.18270963,0.22888654,0.22678788,0.16724747,0.07592004,0.017506626,0.014203592,0.048352517,0.08250854,0.07330266,0.012692074,-0.070661806,-0.11531105,-0.09661555
0.01685885,-0.028284863,-0.0877141,-0.119128026,-0.100469835,-0.05303998,-0.010094689,-0.0045924736,-0.037649237,-0.086587,-0.10690885,-0.08146731,-0.02485703,0.023640132,0.034828845,0.0012336905,-0.050152946,-0.076393165,-0.055844214,-0.004008546,0.040120337,0.03947241,-0.003014828,-0.06306167
0.030569421,0.092910446,0.15350462,0.18104187,0.1607773,0.122600734,0.0984483,0.115389556,0.15872991,0.20272478,0.20374721,0.16120434,0.0960925,0.05401737,0.05175302,0.08207301,0.10854288,0.10671127,0.061829183,0.0030039013,-0.035320245,-0.024930075,0.019666256,0.069379985
-0.13974851,-0.13775216,-0.0938143,-0.04163304,-0.020891538,-0.043085273,-0.0803929,-0.10671422,-0.09368686,-0.046243977,0.0074690185,0.031373147,0.010864252,-0.035918944,-0.07116248,-0.070994265,-0.03828297,0.0007224552,0.014559325,-0.023128806,-0.093366146,-0.139109,-0.14804123,-0.12570989
0.05461827,0.12338613,0.13009225,0.065578364,-0.03175567,-0.09153239,-0.08524334,-0.025204822,0.03587672,0.042366996,-0.016454116,-0.1007377,-0.15380141,-0.13192526,-0.04835812,0.033214774,0.065459155,0.034449827,-0.03219031,-0.06582762,-0.026550878,0.068698496,0.15377234,0.1854514
0.07331202,0.033779997,0.05811282,0.13209304,0.20528449,0.21605547,0.1565207,0.07252863,0.013029681,0.02529512,0.08958714,0.14660794,0.15453298,0.09744326,0.0070712455,-0.03872896,-0.016892511,0.056225702,0.13291566,0.16116397,0.13167048,0.05692008,0.023562122,0.0723739
0.09546721,0.005382578,-0.04671516,-0.020818733,0.06365261,0.13151632,0.13580224,0.06797209,-0.027882848,-0.07728592,-0.05008527,0.02944672,0.106323265,0.11238331,0.036432818,-0.050528843,-0.093265876,-0.06501239,0.027114045,0.11932171,0.15157686,0.08428398,0.0010429802,-0.023568612
-0.011840271,0.0028034311,0.054198306,0.098321825,0.09752187,0.045097318,-0.026973886,-0.072935596,-0.071674235,-0.029225409,0.013542532,0.013942602,-0.030247718,-0.09122751,-0.12703708,-0.105002925,-0.039472114,0.02430304,0.049198467,0.025135959,-0.017248573,-0.03930769,-0.010138605,0.065978035
0.02133805,0.072585896,0.07774921,0.023131,-0.06336915,-0.121906616,-0.13161956,-0.09145535,-0.046072,-0.04045159,-0.08803271,-0.1578544,-0.20442382,-0.19001953,-0.121845536,-0.050671227,-0.010631253,-0.023637779,-0.074248075,-0.10115358,-0.069826186,0.009990945,0.0900068,0.12506784
0.09324839,0.04538898,0.01381024,0.021152917,0.064250626,0.09952385,0.09747356,0.057860143,0.00041066072,-0.03432822,-0.025954342,0.0117238965,0.053198557,0.057792358,0.018661905,-0.024303246,-0.046167675,-0.031768393,0.02031689,0.078172676,0.107639536,0.07972274,0.040467683,0.032857873
-0.17500475,-0.15893866,-0.076515906,0.009380076,0.03379121,-0.0154779265,-0.09306108,-0.14196894,-0.12079935,-0.0415886,0.040603086,0.065482,0.015004842,-0.07131435,-0.12990712,-0.11921316,-0.051187802,0.020183973,0.04035182,-0.024871375,-0.13492605,-0.19869205,-0.19190301,-0.13097537
-0.03530593,0.023587331,0.045381002,0.012605019,-0.047870524,-0.08557768,-0.073836215,-0.01665953,0.04779302,0.070003286,0.03687714,-0.021694211,-0.06821052,-0.05577289,0.011781198,0.07121342,0.083814256,0.05142848,-0.016296921,-0.06816217,-0.07164147,-0.014470199,0.042064913,0.045737244
-0.009742772,0.07832128,0.16784345,0.20200166,0.16023129,0.08921487,0.039651487,0.058128636,0.12671559,0.19416715,0.20316005,0.14277092,0.044812907,-0.015836028,-0.0061546816,0.052981272,0.11154061,0.12513547,0.065348305,-0.027431201,-0.09068399,-0.07152093,0.0029888577,0.07721273
-0.01564383,-0.05611205,-0.032502253,0.038612437,0.11594032,0.14141005,0.10611472,0.041448448,-0.0037314224,0.011922407,0.074471496,0.13608745,0.1541162,0.10530884,0.019605393,-0.03354066,-0.029234309,0.017918237,0.07389514,0.08715267,0.04006692,-0.042000134,-0.09286171,-0.078218155
-0.07590877,-0.028364593,0.018178215,0.019669212,-0.031202082,-0.09807505,-0.1452199,-0.13586329,-0.086243026,-0.04102496,-0.03371083,-0.072296284,-0.13510057,-0.16585173,-0.13630241,-0.07426172,-0.011714041,0.015441229,-0.017821813,-0.07640566,-0.11044736,-0.08188755,-0.015811646,0.035350103
0.101829566,0.10635632,0.06146908,-0.0051423553,-0.050149295,-0.0486185,-0.017782176,0.01712056,0.017347578,-0.021833831,-0.08135545,-0.11786065,-0.10732862,-0.055971604,0.00090470153,0.02394603,0.0073570395,-0.026547804,-0.049087103,-0.017628651,0.057181206,0.121778555,0.15228708,0.13926744
0.09385469,0.09982454,0.052153096,-0.01822749,-0.06417381,-0.056924418,-0.016011814,0.024526015,0.026588527,-0.015867077,-0.08035154,-0.11832443,-0.10307723,-0.0462023,0.012091362,0.03261912,0.0091863135,-0.036048517,-0.06205179,-0.031038903,0.04390756,0.11092685,0.13679461,0.11468492
-0.036304403,-0.03721222,-0.08438887,-0.1512895,-0.19522518,-0.18835281,-0.14012012,-0.08908295,-0.067138866,-0.0917443,-0.13393241,-0.15376152,-0.13017523,-0.06690138,0.006708497,0.03485655,0.015477374,-0.022706345,-0.05169687,-0.039691463,0.010267617,0.066399485,0.080322295,0.03385271
0.06200111,0.025915217,0.029915523,0.06691966,0.10534174,0.10336455,0.05688717,-0.007073773,-0.05623808,-0.056502443,-0.018070782,0.019517187,0.028957928,-0.004345489,-0.060276445,-0.08612737,-0.062371295,-0.0029302568,0.060231652,0.09520747,0.09286938,0.050232228,0.03294067,0.074038185
0.03477896,0.075557634,0.11139466,0.11018391,0.069048546,0.015190964,-0.02429316,-0.023939572,0.0035822035,0.03132597,0.030765036,-0.006733663,-0.056258697,-0.083089516,-0.06813197,-0.020022979,0.03513012,0.060180284,0.04105038,0.009814883,0.004144216,0.033234037,0.09022284,0.15073904
0.09985265,0.18667291,0.21956712,0.1832955,0.11394199,0.075680815,0.09751383,0.16543017,0.2310579,0.24469756,0.18656164,0.09796695,0.03625973,0.041126765,0.098551705,0.15660585,0.1629623,0.10551311,0.018051008,-0.03339149,-0.01818404,0.05463082,0.12156843,0.14631616
0.07861677,0.036499586,-0.037099432,-0.092763446,-0.09632072,-0.057723504,-0.013058751,-0.003503499,-0.040611085,-0.098452985,-0.13651964,-0.12567545,-0.066557646,-0.0050008222,0.020543667,0.0036856206,-0.035986487,-0.0627233,-0.04013192,0.029608486,0.108966626,0.13833182,0.11636942,0.07352067
0.091663584,0.06917599,0.08273037,0.12516274,0.16568996,0.16982675,0.13050859,0.07428094,0.029895412,0.028499048,0.05882267,0.086793974,0.0884495,0.048908442,-0.015837211,-0.049248837,-0.03426696,0.008866068,0.05650438,0.08080487,0.07287645,0.029054768,0.0107261725,0.050876006
0.11335723,0.04966413,-0.04826259,-0.111440435,-0.100592695,-0.039819267,0.016421987,0.018364696,-0.042210262,-0.1253429,-0.17013921,-0.14575413,-0.062061608,0.013553141,0.031186482,-0.0067976094,-0.06810587,-0.10245135,-0.06266843,0.034579225,0.13331957,0.15721194,0.11396988,0.051901057
-0.039211005,-0.002361258,0.08919684,0.17367926,0.19723031,0.15452187,0.08124941,0.03963378,0.057145614,0.12525831,0.18317945,0.18344612,0.11763436,0.02718089,-0.036328666,-0.030378085,0.027038943,0.08033592,0.08077496,0.016629687,-0.074808195,-0.12561104,-0.10394769,-0.027654001
0.058772314,0.018162975,0.04370467,0.11927626,0.19306034,0.20750618,0.15723656,0.07652457,0.018857978,0.03397997,0.100594774,0.16020009,0.17360215,0.11822742,0.02475238,-0.026008718,-0.002051911,0.069974825,0.14347197,0.16936365,0.13784772,0.057741087,0.017793328,0.063547395
0.10749847,0.06649302,-0.0021643674,-0.046887323,-0.03392837,0.018560993,0.067474395,0.074590646,0.031521086,-0.032800406,-0.07122054,-0.057257734,0.0029836802,0.057253618,0.06606684,0.032194857,-0.023348847,-0.061687443,-0.04165026,0.026747994,0.098514415,0.1147352,0.07855766,0.02751404
0.06387077,0.026355052,-0.03274504,-0.07910996,-0.08487843,-0.060306143,-0.035069406,-0.036609273,-0.07147619,-0.12161177,-0.15029703,-0.14066295,-0.09413715,-0.049640868,-0.03316286,-0.045223106,-0.06736759,-0.08062172,-0.0565399,0.002048277,0.066467464,0.08883973,0.07318931,0.04493036
0.06181352,0.032713585,0.052512046,0.10477138,0.15328178,0.1533027,0.10212225,0.034346126,-0.014658764,-0.008980017,0.03161432,0.06633559,0.06670922,0.018624198,-0.053470936,-0.08745485,-0.06777232,-0.014388404,0.042136535,0.067007355,0.04726577,-0.007003065,-0.027262721,0.017716708
0.025423193,-0.03468078,-0.029067008,0.031040754,0.09696015,0.10319057,0.042515334,-0.05111701,-0.12161909,-0.11887821,-0.05335883,0.013867923,0.03873861,-0.0090206405,-0.09701964,-0.14270222,-0.11409621,-0.032896597,0.06204991,0.108261995,0.08839941,0.0137589285,-0.028023455,0.014368766
-0.033972718,-0.121488795,-0.17365909,-0.15529037,-0.079041325,-0.0090569,0.011286969,-0.035997745,-0.10646561,-0.14524221,-0.108746536,-0.02315944,0.06345073,0.08343922,0.030619098,-0.04406997,-0.083738945,-0.06530472,0.01073431,0.07783391,0.08828286,0.023416433,-0.06636495,-0.122765005
-0.07149193,-0.114010625,-0.102281004,-0.042912014,0.02139519,0.04458882,0.023722643,-0.027417243,-0.06190154,-0.04757572,0.011357071,0.07345538,0.09690481,0.06373144,-0.0031361382,-0.052756805,-0.053361855,-0.010942366,0.04170511,0.05161334,0.0052527417,-0.071454085,-0.12644918,-0.129254
0.02684929,-0.021675847,-0.057907816,-0.06101611,-0.03275358,-0.006000571,-0.0041135256,-0.03478212,-0.07982468,-0.10706692,-0.097198546,-0.05960082,-0.016408455,-0.0016816357,-0.022068815,-0.051363148,-0.06393236,-0.04625432,0.002301493,0.053322162,0.08057658,0.06181116,0.029300114,0.015419488
0.2086667,0.25049755,0.21116406,0.13780506,0.09297814,0.119055934,0.19671349,0.27316102,0.29087272,0.235854,0.13609059,0.06527196,0.06499246,0.12797338,0.19181459,0.20119788,0.13082582,0.028513512,-0.037768412,-0.018420137,0.06413212,0.14424016,0.16610916,0.12746313
0.10281651,0.07199114,0.013431156,-0.016062884,0.014940582,0.08993389,0.16448264,0.18787844,0.1528486,0.09114102,0.04864192,0.061706692,0.12227869,0.17546275,0.1733043,0.1177815,0.031264402,-0.036616795,-0.03630082,0.017620487,0.070712954,0.071289204,0.014746695,-0.059130184
0.02621018,0.072697856,0.113310985,0.11336158,0.06614844,0.0039570928,-0.042737275,-0.04402681,-0.013133707,0.020580217,0.020757249,-0.021419754,-0.07749381,-0.10823731,-0.092555285,-0.03640769,0.026513409,0.05448379,0.03653468,0.0012140269,-0.008217843,0.026542557,0.092713244,0.1627342
-0.06289921,-0.12514657,-0.11812356,-0.05467025,0.008020667,0.011630788,-0.044566203,-0.12918332,-0.18450686,-0.16804866,-0.090115026,-0.013601684,0.012105949,-0.032719024,-0.11128519,-0.15376163,-0.11993374,-0.031794325,0.056808088,0.08635446,0.049470995,-0.032274734,-0.07763634,-0.04761522
-0.10917506,-0.16029294,-0.15213868,-0.094570115,-0.034610953,-0.020436358,-0.056415465,-0.117172256,-0.15579979,-0.1412833,-0.07827874,-0.012149648,0.010211322,-0.024532778,-0.08871321,-0.13338053,-0.124259345,-0.06833477,-0.006942578,0.0049951286,-0.044454083,-0.121097825,-0.16967635,-0.16908138
0.15655659,0.08799698,0.04892858,0.0721756,0.14605583,0.20393604,0.20771718,0.14909893,0.06345473,0.019121654,0.03548083,0.09354911,0.1530352,0.15556577,0.08871846,0.015763184,-0.022907732,-0.0017381128,0.07558418,0.16050196,0.19916087,0.14710896,0.082208455,0.07450117
0.07418086,0.11575916,0.12015082,0.078272544,0.019280594,-0.01726222,-0.019458935,0.014635908,0.048264854,0.05095541,0.013102342,-0.04038856,-0.07569622,-0.061409328,-0.0058012693,0.048276275,0.0731571,0.062185228,0.020830994,0.0046098246,0.0393758,0.102984294,0.16548523,0.1935459
-0.028033052,0.029717974,0.045313675,0.004780309,-0.05747277,-0.08944514,-0.0677689,-0.005572174,0.056721784,0.07013599,0.02804877,-0.034062285,-0.07413277,-0.05442904,0.015718795,0.07150399,0.07637028,0.032430332,-0.039538346,-0.08661742,-0.083069004,-0.022401469,0.02952402,0.024313774
0.06669163,-0.010859919,-0.04849845,-0.005072357,0.09787983,0.1860847,0.21222793,0.16094851,0.07836667,0.03400332,0.063716985,0.14454515,0.22128484,0.22215226,0.13465548,0.029273914,-0.039381143,-0.039744,0.030084291,0.09883008,0.102831095,0.017170016,-0.08863992,-0.13966805
-0.04636193,-0.08621558,-0.07472205,-0.029467255,0.014109861,0.01496693,-0.028381739,-0.089435555,-0.12623209,-0.11116429,-0.054254018,-0.002496186,0.014324666,-0.020834187,-0.077534005,-0.10180402,-0.07017123,-0.008383207,0.05136671,0.06758136,0.038071766,-0.016807932,-0.044260792,-0.018894657
0.011233027,0.031866934,0.09662119,0.15238729,0.15589316,0.09908707,0.016806686,-0.034103386,-0.030042078,0.024672542,0.079391174,0.08187978,0.030126782,-0.04333881,-0.087650396,-0.06172003,0.019372554,0.09748493,0.12168255,0.08970537,0.042433396,0.015747184,0.0516552,0.14547953
-0.04983582,-0.004437749,0.008009714,-0.023440694,-0.071328275,-0.09247568,-0.071693644,-0.01582734,0.04187579,0.058268707,0.03198489,-0.010360748,-0.039913777,-0.021610182,0.039372787,0.08556111,0.09168346,0.059552774,-0.0033847988,-0.050122175,-0.052520704,-0.0059721856,0.03421772,0.021848558
-0.12387924,-0.09043662,-0.047453467,-0.040858492,-0.08552974,-0.15350488,-0.20007458,-0.19888665,-0.15373106,-0.10094457,-0.0775575,-0.10087794,-0.15049638,-0.1795205,-0.15329318,-0.09252718,-0.02237325,0.01892481,0.002216343,-0.0488121,-0.08749495,-0.07038883,-0.016322348,0.03387705
0.0007947339,0.064032584,0.12316077,0.13180123,0.0773619,0.0035413243,-0.050276197,-0.04492923,0.0024049461,0.050765716,0.053286556,0.0012112865,-0.07434665,-0.11883933,-0.10430191,-0.04108143,0.030787379,0.058041893,0.02259561,-0.036735307,-0.06509597,-0.031449582,0.04546015,0.1240827
0.1906548,0.15605423,0.092756666,0.056358937,0.08323315,0.15346053,0.21014313,0.21851996,0.16488971,0.088310376,0.03533596,0.04084459,0.09746099,0.14724794,0.14000292,0.08483073,0.009370317,-0.045713834,-0.037770733,0.032870453,0.10966051,0.11947165,0.07888958,0.026921771
-0.0013863913,-0.07755831,-0.12726821,-0.11297864,-0.042526323,0.025792096,0.047380917,0.008401502,-0.05791638,-0.09988929,-0.07720534,-0.0059429626,0.06993333,0.08929757,0.040800244,-0.031005358,-0.07901144,-0.07360383,-0.010564559,0.053156182,0.06809043,0.0132614365,-0.06690382,-0.120788164
0.12237122,0.22061092,0.2564663,0.21778095,0.14507212,0.10731479,0.13073374,0.2088738,0.28329456,0.29983723,0.23699369,0.14049017,0.07182742,0.07848556,0.1446131,0.21124275,0.21493965,0.15049715,0.051986624,-0.006750838,0.011295911,0.09557309,0.17298615,0.19905396
0.16361912,0.19209144,0.15719065,0.09419605,0.057738353,0.08154131,0.14419615,0.20310621,0.21409969,0.16572426,0.08720493,0.034496095,0.041490912,0.093646646,0.14257832,0.14861034,0.098827645,0.01940886,-0.033062916,-0.015736548,0.054161653,0.11777829,0.13286367,0.09954585
0.017170366,0.0010705856,0.025814766,0.08473352,0.14721386,0.17469503,0.15774328,0.11887173,0.09130056,0.10142773,0.14116628,0.17932358,0.1862,0.14773862,0.08022347,0.03467933,0.02214,0.0387226,0.06916419,0.06947324,0.027754776,-0.03282402,-0.073760204,-0.06925624
-0.013392239,0.040132858,0.08579356,0.07881183,0.01686664,-0.060909953,-0.113585494,-0.108861424,-0.064525425,-0.023639778,-0.025199976,-0.07559717,-0.14309388,-0.17681195,-0.14934948,-0.07834251,-0.006304731,0.021573853,-0.0063239373,-0.052988574,-0.0690522,-0.02694951,0.049770202,0.1220191
0.013681612,0.05134452,0.084980175,0.08458429,0.039461687,-0.019574333,-0.0676762,-0.07108078,-0.044850573,-0.014019436,-0.014186588,-0.05078376,-0.10455869,-0.13123935,-0.113369405,-0.06276901,-0.0036942456,0.03020048,0.01537837,-0.015950214,-0.023220146,0.008159861,0.073906094,0.13916247
0.2022985,0.24033423,0.19727688,0.118236385,0.070992455,0.096859604,0.17523216,0.25181013,0.26874253,0.21244133,0.11267347,0.04369431,0.048102528,0.112789385,0.17733538,0.18910429,0.12305802,0.021112062,-0.045403495,-0.02294671,0.064431,0.14684288,0.16834728,0.12898608
0.051254783,0.0006005601,0.00921784,0.066065565,0.121044844,0.1177989,0.052439637,-0.035643168,-0.10012999,-0.09387377,-0.03430273,0.021704556,0.034701142,-0.013325125,-0.09189757,-0.12824403,-0.09302391,-0.0073271114,0.07943732,0.12122134,0.108204156,0.04414639,0.018683165,0.07346063
0.03373596,0.09224247,0.15077704,0.17605752,0.15496752,0.115388,0.09003544,0.10010315,0.13825814,0.17794526,0.1816737,0.141773,0.082929015,0.042454287,0.03852008,0.06935138,0.10215081,0.10477655,0.06963672,0.01662237,-0.019006444,-0.009189889,0.031614877,0.082752176
0.008894626,-0.044969954,-0.028287945,0.045572285,0.11886824,0.12731895,0.06590737,-0.025064299,-0.088877425,-0.07627062,-0.0052424567,0.063083276,0.07911943,0.02411531,-0.06830263,-0.118688166,-0.095318824,-0.014661856,0.07373748,0.10661674,0.07020459,-0.013643521,-0.056371976,-0.015379917
0.021058066,-0.028342053,-0.015343866,0.045079503,0.10464326,0.1056983,0.049561784,-0.034355987,-0.093714334,-0.08344101,-0.020890579,0.037661914,0.053837202,0.0048655816,-0.07707317,-0.117121615,-0.0880336,-0.0121164825,0.07083065,0.10709285,0.08310541,0.012036083,-0.024319628,0.020490589
0.027201485,0.07385318,0.078835055,0.03127411,-0.045035608,-0.098873466,-0.107337125,-0.07308777,-0.032836746,-0.028025707,-0.068629265,-0.13042705,-0.17209718,-0.16027647,-0.1004792,-0.036492564,-0.001895723,-0.013330402,-0.053843647,-0.075815804,-0.04805421,0.022133673,0.090333976,0.12279104
0.025059434,0.09477015,0.16546072,0.19438326,0.16774659,0.12099726,0.086993225,0.102854826,0.1539118,0.20527636,0.21144837,0.16581494,0.09175844,0.043814283,0.045302883,0.085805334,0.12900676,0.136966,0.08687381,0.015653647,-0.028736562,-0.015052883,0.041398358,0.10035367
-0.018883381,-0.00138384,0.06504172,0.13177197,0.14552765,0.09440806,0.011879996,-0.04113331,-0.037797984,0.020506512,0.08068201,0.09031556,0.038162712,-0.03758521,-0.087133296,-0.06968885,0.0004583632,0.07761142,0.10574032,0.070070595,0.009016237,-0.028028786,0.00049361045,0.08611834
0.16469581,0.19617717,0.16712584,0.112723105,0.07821896,0.09910605,0.15934616,0.21521625,0.22379515,0.17720374,0.097033955,0.04043944,0.04115098,0.08451347,0.12188752,0.12024906,0.06687215,-0.015036659,-0.0683267,-0.052766338,0.009815275,0.065910906,0.07817045,0.05072232
0.13719633,0.11567931,0.072584786,0.046007175,0.056009345,0.09254645,0.12711763,0.13053219,0.09399837,0.042311184,0.0027152693,0.0007114029,0.031869438,0.062215757,0.057195205,0.02208671,-0.026661415,-0.06100815,-0.05213926,-0.0006857837,0.054324605,0.06250544,0.038087785,0.012200068
0.08462173,0.0361745,-0.041454054,-0.09772697,-0.09376936,-0.047411583,-0.00020661674,0.0053294636,-0.04012175,-0.109930374,-0.15265648,-0.13961354,-0.07542368,-0.013033651,0.007012636,-0.021098379,-0.07313658,-0.10793934,-0.08342356,-0.0077927043,0.070931345,0.093049124,0.05992288,0.0054445886
