0.038486447,0.10095176,0.108126126,0.043261517,-0.049920067,-0.11531008,-0.10925691,-0.047076236,0.015582165,0.025549203,-0.03478397,-0.13004392,-0.18380979,-0.15501201,-0.06547871,0.022864588,0.06599744,0.027264737,-0.053917862,-0.09966653,-0.06800615,0.02219803,0.105293535,0.12880199
0.061996542,-0.024257053,-0.080014646,-0.053507775,0.037315674,0.13661616,0.17048167,0.11623625,0.02216337,-0.047169227,-0.032136258,0.061200544,0.15421008,0.1772819,0.10739782,-0.006127531,-0.09063122,-0.08762916,-0.0020597344,0.090099774,0.114185154,0.05003667,-0.04664087,-0.10761555
0.16248117,0.18901946,0.15445346,0.0888624,0.0439842,0.05534075,0.1173246,0.1731568,0.17775558,0.115011975,0.018659152,-0.05148055,-0.05203238,0.0073820003,0.06584346,0.07425445,0.03931701,-0.030135963,-0.080346674,-0.06472498,0.008126594,0.08405446,0.11348894,0.0838747
-0.010460791,0.037994843,0.054586448,0.028142476,-0.015649736,-0.04523301,-0.0296773,0.02191152,0.07171776,0.09063143,0.0588862,0.0012661826,-0.035841953,-0.02840351,0.017130123,0.064833514,0.07832482,0.045876525,-0.013180854,-0.05417779,-0.049421445,-0.007389185,0.03305868,0.040070567
-0.06553519,-0.01655732,-0.007863253,-0.05793594,-0.13201627,-0.18393497,-0.17323129,-0.10854309,-0.038011856,-0.0040198504,-0.033310287,-0.097189486,-0.13292992,-0.10492521,-0.023869297,0.05866339,0.08961779,0.04776959,-0.029254949,-0.07886787,-0.06626309,-0.005348075,0.049992256,0.057457395
0.06903552,0.13887584,0.16926791,0.14323056,0.08751446,0.044043362,0.051623724,0.10099337,0.14962612,0.1580017,0.10582206,0.018345004,-0.045624316,-0.052707728,-0.010249965,0.04143044,0.06943263,0.045151673,-0.019467222,-0.06814431,-0.06020676,-0.0011319534,0.06396221,0.092396736
-0.016962048,0.051318023,0.11626251,0.12185484,0.05756008,-0.044104345,-0.11694828,-0.1147524,-0.055802234,0.007622808,0.018704405,-0.04914529,-0.14597504,-0.20354551,-0.1789558,-0.090122774,0.014491455,0.062176503,0.02374101,-0.05380711,-0.09632049,-0.058658242,0.032894854,0.121689744
-0.009089077,-0.033072863,-0.014323378,0.044718206,0.10226529,0.124795474,0.098302975,0.046859503,0.0110890195,0.016945995,0.06308039,0.11247194,0.12012448,0.07309931,0.0020520424,-0.047531113,-0.05091332,-0.00304617,0.05131467,0.06407202,0.025694085,-0.03454435,-0.07080383,-0.05882759
0.18128663,0.21317242,0.1825608,0.11974337,0.07995878,0.09598826,0.16069773,0.21710129,0.21986571,0.15389292,0.053384274,-0.021181885,-0.025940046,0.027749503,0.079617396,0.08215667,0.04305172,-0.026578953,-0.076955914,-0.062434107,0.008500959,0.08256006,0.1122261,0.08374532
-0.035310123,-0.09941511,-0.14354345,-0.13427195,-0.080184385,-0.018215805,0.0070372936,-0.0183479,-0.065917626,-0.094792046,-0.07167856,0.0013362188,0.07476312,0.10370465,0.07479325,0.015005918,-0.04105605,-0.048685115,-0.0008196485,0.05523927,0.06896965,0.024814788,-0.04499928,-0.096539
-0.03425257,-0.07581401,-0.07777227,-0.04203927,-0.0019514563,0.00957257,-0.025359625,-0.080772,-0.11722405,-0.11152788,-0.060715817,-0.0018696683,0.020960944,-0.0028896355,-0.049993873,-0.08145985,-0.07376287,-0.025789386,0.031468127,0.054911792,0.03032288,-0.018007234,-0.04937014,-0.04027933
0.074781284,0.0053169606,-0.033448208,0.0053645982,0.10236138,0.20162585,0.23641396,0.18714462,0.09935937,0.035420083,0.047295023,0.12916079,0.20569402,0.21100254,0.129856,0.012838912,-0.072304964,-0.06748184,0.0117836315,0.09100644,0.10334804,0.035419893,-0.057030447,-0.11101279
0.06903312,-0.01600508,-0.07032934,-0.040063865,0.055156633,0.15969877,0.19859989,0.14670777,0.05192868,-0.019371213,-0.0067923297,0.08559671,0.17819476,0.19906624,0.1250286,0.0057156286,-0.08454621,-0.084019415,0.00090631074,0.09277795,0.115942284,0.049551077,-0.05040809,-0.11412945
-0.1367508,-0.14091602,-0.09977524,-0.0547409,-0.05067938,-0.10381739,-0.18529329,-0.23287888,-0.21774895,-0.1474089,-0.06629806,-0.032394644,-0.06208306,-0.1207956,-0.14847235,-0.11520333,-0.04195192,0.03310992,0.0621072,0.027234549,-0.03858434,-0.07763917,-0.06349056,-0.0065582227
0.08319274,0.11232737,0.06465847,-0.020220987,-0.065310284,-0.028439673,0.079662494,0.17954454,0.20825154,0.15197869,0.04603356,-0.022403315,0.001260036,0.09392505,0.17876162,0.18972133,0.11464274,-0.005816682,-0.08809396,-0.07641986,0.0070515126,0.08353456,0.09066521,0.017885238
0.0073429192,-0.0515273,-0.046258397,0.017868077,0.08217052,0.09413009,0.027899412,-0.071648605,-0.13916492,-0.13971831,-0.067168064,0.01494098,0.035804793,-0.017452225,-0.10468049,-0.16030274,-0.13815433,-0.047624648,0.05098025,0.088119276,0.048040636,-0.024266303,-0.06265211,-0.03171972
0.098711245,0.09940022,0.053994667,-0.012349043,-0.054278202,-0.051901493,-0.014301053,0.01803356,0.01489849,-0.034901008,-0.09956811,-0.13682708,-0.11906135,-0.05510276,0.0037133866,0.019888494,0.0006483988,-0.048184216,-0.076542564,-0.050571326,0.015713926,0.07756882,0.09862477,0.072321236
-0.11380337,-0.12255144,-0.09619083,-0.064462684,-0.059346493,-0.09313341,-0.14918296,-0.1837896,-0.17365171,-0.122002386,-0.059376806,-0.027906306,-0.041882157,-0.07997281,-0.099519104,-0.077747725,-0.029292157,0.022381628,0.04507427,0.023120504,-0.023869207,-0.056518372,-0.052839827,-0.017304273
0.031999946,0.06761142,0.09551954,0.08972014,0.047252133,-0.011087105,-0.05091761,-0.052605603,-0.028263219,-0.008069345,-0.014957007,-0.059118338,-0.11167314,-0.1357227,-0.11676347,-0.068406805,-0.009318603,0.016375016,-0.0026374187,-0.036484364,-0.046425607,-0.013419132,0.04354496,0.09380993
-0.05356535,-0.10306153,-0.10851172,-0.07333055,-0.03528317,-0.029976677,-0.07401073,-0.13664708,-0.1747092,-0.16469723,-0.10465879,-0.03693654,-0.00978382,-0.03161141,-0.076463915,-0.10303257,-0.087442204,-0.032250978,0.031105345,0.057075333,0.031426936,-0.018687699,-0.05050648,-0.038820278
0.004505496,-0.024328778,-0.0010095862,0.070027426,0.14245224,0.17423978,0.14357664,0.08151989,0.035790782,0.04014601,0.0932164,0.15161882,0.15928002,0.09970257,0.009956481,-0.05420299,-0.06133998,-0.0030022587,0.06412026,0.08043873,0.033218134,-0.04068835,-0.08496411,-0.070022725
0.052327305,0.116971634,0.12813747,0.070418924,-0.016393218,-0.07793152,-0.07046929,-0.009846638,0.049401782,0.056548547,-0.00552269,-0.10145043,-0.158098,-0.13554077,-0.05445256,0.026255587,0.06602346,0.02925478,-0.049391046,-0.095106006,-0.06595093,0.020751383,0.10140355,0.12575561
-0.06303042,-0.058427833,-0.026809178,0.0039765625,0.0055912468,-0.0266776,-0.0750026,-0.10200385,-0.09171941,-0.05044485,-0.006561757,0.0055358764,-0.02082367,-0.062893726,-0.08349691,-0.065295406,-0.020348474,0.02563115,0.040205166,0.0149966255,-0.0268232,-0.048988838,-0.0363239,0.002567137
0.051261194,0.009574973,-0.008635505,0.021224411,0.08335027,0.14306058,0.15969343,0.12558642,0.070701264,0.033703513,0.043836046,0.09432477,0.13666578,0.1319092,0.075646475,0.0017938311,-0.047324937,-0.038187113,0.013521999,0.0596676,0.061789982,0.01655093,-0.03950261,-0.067536935
0.015348402,0.023157693,-0.023190783,-0.09700226,-0.1433071,-0.1298936,-0.06252813,0.0062900386,0.031584736,1.4030363e-05,-0.064808935,-0.10375576,-0.07680884,0.004309027,0.08387723,0.11016826,0.06947094,-0.014428608,-0.07251196,-0.06130056,0.0031061147,0.06398418,0.0724978,0.019890023
0.002140848,-0.025536021,0.003408411,0.08094331,0.15678534,0.18669476,0.15039587,0.08173685,0.03382302,0.04049491,0.09897921,0.16052236,0.16590787,0.09966456,0.0027000257,-0.06405081,-0.067630365,-0.0026073388,0.06932187,0.08494323,0.03291485,-0.04698182,-0.09240176,-0.072716996
0.034952402,-0.025258467,-0.053153407,-0.017987177,0.058317035,0.13027124,0.14526497,0.09782219,0.02929643,-0.010949984,0.012576598,0.08560989,0.14531988,0.14377902,0.077006444,-0.0103319045,-0.06673282,-0.051576756,0.01728602,0.07734448,0.07847018,0.01831905,-0.05418677,-0.08966621
0.14792134,0.18128967,0.16559184,0.12108612,0.089903414,0.10041832,0.15118745,0.1976829,0.20304722,0.15324293,0.0719654,0.007291084,-0.0042571602,0.03124302,0.06851737,0.070285246,0.04079926,-0.013356022,-0.05653517,-0.050720826,0.0012769343,0.05917734,0.0853405,0.066801995
0.03313327,-0.03253139,-0.12684794,-0.18612587,-0.16555583,-0.07985973,0.008577044,0.03379579,-0.011083378,-0.09000566,-0.13499375,-0.09342306,0.012204061,0.11735371,0.1500785,0.096465,-0.005285389,-0.08532739,-0.07588821,0.007831543,0.09074263,0.10104674,0.033587143,-0.06784737
-0.02493203,-0.0065455525,0.06172674,0.12986062,0.1408633,0.079201974,-0.021571206,-0.08894659,-0.087803535,-0.029342527,0.039355796,0.04806036,-0.018517636,-0.117479175,-0.17760432,-0.15847082,-0.06810973,0.035617817,0.075742826,0.03289867,-0.04496179,-0.08325154,-0.047924653,0.04337353
-0.028131228,0.054159716,0.13863981,0.16883475,0.12964639,0.05174562,-0.0010326323,0.014988595,0.08045919,0.15128668,0.16351208,0.094823286,-0.008709705,-0.08577636,-0.08550474,-0.01928197,0.06045648,0.09773589,0.05198279,-0.038012635,-0.09941067,-0.08354227,-0.009880317,0.06882821
0.016689505,0.10507511,0.19506688,0.23250495,0.20109174,0.1296726,0.07950889,0.09123573,0.14776954,0.20751002,0.2108812,0.13590142,0.026230322,-0.059670605,-0.072672404,-0.019752344,0.054825023,0.094735526,0.05345917,-0.033615947,-0.09428867,-0.08009018,-0.006498379,0.07576301
-0.07526003,-0.035968512,-0.024946127,-0.062265005,-0.12425716,-0.17316939,-0.17265278,-0.12413093,-0.06335536,-0.026977023,-0.041544717,-0.089676395,-0.120629266,-0.10185788,-0.03607257,0.036739845,0.07001259,0.04244276,-0.018740773,-0.06302365,-0.058985423,-0.013018548,0.03358673,0.044557225
0.014274748,0.081158414,0.14690614,0.17030855,0.14123282,0.08640284,0.051139977,0.06435851,0.10973752,0.15433703,0.15341637,0.093070254,0.010124704,-0.050483532,-0.054429226,-0.010826019,0.04571117,0.07206145,0.036626533,-0.029884435,-0.07250218,-0.057099488,0.00088847015,0.061868474
0.062269352,0.07999335,0.045669064,-0.011925049,-0.043368593,-0.021363113,0.04771258,0.112422355,0.12962332,0.09054389,0.019163331,-0.027112193,-0.012331009,0.049833216,0.10749486,0.11635544,0.06978567,-0.007500007,-0.060649894,-0.051666636,0.005343496,0.059436943,0.06710629,0.02099214
0.042933553,0.066216476,0.0321189,-0.032146715,-0.068471126,-0.04356176,0.036565375,0.11476235,0.14221016,0.1071404,0.031899314,-0.019362822,-0.0029047632,0.0665252,0.1334888,0.14740697,0.093927875,0.0026720031,-0.0628612,-0.059015427,5.25042e-05,0.05672685,0.06309544,0.0091218585
0.025319258,0.122112565,0.21293366,0.24228124,0.20129731,0.12574807,0.080224186,0.102567546,0.16732918,0.22741798,0.22140075,0.13322508,0.017027775,-0.06558683,-0.068563916,-0.0070199682,0.06890952,0.10127883,0.048269283,-0.0451245,-0.102165475,-0.07747523,0.0049584243,0.08797969
-0.11877345,-0.10615568,-0.037178274,0.03650585,0.05593607,0.0046878974,-0.084350735,-0.13833891,-0.122128606,-0.042104475,0.046053603,0.0731422,0.020578185,-0.07251227,-0.12943299,-0.1086645,-0.031399757,0.058945164,0.09125726,0.04086254,-0.049038112,-0.104901105,-0.08967663,-0.01630983
0.05000523,0.016125172,0.026460921,0.07971606,0.13228753,0.144496,0.09748114,0.022612482,-0.032954395,-0.042677134,0.00027020113,0.050169215,0.05569478,0.0069652223,-0.06771253,-0.117768615,-0.103980355,-0.034882545,0.038643345,0.06567108,0.036269087,-0.01509805,-0.039057627,-0.010771695
0.13471556,0.14811783,0.08745638,-0.012916887,-0.08336954,-0.082594976,-0.01740163,0.046939805,0.05706692,-0.010168228,-0.11315614,-0.18149136,-0.16296017,-0.06703295,0.029439112,0.061586387,0.03076112,-0.05401087,-0.11307747,-0.08641538,0.010926252,0.109229796,0.1453682,0.10361523
-0.022540508,0.061477095,0.097184464,0.06014189,-0.010152926,-0.05629548,-0.028735485,0.05800528,0.14364947,0.17954795,0.12977463,0.033446442,-0.031627525,-0.025941744,0.043597676,0.11939424,0.13992245,0.085855484,-0.013783295,-0.08657679,-0.084976636,-0.021686131,0.042528696,0.05520072
0.01608921,0.023095068,-0.012699571,-0.070783526,-0.106661946,-0.096821085,-0.045050934,0.007785625,0.026799196,0.0011824404,-0.050363306,-0.08120814,-0.060814515,0.001882671,0.06354984,0.08383385,0.052262936,-0.0126735065,-0.057310022,-0.048096664,0.002548335,0.050563697,0.057978623,0.017592013
-0.08625875,-0.043608278,-0.0043533198,-0.0062222225,-0.052949,-0.119906425,-0.15939768,-0.14218022,-0.08622446,-0.0272388,-0.009878604,-0.04685174,-0.10125334,-0.12715757,-0.09549905,-0.024385815,0.039720464,0.05687387,0.018563984,-0.040270496,-0.07174462,-0.04951458,0.0033909248,0.04862273
-0.065296106,-0.01656676,-0.008497896,-0.060538113,-0.1371513,-0.19092555,-0.18049926,-0.11517197,-0.04339085,-0.0091847535,-0.039294776,-0.10409327,-0.13987464,-0.11060714,-0.026935872,0.057614975,0.089562915,0.047258135,-0.030800752,-0.08067822,-0.06697645,-0.004261777,0.05241171,0.059837732
-0.009987287,0.035992663,0.078815356,0.08256634,0.041106302,-0.025097571,-0.0721444,-0.070514664,-0.03230071,0.008244329,0.014380279,-0.030504992,-0.093972325,-0.13144049,-0.115602784,-0.058166854,0.009366573,0.040097047,0.014648408,-0.03556039,-0.06280221,-0.037977807,0.021961406,0.07955903
-0.10594135,-0.043332037,0.017530251,0.022318667,-0.035939667,-0.123322584,-0.17520131,-0.1530601,-0.07835306,0.0007184482,0.023228511,-0.02880393,-0.10664271,-0.14943467,-0.115382664,-0.026084714,0.057566617,0.08214811,0.031069562,-0.050636146,-0.097213104,-0.07245068,-0.0031290685,0.059743065
-0.0015828272,-0.00019826024,0.032980584,0.07021372,0.07619288,0.038077965,-0.028041981,-0.077596866,-0.08551382,-0.05691136,-0.014880765,-0.003984743,-0.038077082,-0.093616836,-0.12928058,-0.11928174,-0.062062345,0.0060708374,0.039143905,0.022235285,-0.019208636,-0.040363055,-0.019084385,0.03677988
0.13428788,0.053302787,-0.0065782014,-0.0012171812,0.052134518,0.1078917,0.10671835,0.035875008,-0.061359353,-0.13924995,-0.13818017,-0.070578545,-0.0010878159,0.022235507,-0.025576169,-0.10669237,-0.14494175,-0.1171044,-0.029167555,0.06250271,0.10131986,0.07443498,0.022397546,-0.0032980882
-0.12387864,-0.11697119,-0.053848978,0.012816951,0.027685296,-0.028178006,-0.12182311,-0.17953539,-0.16489726,-0.08572749,0.004206415,0.035349414,-0.012192369,-0.099140786,-0.14981648,-0.123976,-0.04265023,0.049472656,0.08473665,0.03857203,-0.046968915,-0.099680625,-0.08296841,-0.009668697
0.03360438,0.09526766,0.15698075,0.18576597,0.17109911,0.13184667,0.10564841,0.11534823,0.14938045,0.1826418,0.17845738,0.12528199,0.051010456,-0.009308255,-0.024976755,0.00029577813,0.04133077,0.064824805,0.037496224,-0.018896751,-0.058553353,-0.051169313,-0.0055779186,0.046343498
