0.02215274,0.036775004,0.07176431,0.10299936,0.10178261,0.061439734,0.0040149116,-0.036974568,-0.04263513,-0.020564808,-0.0019284025,-0.011209939,-0.050167594,-0.106107585,-0.13484846,-0.12758939,-0.08915815,-0.048329037,-0.035469484,-0.05571646,-0.08647345,-0.09611797,-0.06830932,-0.013754181
-0.17954448,-0.16944309,-0.10564105,-0.040842775,-0.020187454,-0.056042373,-0.11149112,-0.14088072,-0.10886834,-0.025911521,0.051832315,0.08331705,0.058154825,0.004920186,-0.03140185,-0.0075676506,0.060421772,0.12548816,0.1390543,0.08852746,0.009721301,-0.046867684,-0.04575691,0.0002862786
0.023585828,-0.02337657,-0.017139409,0.041512996,0.10214842,0.119864635,0.07124392,-0.012439233,-0.07739831,-0.08003313,-0.031782936,0.02282589,0.03836734,-0.012088401,-0.08701047,-0.14437498,-0.13768512,-0.073393226,-0.0016429742,0.027086364,-0.0037688825,-0.06772794,-0.10822251,-0.08738347
0.14865859,0.07304645,0.02566492,0.05265337,0.1268242,0.19771823,0.19898711,0.12425469,0.017598284,-0.052283026,-0.04737069,0.010868748,0.067400075,0.058400866,-0.010255855,-0.11187733,-0.17148526,-0.14883547,-0.06837826,0.011846,0.032739706,-0.01572937,-0.08821204,-0.11805418
0.042127445,0.106847785,0.11554585,0.05539148,-0.034565423,-0.09953111,-0.09637912,-0.040308323,0.018493367,0.020850055,-0.040201318,-0.12636453,-0.18181193,-0.16621517,-0.09439042,-0.018145096,0.0049771653,-0.036511824,-0.1049195,-0.1395014,-0.10789914,-0.020532632,0.065722935,0.097171575
-0.004910922,0.0075772237,0.056334507,0.104231305,0.11063979,0.06364374,-0.008813546,-0.06350028,-0.069594145,-0.034718033,0.0011086545,0.0005646989,-0.042216536,-0.112368025,-0.1550959,-0.14874686,-0.098846726,-0.040318303,-0.017005572,-0.04183193,-0.088600695,-0.11432477,-0.08893716,-0.021569096
-0.04694487,0.013725565,0.042577438,0.02143722,-0.017221697,-0.0392844,-0.0065998016,0.068347655,0.14395252,0.17424841,0.15575999,0.10946425,0.07580151,0.09175636,0.13812587,0.1886579,0.19487084,0.14642167,0.07371259,0.014372946,0.004032881,0.03795192,0.07302463,0.069780685
-0.027504425,0.078152515,0.18161237,0.21570747,0.17025371,0.08241685,0.033606846,0.05651744,0.1451638,0.22608034,0.23438248,0.16268831,0.054902647,-0.016934935,-0.013461348,0.05870552,0.12415122,0.12617032,0.04917214,-0.05686786,-0.1265414,-0.11111177,-0.026424365,0.05873572
0.20146169,0.23263924,0.18605106,0.10861957,0.06513866,0.09301612,0.17180066,0.2427526,0.24871217,0.17287919,0.07265971,0.004895139,0.005870436,0.06440963,0.12281312,0.12031843,0.044990513,-0.05592034,-0.11645921,-0.09754225,-0.022074457,0.056450132,0.07781512,0.03148895
0.054143127,0.020910181,-0.036316942,-0.07331979,-0.05334894,0.019213168,0.09072564,0.12170324,0.096679024,0.042276967,0.010782047,0.027611254,0.08613209,0.1495838,0.16831869,0.12778148,0.058842927,0.0055380147,0.0052508516,0.050857197,0.10101895,0.10637972,0.056768406,-0.019350203
0.0074579515,0.01849773,0.056940462,0.09971767,0.1116287,0.08049582,0.023836602,-0.02223498,-0.031060405,-0.0032535314,0.027285984,0.029948333,-0.0038446102,-0.0657576,-0.106580436,-0.107962206,-0.07102559,-0.02244077,-0.0020825232,-0.023635667,-0.06854651,-0.09486842,-0.07769724,-0.025018664
-0.079790205,-0.050229214,0.026038393,0.09612938,0.112255424,0.063682795,-0.0054701827,-0.044447284,-0.021001393,0.049575765,0.11007462,0.116684966,0.06412246,-0.014800722,-0.0627551,-0.04613035,0.017193865,0.07600709,0.08103908,0.02339494,-0.055430207,-0.10083528,-0.08079553,-0.013383737
-0.14293371,-0.18355787,-0.15981707,-0.0887473,-0.017468639,0.007798733,-0.021253357,-0.070112884,-0.090128355,-0.046301883,0.036719874,0.11504472,0.14478466,0.11239156,0.050474346,0.015817665,0.03626448,0.09765538,0.15155753,0.14962643,0.08809561,0.0013159716,-0.05751889,-0.060500078
0.011488863,0.059230976,0.06486717,0.0153688975,-0.05980151,-0.115531944,-0.11443847,-0.06795581,-0.018187828,-0.013058002,-0.05866193,-0.12515545,-0.16699462,-0.14948174,-0.08751707,-0.021626262,0.0027264406,-0.027852824,-0.08193842,-0.109507084,-0.0806415,-0.008929843,0.05938014,0.08336093
-0.13083698,-0.1191083,-0.06815438,-0.016509507,0.00094517035,-0.021199314,-0.053473797,-0.066233926,-0.037091907,0.025117837,0.08266885,0.10415089,0.08404469,0.046906028,0.019125484,0.0336356,0.07933799,0.12026518,0.12195432,0.077485114,0.017587323,-0.02614219,-0.02997268,-0.00040026382
-0.0356479,0.009877429,0.110860236,0.20612995,0.24413516,0.20560423,0.13759406,0.09605665,0.121591344,0.19580743,0.2618569,0.26517797,0.19906418,0.09621056,0.024277559,0.022354912,0.072095275,0.122143425,0.11736241,0.041891936,-0.059072126,-0.123045705,-0.111112766,-0.040001675
0.0852195,0.036779366,-0.03759115,-0.07670732,-0.04556502,0.04177329,0.12513895,0.15339725,0.108146966,0.031098511,-0.008272736,0.018674858,0.09471635,0.16819431,0.18049148,0.12122777,0.029533181,-0.028561195,-0.014168714,0.053324394,0.11487932,0.118683994,0.053615957,-0.037510578
-0.13279752,-0.0678892,0.0027109622,0.025017431,-0.007783909,-0.07125756,-0.10289371,-0.075392775,0.0050195474,0.084868796,0.11183357,0.08032562,0.020415235,-0.013360848,0.0023438253,0.07090666,0.13335317,0.14633632,0.09634794,0.016461981,-0.04069642,-0.037993953,0.01372203,0.06317326
-0.026784547,-0.06920683,-0.12920104,-0.16720313,-0.15806817,-0.10691145,-0.051104363,-0.025020333,-0.044235352,-0.08125344,-0.097141795,-0.06806533,-0.0059739305,0.06025113,0.08640886,0.067250445,0.024475317,-0.0034433636,0.011078348,0.058395527,0.101939745,0.10832932,0.06689827,0.0016891077
-0.059361555,0.009721883,0.034296952,-0.00474952,-0.06572907,-0.10143868,-0.0668884,0.01872023,0.10549791,0.13606764,0.10235236,0.04192511,0.00478675,0.0349375,0.10221106,0.17340206,0.18387909,0.1271178,0.042837765,-0.012810892,-0.009535301,0.044279117,0.09617505,0.0942695
0.07862515,0.043894265,-0.015252728,-0.046694167,-0.015273786,0.06639565,0.14362277,0.17277993,0.14040211,0.076012656,0.039918948,0.060154863,0.12477071,0.18808372,0.1990093,0.14614774,0.060741913,0.002530859,0.0053297053,0.056686904,0.106304295,0.1076243,0.0493836,-0.034385916
-0.03673853,-0.089619204,-0.12064624,-0.10990333,-0.06590791,-0.01692352,-0.0021723877,-0.02529099,-0.064628266,-0.0814116,-0.05728004,-0.0029986496,0.051529028,0.069690056,0.046523616,0.004701223,-0.018981148,-0.0021243256,0.04421542,0.08448895,0.08742393,0.048073087,-0.007441901,-0.044720095
0.05805848,0.015403591,-0.048180744,-0.09658514,-0.10328025,-0.073050834,-0.04497291,-0.044587787,-0.08429964,-0.143287,-0.17868167,-0.17087482,-0.12366068,-0.0743144,-0.04999884,-0.06928021,-0.10732236,-0.12460627,-0.09727424,-0.036159255,0.024733264,0.05109543,0.033941012,-0.004550787
0.090107754,0.03646868,-0.0075260033,-0.011205519,0.015373658,0.04707585,0.044202518,-0.00067907275,-0.06879084,-0.12027909,-0.12815692,-0.099145465,-0.061804283,-0.05548648,-0.07999009,-0.12932263,-0.15833944,-0.1432991,-0.09015709,-0.02977687,0.0030734492,-0.0061415415,-0.038496606,-0.05464247
0.15223849,0.17957757,0.1481891,0.08850085,0.049461924,0.06071717,0.11317166,0.16576537,0.17315555,0.11927097,0.042959522,-0.01340287,-0.020778777,0.020089263,0.06699304,0.07153178,0.022200342,-0.05315606,-0.101796366,-0.090758,-0.031765938,0.033118483,0.05725686,0.029693661
0.108345814,0.057925556,0.024676321,0.038328767,0.08142373,0.124008566,0.12465587,0.07577745,0.0048487806,-0.045940574,-0.04859172,-0.015211514,0.021164007,0.017494787,-0.023800341,-0.08813832,-0.12760164,-0.11484961,-0.06337206,-0.008215239,0.012360324,-0.0122621665,-0.0563309,-0.07487272
0.10426145,0.062420405,0.026687736,0.028521601,0.05939856,0.09085442,0.08614241,0.04189328,-0.022563882,-0.071531825,-0.0827292,-0.05868645,-0.02766848,-0.028538465,-0.057102423,-0.10735155,-0.14181131,-0.13120562,-0.08464525,-0.030010946,-0.005166097,-0.016370464,-0.045175128,-0.05973951
0.014384581,-0.05952805,-0.11534825,-0.11630263,-0.07578323,-0.029134298,-0.02644301,-0.07229254,-0.14164223,-0.18370733,-0.17234196,-0.1155185,-0.053205475,-0.032011278,-0.055713702,-0.1078143,-0.13393322,-0.10675201,-0.038983136,0.029005952,0.057453874,0.031988893,-0.02143178,-0.055604998
-0.026648117,0.009728382,0.08275653,0.14775838,0.17306998,0.14759408,0.10355905,0.077889636,0.10023876,0.15364805,0.19628266,0.19561802,0.1482995,0.080522865,0.033300336,0.03398532,0.06544486,0.0934738,0.08325563,0.030569626,-0.0377416,-0.081559755,-0.072560325,-0.025489379
0.13776217,0.16746317,0.13370275,0.06804444,0.02759477,0.04489093,0.11171534,0.17842123,0.19568703,0.14080225,0.05994102,0.002378844,0.0015663342,0.05517594,0.11126792,0.11917873,0.061079066,-0.025627723,-0.08276181,-0.07354382,-0.011467428,0.056737676,0.07721559,0.038177297
0.018954074,0.06361553,0.061179973,0.0033761822,-0.07546576,-0.12875278,-0.12570192,-0.07995178,-0.03480296,-0.035880215,-0.088390686,-0.15609363,-0.19381568,-0.16869684,-0.10155001,-0.035639413,-0.0147951795,-0.04895307,-0.102013774,-0.120042846,-0.0810582,-0.004301189,0.06479918,0.0847381
-0.08609968,-0.14225759,-0.14792809,-0.1131493,-0.07704129,-0.0770616,-0.12700254,-0.19612108,-0.24048473,-0.22784553,-0.17478913,-0.1153219,-0.085401945,-0.10815389,-0.1491636,-0.17016856,-0.14095213,-0.06854961,0.0053514307,0.03835789,0.018693784,-0.029317023,-0.059113003,-0.043858897
-0.13514987,-0.123126395,-0.068466954,-0.022228215,-0.026876476,-0.08993061,-0.1689724,-0.21127748,-0.1900403,-0.118742175,-0.057028864,-0.044446625,-0.08384878,-0.14714327,-0.17337497,-0.13480984,-0.051094774,0.025922485,0.04899052,0.007161257,-0.057863507,-0.088179626,-0.056549158,0.013785757
-0.15975977,-0.13406165,-0.041692056,0.047202203,0.07421806,0.023138775,-0.056580927,-0.10256929,-0.06828102,0.029899566,0.11943275,0.14429832,0.09382698,0.0067745247,-0.050608665,-0.028195398,0.053704675,0.13153042,0.14329872,0.07407718,-0.028185604,-0.09702663,-0.08567821,-0.013002465
0.020201644,-0.016460713,-0.0042926725,0.051518776,0.10674096,0.12158443,0.07864322,0.0073812287,-0.04537087,-0.04349061,0.0017037833,0.048086002,0.057789464,0.008224173,-0.059912827,-0.10974071,-0.1027541,-0.047708128,0.011602289,0.02965758,-0.0037681896,-0.062508784,-0.09759301,-0.077696934
-0.05526341,-0.0017981844,0.0035811265,-0.05297851,-0.13381852,-0.18347795,-0.16474018,-0.09396485,-0.022654599,-0.00079014985,-0.038154874,-0.10033306,-0.13584945,-0.10301948,-0.027133781,0.052424714,0.081888705,0.045549374,-0.01980585,-0.058955725,-0.039139174,0.02862664,0.09398476,0.10650126
-0.012096966,-0.030219784,-0.009126862,0.044584837,0.09879903,0.124051765,0.111192256,0.07819532,0.05638417,0.06887153,0.11209131,0.15138978,0.16025278,0.12735753,0.07314982,0.030528922,0.026156893,0.05422932,0.08272532,0.07725385,0.038134612,-0.019220231,-0.060333807,-0.059229728
0.053574443,0.026341133,0.049186867,0.11162958,0.16540904,0.17214859,0.12285923,0.047773954,-0.004856449,-0.00431653,0.036635134,0.07291647,0.06925947,0.0068469937,-0.06789675,-0.11893765,-0.112032756,-0.058678333,-0.0045013954,0.0069846385,-0.030210674,-0.08635198,-0.113804445,-0.08272474
0.043096095,0.02251474,0.036319513,0.079594985,0.114802875,0.117151275,0.0797102,0.024781736,-0.015569826,-0.01667909,0.01155616,0.036163624,0.032380093,-0.012722809,-0.06578511,-0.10182929,-0.09377253,-0.05283828,-0.012662542,-0.0034137033,-0.02776592,-0.06547491,-0.08299072,-0.05843274
0.18332605,0.21237335,0.16262805,0.07744609,0.02759292,0.053164817,0.13437775,0.21045457,0.22242738,0.14771244,0.044591837,-0.02483889,-0.021382479,0.048682842,0.11837168,0.12321215,0.050241604,-0.056474093,-0.12282969,-0.1021169,-0.01525996,0.07086039,0.09325039,0.041957475
-0.11765909,-0.11397833,-0.07028467,-0.029329106,-0.02763828,-0.07475271,-0.13953218,-0.1786637,-0.16490316,-0.10680629,-0.05291579,-0.03639558,-0.06355232,-0.112903096,-0.13729174,-0.11014891,-0.04330574,0.020815391,0.04313008,0.013531763,-0.03750858,-0.06722661,-0.048306696,0.005367017
-0.015960624,0.054220214,0.11723162,0.122593075,0.065722376,-0.02529131,-0.08392776,-0.077657744,-0.020024644,0.0326746,0.029607862,-0.032638595,-0.11689259,-0.16909118,-0.15011866,-0.078384236,-0.010139445,0.0043873824,-0.04090711,-0.10775777,-0.13932098,-0.10224456,-0.016747728,0.06126342
0.11003867,0.08075443,0.029488137,-0.0034368474,0.0049738195,0.046323143,0.08378328,0.08927307,0.04924326,-0.013657721,-0.052715745,-0.050331388,-0.013758063,0.024346836,0.033581585,-0.003396491,-0.058440253,-0.09182789,-0.07858709,-0.029226989,0.023632927,0.042624943,0.017673725,-0.024535023
-0.13821806,-0.07124031,0.00422028,0.0318977,0.006698735,-0.051071763,-0.07768782,-0.044080097,0.039088916,0.12210367,0.15457448,0.12648721,0.066999614,0.031438902,0.043202586,0.10736004,0.16603838,0.1739811,0.12165068,0.0362613,-0.027023697,-0.031158956,0.0139862215,0.05822159
-0.008987967,-0.066670135,-0.11686221,-0.1347229,-0.12265332,-0.101307444,-0.10590656,-0.1391733,-0.18874946,-0.21973293,-0.21631967,-0.17906883,-0.13285412,-0.108790174,-0.110694885,-0.13281243,-0.14033929,-0.11583699,-0.061729014,-0.0035042653,0.028952332,0.024205098,-0.0016227425,-0.021184819
0.18444589,0.17450447,0.13366777,0.10412033,0.107727386,0.14505157,0.18225692,0.18719608,0.14614901,0.07617476,0.0220474,0.0037498656,0.02006764,0.041108664,0.042738177,0.0013643606,-0.060553733,-0.103899136,-0.10434703,-0.06407355,-0.016022041,0.009732249,-0.0018734912,-0.03131495
0.09538732,0.055270594,0.022905948,0.029463299,0.06560783,0.10558912,0.11250537,0.07882159,0.020433268,-0.024972068,-0.030720508,-0.003807716,0.028361581,0.029713009,-0.001143017,-0.05599527,-0.094077274,-0.08942527,-0.049096476,-0.0030839108,0.016151913,-0.0017346109,-0.039225154,-0.06043334
0.09819516,0.030137552,-0.018778881,-0.012330708,0.036619093,0.0881966,0.08879519,0.03146962,-0.053724162,-0.11427872,-0.115457706,-0.068902716,-0.01486344,-0.008688435,-0.0494631,-0.12062341,-0.1660594,-0.147307,-0.07717874,-0.0019068957,0.02783701,-0.00033834565,-0.053856697,-0.08141288
-0.031720314,-0.11883929,-0.17916135,-0.16990592,-0.10414841,-0.026684167,-0.00364016,-0.0421019,-0.11352993,-0.1503061,-0.12164008,-0.03868087,0.04737369,0.081548594,0.048841104,-0.020613832,-0.060826033,-0.03817723,0.035345968,0.1078674,0.12733227,0.075247645,-0.010393943,-0.07179855
-0.023062717,0.03912098,0.10279846,0.12583785,0.100537755,0.04691414,0.014069138,0.026866319,0.0803608,0.1309344,0.14019307,0.09885614,0.03416879,-0.01111502,-0.010468729,0.032143347,0.07455796,0.07954829,0.035430297,-0.031176332,-0.07484808,-0.067851394,-0.018344356,0.033777826
0.12079584,0.06281257,0.022662893,0.03746694,0.09687051,0.1615235,0.17817791,0.13389283,0.05406964,-0.00742125,-0.010460916,0.033173807,0.083877884,0.0887768,0.041420206,-0.040616468,-0.10128723,-0.10084029,-0.04515689,0.020257056,0.044090908,0.0091821775,-0.05393122,-0.091616146
-0.037073176,-0.07037269,-0.11281961,-0.13606238,-0.1251182,-0.083139375,-0.0413149,-0.023820044,-0.03766424,-0.06023828,-0.06616314,-0.038999572,0.0108725075,0.060455382,0.076138824,0.06020335,0.029496416,0.012807885,0.025626227,0.060904004,0.08795007,0.084291376,0.04819168,-0.002063064
0.07786826,0.0055332985,-0.041209884,-0.025683409,0.033607323,0.09299281,0.09965708,0.044840556,-0.038624156,-0.09392753,-0.085307084,-0.028395742,0.031442095,0.03789769,-0.008678501,-0.08523796,-0.1323604,-0.11260333,-0.041589927,0.029387195,0.051139157,0.0127477115,-0.05246928,-0.087185346
0.07926858,0.03311465,-0.036854003,-0.07147166,-0.03547246,0.056685515,0.14007753,0.16727735,0.12714122,0.05592333,0.020486286,0.048471477,0.12379133,0.19473931,0.20556824,0.1449701,0.054730564,-0.0030264838,0.0060800607,0.06577367,0.12221505,0.121333845,0.05342252,-0.03908555
0.056745958,0.07672114,0.043862473,-0.01269681,-0.043490678,-0.018069467,0.052145496,0.12226817,0.14665431,0.11149991,0.05595316,0.02051443,0.032585964,0.09061786,0.14314422,0.15302785,0.10657001,0.03495384,-0.013021465,-0.009499888,0.035027012,0.08229443,0.08789526,0.04204222
-0.14529763,-0.18892154,-0.17806183,-0.122065686,-0.06381269,-0.040626068,-0.062289733,-0.103818715,-0.12447672,-0.08821063,-0.0159971,0.058180016,0.092932455,0.07622405,0.027225576,-0.0008021292,0.017773686,0.07428152,0.12699947,0.13543446,0.08884325,0.01443461,-0.04001908,-0.047506407
-0.035066072,0.024043897,0.048792325,0.024197372,-0.021126067,-0.047242362,-0.018803006,0.050498825,0.12074899,0.14834312,0.12572423,0.076236285,0.03960711,0.05555937,0.10279841,0.15460774,0.16540517,0.12047915,0.04915124,-0.0050184047,-0.009321614,0.02918028,0.06924463,0.071398
0.02063789,0.07972249,0.0863822,0.027449539,-0.058195498,-0.12115154,-0.1195392,-0.064037815,-0.005321592,0.0013517363,-0.05267981,-0.13121863,-0.18235914,-0.1643137,-0.09170364,-0.015515553,0.011545929,-0.027429136,-0.092931956,-0.12747803,-0.09557976,-0.011331025,0.06985221,0.09687741
-0.028555445,-0.02524151,0.020050082,0.068366386,0.068672195,0.011107746,-0.07665439,-0.1449244,-0.15690786,-0.11416616,-0.06853044,-0.06263141,-0.10715829,-0.1829483,-0.22685046,-0.21368581,-0.14325722,-0.06517982,-0.03012166,-0.051737193,-0.10009048,-0.12668376,-0.09581687,-0.016433764
-0.0639097,-0.015878495,0.0047690156,-0.015568898,-0.05042138,-0.06727248,-0.04074675,0.021562079,0.08641173,0.11731421,0.105277464,0.07026993,0.046652924,0.065212496,0.10785821,0.15430333,0.16566718,0.12999962,0.07012556,0.022136083,0.013631539,0.03968839,0.06813506,0.06312456
0.044647634,-0.007442758,-0.007706122,0.04629157,0.10147432,0.11555677,0.064551994,-0.025176248,-0.098540835,-0.11069738,-0.06890359,-0.017111111,-0.0001977046,-0.051143773,-0.1259641,-0.18407312,-0.17819169,-0.109998114,-0.031464715,0.005648693,-0.019006982,-0.07676951,-0.113405935,-0.08831828
-0.018028598,0.054873146,0.12529105,0.13851342,0.08667451,-0.0014704722,-0.059666697,-0.054429136,0.0048456746,0.06134918,0.06336056,0.0025730378,-0.08412561,-0.14042647,-0.12862849,-0.061466713,0.0055452865,0.021287913,-0.024780858,-0.09561276,-0.13401476,-0.10585522,-0.02439358,0.056014914
-0.0066603487,0.09094099,0.19086331,0.23036143,0.20022988,0.12335219,0.07543018,0.093728304,0.17108555,0.24307151,0.2550714,0.19158769,0.09077897,0.01428851,0.00815414,0.06485338,0.12009797,0.1217735,0.054534126,-0.04786983,-0.11859328,-0.11029759,-0.03725257,0.040770058
-0.12509857,-0.08330872,-0.039941248,-0.0384301,-0.08603679,-0.15734124,-0.19883965,-0.18425229,-0.12521428,-0.06269232,-0.042784058,-0.07079123,-0.11909743,-0.14254041,-0.116436616,-0.044403534,0.027217954,0.054814566,0.028091542,-0.026140546,-0.059257213,-0.040596705,0.01732791,0.07001388
-0.055820663,-0.12543818,-0.16810584,-0.15506291,-0.09509678,-0.026667222,0.0015125505,-0.019373251,-0.067519926,-0.09167491,-0.061279524,0.011565658,0.087522484,0.11972182,0.09257915,0.03607924,-0.0019853702,0.012564678,0.0697046,0.12225023,0.1296468,0.078876235,0.00037580455,-0.057370484
-0.01957565,-0.02021627,-0.059840802,-0.11231768,-0.14193201,-0.12345633,-0.06866702,-0.012949458,0.0069996314,-0.012842311,-0.046300873,-0.05946684,-0.035581302,0.025402423,0.07782138,0.09592816,0.073600315,0.02920019,0.0012456477,0.011817104,0.052784495,0.09058972,0.09039918,0.047446344
0.06304385,0.081983335,0.03508534,-0.040619265,-0.08123911,-0.050290257,0.036663163,0.122601,0.15090436,0.10387451,0.030342322,-0.012359872,0.009029523,0.09044368,0.16267656,0.17802113,0.119274594,0.026923688,-0.032838225,-0.020115266,0.046899155,0.111828975,0.11750885,0.053696997
-0.1766123,-0.10800318,-0.029608132,-0.004478933,-0.043898676,-0.11674816,-0.15305072,-0.12141028,-0.029210463,0.06747849,0.10564768,0.07546208,0.0097818365,-0.02598764,-0.007019144,0.07396811,0.15340485,0.17414846,0.120752804,0.029987063,-0.036234517,-0.036570925,0.02001421,0.076710485
-0.04937279,-0.09394799,-0.10411509,-0.07858185,-0.049659643,-0.04291147,-0.07415041,-0.12415761,-0.16312763,-0.15850402,-0.1195416,-0.073224545,-0.04897254,-0.06574717,-0.09966604,-0.12231645,-0.10377456,-0.0501086,0.0069826483,0.033089153,0.018384563,-0.01913068,-0.04546831,-0.036859285
0.047665033,0.0016018784,-0.024208313,0.005074697,0.07458458,0.1441076,0.17103554,0.14547041,0.091412,0.056536127,0.07190757,0.12568678,0.17771623,0.18353908,0.13602062,0.06190376,0.0060030967,0.006975678,0.0493745,0.08954847,0.08633102,0.03581883,-0.035625007,-0.08187788
0.08365122,0.006714139,-0.045140658,-0.028966876,0.033816334,0.09586525,0.0992114,0.038479906,-0.05338837,-0.11199694,-0.10297433,-0.04178904,0.021437515,0.027535707,-0.022536691,-0.10411366,-0.15221655,-0.12834641,-0.050733257,0.026823094,0.05052408,0.009849643,-0.058088567,-0.09407327
0.04038152,0.014788486,-0.02332859,-0.03509443,-0.0015316143,0.06464869,0.12628348,0.15227136,0.13091744,0.09080947,0.07568285,0.09936621,0.14753166,0.19144635,0.19114938,0.14573425,0.08239787,0.04042698,0.04209678,0.0722905,0.09827721,0.087262385,0.0340689,-0.031421307
0.10095001,0.11212963,0.06385034,-0.008864868,-0.0571076,-0.048695773,0.0028654102,0.055002604,0.06196552,0.010284104,-0.061941214,-0.108120546,-0.100759715,-0.043079644,0.01810154,0.033876035,-0.0037118017,-0.0677475,-0.106139004,-0.08456656,-0.015033796,0.055913877,0.07921288,0.046089303
-0.032512568,-0.07839602,-0.056405183,0.023890018,0.10636377,0.13613634,0.09476667,0.019857442,-0.03159743,-0.014491443,0.05821886,0.13008632,0.15145548,0.09630207,0.00990103,-0.053434767,-0.04688823,0.019248465,0.08824693,0.09823012,0.042470206,-0.04629624,-0.10643824,-0.09603067
0.1725906,0.14830472,0.095429786,0.062240772,0.08029804,0.14005576,0.19066206,0.19740373,0.15069255,0.07332184,0.021001915,0.016694203,0.0535773,0.09036007,0.09391964,0.040250085,-0.0366438,-0.088429786,-0.08446853,-0.03299078,0.024317397,0.042837102,0.011160908,-0.041168544
-0.0047328454,-0.058712594,-0.09560678,-0.095237024,-0.07013887,-0.04698031,-0.05460426,-0.092110634,-0.14162543,-0.16663496,-0.1536694,-0.1119317,-0.07029452,-0.060455836,-0.077733904,-0.108136594,-0.117147736,-0.089081064,-0.034588717,0.014086985,0.03059376,0.012740479,-0.019638535,-0.03586269
0.033310622,-0.0143153705,-0.006117194,0.05245264,0.105181076,0.11087793,0.051083006,-0.040794212,-0.10813886,-0.11141668,-0.06368998,-0.014462336,-0.0056575877,-0.064234845,-0.14004034,-0.19256075,-0.17596424,-0.10162388,-0.025343638,0.0022299343,-0.02855155,-0.08727303,-0.11835469,-0.084140554
-0.15551542,-0.099564716,-0.034088552,-0.018889505,-0.05943606,-0.1305612,-0.1700274,-0.14659314,-0.06672814,0.016301638,0.04743302,0.018347591,-0.040386777,-0.06992753,-0.04623303,0.030613396,0.10669941,0.12610404,0.08079297,0.0043518553,-0.04365066,-0.034924418,0.020404724,0.0730088
-0.12640794,-0.072037384,-0.013838024,-0.0071557793,-0.0581001,-0.13640763,-0.18108858,-0.16317225,-0.092150055,-0.0196879,0.0012699406,-0.035596684,-0.09726506,-0.12717815,-0.100886635,-0.022659443,0.054436095,0.076906286,0.0367577,-0.030548207,-0.06876199,-0.04977845,0.014846459,0.07510299
0.06398313,0.016636528,-0.056324005,-0.110678956,-0.120758556,-0.08432729,-0.045838185,-0.041462883,-0.085254654,-0.15049095,-0.19226828,-0.18362762,-0.13123743,-0.07007275,-0.04172168,-0.0637122,-0.107047364,-0.13146229,-0.10706918,-0.037224475,0.03488853,0.06503431,0.04336614,-0.0031243637
-0.10192547,-0.14123297,-0.11710855,-0.0420086,0.029467594,0.052366514,0.020028673,-0.035849195,-0.066018105,-0.031443,0.04561468,0.119098015,0.14261115,0.10263929,0.03188247,-0.01104322,0.0048087058,0.067525625,0.12461183,0.12673685,0.06707986,-0.018445572,-0.07501146,-0.07050496
-0.10229686,-0.05312208,0.0018388684,0.023089727,0.0045721065,-0.035864014,-0.052739054,-0.026802298,0.03515354,0.09757817,0.12189988,0.10174543,0.057952374,0.032530487,0.041140605,0.08787447,0.13193743,0.1368706,0.095497005,0.030857448,-0.016093388,-0.019547816,0.012168851,0.043117754
0.16788124,0.19986244,0.17017582,0.10857017,0.06700166,0.07562758,0.1296776,0.18670677,0.1979439,0.14007328,0.056725606,-0.007137756,-0.018004688,0.024161024,0.0751348,0.0809468,0.02766623,-0.05509211,-0.11135451,-0.10409584,-0.03976307,0.03288181,0.06016854,0.031510074
0.023720905,-0.008006007,-0.02604861,-0.0071178726,0.044156495,0.09830942,0.123891905,0.11206369,0.07891564,0.055529237,0.0655966,0.104542546,0.1447929,0.15562262,0.12628646,0.07451275,0.030449137,0.023049286,0.047190327,0.074730605,0.0750756,0.03934289,-0.015184809,-0.056027483
-0.035789873,-0.11305117,-0.16424029,-0.15108362,-0.08602614,-0.011945786,0.017491898,-0.00896911,-0.0689246,-0.10164095,-0.07301257,0.0048491904,0.085505664,0.11747973,0.08555881,0.020025287,-0.023105575,-0.0071935705,0.057214912,0.117897354,0.12932007,0.07813286,-0.005530484,-0.066697456
-0.03274294,-0.090290606,-0.12723963,-0.11789979,-0.07381675,-0.025350826,-0.008513432,-0.031385243,-0.074892476,-0.09716221,-0.077013575,-0.020734623,0.037820615,0.061283417,0.03998112,-0.00305821,-0.030285886,-0.0157949,0.031724453,0.07790419,0.088128045,0.053755183,-0.004092503,-0.046334814
0.1364495,0.11333519,0.06768355,0.038834352,0.05662877,0.10956592,0.15458503,0.15954424,0.11934712,0.052890506,0.008772318,0.009031215,0.045783248,0.080562524,0.08362911,0.038063824,-0.03179717,-0.0764858,-0.069300294,-0.019731719,0.028562319,0.041501354,0.011809457,-0.03579718
0.01093717,-0.040316347,-0.121006116,-0.17547421,-0.16473849,-0.09357418,-0.017026395,0.016541231,-0.013251655,-0.07443358,-0.109356955,-0.08158266,-0.0021267924,0.084971085,0.11988305,0.088908374,0.020929214,-0.025875006,-0.0122187305,0.053874396,0.11961585,0.13492894,0.083200306,-0.0041973703
0.07860544,0.08268162,0.022274466,-0.07022916,-0.13546835,-0.1372328,-0.087556645,-0.032202274,-0.024904879,-0.08260551,-0.1626585,-0.21215749,-0.19764073,-0.12369355,-0.044868227,-0.014995315,-0.048386436,-0.11133976,-0.14290158,-0.10678212,-0.019770682,0.065621704,0.097901225,0.06475201
0.06707907,0.049347673,0.0065606525,-0.014741436,0.012738054,0.0860948,0.16487803,0.20394306,0.18765742,0.13798748,0.105451316,0.11806719,0.16755995,0.22349103,0.23234127,0.18713367,0.108681396,0.04769208,0.034120765,0.066065796,0.10192469,0.10126063,0.04938731,-0.026388332
0.027277771,-0.03229541,-0.07647693,-0.07810617,-0.044382744,-0.0021193337,0.0044105784,-0.03269566,-0.09182677,-0.1312901,-0.12609173,-0.08239858,-0.030847538,-0.012379099,-0.033772897,-0.08047131,-0.109104484,-0.09299099,-0.03841721,0.021614144,0.04751437,0.025071025,-0.020585127,-0.050049137
-0.052446064,0.0010371726,0.01987098,-0.010253018,-0.054137755,-0.07718567,-0.04628736,0.024852227,0.09456045,0.12003665,0.09684999,0.05240093,0.024972517,0.050289836,0.10315829,0.15647131,0.1633376,0.11600863,0.048490483,0.00201018,0.003634077,0.043140735,0.07939327,0.07327742
-0.05963466,-0.023408981,0.062219016,0.1421647,0.17224233,0.12960015,0.058928903,0.01907609,0.04304026,0.113716014,0.17621434,0.18272829,0.1261706,0.037451345,-0.01932875,-0.012191144,0.042209744,0.094770506,0.09613417,0.030840993,-0.05556229,-0.1076931,-0.09233904,-0.027433688
-0.15292625,-0.1662809,-0.13692158,-0.102931365,-0.10143333,-0.1442573,-0.20674223,-0.24876547,-0.24045776,-0.18400027,-0.1256081,-0.0959997,-0.10706957,-0.14230637,-0.1603943,-0.13171469,-0.06201255,0.009047404,0.042821374,0.026384769,-0.015703047,-0.045817602,-0.034928784,0.009701505
-0.16205178,-0.14397,-0.073181726,-0.0015177014,0.025207667,-0.0059212027,-0.057016112,-0.08227896,-0.048156206,0.03488474,0.111200586,0.13950922,0.10957271,0.052253447,0.01016483,0.027649846,0.08827579,0.14562236,0.15145661,0.09467845,0.011269751,-0.04939264,-0.051326994,-0.0074327947
-0.104778804,-0.054750226,-0.0012487369,0.015458266,-0.0067703514,-0.049354512,-0.06134737,-0.029523931,0.035992,0.09510159,0.11458309,0.09184253,0.05011634,0.030476034,0.0444839,0.09496646,0.13452265,0.13446878,0.09125061,0.028450781,-0.014813333,-0.0128409695,0.020497078,0.04886136
0.056646176,0.033450432,-0.008948792,-0.025491452,0.006999867,0.07741843,0.14180648,0.16849709,0.14715774,0.103746295,0.08143169,0.100948706,0.14931886,0.19552174,0.19940707,0.1535716,0.08689305,0.039488707,0.034983277,0.06504085,0.09554337,0.089918524,0.038600035,-0.030998114
-0.13447182,-0.08434457,-0.030474436,-0.02182171,-0.068880685,-0.14909478,-0.19928093,-0.18630917,-0.121014416,-0.048062697,-0.023318294,-0.05311801,-0.11116582,-0.1442537,-0.1209593,-0.04322826,0.036063448,0.066769235,0.036019437,-0.027553773,-0.07014155,-0.05298705,0.011232445,0.07180821
-0.08273625,-0.05618001,-0.05215595,-0.084696166,-0.13226323,-0.16554849,-0.15586495,-0.11186092,-0.062417217,-0.038644634,-0.049591884,-0.076837316,-0.092752874,-0.06934729,-0.020575967,0.03495118,0.06110529,0.046711057,0.012525312,-0.012773161,-0.00655106,0.029737206,0.066250086,0.07268501
0.06572975,-0.0032566225,-0.046113208,-0.013238868,0.0812742,0.18357699,0.22753763,0.19530486,0.12002349,0.067911044,0.08525494,0.1601987,0.23840798,0.2555561,0.19699275,0.094766796,0.014755838,0.0088891,0.0644062,0.12447357,0.12978028,0.06455245,-0.03765,-0.11065675
-0.059901077,-0.010728476,-0.007074374,-0.06388416,-0.14297654,-0.1936732,-0.17611669,-0.106188685,-0.03461681,-0.013295667,-0.047874495,-0.10720188,-0.1412601,-0.10870427,-0.031768553,0.047801938,0.07891745,0.044685043,-0.017896457,-0.058605477,-0.037885085,0.031543456,0.095676236,0.10802159
-0.04440821,0.018230015,0.039135873,0.0042713895,-0.04782314,-0.071840726,-0.033656746,0.048243072,0.12759487,0.15472738,0.12573527,0.071165144,0.03672612,0.064597204,0.12432256,0.18271787,0.19049382,0.1349043,0.053707954,-0.00232417,0.0007660108,0.047252513,0.089226656,0.083747186
0.076119974,0.0413623,-0.022491874,-0.055301294,-0.021929909,0.06832141,0.15943779,0.2006495,0.17132623,0.10552684,0.06922279,0.09164485,0.15993415,0.23053871,0.2436185,0.18703483,0.09597159,0.030390946,0.027617313,0.07527849,0.12530383,0.12627445,0.061194867,-0.032094207
0.05874901,0.057276767,0.012030254,-0.054973118,-0.10556793,-0.11172101,-0.079515636,-0.044418916,-0.04410528,-0.0876642,-0.14449714,-0.17933089,-0.16921209,-0.118312396,-0.06342685,-0.04091144,-0.060907666,-0.100330725,-0.11648671,-0.08604102,-0.022619154,0.03986924,0.0653209,0.04694724
-0.11218936,-0.14259848,-0.13337402,-0.091400325,-0.04982129,-0.035866458,-0.053251125,-0.08148679,-0.093183406,-0.06329442,-0.007763103,0.04603848,0.06885855,0.05415504,0.019272275,0.0013555642,0.019570976,0.06338721,0.100567915,0.10051586,0.06324106,0.010041748,-0.027803963,-0.031143174
0.0065951026,-0.04482643,-0.029570453,0.039989717,0.10528851,0.11332636,0.04358249,-0.058768228,-0.12882741,-0.123178266,-0.06183834,-0.00071128516,0.012474752,-0.053813025,-0.1396142,-0.19557372,-0.17591472,-0.091074914,-0.0040932437,0.024752202,-0.01825109,-0.09265473,-0.13042895,-0.09516455
0.14138918,0.11121017,0.052550964,0.0140118925,0.025489343,0.07985729,0.13337064,0.14467256,0.10139111,0.025416126,-0.026405405,-0.026745936,0.016503429,0.064197905,0.07604949,0.03090269,-0.04242914,-0.09210006,-0.085612275,-0.02916416,0.03348563,0.0571173,0.025635222,-0.029769292
0.057297215,0.12004775,0.12810001,0.069816336,-0.012998896,-0.072678454,-0.0687432,-0.014854733,0.040811643,0.038087126,-0.024485193,-0.1094272,-0.16298953,-0.14778034,-0.07842177,-0.009259089,0.006855968,-0.038799495,-0.10721794,-0.14085728,-0.105988435,-0.019172337,0.062264834,0.08935504
-0.0867681,-0.12623692,-0.11385251,-0.057535894,0.00224738,0.02543691,0.0006539249,-0.047257558,-0.07523224,-0.05012754,0.011350098,0.075456776,0.10115569,0.075488664,0.022091396,-0.013960518,-0.0025534881,0.046088036,0.09417889,0.10259953,0.062635876,-0.0044749463,-0.0544768,-0.057697773
-0.012425244,-0.0429349,-0.00096651673,0.1000114,0.20160228,0.24439718,0.2113359,0.13883182,0.094056815,0.11786061,0.19379286,0.26545513,0.27970898,0.21245985,0.10906844,0.03242608,0.023487832,0.0774211,0.13268894,0.12942874,0.05467457,-0.051527426,-0.1216392,-0.11510626
-0.13629974,-0.13451605,-0.08712971,-0.03910669,-0.036040176,-0.08757159,-0.16096158,-0.20760557,-0.19551118,-0.12891965,-0.06556153,-0.043312203,-0.07249657,-0.12871726,-0.1592388,-0.1305446,-0.05346583,0.022836594,0.051350895,0.020265225,-0.03934618,-0.07643562,-0.057105176,0.003816728
0.1786116,0.21825954,0.17817782,0.0987668,0.05022582,0.07455334,0.15807301,0.24030657,0.2613126,0.19310232,0.0909899,0.017862633,0.015858693,0.08189739,0.14957507,0.15676841,0.08221335,-0.027718108,-0.10196514,-0.09095912,-0.013996953,0.068740994,0.092997745,0.043306615
-0.091827594,-0.13590494,-0.11131522,-0.033435166,0.04185037,0.06453266,0.021088265,-0.048132826,-0.08568034,-0.051786724,0.028623149,0.104176514,0.12695648,0.07909602,0.0029937595,-0.043902647,-0.023440428,0.047497425,0.111782804,0.11637633,0.05656351,-0.032217357,-0.08851653,-0.07853338
-0.09228808,-0.111139916,-0.09099766,-0.04866426,-0.010966017,-0.006002266,-0.03087249,-0.06173184,-0.06865759,-0.037851922,0.011447743,0.05381663,0.06534443,0.041948326,0.007127311,-0.005598541,0.011969513,0.05128088,0.08236323,0.078323536,0.03897394,-0.009598692,-0.03616033,-0.02997668
-0.16515191,-0.09441487,-0.014568635,0.008008971,-0.03407559,-0.11117611,-0.15175034,-0.12137394,-0.027551755,0.06723798,0.10103942,0.06507316,-0.004661046,-0.041355476,-0.018615836,0.06477945,0.14517656,0.16260797,0.10502353,0.012391433,-0.047928013,-0.041412808,0.019795382,0.07835706
0.07229777,0.0020884671,-0.09825754,-0.16661143,-0.1688039,-0.10911615,-0.05086922,-0.044177048,-0.10562428,-0.19372459,-0.24249469,-0.21962517,-0.13885169,-0.055343986,-0.022965843,-0.06019313,-0.12527943,-0.15597574,-0.1155726,-0.019758735,0.069849305,0.099738196,0.05889046,-0.0117316125
-0.11617673,-0.06747662,-0.011085786,0.011241567,-0.01003994,-0.061494958,-0.089370534,-0.06657988,-0.0035124305,0.06288506,0.092316665,0.07292833,0.025860617,-0.005263402,0.0038420015,0.056492355,0.11022951,0.1260089,0.0911858,0.022856975,-0.028151812,-0.02940294,0.008585924,0.047949966
0.08394954,0.03956186,0.0075920597,0.015809497,0.049923804,0.08158666,0.07615271,0.03301539,-0.02772943,-0.06937356,-0.070802286,-0.041680038,-0.01113501,-0.013652137,-0.044755746,-0.09545619,-0.123065084,-0.10801136,-0.061950117,-0.014823685,0.0053749476,-0.011355945,-0.04506711,-0.059352502
-0.047783706,-0.13161702,-0.18265277,-0.15772554,-0.072256334,0.021249201,0.056859136,0.02658703,-0.03840583,-0.06814575,-0.028520476,0.06504314,0.15767854,0.18834397,0.14443693,0.06427076,0.012407577,0.02999972,0.099832654,0.1613283,0.16178356,0.09141396,-0.010984243,-0.08487258
0.03996715,-0.038581662,-0.0782963,-0.037869867,0.06044241,0.15447176,0.17995091,0.13040507,0.048398703,0.00424614,0.036227655,0.12180122,0.19990514,0.20712726,0.14048196,0.039353993,-0.025970142,-0.011700238,0.060479276,0.124014795,0.12274464,0.048576567,-0.053447627,-0.11473181
0.065471865,0.033815145,-0.021096187,-0.05247825,-0.029861707,0.03895243,0.10332719,0.12461609,0.09503522,0.04100091,0.009175485,0.026842674,0.08170506,0.13691518,0.14886719,0.10673461,0.038339358,-0.008641716,-0.0049744486,0.04244865,0.087127954,0.09063515,0.044334315,-0.0248285
0.039215825,-0.0067780376,-0.081273,-0.13029851,-0.11836864,-0.049717072,0.021171348,0.050005365,0.015993478,-0.04588268,-0.0806194,-0.057816602,0.011807289,0.08643356,0.113063075,0.07741439,0.01118942,-0.034171116,-0.020744871,0.041022576,0.10171264,0.11489478,0.06700754,-0.011589486
0.02187224,-0.024996638,-0.009676937,0.062934555,0.13974412,0.1637078,0.11048611,0.020206805,-0.047175366,-0.043702982,0.015430765,0.078521505,0.09329934,0.031666696,-0.056051984,-0.12267764,-0.117794655,-0.051303893,0.023501415,0.047250688,0.004347981,-0.07357403,-0.12265485,-0.102906376
0.13846551,0.10115784,0.077190384,0.09619674,0.14043105,0.17727347,0.17195481,0.12152446,0.0527944,0.0024751348,-0.0047587417,0.01936887,0.042328417,0.026664268,-0.019785203,-0.08534831,-0.1269417,-0.11706587,-0.07224043,-0.025417402,-0.010847111,-0.03323683,-0.06894324,-0.078563295
-0.030580206,-0.03637038,-0.090776764,-0.16446723,-0.2094632,-0.1936246,-0.13210507,-0.067811504,-0.04476749,-0.07242407,-0.1172935,-0.13567145,-0.10359129,-0.023962002,0.048262477,0.077754505,0.05506668,0.00505863,-0.023942487,-0.0036940172,0.05528504,0.109603845,0.115717545,0.06635683
0.012115954,0.031194115,0.011895633,-0.027246866,-0.051634043,-0.03259177,0.026806952,0.0886066,0.117761515,0.10149104,0.064895675,0.04019311,0.04959794,0.09655606,0.13836165,0.15201911,0.12033706,0.064661436,0.021487953,0.016488098,0.042430867,0.07419177,0.076442,0.038980536
0.21406558,0.17755508,0.100648135,0.0454627,0.052852537,0.11772629,0.18016453,0.18856072,0.12574252,0.02116326,-0.053007305,-0.062200915,-0.013425125,0.04285173,0.057606526,-0.0006996177,-0.09363346,-0.15675828,-0.14601971,-0.06805024,0.018204277,0.054385275,0.022943478,-0.03918919
-0.20985843,-0.19797418,-0.121035196,-0.044052046,-0.018335791,-0.06376778,-0.13657266,-0.17673253,-0.14182061,-0.04371861,0.048891246,0.086314134,0.05519398,-0.01158174,-0.05611653,-0.027715249,0.05400348,0.1335428,0.15372647,0.096638195,0.003364753,-0.064061865,-0.06027836,-0.0026215776
0.032303434,-0.007440539,0.00067481224,0.05402207,0.109274775,0.123506896,0.078560635,0.0026578158,-0.05560287,-0.060592655,-0.0203216,0.025713924,0.0379567,-0.009791105,-0.07784526,-0.12985423,-0.12736683,-0.072009765,-0.0083447285,0.01725106,-0.010372887,-0.065985136,-0.10052277,-0.0806939
0.044261813,0.10492239,0.11233417,0.04941461,-0.04375953,-0.11440504,-0.118874535,-0.06861935,-0.013267441,-0.012406453,-0.07401012,-0.1611866,-0.21828808,-0.20289153,-0.12879209,-0.050325792,-0.022056859,-0.061523564,-0.12707327,-0.15761945,-0.11832484,-0.026367888,0.06301985,0.09794355
-0.04779234,-0.016198164,-0.020565894,-0.06659769,-0.12306417,-0.15093648,-0.12884498,-0.07395932,-0.024268853,-0.013371892,-0.04291799,-0.083076715,-0.09819604,-0.06287089,-0.0031382092,0.052111324,0.06663322,0.03471483,-0.011923016,-0.03276373,-0.010339142,0.039770264,0.0795321,0.076769635
-0.030674849,-0.011982092,0.054683886,0.12541708,0.14873335,0.1059413,0.027166761,-0.03362951,-0.034536872,0.02091113,0.07763185,0.08829427,0.038875047,-0.049631875,-0.11026049,-0.10923788,-0.05145796,0.016756963,0.03974239,-0.0010279292,-0.07536568,-0.12417429,-0.10625571,-0.03348568
0.014962778,-0.026811551,-0.0036018516,0.07602241,0.14761315,0.16424108,0.106291436,0.012973693,-0.05083503,-0.039084934,0.023439055,0.0834732,0.09091107,0.022144075,-0.06987287,-0.13160513,-0.117085434,-0.042878203,0.028970178,0.046387713,-0.005135931,-0.086179,-0.13024814,-0.10050772
0.058732353,0.12336866,0.14116858,0.10687766,0.05155523,0.019298743,0.041094523,0.10056495,0.15443903,0.15871449,0.111865066,0.042229325,-0.00625945,0.0008544534,0.046895884,0.092036575,0.09413892,0.04303106,-0.029030217,-0.07363716,-0.06223681,-0.0052365568,0.050058547,0.063135035
0.061100777,-0.007411885,-0.055334214,-0.047877632,0.0005031401,0.049179193,0.04933841,-0.0012472892,-0.07834459,-0.1273514,-0.11904024,-0.067206845,-0.012885495,-0.0051327324,-0.04124312,-0.10493686,-0.13969341,-0.11798945,-0.05048029,0.016035553,0.0407532,0.011654768,-0.04258625,-0.07267965
-0.009900816,-0.0732091,-0.12238362,-0.1309437,-0.10884398,-0.07889144,-0.07830885,-0.11325279,-0.16815683,-0.20146517,-0.1920685,-0.14658347,-0.093943186,-0.07061247,-0.08285246,-0.11595546,-0.13026546,-0.1030859,-0.042795923,0.017738305,0.044835873,0.02849219,-0.00951966,-0.033307757
0.10788885,0.031418398,-0.026199104,-0.017935092,0.03941132,0.10256319,0.107454635,0.04528198,-0.050626058,-0.11677238,-0.11640047,-0.06117435,0.00089257205,0.008829916,-0.038006306,-0.12032283,-0.171505,-0.15065023,-0.073637456,0.009045915,0.03981751,0.005566416,-0.057708126,-0.09217422
0.039133765,0.08440381,0.08526934,0.02815646,-0.051115327,-0.10798898,-0.112620294,-0.07520833,-0.03464877,-0.038216904,-0.09103032,-0.1621763,-0.20516405,-0.18976796,-0.12728596,-0.06299348,-0.04018665,-0.070171535,-0.1182761,-0.13557826,-0.098871216,-0.022450874,0.051714253,0.08084413
-0.1341425,-0.079969786,-0.022479707,-0.019446867,-0.08011081,-0.17116399,-0.22673276,-0.21326545,-0.14328907,-0.06801721,-0.047317002,-0.08743018,-0.1536282,-0.18607147,-0.15590581,-0.068387166,0.020474862,0.050886173,0.014321537,-0.051096432,-0.08688347,-0.06153652,0.013053694,0.08230908
0.0306554,-0.013270497,-0.0053312844,0.04756039,0.09075747,0.08710226,0.023869283,-0.065453164,-0.12885611,-0.13026142,-0.08543127,-0.04208066,-0.038601376,-0.097776644,-0.16726676,-0.2106554,-0.18724166,-0.11166682,-0.037524953,-0.012384065,-0.041794483,-0.09237198,-0.11370936,-0.073504
0.10439804,0.060765374,-0.012452622,-0.05038875,-0.017027216,0.07578167,0.16373715,0.19413295,0.14933783,0.07167526,0.029837769,0.05368176,0.12621434,0.19605234,0.20605552,0.1429211,0.047904998,-0.015340549,-0.0071296017,0.05555283,0.11401698,0.11716682,0.051841497,-0.040577438
0.059569195,0.13422722,0.1563813,0.114075944,0.043786567,-0.0028174245,0.015188149,0.08132521,0.14601012,0.15222535,0.096296884,0.012303344,-0.045943186,-0.03638643,0.021812866,0.08134796,0.08937704,0.03265315,-0.05075767,-0.10101418,-0.08262845,-0.010800165,0.059150994,0.07880441
0.13456218,0.16131939,0.14036551,0.09688527,0.070825,0.0872107,0.13816114,0.1865977,0.1956662,0.1501419,0.08572452,0.038098764,0.032767337,0.06693085,0.101904996,0.099783026,0.050036497,-0.019981252,-0.06703681,-0.062152285,-0.016350318,0.03287496,0.04648828,0.017637484
0.029877938,-0.0016551443,0.010975947,0.06405606,0.11424794,0.1255696,0.082766205,0.012782224,-0.038462956,-0.03678675,0.003013191,0.043953467,0.048560582,-0.0009730683,-0.06660286,-0.11311744,-0.10589061,-0.054353416,-5.0079216e-05,0.017917622,-0.013387784,-0.06709606,-0.09636337,-0.07370572
-0.00043485695,0.013694765,0.06014279,0.10235968,0.098370306,0.042329587,-0.036961216,-0.09487909,-0.10215147,-0.06594639,-0.033119906,-0.03909355,-0.08802677,-0.16089718,-0.19950648,-0.18560487,-0.12587269,-0.06264049,-0.03910998,-0.063087925,-0.107202224,-0.12558134,-0.08963459,-0.01372289
0.020653484,0.09095057,0.15790078,0.18401593,0.16221444,0.11436876,0.08921837,0.10694548,0.15933715,0.20230691,0.20353384,0.15408184,0.08329672,0.03295177,0.028570719,0.06232806,0.09341297,0.08722964,0.03424925,-0.037788622,-0.08232767,-0.07369012,-0.024999082,0.025421618
-0.12862599,-0.11264831,-0.09371413,-0.10087596,-0.13850057,-0.18982807,-0.21895811,-0.20917517,-0.1692469,-0.12480477,-0.1080601,-0.11826059,-0.13915397,-0.14035954,-0.112210326,-0.0549171,0.00041088718,0.024816873,0.014020761,-0.012314539,-0.024783993,-0.00849243,0.028297449,0.057865098
0.051031675,0.1091655,0.114102475,0.057039525,-0.026278302,-0.086053595,-0.08272817,-0.030245598,0.019753508,0.018032435,-0.04026713,-0.12046399,-0.17306197,-0.1576514,-0.09137622,-0.024014946,-0.0035247155,-0.04492648,-0.10816534,-0.13779978,-0.10278489,-0.019212486,0.059707955,0.08750554
0.036518868,-0.017714823,-0.043728985,-0.010268986,0.07035248,0.15171985,0.18560946,0.1609315,0.10494509,0.069807395,0.091842085,0.15525737,0.21562064,0.22671935,0.17575763,0.092904106,0.030805811,0.026262315,0.07000899,0.112883344,0.112018764,0.052729372,-0.033169873,-0.09054437
-0.07049377,-0.124712914,-0.123183794,-0.07335446,-0.02617851,-0.021562971,-0.07400864,-0.1482705,-0.19822867,-0.18244967,-0.11981407,-0.055779476,-0.031207198,-0.06932709,-0.12718445,-0.16009086,-0.13013297,-0.050310913,0.02767552,0.052622948,0.01754607,-0.043951057,-0.079601005,-0.058720164
-0.047619928,0.009513811,0.03288474,0.0046346774,-0.047538467,-0.083100215,-0.06032125,0.0063630315,0.076711096,0.10588869,0.081654124,0.031601984,-0.005188013,0.012862404,0.06513874,0.12563585,0.14246117,0.10037348,0.031278003,-0.01797124,-0.018133966,0.026488025,0.0725503,0.07782415
-0.022078661,0.040472936,0.06622121,0.040955327,-0.00378826,-0.02754393,0.0037989616,0.07405799,0.1442405,0.1683174,0.14147204,0.08886133,0.052023485,0.06731745,0.113383025,0.16313891,0.16761163,0.11951004,0.04716835,-0.0060347826,-0.0116570955,0.026549667,0.06738487,0.06944213
0.0189838,0.03073753,0.0055874693,-0.031750984,-0.04379843,-0.011765132,0.054073855,0.11623977,0.13854885,0.11563828,0.08009575,0.06365808,0.082409576,0.1344285,0.1728212,0.17454414,0.131705,0.070011295,0.030031318,0.030589271,0.061154783,0.088065356,0.077351585,0.026917811
-0.10640935,-0.07883481,-0.049867608,-0.049713753,-0.088778995,-0.14017138,-0.16571286,-0.15213831,-0.10806261,-0.05962786,-0.041786958,-0.059570793,-0.09373831,-0.105952434,-0.086087316,-0.03221343,0.024480084,0.04769316,0.028681455,-0.010189004,-0.03406783,-0.022580547,0.017708408,0.05701458
0.07696337,0.020788861,-0.012765547,0.0072089555,0.0651563,0.124690056,0.13297078,0.08557521,0.0141102625,-0.0294135,-0.019424388,0.029408636,0.07689784,0.077677265,0.030322023,-0.042624507,-0.08653156,-0.074083164,-0.018779002,0.037951462,0.050458595,0.007999315,-0.05250239,-0.0836056
0.19427295,0.23582125,0.20873782,0.14908627,0.11299104,0.13085188,0.193388,0.2549659,0.26752713,0.20712474,0.11713014,0.04890366,0.034855604,0.07562445,0.12326877,0.12238547,0.057124674,-0.037007395,-0.10277393,-0.09844824,-0.03737899,0.03316985,0.05877815,0.025271837
-0.1256643,-0.18431607,-0.16652551,-0.0840914,0.004248458,0.04088985,0.003354762,-0.068972565,-0.11257191,-0.07505288,0.018837947,0.11409721,0.15227038,0.10966573,0.027945511,-0.026806526,-0.007700822,0.069199406,0.14514983,0.1567334,0.09179508,-0.011636472,-0.08474198,-0.086226344
-0.13235925,-0.086024076,-0.03334771,-0.025319578,-0.07141128,-0.14690496,-0.19471186,-0.18424249,-0.12189683,-0.05175542,-0.028012233,-0.056614,-0.111225,-0.13984291,-0.117337056,-0.043315575,0.03271293,0.061258327,0.031163067,-0.026623385,-0.06377709,-0.04920665,0.010495025,0.06833838
-0.09261877,-0.04451694,0.0110722035,0.034103934,0.016923761,-0.027454741,-0.055695336,-0.03936052,0.0162969,0.078660406,0.10615401,0.08646512,0.038776442,0.0040392377,0.0075651105,0.052322365,0.10187612,0.115967944,0.08261573,0.018773125,-0.03119848,-0.036600593,-0.0008950134,0.03859817
0.002401852,0.030686688,0.05662319,0.055669278,0.016531432,-0.04279622,-0.0878801,-0.09964376,-0.081992455,-0.059337698,-0.061958168,-0.09518328,-0.14217763,-0.17389095,-0.16559385,-0.12585258,-0.078530446,-0.05525525,-0.06545018,-0.089947365,-0.099509284,-0.074632466,-0.02146515,0.033426244
0.014184059,-0.05798388,-0.106275946,-0.10074564,-0.05836455,-0.014414406,-0.016603477,-0.06595503,-0.13577896,-0.17465979,-0.15901932,-0.102453366,-0.043651506,-0.02922854,-0.058996733,-0.11224115,-0.13575414,-0.10526392,-0.03574671,0.029985702,0.052956223,0.021927215,-0.03158502,-0.060656156
-0.15139812,-0.1207761,-0.07984788,-0.07374679,-0.113876574,-0.18088529,-0.22398274,-0.21671999,-0.16320163,-0.09797508,-0.06941115,-0.08421079,-0.12308838,-0.14267729,-0.12091892,-0.05245818,0.01994663,0.053665258,0.03667886,-0.008648392,-0.0417585,-0.032278012,0.015768398,0.063927576
0.041607965,0.05711352,0.033810414,-0.0046741357,-0.023259552,0.004541997,0.06783222,0.1263032,0.14681488,0.12077068,0.0791274,0.05459037,0.06669039,0.11521521,0.15267627,0.15504937,0.11353175,0.05199802,0.009194318,0.01035053,0.043651074,0.07456636,0.07027154,0.027477967
-0.050633956,-0.11425042,-0.1539008,-0.14174765,-0.08869964,-0.032082796,-0.014098648,-0.037355784,-0.0832947,-0.10340031,-0.07490493,-0.008713903,0.057886355,0.08265372,0.0581963,0.009870351,-0.018381482,-8.168961e-05,0.054063547,0.101099096,0.107087135,0.06388119,-0.0030527187,-0.05195059
0.115317784,0.14091577,0.109375216,0.049408827,0.0077802218,0.017239546,0.07257586,0.13034134,0.14539333,0.09862854,0.026315412,-0.025893837,-0.028164608,0.020636762,0.07322661,0.08519137,0.040127553,-0.033286612,-0.083946995,-0.07443909,-0.016426766,0.047824766,0.06993559,0.038244735
-0.03939151,0.032711543,0.049019452,-0.0038200992,-0.082630426,-0.12684953,-0.09238262,-0.0008869559,0.0866798,0.11282211,0.07020683,-0.002719636,-0.0483731,-0.01623364,0.061925497,0.14117463,0.16124107,0.10405885,0.014432358,-0.044369224,-0.031144481,0.038952295,0.10430522,0.10982315
0.029196767,0.04812887,0.012712911,-0.042482384,-0.064686775,-0.026447458,0.059337124,0.14209048,0.17371845,0.14281398,0.09021533,0.063495375,0.0858143,0.1559045,0.21216322,0.22011696,0.16494831,0.082463235,0.026860446,0.028179105,0.07123299,0.11364434,0.10668446,0.042497408
-0.050990574,-0.12931563,-0.17648804,-0.15819637,-0.08607316,-0.005867836,0.025394347,-0.0014011106,-0.058317147,-0.086038165,-0.051866643,0.031087246,0.11542237,0.14823116,0.113908015,0.04594295,0.0013321128,0.016125165,0.07884902,0.13718688,0.14474107,0.08597063,-0.0046624923,-0.07090403
-0.054880798,-0.016896138,0.07528743,0.1611537,0.19102502,0.14579135,0.0698185,0.022455411,0.045199137,0.11991333,0.1860447,0.19165942,0.12972309,0.032001164,-0.03173904,-0.02511606,0.034370437,0.093320556,0.0964177,0.02894441,-0.06471007,-0.12232509,-0.10457018,-0.030541636
0.11316334,0.04291743,0.0013378707,0.026819387,0.0971396,0.1623949,0.16402878,0.09636009,0.0024695303,-0.056968115,-0.049214818,0.008649009,0.06493822,0.059542324,-0.0016260674,-0.09102084,-0.14603215,-0.12528451,-0.050481364,0.024322147,0.040441025,-0.0069755544,-0.07543374,-0.10627758
-0.02613288,-0.06891116,-0.12424787,-0.15522175,-0.14349364,-0.09301502,-0.04219419,-0.023635907,-0.045327887,-0.079078324,-0.09164753,-0.060905017,-0.0008937618,0.060045823,0.07976246,0.0583569,0.018611383,-0.004370003,0.011396159,0.058736667,0.098515145,0.09934751,0.056644537,-0.0044211387
-0.119632654,-0.07599909,-0.01659619,0.014531224,0.008540052,-0.024606343,-0.04157196,-0.021104556,0.03927343,0.10528161,0.13964468,0.13034448,0.092997395,0.06563749,0.06534155,0.10466426,0.1452097,0.15466559,0.11998728,0.0564359,0.0019227393,-0.015223396,0.005288801,0.033033133
-0.13645703,-0.11227854,-0.08166935,-0.08043342,-0.11800293,-0.17524183,-0.21087965,-0.20358096,-0.15735264,-0.10143093,-0.07778836,-0.0898808,-0.120939344,-0.13365696,-0.11108667,-0.049941655,0.01424718,0.044292904,0.029881507,-0.007444999,-0.0330717,-0.022442756,0.019475909,0.059378326
-0.057916928,-0.10595618,-0.099261455,-0.045536224,0.0070328205,0.015096224,-0.03357808,-0.103702396,-0.1508429,-0.13510379,-0.074370004,-0.0126241455,0.008378044,-0.031701915,-0.09195018,-0.12873112,-0.105593145,-0.03476912,0.035936084,0.05623075,0.019440144,-0.04316111,-0.080927394,-0.063510135
-0.06392244,-0.12095001,-0.12921771,-0.08708271,-0.040184855,-0.025989583,-0.06603608,-0.13253759,-0.18384176,-0.17457019,-0.11823836,-0.053482145,-0.022744974,-0.04890127,-0.10078871,-0.137268,-0.11562305,-0.046097558,0.027363544,0.05744953,0.032164633,-0.02523361,-0.06617111,-0.056783766
0.045990445,0.06447962,0.02990419,-0.02456132,-0.04865103,-0.014667103,0.06198972,0.13459773,0.16062765,0.12796853,0.073787935,0.04412484,0.06191713,0.12522939,0.17819558,0.18536523,0.13430078,0.057434913,0.0052628657,0.0090530915,0.053346287,0.096994214,0.09501453,0.03892376
0.048434325,-0.02101776,-0.05867094,-0.024876352,0.059072535,0.1432254,0.16597308,0.12186794,0.04572136,0.004230146,0.029545344,0.1022342,0.16890037,0.17651057,0.117862485,0.026279412,-0.030222092,-0.0196107,0.041718636,0.0996447,0.10429498,0.040854853,-0.04881727,-0.10285582
0.13300219,0.08256333,0.04793288,0.06612919,0.12197101,0.17960902,0.18768318,0.13818869,0.06011946,0.0028120046,-2.818519e-05,0.037455224,0.077991456,0.07149467,0.020563466,-0.05870932,-0.111992545,-0.10385134,-0.04967297,0.007797217,0.023541288,-0.010742929,-0.064570665,-0.089877956
-0.015737982,-0.07795976,-0.12170007,-0.11189124,-0.05932916,0.0037144509,0.028880693,0.0047706333,-0.047052518,-0.07503044,-0.054064095,0.008272925,0.07255148,0.096384786,0.06878679,0.013502381,-0.022099234,-0.009424999,0.042204104,0.09277711,0.10137594,0.059801128,-0.007136186,-0.055902038
0.038272507,-0.03112424,-0.07011052,-0.037401073,0.05262241,0.14521241,0.17760852,0.14024755,0.06837084,0.025466032,0.049958125,0.12642385,0.20143555,0.21535152,0.15884924,0.0655278,-0.0015459604,0.0026322303,0.062744536,0.121299,0.12335163,0.057020646,-0.038969684,-0.10327591
-0.09653101,-0.06784399,-0.06280395,-0.09946488,-0.15582058,-0.19697009,-0.19195496,-0.14763768,-0.09327212,-0.06399143,-0.07584767,-0.107071266,-0.12662491,-0.10139693,-0.045751475,0.019721838,0.055179626,0.04223448,0.003890438,-0.023009757,-0.0136974035,0.028322153,0.07208639,0.08235944
0.08018297,0.13628408,0.15908398,0.13925272,0.100618266,0.073744565,0.089214444,0.13303553,0.17425545,0.172845,0.13085887,0.06975566,0.024041438,0.022175437,0.052260667,0.08180973,0.07604771,0.027381053,-0.035675403,-0.07388945,-0.06329947,-0.016683592,0.026922708,0.03933828
0.0044954317,-0.06635456,-0.114099085,-0.108696625,-0.06629199,-0.019737307,-0.014020936,-0.056354325,-0.12150518,-0.15933539,-0.14324692,-0.08567168,-0.024824228,-0.0060587646,-0.034477428,-0.08705968,-0.11417573,-0.08733052,-0.020507526,0.04349764,0.064260125,0.031777162,-0.02443731,-0.056935485
0.015245124,0.022801502,-0.026775356,-0.102031134,-0.14659475,-0.12577082,-0.05492566,0.018148066,0.04377328,0.0073209177,-0.053132962,-0.08521437,-0.059641983,0.020977546,0.09429946,0.11885839,0.0797792,0.008743134,-0.03634688,-0.018332578,0.04662014,0.10748733,0.115628414,0.06031277
-0.06949838,-0.0024709709,0.024865076,-0.0052268654,-0.057282396,-0.08486846,-0.047388837,0.039143965,0.12745833,0.16448079,0.14228632,0.08909796,0.05237712,0.07773206,0.13764548,0.20163472,0.21541871,0.16342089,0.07912491,0.013438293,0.006835257,0.049796436,0.09272308,0.08923175
-0.050240874,-0.095784605,-0.069907136,0.016690992,0.10264091,0.12955768,0.08136126,-0.000798404,-0.051993348,-0.027430097,0.05026933,0.12737803,0.1480655,0.09017744,-0.00010708763,-0.061618563,-0.050985016,0.021504143,0.09279252,0.104018144,0.04296279,-0.05131009,-0.111528665,-0.09801196
0.16272412,0.15396196,0.1287348,0.11896706,0.13734479,0.1729986,0.19981048,0.19595127,0.15782659,0.100716695,0.061596695,0.052410305,0.06519514,0.07409392,0.0625148,0.017018158,-0.040512487,-0.07656921,-0.07532979,-0.043846633,-0.010113968,0.00077123445,-0.01792303,-0.043703347
-0.10921872,-0.081573844,-0.052246403,-0.052844517,-0.08788131,-0.14021076,-0.17113663,-0.16114958,-0.11796925,-0.069697656,-0.052803814,-0.06893709,-0.100649096,-0.11380277,-0.09268254,-0.037438795,0.016728396,0.03903041,0.02255803,-0.013044178,-0.03652787,-0.02420826,0.017146124,0.053957954
-0.09266267,-0.12520993,-0.108830005,-0.055837695,-0.005249516,0.007977747,-0.022049291,-0.06644592,-0.087227724,-0.057076473,0.0042504147,0.060876865,0.07915279,0.04909831,0.00060173403,-0.025636135,-0.005155311,0.04721139,0.092322886,0.092679046,0.04869768,-0.0130712185,-0.052290693,-0.04686007
0.0777868,0.08331891,0.03689696,-0.03476074,-0.08692043,-0.0848707,-0.040839773,0.0031211362,0.009254539,-0.037362125,-0.10347908,-0.14579028,-0.13787082,-0.08005561,-0.019695865,0.00078535744,-0.027603043,-0.08150013,-0.112678446,-0.08631151,-0.016668705,0.050810236,0.075543895,0.04998046
-0.13304493,-0.09051438,-0.049471572,-0.056103684,-0.11206301,-0.18569016,-0.22370616,-0.20464092,-0.14121959,-0.07840306,-0.062029492,-0.09375875,-0.14214058,-0.15914519,-0.12516803,-0.04631629,0.027230185,0.051598113,0.021793973,-0.030617816,-0.058700886,-0.034633376,0.02767377,0.08072954
-0.07960304,-0.13502194,-0.13624893,-0.09004811,-0.046940736,-0.0444915,-0.09772202,-0.17251834,-0.2213701,-0.20396836,-0.14231718,-0.07818338,-0.05271305,-0.08748984,-0.14113416,-0.16949712,-0.13605733,-0.054965235,0.02261683,0.049631264,0.017253114,-0.041241612,-0.074392244,-0.0532888
-0.048142277,-0.043751527,0.009609305,0.070162766,0.085695535,0.038126722,-0.044035457,-0.10779576,-0.11468316,-0.06480034,-0.009265212,0.0056049023,-0.03454118,-0.111329205,-0.16240644,-0.15636823,-0.09212576,-0.018080259,0.01380665,-0.015232176,-0.07380768,-0.11372374,-0.09604349,-0.026359484
-0.031463638,0.043609522,0.06697941,0.022788765,-0.044139218,-0.082142755,-0.049807996,0.03801629,0.12562265,0.15327321,0.1140368,0.043424737,-0.0024574106,0.022802394,0.09338169,0.16519132,0.17927772,0.12043384,0.02989608,-0.033347704,-0.027129723,0.034852266,0.09480045,0.097969696
0.08244487,0.014291571,-0.0835614,-0.14788026,-0.14755595,-0.09091635,-0.040130366,-0.03858359,-0.10197311,-0.18784347,-0.23498926,-0.21285014,-0.13780485,-0.062135335,-0.033137824,-0.07153053,-0.13227105,-0.16014409,-0.12041856,-0.028826548,0.058453232,0.088877775,0.050755214,-0.015689703
0.020973694,-0.059569433,-0.12087274,-0.1236746,-0.0816504,-0.028461717,-0.018960752,-0.06493853,-0.14136246,-0.19082873,-0.18049136,-0.11995071,-0.05066915,-0.025070975,-0.051681314,-0.110145986,-0.14312771,-0.11660606,-0.042005975,0.03504559,0.066325575,0.037320834,-0.02235156,-0.060261622
-0.04760746,-0.0052783764,0.0058888705,-0.019924086,-0.055308007,-0.06956491,-0.038156375,0.023441557,0.08052734,0.10026805,0.080927536,0.047045846,0.029526504,0.053839903,0.097739935,0.1403253,0.14312391,0.10487183,0.050406985,0.0132150985,0.012488452,0.043460462,0.07018134,0.060954634
-0.024049994,-0.05192814,-0.021828912,0.058439407,0.1354226,0.16556503,0.13779302,0.08000627,0.04308214,0.06428887,0.12721938,0.18707645,0.1989532,0.14888333,0.06786201,0.00943195,0.008606383,0.05642975,0.10250243,0.101915985,0.04508239,-0.03840996,-0.09425079,-0.087771855
0.06350038,0.12823851,0.14984722,0.120256096,0.07193523,0.043386735,0.066217296,0.123860545,0.17783195,0.18000422,0.13286011,0.06465387,0.018205004,0.025182595,0.06758556,0.10769023,0.10219045,0.047701698,-0.024821734,-0.06871633,-0.057624966,-0.004271569,0.046070118,0.056077294
0.13030486,0.16192022,0.13259254,0.07300996,0.034752876,0.05136115,0.1146796,0.17809297,0.1956994,0.14744715,0.07176764,0.016592775,0.012603132,0.0612777,0.11256292,0.12028489,0.06707727,-0.015409707,-0.07294665,-0.06680939,-0.011180463,0.0513383,0.07142247,0.035679292
0.021686904,0.061473068,0.07359621,0.045529258,-0.0010005195,-0.039860778,-0.044624753,-0.01675549,0.018975066,0.026330791,-0.0033996704,-0.05173658,-0.088482045,-0.08679311,-0.049725767,-0.0067378967,0.010274364,-0.011742608,-0.052547198,-0.078306705,-0.06525141,-0.019101793,0.0305044,0.05193416
-0.1342158,-0.11888855,-0.06439717,-0.008988163,0.016604729,-7.971548e-06,-0.028936062,-0.038289305,-0.0071519944,0.057224926,0.11681659,0.14148897,0.122950815,0.08476762,0.054057553,0.06526858,0.10425457,0.13989261,0.13992457,0.09364685,0.027952746,-0.021346748,-0.029547254,-0.005630098
0.10963072,0.06914309,-0.0042034346,-0.043903504,-0.009540274,0.085997485,0.17796317,0.21323206,0.17190346,0.09143293,0.044480734,0.06510108,0.13866986,0.21370634,0.22739825,0.1633488,0.06178368,-0.0089674685,-0.007032043,0.054540917,0.11781395,0.12420392,0.05758373,-0.040425714
-0.0017879307,-0.06089153,-0.100834124,-0.099353194,-0.06747075,-0.037622068,-0.042935673,-0.08187645,-0.13672401,-0.16665153,-0.15345816,-0.10684869,-0.05867876,-0.045237172,-0.065091,-0.10255102,-0.1187647,-0.093084306,-0.03452205,0.020289944,0.040503826,0.019014739,-0.021017985,-0.044085167
0.047300257,-0.004821095,-0.03812843,-0.016197128,0.05246445,0.12886281,0.16047987,0.13646986,0.07846158,0.038833477,0.052059114,0.10766464,0.16630243,0.18082708,0.13775939,0.061227538,0.0024307,-0.0010548763,0.04284424,0.09067282,0.09698567,0.047418088,-0.028397316,-0.08196545
0.15580119,0.1131845,0.042495716,0.005160998,0.028303951,0.09658233,0.15410924,0.15758622,0.09775732,0.009800702,-0.042669315,-0.031704076,0.025803795,0.077440545,0.08135445,0.021096623,-0.064732045,-0.111437395,-0.09104393,-0.019051868,0.047017157,0.063146725,0.01875628,-0.04658302
0.03187859,-0.03801301,-0.0924305,-0.09461283,-0.053856626,-0.003925768,0.0055829217,-0.03417565,-0.1025297,-0.14890182,-0.14291647,-0.0907698,-0.029769113,-0.0075785974,-0.03078096,-0.08531819,-0.11881147,-0.101495214,-0.039553743,0.02747119,0.057831325,0.0345436,-0.019636272,-0.057749357
-0.04038517,-0.012878939,0.04991311,0.105023414,0.12347692,0.091529265,0.04010833,0.010121256,0.027716499,0.078195654,0.12241183,0.124711566,0.08304357,0.016785014,-0.02425953,-0.017083755,0.022549666,0.06263992,0.066228695,0.020280728,-0.045047503,-0.083295465,-0.06850895,-0.017134367
-0.05335773,-0.01950103,-0.016104536,-0.053500302,-0.10335798,-0.13215683,-0.1167709,-0.06791113,-0.017739968,-0.0003537717,-0.021842923,-0.0584151,-0.07708483,-0.05211451,-0.0005959293,0.05258837,0.07033536,0.045400746,0.0026537662,-0.023274526,-0.012587304,0.028715307,0.068054825,0.07143331
-0.06767533,-0.023363657,-0.0065994845,-0.031351224,-0.06282472,-0.0735601,-0.037441056,0.031286694,0.09688006,0.12186209,0.10581047,0.07355361,0.05853591,0.087258145,0.13455552,0.17931722,0.17935568,0.13297464,0.072277956,0.030757269,0.029164894,0.05724233,0.079279296,0.06259735
-0.014732167,-0.0001284178,0.05528867,0.10807839,0.11352031,0.058391847,-0.025133757,-0.08681142,-0.09195856,-0.0481735,-0.006235805,-0.00621405,-0.055997886,-0.13521942,-0.18100668,-0.16964684,-0.10859396,-0.042969234,-0.01852059,-0.047229234,-0.10008569,-0.12794265,-0.09713196,-0.02093167
-0.01136844,-0.055163365,-0.11606619,-0.1548468,-0.14533836,-0.09299523,-0.038121622,-0.013582436,-0.036238436,-0.0786042,-0.09759814,-0.07119093,-0.0084662605,0.057249833,0.08287569,0.060418423,0.014985439,-0.0146020325,0.0003844248,0.0493038,0.09722046,0.10542764,0.063226424,-0.002920665
-0.119935185,-0.123830095,-0.088883996,-0.051274993,-0.04802296,-0.08729139,-0.1455334,-0.18426971,-0.17698686,-0.12487418,-0.07238909,-0.050496243,-0.06825948,-0.10865468,-0.13278812,-0.11093807,-0.04986287,0.01357881,0.041030254,0.021435551,-0.02349789,-0.05556751,-0.044007774,0.002110255
0.16596101,0.14278054,0.09435054,0.06610788,0.08187741,0.1334487,0.17682761,0.17733882,0.13006167,0.056839846,0.0069644493,0.0030721172,0.03563969,0.06752393,0.06719396,0.016827485,-0.05434127,-0.098628595,-0.091573775,-0.039390735,0.013779877,0.030706283,0.0031277044,-0.040588953
0.03504768,0.099025816,0.10635162,0.041876186,-0.056161962,-0.13008167,-0.1321469,-0.07643286,-0.014454404,-0.009779388,-0.07188918,-0.16153988,-0.22097728,-0.20392545,-0.12520829,-0.04095561,-0.008592228,-0.047882944,-0.11891114,-0.15575911,-0.11818005,-0.02210081,0.070854604,0.10667767
-0.06698966,-0.11439517,-0.10895253,-0.06014469,-0.018442597,-0.017519984,-0.06666008,-0.13467263,-0.17815182,-0.15989043,-0.10083261,-0.043317534,-0.024940623,-0.06272415,-0.11711125,-0.14519817,-0.1140068,-0.040274538,0.028310992,0.047609866,0.012825246,-0.043918766,-0.07493333,-0.05250552
0.021004908,-0.013129149,-0.005044921,0.041157626,0.08634975,0.092814155,0.04611423,-0.022207025,-0.07263374,-0.07217985,-0.03297983,0.006780733,0.013703865,-0.03348451,-0.09215479,-0.1328489,-0.121022716,-0.06636684,-0.008535168,0.009971091,-0.017552832,-0.0649963,-0.08996184,-0.06710424
0.100387365,0.05962978,-0.008784011,-0.039159413,0.0061987294,0.1094382,0.20540944,0.24130705,0.20128566,0.12566519,0.086309835,0.114281476,0.19050884,0.2621877,0.26851478,0.19841509,0.093280844,0.021761112,0.023373509,0.08051275,0.13422978,0.13005646,0.054436557,-0.04850573
-0.03814836,-0.019392615,0.043553427,0.11316474,0.14444335,0.11898224,0.06402401,0.023087807,0.029596299,0.082512885,0.13906762,0.15407068,0.113882914,0.03832127,-0.018675005,-0.024752008,0.018252283,0.06952517,0.08240115,0.03624747,-0.037511636,-0.08949813,-0.08614006,-0.033305157
0.04612147,0.09455399,0.103477165,0.05915311,-0.0099329045,-0.061975308,-0.06622685,-0.030465465,0.009994359,0.010977107,-0.034667328,-0.10241349,-0.14983127,-0.14374217,-0.0926068,-0.036849897,-0.015246894,-0.04422852,-0.09450642,-0.12033212,-0.09423408,-0.027995028,0.039908163,0.07028869
0.10243694,0.065060034,-0.004822863,-0.046464022,-0.014962747,0.077285886,0.16767243,0.20439754,0.16859774,0.0914554,0.045097467,0.06292555,0.13441193,0.20769219,0.2244448,0.16584212,0.067073666,-0.003388109,-0.0031126067,0.054547977,0.11478744,0.12256559,0.060311113,-0.034725614
0.0127962455,-0.06684705,-0.12763885,-0.13109754,-0.093032815,-0.04450003,-0.0391112,-0.087289356,-0.16245484,-0.20771763,-0.19597068,-0.13592862,-0.069596015,-0.045289125,-0.07059864,-0.12448509,-0.15087678,-0.1201781,-0.045524836,0.030762225,0.060994152,0.033080634,-0.02233664,-0.055606663
0.08944401,0.094457485,0.04033379,-0.042919382,-0.10437191,-0.109380916,-0.06802421,-0.02203858,-0.017378854,-0.071704514,-0.14779937,-0.19707006,-0.18905191,-0.12608837,-0.055490218,-0.028679162,-0.05690113,-0.11366755,-0.14478034,-0.11335353,-0.03187762,0.049925067,0.083134025,0.05756247
-0.13646166,-0.07351628,-0.004375026,0.014114256,-0.021480592,-0.08374827,-0.111352,-0.08036028,0.0018941867,0.08104973,0.10676902,0.07435096,0.01579293,-0.012684672,0.0073930845,0.0776191,0.14010818,0.14817385,0.09500458,0.016205203,-0.035229117,-0.029847145,0.020667516,0.06682185
-0.019057486,-0.01332708,0.022454718,0.05609076,0.04944294,-0.0032383534,-0.07669147,-0.13073243,-0.13779348,-0.10521078,-0.07289262,-0.074101135,-0.112723164,-0.17393818,-0.20458192,-0.18843196,-0.12989809,-0.06536236,-0.03716306,-0.055365115,-0.092772305,-0.107691556,-0.075085096,-0.0060110665
-0.103281,-0.10280522,-0.06919712,-0.035598796,-0.033461418,-0.07091785,-0.12106063,-0.15277854,-0.14245924,-0.09657827,-0.054411665,-0.038225487,-0.055885214,-0.09016497,-0.10913635,-0.087171,-0.036470108,0.013988732,0.032629643,0.014080203,-0.023919336,-0.048150886,-0.035931613,0.0035207162
0.06676322,0.0666586,0.02699323,-0.028678015,-0.06691267,-0.070482,-0.045934804,-0.019039806,-0.021485629,-0.061026476,-0.11216622,-0.1424057,-0.13567081,-0.094988555,-0.04932985,-0.034053907,-0.053882886,-0.090404436,-0.10663186,-0.081798054,-0.025180891,0.030709585,0.05218151,0.034334496
-0.01804118,0.055483434,0.12985148,0.15770774,0.12647003,0.06278777,0.026165001,0.04267494,0.10468645,0.16210808,0.17161639,0.1212189,0.04293015,-0.010705228,-0.011048326,0.03737478,0.08696569,0.09214395,0.0387881,-0.040819723,-0.09101652,-0.08122545,-0.022939656,0.039643664
0.04534156,-0.005823393,-0.036404707,-0.008885597,0.068056755,0.14991522,0.18688655,0.1667917,0.11247892,0.07448476,0.09066325,0.14982063,0.21017879,0.22341886,0.17776483,0.097349696,0.033478823,0.025893433,0.066115946,0.10749009,0.108430706,0.055536248,-0.026364677,-0.08585533
0.011611875,0.016802847,-0.04142424,-0.12632072,-0.17779912,-0.15620495,-0.080520384,-0.004219978,0.020926828,-0.01818062,-0.08297593,-0.115667544,-0.08700175,0.0013344937,0.081791125,0.110265605,0.07165443,-0.00057975337,-0.045156974,-0.02170079,0.049096484,0.11552593,0.12639849,0.06915863
0.071704246,0.074040964,0.03166937,-0.03042877,-0.07170614,-0.0681071,-0.03162363,0.0036523803,0.005449329,-0.037978645,-0.095855035,-0.13019727,-0.12032134,-0.0704419,-0.019169055,-0.0041870386,-0.032107484,-0.078667924,-0.10212936,-0.07596515,-0.014342249,0.043869004,0.063451946,0.038880035
-0.048281908,0.011756848,0.02204458,-0.032789096,-0.1117442,-0.16271988,-0.14193508,-0.06583628,0.010283621,0.033023883,-0.007197761,-0.073018074,-0.11302118,-0.08122675,-0.0042582266,0.076118186,0.10146139,0.056325115,-0.016856076,-0.06092315,-0.04131891,0.029422592,0.09606953,0.10629275
0.088593975,0.02578402,-0.06613744,-0.12617387,-0.12153745,-0.06066372,-0.0042575756,0.0026916412,-0.0565992,-0.14135665,-0.1879953,-0.16751082,-0.094465576,-0.021264626,0.0046103694,-0.03698001,-0.10319355,-0.13727951,-0.103069596,-0.017523577,0.06429251,0.09090937,0.04985473,-0.019055342
0.05551551,0.030132208,0.04195214,0.086027585,0.12839045,0.1334252,0.09185342,0.028105242,-0.020182308,-0.02792377,-0.0012003502,0.027267795,0.028088033,-0.019022517,-0.07637205,-0.118400775,-0.11775019,-0.075762875,-0.026954638,-0.008794861,-0.03121306,-0.071047276,-0.091342,-0.067939095
-0.010709055,-0.065402485,-0.14192967,-0.18646342,-0.16898334,-0.09853266,-0.027431246,0.00044319907,-0.030634286,-0.083036296,-0.1062964,-0.069138266,0.010224913,0.09180408,0.119109355,0.08635778,0.025350394,-0.012643025,0.006080748,0.06973675,0.1268459,0.13252877,0.0759428,-0.00897381
0.07935962,0.046986666,-0.010957176,-0.040826134,-0.009247686,0.06987134,0.14676565,0.17781095,0.14623614,0.08286529,0.047838707,0.067950755,0.12983689,0.19024326,0.1997187,0.14733562,0.06254789,0.005347426,0.008609065,0.057217263,0.10307056,0.10456922,0.04805719,-0.033386238
-0.072074994,-0.024564574,-0.008834897,-0.036260065,-0.077289745,-0.09857684,-0.06532141,0.0049124146,0.07402243,0.10125351,0.08277349,0.04617448,0.02544188,0.053830855,0.10533397,0.15835793,0.16569772,0.12397053,0.06163471,0.017376445,0.015774464,0.05142532,0.08249859,0.07353997
0.0044545946,-0.06163122,-0.10900079,-0.108819515,-0.07856599,-0.045116577,-0.04806255,-0.09228875,-0.15448418,-0.18970634,-0.17822619,-0.12876137,-0.07507086,-0.05896925,-0.081071146,-0.122257434,-0.13927424,-0.107613906,-0.042915363,0.01936904,0.04193732,0.019274957,-0.023500457,-0.04641633
-0.042477608,-0.09359905,-0.12750219,-0.11650286,-0.074055746,-0.02665322,-0.010046003,-0.028369423,-0.066589825,-0.080974214,-0.05593629,-0.0005613206,0.052171025,0.07165446,0.049568597,0.009043695,-0.011765872,0.0061120954,0.050453473,0.08758119,0.089165226,0.051615763,-0.0030876084,-0.04099498
0.10301145,0.04931628,-0.03629511,-0.09332277,-0.084895305,-0.016213696,0.050682925,0.06408966,0.0097498875,-0.07513484,-0.12770064,-0.11168923,-0.041212015,0.034479678,0.05864128,0.01307291,-0.06479787,-0.11348205,-0.09190409,-0.008543348,0.07239996,0.09629912,0.05185305,-0.023271253
0.03143176,0.06962739,0.06591275,0.012512199,-0.06509697,-0.122345395,-0.12897871,-0.09596318,-0.06129957,-0.06465178,-0.11246124,-0.17671598,-0.2166985,-0.20166193,-0.1433182,-0.08194712,-0.05478327,-0.07597624,-0.11702301,-0.13158438,-0.095841125,-0.022380669,0.047948204,0.078101926
-0.044039655,-0.10147464,-0.13820376,-0.12634222,-0.0730888,-0.011362779,0.014677616,-0.000426624,-0.04018228,-0.05738723,-0.029292094,0.03333703,0.09533271,0.11980824,0.096524574,0.047330454,0.017588904,0.027512487,0.07148844,0.10997451,0.11337194,0.069909535,0.002363834,-0.049017623
0.0002797728,-0.026493013,-0.007965791,0.04925044,0.11446397,0.1459726,0.12647523,0.079697765,0.044269394,0.051230073,0.09787122,0.14561757,0.16092819,0.12195435,0.05828549,0.0056969337,-0.0036894071,0.029798781,0.072449915,0.07811881,0.037541397,-0.028146941,-0.07539225,-0.075202115
0.013786637,-0.027327206,-0.08891042,-0.12923674,-0.117839865,-0.060579408,-0.002581727,0.020424528,-0.004900675,-0.053591818,-0.07983554,-0.05741371,0.004728546,0.07064006,0.095070876,0.067694224,0.013498293,-0.02254645,-0.010533791,0.041586887,0.092859335,0.102413684,0.06010415,-0.007824711
-0.13523822,-0.067217305,0.010748978,0.036673453,0.001062294,-0.07334856,-0.117293306,-0.096493475,-0.014820647,0.071305305,0.10189656,0.067752056,-0.001442872,-0.044131164,-0.030386763,0.043389518,0.11598522,0.13464646,0.08514657,0.0013571619,-0.058528416,-0.054742012,0.0045134025,0.06489961
0.10878962,0.05768441,0.023181353,0.03987293,0.093045704,0.14403403,0.14787938,0.100597456,0.02780094,-0.023785554,-0.022683194,0.016654575,0.056823503,0.05222379,0.0066289017,-0.06521944,-0.11124918,-0.09978539,-0.045379065,0.008759648,0.024599312,-0.0064634997,-0.057383563,-0.081709005
-0.0064530456,0.024030132,0.050489288,0.045427024,0.005547825,-0.051654518,-0.09179421,-0.09709437,-0.07280144,-0.050594073,-0.05731703,-0.09295596,-0.13617533,-0.16005647,-0.14464913,-0.101429075,-0.059444573,-0.044390503,-0.060801413,-0.08549434,-0.090523735,-0.06237681,-0.010186086,0.037454173
-0.13558811,-0.06432545,0.0133838,0.03491283,-0.0073294668,-0.08580675,-0.12893558,-0.1021507,-0.016584141,0.0715478,0.10157945,0.062786244,-0.010124556,-0.054727197,-0.03636809,0.04339389,0.12170611,0.13979806,0.087176226,-0.002444638,-0.064159244,-0.05530081,0.009845298,0.07257914
-0.050840206,0.019354373,0.04730805,0.009090226,-0.0571443,-0.103273325,-0.08016516,-0.00048654372,0.084673814,0.1171396,0.085476555,0.020518238,-0.025745118,-0.0046474044,0.061222013,0.1357375,0.15696546,0.10744255,0.025497707,-0.03415349,-0.03113992,0.026332108,0.086381204,0.0963651
-0.16007277,-0.16054533,-0.10604833,-0.05102965,-0.04341185,-0.09856747,-0.17961903,-0.23203295,-0.21719302,-0.14281565,-0.070334636,-0.04257089,-0.07181283,-0.13180211,-0.16576324,-0.13522245,-0.05243923,0.030321514,0.06250126,0.029065646,-0.035699748,-0.07928664,-0.062101774,0.002188205
0.15590097,0.18325973,0.1380744,0.061368104,0.019341348,0.045642607,0.12135354,0.19412985,0.20796031,0.1437129,0.053700246,-0.006459408,-0.0015784156,0.061680943,0.12550616,0.13022019,0.064372614,-0.03261828,-0.09355472,-0.078982785,-0.0050760503,0.07055628,0.08893228,0.03893969
-0.04455231,-0.11251983,-0.1558478,-0.14208134,-0.08034874,-0.007933143,0.023695655,0.0037015376,-0.045348324,-0.07013643,-0.04103917,0.03125231,0.10579011,0.1364904,0.107684776,0.048216622,0.008081485,0.019561823,0.07351446,0.12435975,0.13051294,0.07925295,-0.0003013518,-0.059615575
-0.07146332,-0.11355639,-0.11321621,-0.07754437,-0.046087027,-0.04879778,-0.09109217,-0.1454836,-0.17911503,-0.16381581,-0.115076415,-0.066267885,-0.047252323,-0.07340436,-0.11190194,-0.12981309,-0.101371296,-0.038056646,0.020759063,0.037882645,0.012680789,-0.029579762,-0.053532925,-0.03684668
0.16575468,0.19376849,0.15841569,0.09244269,0.046805896,0.060024973,0.12109153,0.17999813,0.18904968,0.12842721,0.042121053,-0.021088686,-0.027644584,0.02336867,0.077098414,0.08202698,0.0271562,-0.058323823,-0.11577998,-0.101907864,-0.030537477,0.042523794,0.06652986,0.033737592
-0.15742086,-0.1465142,-0.084904134,-0.024673058,-0.005972632,-0.043272376,-0.10227195,-0.13480793,-0.107904874,-0.03237805,0.038350575,0.06474437,0.038859338,-0.015395365,-0.050707377,-0.028172223,0.0357706,0.09861101,0.114391156,0.0694437,-0.003617372,-0.05546228,-0.05031406,-0.002921958
0.159484,0.11357739,0.030974876,-0.022733413,-0.012030621,0.05826209,0.1241718,0.13539368,0.075488456,-0.01850048,-0.0791716,-0.07344226,-0.013769166,0.051476125,0.06831012,0.012469141,-0.07229384,-0.12640268,-0.110150345,-0.03187887,0.049994405,0.077081375,0.03597362,-0.033612326
0.041015152,-0.030195335,-0.06503491,-0.02531299,0.071169265,0.16411203,0.1953724,0.15579781,0.08120418,0.03771989,0.06572921,0.14569625,0.22076423,0.2309545,0.1680874,0.06986313,-6.80387e-05,0.0037790935,0.06658143,0.12537749,0.12504452,0.054215208,-0.046557665,-0.111357875
0.17197758,0.21401884,0.18122321,0.107669465,0.0569746,0.07021631,0.14216092,0.21945073,0.24262322,0.18166383,0.08635866,0.0120112505,0.001422384,0.05637163,0.120498866,0.13243936,0.06996988,-0.030099541,-0.10202317,-0.099113375,-0.02962611,0.05259862,0.083344646,0.04546579
0.14229979,0.1730879,0.13755383,0.07058331,0.025956389,0.03862209,0.09870006,0.16246639,0.17809303,0.12506075,0.044042725,-0.016229348,-0.02131285,0.028357908,0.085703,0.09643733,0.046501845,-0.035106223,-0.09255006,-0.08602427,-0.023416739,0.048539814,0.07455715,0.04014017
0.17594524,0.13189676,0.052114017,0.0043213237,0.025424507,0.103030846,0.17165707,0.1816328,0.12010743,0.022637317,-0.039030213,-0.03177346,0.030241791,0.090994194,0.101644926,0.037863564,-0.05716623,-0.1150934,-0.09928139,-0.02282002,0.053697243,0.07614759,0.029655699,-0.044704124
0.0973127,0.015921498,-0.04513071,-0.037188407,0.022636285,0.09080585,0.10274567,0.045954697,-0.049423214,-0.11716249,-0.11482568,-0.055177145,0.013063791,0.02794582,-0.017337436,-0.10224603,-0.15663826,-0.13871895,-0.061599813,0.02204453,0.055912916,0.020360831,-0.050219283,-0.09227786
-0.009645152,-0.075279124,-0.11672451,-0.10009179,-0.040876873,0.023580648,0.045802932,0.0138073275,-0.044624943,-0.07539215,-0.053404965,0.013267782,0.07985924,0.10146074,0.06603169,0.0043324553,-0.036347456,-0.02179591,0.035383865,0.092725925,0.10104885,0.05370932,-0.018250706,-0.06687498
-0.13275734,-0.060591236,0.018089123,0.04165377,0.0052390117,-0.06546537,-0.10279993,-0.072032705,0.015186692,0.101649396,0.13238925,0.09469117,0.024670228,-0.01804654,-0.0015390081,0.072383605,0.1437611,0.15778077,0.10307622,0.010787768,-0.052409153,-0.04790936,0.011084447,0.06836287
-0.09031713,-0.14099221,-0.14530958,-0.108470395,-0.07454673,-0.074178115,-0.11842369,-0.17978938,-0.21945204,-0.20109054,-0.14635366,-0.0879484,-0.062773965,-0.086210586,-0.12722763,-0.14644778,-0.11374569,-0.043602683,0.022842351,0.048070952,0.023115987,-0.025311131,-0.054379918,-0.03941272
-0.012961765,0.039329365,0.08964137,0.10463684,0.08164625,0.03441874,0.0029720813,0.011613048,0.05398188,0.09412893,0.09913398,0.062922426,0.008252722,-0.03076023,-0.027887655,0.009587867,0.045803577,0.050841447,0.016403403,-0.03672025,-0.071192846,-0.061430372,-0.015642447,0.029399544
0.07918105,0.038554564,-0.025242733,-0.054119773,-0.015787737,0.07564839,0.1592888,0.18855369,0.15128355,0.08493627,0.052520324,0.08007202,0.15020901,0.2159228,0.22245288,0.16122457,0.0718661,0.013299316,0.018943042,0.07263758,0.12182086,0.11705321,0.049392693,-0.040732354
0.10020544,0.11653279,0.06885174,-0.008839116,-0.05931658,-0.04719251,0.012772378,0.07370881,0.0866684,0.034068704,-0.043669514,-0.09408634,-0.085883334,-0.020738209,0.04618407,0.06396435,0.019571641,-0.05524439,-0.101580344,-0.07993972,-0.006813465,0.06648746,0.0897239,0.05071289
-0.0681242,-0.13753016,-0.18018834,-0.16959174,-0.11517768,-0.049730923,-0.026219925,-0.05041096,-0.09666854,-0.114280485,-0.08178784,-0.009740633,0.06329153,0.09569884,0.07177841,0.02105615,-0.00709554,0.011440088,0.06652285,0.11832485,0.12676263,0.076668076,0.0024312718,-0.05125832
0.16918601,0.20335405,0.18461356,0.13305089,0.0989881,0.10976569,0.15640305,0.20217338,0.21203059,0.15926802,0.0812096,0.019168222,0.0056062434,0.038917586,0.07970202,0.08089056,0.02735935,-0.051304206,-0.10557842,-0.098335005,-0.041819952,0.01899511,0.043754887,0.020616753
0.07679996,0.042663727,-0.018776996,-0.053558126,-0.028061634,0.047413133,0.121668324,0.1517624,0.11960729,0.055565864,0.01792093,0.035746202,0.09762022,0.16154344,0.17605013,0.12786135,0.047529366,-0.008534123,-0.005685922,0.045648374,0.09797911,0.10478118,0.051787045,-0.028661026
0.023365991,0.04526973,0.010755647,-0.047749046,-0.075209014,-0.038360056,0.05181265,0.14163406,0.17910415,0.14880928,0.0931111,0.062024042,0.083163515,0.15971817,0.2216727,0.23342139,0.17792669,0.08979002,0.027290525,0.026698513,0.07472203,0.121027164,0.11523224,0.049103446
-0.01944389,-0.11181797,-0.17045912,-0.15555336,-0.0836812,-0.004880585,0.015935307,-0.029435191,-0.107662514,-0.14927004,-0.118862554,-0.032566648,0.055845216,0.08508216,0.044864148,-0.0312851,-0.07551523,-0.050439734,0.029939491,0.10639623,0.124698654,0.06854553,-0.021744343,-0.082247786
-0.035103954,0.034962114,0.057692725,0.015505079,-0.054060448,-0.09781598,-0.07279446,0.005985271,0.087338164,0.11513985,0.07982139,0.0122057265,-0.034117647,-0.013610184,0.05198862,0.124301486,0.14475182,0.09781795,0.017952254,-0.039963145,-0.03656768,0.022399109,0.084739946,0.097156785
-0.07016024,-0.0069828946,0.009605741,-0.034911875,-0.10125534,-0.1384481,-0.105070636,-0.018273653,0.06788871,0.09974483,0.069240436,0.010683703,-0.024695361,0.007733478,0.08035921,0.15507673,0.17557983,0.12543628,0.043655325,-0.014366389,-0.008173603,0.05001296,0.103379354,0.10193331
0.042710308,0.09173323,0.09810162,0.053179696,-0.014255622,-0.062376246,-0.05697418,-0.011624053,0.031489443,0.02941213,-0.017641004,-0.08413432,-0.12650284,-0.115820706,-0.06333905,-0.008938461,0.0054409155,-0.02755289,-0.07867965,-0.106068365,-0.08242584,-0.016063025,0.047852237,0.07141173
-0.20896347,-0.19659571,-0.121794514,-0.04633154,-0.022804381,-0.068610236,-0.13867313,-0.1767858,-0.14173685,-0.04364986,0.04725576,0.0843541,0.052692447,-0.012570807,-0.055659384,-0.02585239,0.056169733,0.13417596,0.15253337,0.09591792,0.003321024,-0.06181324,-0.0569536,-5.150992e-06
0.14614548,0.1749676,0.13186266,0.055633448,0.0073676277,0.024887076,0.09599968,0.16680853,0.18219472,0.12109487,0.029551124,-0.032668628,-0.031212192,0.03392715,0.099830896,0.11084417,0.050179426,-0.04465982,-0.10722911,-0.090268455,-0.013210978,0.06586516,0.0890273,0.043682367
0.13781658,0.113459975,0.060490735,0.025695983,0.036416885,0.08505146,0.13102053,0.13864449,0.0973732,0.027939377,-0.022297427,-0.024426084,0.012978994,0.053847406,0.06367182,0.022750748,-0.04501077,-0.090965666,-0.086075604,-0.033189435,0.023186956,0.045687154,0.019877927,-0.029679937
0.1010281,0.05336394,-0.02659224,-0.06835195,-0.028384002,0.077147335,0.17704159,0.21528022,0.17151894,0.08802908,0.043592904,0.07160734,0.15494227,0.2365543,0.2508059,0.18164101,0.07448329,0.001797352,0.007617881,0.07316969,0.13790591,0.14041908,0.06472557,-0.04291341
0.0043129404,0.044691958,0.076139055,0.071283795,0.027216885,-0.03395313,-0.07572611,-0.07886396,-0.05050882,-0.02454868,-0.033078115,-0.0756912,-0.12769306,-0.15934592,-0.1447675,-0.09776602,-0.052586976,-0.037259765,-0.05850174,-0.09061559,-0.10357931,-0.07420179,-0.013639139,0.04125332
-0.00377031,-0.086260654,-0.13939175,-0.1197805,-0.040689047,0.04551149,0.07438078,0.03647651,-0.0381964,-0.08006459,-0.053091884,0.030519096,0.11640129,0.14385687,0.099774614,0.01797198,-0.03776344,-0.024013655,0.04740925,0.118618555,0.13111162,0.07121258,-0.022347217,-0.088944644
0.05318726,-0.022403564,-0.06307609,-0.02334305,0.08199753,0.18826757,0.22730312,0.18797466,0.1080024,0.058036577,0.08498418,0.16990475,0.25281438,0.2663861,0.20038882,0.09179264,0.011312705,0.011059655,0.07600407,0.13880663,0.13972083,0.06421441,-0.046001624,-0.12032467
0.04853037,0.01433057,0.012045973,0.041256726,0.066819236,0.06146683,0.0102660125,-0.060052287,-0.11513882,-0.12728569,-0.10513622,-0.07954127,-0.07641102,-0.116628304,-0.16317871,-0.19552849,-0.18133067,-0.12704445,-0.06881867,-0.039610103,-0.048191417,-0.075986296,-0.08572496,-0.05486236
-0.11512932,-0.14947252,-0.13662376,-0.089828804,-0.043533,-0.029724676,-0.05705665,-0.09781001,-0.114174664,-0.08190899,-0.020327967,0.03754143,0.060746618,0.03913013,-0.0023286156,-0.023146149,-0.0010864675,0.051954,0.09735818,0.10008432,0.058928203,-0.0017999115,-0.04075527,-0.03808383
-0.15128328,-0.15519221,-0.11373703,-0.06893672,-0.06876789,-0.12052707,-0.19222195,-0.23860982,-0.226628,-0.1597007,-0.09566472,-0.06986674,-0.09473443,-0.14381245,-0.17000799,-0.13886054,-0.05869411,0.019920783,0.04971545,0.02205879,-0.032247312,-0.06690755,-0.04928159,0.0090713035
0.13008988,0.15272284,0.125397,0.07544616,0.045224864,0.058516346,0.1063302,0.15166184,0.1586179,0.11074435,0.04503894,-0.0016969353,-0.0045808493,0.031964045,0.07119822,0.07255689,0.025661904,-0.039141778,-0.08018834,-0.070545904,-0.021293456,0.032298654,0.0497991,0.023530059
-0.055383146,-0.05233946,-0.011823958,0.030875046,0.03232906,-0.017809484,-0.09098616,-0.14605723,-0.15047428,-0.10763104,-0.06452886,-0.054350793,-0.087451905,-0.1486038,-0.18410176,-0.16730835,-0.10677928,-0.03813,-0.0069185933,-0.02543401,-0.07279944,-0.099085376,-0.074264795,-0.009535632
-0.12521796,-0.18637945,-0.17831059,-0.10990385,-0.032138027,0.003170542,-0.028785085,-0.09456117,-0.13704789,-0.10772361,-0.02367905,0.06611877,0.109852165,0.079810105,0.010397422,-0.03851986,-0.022563847,0.049747046,0.12508917,0.14376502,0.09151832,-0.00064252544,-0.069710165,-0.07539817
0.04285289,0.09113855,0.096148476,0.04744594,-0.025196822,-0.07711858,-0.076296926,-0.03567624,0.0064075133,0.0051098596,-0.045001045,-0.1139131,-0.15854235,-0.1455109,-0.089270525,-0.030879678,-0.012027204,-0.045077763,-0.09800583,-0.1210949,-0.09029817,-0.019540008,0.04865142,0.07483355
-0.018174538,-0.067415275,-0.12936173,-0.16356964,-0.14887923,-0.092904955,-0.036410473,-0.014552576,-0.040549345,-0.08316902,-0.09695273,-0.06371185,0.0033959118,0.06864315,0.08891912,0.06159761,0.014851605,-0.009981765,0.011135681,0.062047776,0.1063215,0.10813767,0.059611447,-0.0075166803
0.097368695,0.10622186,0.05861837,-0.012537861,-0.06175104,-0.05658127,-0.008855251,0.037827093,0.040831976,-0.012035942,-0.08308594,-0.12742998,-0.11875612,-0.062407628,-0.004994939,0.010566352,-0.026790498,-0.08431606,-0.114861615,-0.087084465,-0.019329596,0.048228927,0.07228709,0.04428725
0.17604113,0.16240208,0.12588526,0.10457672,0.12245736,0.16899456,0.20866962,0.21082798,0.16962487,0.099709526,0.05004932,0.039943293,0.06317694,0.08678096,0.08276505,0.03271389,-0.039302614,-0.08711559,-0.08675091,-0.044313993,0.0031499378,0.019460209,-0.0046342122,-0.043046247
-0.18558273,-0.17807278,-0.12121884,-0.06155104,-0.034357324,-0.057357546,-0.09515492,-0.10932437,-0.074464515,0.002416863,0.0764768,0.112452984,0.098784335,0.05972313,0.029710742,0.049091313,0.10181633,0.15067413,0.15928574,0.11152349,0.038890246,-0.01637633,-0.026490875,-0.0004219242
0.06652333,0.036577363,-0.01854628,-0.049633104,-0.02018249,0.06093743,0.1442719,0.1820427,0.15890507,0.100340866,0.0642977,0.082531296,0.14437222,0.21133895,0.22683772,0.17891985,0.094500825,0.028458893,0.020503283,0.06500823,0.11430825,0.11788725,0.05967425,-0.0277397
-0.095176436,-0.07351726,-0.079251565,-0.12166625,-0.17466721,-0.2058239,-0.19082661,-0.14187434,-0.09264219,-0.07221889,-0.08651536,-0.11245492,-0.120315924,-0.08637185,-0.028935064,0.030649653,0.05615247,0.04072747,0.008668844,-0.010342408,0.0026718676,0.043878086,0.0801321,0.08016426
0.10404608,0.11374168,0.059779756,-0.021031048,-0.0712726,-0.05363574,0.0115431,0.073193416,0.080842376,0.021960262,-0.057417724,-0.105371445,-0.09073023,-0.019289447,0.048142575,0.06140598,0.012845175,-0.06371482,-0.10663066,-0.07804845,0.0016800447,0.07463781,0.092289776,0.047899958
-0.0019377613,-0.046317503,-0.11262583,-0.15559806,-0.14793415,-0.09306353,-0.034028035,-0.008773092,-0.033164423,-0.080285445,-0.104717255,-0.079554714,-0.014983598,0.05511325,0.08305118,0.05940259,0.009666296,-0.022217117,-0.007979995,0.0448114,0.097042345,0.10871955,0.06691362,-0.0012103503
-0.13046189,-0.0870318,-0.04279941,-0.04177884,-0.08968882,-0.15820262,-0.19577621,-0.1785761,-0.11648328,-0.050907783,-0.032126214,-0.06031844,-0.109051816,-0.12790489,-0.09926589,-0.026098616,0.044968747,0.06621136,0.03238962,-0.021892054,-0.0518028,-0.03299574,0.023183053,0.071604654
-0.06326011,-0.030747166,-0.022840321,-0.053000867,-0.09758631,-0.12735209,-0.11524599,-0.06920164,-0.018762559,0.003499527,-0.011543622,-0.043403845,-0.063131265,-0.041976195,0.004920085,0.05662276,0.07723788,0.054907408,0.013129134,-0.015653443,-0.009132929,0.027349936,0.06326485,0.067301385
0.09265438,0.023871284,-0.023656808,-0.0126747,0.045704044,0.10822828,0.1178105,0.06457166,-0.017827917,-0.07660573,-0.07438749,-0.022303749,0.03646183,0.045130827,0.0016978029,-0.07548582,-0.12800641,-0.1154876,-0.049453966,0.022576293,0.048593275,0.013678637,-0.049637564,-0.086566135
