0.022796491,0.036320183,0.0703415,0.101440944,0.09900186,0.061010513,0.003043262,-0.03575858,-0.041668985,-0.021523444,-0.0008414324,-0.010326624,-0.049696233,-0.10358212,-0.13543053,-0.1275132,-0.08809025,-0.047493875,-0.034250468,-0.05364047,-0.083713084,-0.093568616,-0.065970935,-0.01243925
-0.18003683,-0.16875347,-0.10442841,-0.04038688,-0.01878552,-0.054013748,-0.1131885,-0.14160705,-0.111157864,-0.028706903,0.050082657,0.08124728,0.055528086,0.0020264203,-0.03045058,-0.007289416,0.05979908,0.122448675,0.1351239,0.08695523,0.008899895,-0.04785233,-0.047317408,-0.0024505474
0.024467824,-0.02405058,-0.01942092,0.040477462,0.101329766,0.121923015,0.07174914,-0.010108435,-0.0727411,-0.07994882,-0.029060794,0.025276499,0.039595373,-0.009834141,-0.08969026,-0.14448844,-0.13567519,-0.07217874,-0.0030013258,0.027064871,-0.002777448,-0.065359674,-0.10546768,-0.08573519
0.15003683,0.07208074,0.022582173,0.051937673,0.12614226,0.19957413,0.20162448,0.12773892,0.025017368,-0.049648996,-0.043034162,0.015173259,0.070718534,0.062375814,-0.0140621085,-0.11221392,-0.168881,-0.14565155,-0.0682847,0.011791235,0.0333408,-0.01299328,-0.084501214,-0.11442676
0.041889466,0.106692724,0.11601605,0.054573957,-0.037197594,-0.103264235,-0.09813974,-0.041631717,0.01547295,0.020765658,-0.04105254,-0.12723768,-0.18171474,-0.16468474,-0.09227932,-0.017722748,0.004387813,-0.035687435,-0.10007721,-0.13618787,-0.10540517,-0.019870387,0.06577566,0.09764989
-0.00434093,0.0069378144,0.05467165,0.10243244,0.10787283,0.06370983,-0.010289033,-0.062206656,-0.06847264,-0.03625581,0.0021666968,0.0011685274,-0.04208977,-0.11019575,-0.15581766,-0.14864077,-0.09775231,-0.03991313,-0.016524492,-0.03992082,-0.085853696,-0.11169417,-0.08659262,-0.020485826
-0.047552228,0.014557937,0.044895988,0.02229945,-0.016720131,-0.040462058,-0.0072910627,0.066679455,0.13791491,0.17268017,0.15195847,0.10591229,0.07367888,0.088656224,0.14116839,0.18843322,0.19222032,0.1438572,0.073058754,0.013799438,0.0029332577,0.035343733,0.07005842,0.06761917
-0.027370319,0.078471825,0.18212608,0.21391508,0.16635562,0.080246404,0.030444587,0.056206618,0.1381835,0.22189079,0.23109436,0.159016,0.05286784,-0.016862411,-0.010489255,0.058532357,0.12221745,0.12342279,0.049923602,-0.054532334,-0.12390877,-0.11033353,-0.026612805,0.05804752
0.20189208,0.23227856,0.18555133,0.108201794,0.06308826,0.089871675,0.17327999,0.24314024,0.24777783,0.17480926,0.072544955,0.005186319,0.007910384,0.066647716,0.12345872,0.119823545,0.04421224,-0.053994756,-0.1121843,-0.095786735,-0.0213264,0.056557134,0.07835517,0.03384833
0.053799193,0.021113615,-0.035789102,-0.07224536,-0.051022884,0.01963663,0.09269898,0.12131548,0.09737106,0.043963496,0.01061344,0.02773376,0.086666256,0.14815862,0.16767763,0.12737392,0.05822779,0.005756959,0.0043117576,0.048731223,0.098281905,0.10437341,0.055465035,-0.01941142
0.0082915295,0.018235153,0.055537008,0.09858023,0.10929682,0.08059416,0.023079727,-0.020576632,-0.029901821,-0.0044776774,0.028202744,0.03084066,-0.003433821,-0.06359647,-0.10701122,-0.107778296,-0.06995345,-0.021980474,-0.0018373013,-0.022216868,-0.06626325,-0.09258504,-0.075545594,-0.023961164
-0.079604015,-0.050231244,0.025672354,0.09492981,0.110690564,0.06457027,-0.0072594467,-0.04399844,-0.023050671,0.04642503,0.108992405,0.11518328,0.062520415,-0.015200214,-0.06239312,-0.046325643,0.016908882,0.0740421,0.07894479,0.023731038,-0.054145176,-0.09990937,-0.08033285,-0.014236492
-0.14312534,-0.18288405,-0.15904297,-0.087459214,-0.01441778,0.011478089,-0.020759499,-0.06983068,-0.089343615,-0.047521897,0.03617656,0.11454594,0.14318438,0.109306455,0.049809583,0.015809614,0.036309667,0.09543592,0.14607397,0.14626801,0.08566312,5.7499623e-05,-0.058731146,-0.06262232
0.01096548,0.059054893,0.06547054,0.014749442,-0.061426666,-0.11827715,-0.11594839,-0.06967665,-0.020803737,-0.013073818,-0.05945768,-0.12609985,-0.1672943,-0.14880696,-0.08598654,-0.021379061,0.002129568,-0.02741114,-0.078288086,-0.10706311,-0.078895986,-0.008728737,0.059007946,0.08330108
-0.13132527,-0.11866339,-0.06721168,-0.016165836,0.0022105963,-0.019387487,-0.054607924,-0.067107886,-0.03962804,0.022876548,0.08082143,0.10202213,0.08173322,0.044211976,0.01983086,0.03351266,0.078334846,0.11742722,0.11845453,0.07592024,0.016592627,-0.027398465,-0.03164533,-0.0027321358
-0.035042778,0.009907917,0.11019988,0.20432529,0.2414799,0.20670788,0.1361497,0.09766224,0.11840415,0.1917005,0.26001826,0.26279005,0.19733845,0.09590394,0.024769807,0.021623407,0.0711494,0.11944022,0.11431172,0.04209575,-0.057620205,-0.12189786,-0.110261455,-0.04028364
0.085140616,0.03659557,-0.037630185,-0.075316995,-0.043073248,0.042582966,0.12808691,0.15359162,0.11049024,0.033787344,-0.007698477,0.019693935,0.09608505,0.16715881,0.17935067,0.12072086,0.029295493,-0.027583031,-0.014849843,0.05107601,0.11200026,0.11696236,0.052721735,-0.036920838
-0.13338289,-0.067061625,0.0046113958,0.02534724,-0.007934856,-0.07179012,-0.10542554,-0.0770494,-0.0006871565,0.08188992,0.10842951,0.07694539,0.017616753,-0.016040973,0.0052667316,0.07125975,0.13151562,0.14314558,0.09510356,0.016462656,-0.040567536,-0.039245512,0.011541207,0.060577936
-0.027303377,-0.06885394,-0.12808034,-0.16516155,-0.15458179,-0.106063515,-0.04951345,-0.025982004,-0.042792015,-0.07921188,-0.0969663,-0.06744534,-0.0057185018,0.05820515,0.08624086,0.06746789,0.02439908,-0.0031562806,0.010108447,0.056153603,0.099049725,0.10612185,0.06505955,0.00064850075
-0.060335338,0.010448995,0.036781218,-0.003924292,-0.06529962,-0.103445545,-0.06827569,0.016108092,0.09891655,0.13458566,0.09842506,0.038211532,0.0026429412,0.03176995,0.10562403,0.1734281,0.18117422,0.12460988,0.043342486,-0.012909714,-0.0104955295,0.041682918,0.09291023,0.091913566
0.078637846,0.04413236,-0.014872157,-0.04513283,-0.013003714,0.06713782,0.14626758,0.17308307,0.14178345,0.07840854,0.039928827,0.06076394,0.12579207,0.18703495,0.19842692,0.14581378,0.060239576,0.0029997518,0.004524625,0.054508343,0.1036817,0.10598669,0.048410546,-0.033850722
-0.036810882,-0.08934282,-0.12046242,-0.108568236,-0.06320963,-0.014854383,-0.0007031712,-0.024813924,-0.061705347,-0.080294415,-0.056373823,-0.0019030254,0.051809046,0.068486735,0.04543098,0.004908558,-0.018311413,-0.0019925819,0.041853882,0.08219716,0.08533084,0.04715578,-0.007934931,-0.04517348
0.058032457,0.01493708,-0.04877361,-0.09602832,-0.10244158,-0.07346921,-0.043803502,-0.044405002,-0.08014735,-0.1404042,-0.17647423,-0.1684616,-0.12186342,-0.07307971,-0.051197995,-0.068799295,-0.10599377,-0.121955566,-0.09514237,-0.035822835,0.024558805,0.051485136,0.03473665,-0.0031956646
0.090761684,0.03575053,-0.009333684,-0.011738876,0.014920273,0.047657114,0.045742072,0.0010894291,-0.063293345,-0.117915,-0.12467714,-0.095838994,-0.059407894,-0.052422732,-0.082517765,-0.12929559,-0.15618312,-0.14035618,-0.08873196,-0.029038906,0.0039733285,-0.0041038617,-0.035912473,-0.052193943
0.15245323,0.17910038,0.14768639,0.08766038,0.04745913,0.058036514,0.11382087,0.16575366,0.17204015,0.120418005,0.042885236,-0.013360169,-0.019381987,0.021881869,0.06733674,0.071010746,0.021570146,-0.051668074,-0.09825517,-0.08901478,-0.03088974,0.033386122,0.05781542,0.031467125
0.10918868,0.057270806,0.022707088,0.03773985,0.080811426,0.12510653,0.1266262,0.07809995,0.01002166,-0.043830868,-0.04540778,-0.012245961,0.023541873,0.020546982,-0.02639985,-0.08838172,-0.12574945,-0.11242865,-0.0627266,-0.00788049,0.013101476,-0.010195987,-0.053683255,-0.072188064
0.105185434,0.061762743,0.024694782,0.028081322,0.058372736,0.091179244,0.08755478,0.043953706,-0.017516732,-0.06940363,-0.079666354,-0.055396408,-0.02516633,-0.02532606,-0.05928342,-0.107238285,-0.13978541,-0.12842776,-0.08307461,-0.02915628,-0.0040052775,-0.0139870895,-0.042350378,-0.05701994
0.014770482,-0.05965025,-0.11615884,-0.115259096,-0.073872864,-0.027322467,-0.024674227,-0.07120711,-0.13577974,-0.18082337,-0.16920984,-0.11206379,-0.05145785,-0.030672846,-0.058021914,-0.10733376,-0.13177383,-0.10447122,-0.03922442,0.028103795,0.056803744,0.032804284,-0.020120075,-0.05448746
-0.02639643,0.009708379,0.082337596,0.14631845,0.17119966,0.14816839,0.10208466,0.07861433,0.097278565,0.1504907,0.1946444,0.19352014,0.14688861,0.0799761,0.033728145,0.03343222,0.064478695,0.09119195,0.08107168,0.030605093,-0.036988348,-0.08094069,-0.072222486,-0.025831928
0.13785751,0.16734232,0.13395992,0.06800804,0.026446378,0.04240852,0.11262693,0.17824765,0.19408709,0.14239162,0.059346817,0.002015069,0.0027136218,0.056204643,0.11226726,0.11885052,0.06004412,-0.024555499,-0.079496436,-0.07230727,-0.01121652,0.056309637,0.07698746,0.039586443
0.01831452,0.06323972,0.06148928,0.002519402,-0.077198595,-0.13183568,-0.12752424,-0.08203582,-0.037242766,-0.035846725,-0.08900501,-0.15682763,-0.1939443,-0.16789325,-0.10030546,-0.035371132,-0.015274034,-0.048280615,-0.09794775,-0.11748541,-0.079350494,-0.0039953482,0.06454155,0.08478207
-0.08613697,-0.14241739,-0.14850563,-0.11283004,-0.075654745,-0.07495966,-0.12702101,-0.19550161,-0.23595513,-0.22723347,-0.17248349,-0.11326316,-0.08512282,-0.107914574,-0.15089524,-0.16948076,-0.1389383,-0.067653984,0.0039848206,0.03771575,0.018679826,-0.028212268,-0.05802977,-0.043928333
-0.13520174,-0.12290762,-0.068272375,-0.022609001,-0.027418975,-0.08934107,-0.17091784,-0.2112603,-0.1902449,-0.120986104,-0.057135466,-0.044824965,-0.085200414,-0.14749281,-0.17279014,-0.13413511,-0.050356563,0.02505174,0.047888897,0.0077934703,-0.056479476,-0.08724718,-0.056178626,0.0124792075
-0.15997167,-0.133656,-0.04121834,0.046451647,0.07394874,0.024969043,-0.05891492,-0.10263124,-0.07121953,0.025836349,0.117571406,0.14181125,0.09108182,0.0046461946,-0.04985942,-0.028237958,0.05303524,0.1282158,0.13927132,0.07325558,-0.027950684,-0.09705751,-0.086309716,-0.0152182095
0.02097374,-0.016926784,-0.006087894,0.050526954,0.105910085,0.12340347,0.0792711,0.009606457,-0.04173089,-0.043757487,0.0037970452,0.04984588,0.05868537,0.009999656,-0.06208094,-0.1099665,-0.101189874,-0.04688379,0.010110612,0.029556189,-0.002921764,-0.060546577,-0.095261484,-0.07633963
-0.056218635,-0.0015388561,0.005174033,-0.052643027,-0.13380681,-0.18601803,-0.16658095,-0.09671833,-0.027029598,-0.0016690865,-0.040459868,-0.10252778,-0.13723028,-0.10463845,-0.024570586,0.052818045,0.080409914,0.04458842,-0.017762775,-0.057975207,-0.03908774,0.026905565,0.09169592,0.10463433
-0.011721237,-0.030258318,-0.009715988,0.044560276,0.099340945,0.12632251,0.111843705,0.079351924,0.05702055,0.06812613,0.11196748,0.15118654,0.15979843,0.12664863,0.07217848,0.03000159,0.026020573,0.053133316,0.07955104,0.07570603,0.037346277,-0.019348267,-0.060173377,-0.059356503
0.054567162,0.025690136,0.04701328,0.110001445,0.16347925,0.17368062,0.12354523,0.050569613,-0.0013167959,-0.004740585,0.038948264,0.07463738,0.070446774,0.0095361,-0.070142746,-0.11938014,-0.11043735,-0.05762776,-0.0053885696,0.007637684,-0.02852572,-0.08366867,-0.11078089,-0.08066369
0.043788582,0.021880493,0.03446103,0.0782513,0.113254525,0.11819176,0.0802034,0.02660934,-0.012842567,-0.016984675,0.013377995,0.037589483,0.033316623,-0.010559676,-0.0676616,-0.10223613,-0.0925089,-0.05190912,-0.013101228,-0.00280052,-0.02636692,-0.06342252,-0.080683835,-0.056916617
0.18330997,0.21203525,0.16258387,0.07697018,0.026037756,0.050001264,0.13541304,0.20992605,0.2208473,0.14979838,0.044268455,-0.024969757,-0.019801648,0.050325368,0.11893771,0.12266917,0.04918385,-0.054830164,-0.118521154,-0.10046974,-0.014855148,0.07056101,0.09327117,0.043913014
-0.117871754,-0.11382024,-0.07006394,-0.029719613,-0.02777436,-0.07398686,-0.14119884,-0.17889333,-0.16506682,-0.10860248,-0.05295287,-0.036807925,-0.06480579,-0.11344297,-0.13710076,-0.10968013,-0.042748824,0.01992102,0.0419026,0.013789559,-0.036663454,-0.066575736,-0.048127897,0.0041901986
-0.01592677,0.054129694,0.11729825,0.12075861,0.062007602,-0.02779075,-0.086526036,-0.0781089,-0.023494737,0.030352106,0.028542954,-0.034055326,-0.11778065,-0.16764522,-0.14844942,-0.07820823,-0.010457425,0.00407638,-0.038187355,-0.10446192,-0.13589805,-0.100435294,-0.01574372,0.0614009
0.110349715,0.08009949,0.028406017,-0.0034492924,0.0048977933,0.04603964,0.0852959,0.08990636,0.052083235,-0.01130869,-0.05114462,-0.048510004,-0.0119803995,0.02576741,0.03218951,-0.0036464813,-0.057809032,-0.0897508,-0.077018745,-0.028981503,0.023513755,0.043093216,0.01868913,-0.022735717
-0.13895406,-0.07052394,0.0061809076,0.031996828,0.0066495226,-0.051435698,-0.08008264,-0.04590882,0.03252764,0.11838161,0.1504663,0.1223242,0.06373051,0.027760582,0.04610684,0.1072917,0.16366656,0.1702048,0.11943458,0.035701808,-0.027482389,-0.033011843,0.011350676,0.055159308
-0.00896177,-0.06697102,-0.11749053,-0.1341814,-0.12129281,-0.100666344,-0.105287224,-0.13892372,-0.18400449,-0.21763146,-0.21363184,-0.17625943,-0.13149641,-0.10776483,-0.11238593,-0.13216661,-0.13837822,-0.11361743,-0.061027277,-0.0036591047,0.02867077,0.024902921,-0.0006069036,-0.02054578
0.18537465,0.17376873,0.13184448,0.10326481,0.105716586,0.14387028,0.18407603,0.18907963,0.14881408,0.07821611,0.023966052,0.0058151213,0.022721145,0.044496916,0.041454118,0.0009066428,-0.05976912,-0.10128109,-0.10154656,-0.06265303,-0.014829416,0.011352672,0.00037558348,-0.028206432
0.09617828,0.05467858,0.021179471,0.02914092,0.065137275,0.106369674,0.11416491,0.08066832,0.024532385,-0.02325619,-0.02835014,-0.0013109123,0.03034117,0.031992693,-0.0032022283,-0.056229595,-0.09267698,-0.087414905,-0.048653647,-0.0029722222,0.016554054,-0.0002561407,-0.037172727,-0.058317482
0.09899596,0.029292934,-0.020987302,-0.012662315,0.03653382,0.08942979,0.090724595,0.033799283,-0.04710944,-0.11170029,-0.11172936,-0.06523673,-0.012184013,-0.0058444664,-0.05244403,-0.120576076,-0.16372806,-0.14432609,-0.07653413,-0.0018308593,0.02821078,0.0017415319,-0.05107652,-0.07867183
-0.03178458,-0.11879641,-0.17950608,-0.16824429,-0.10036671,-0.023728767,-0.0015510487,-0.0417922,-0.10868767,-0.14822324,-0.119761,-0.0363336,0.04815083,0.08031416,0.046423867,-0.020507222,-0.059545554,-0.03742542,0.032351244,0.10470138,0.12438681,0.074225076,-0.010698967,-0.07216406
-0.02305981,0.039214566,0.103005834,0.12475254,0.09828317,0.04582474,0.012111454,0.026455497,0.07617181,0.12835665,0.13804968,0.09657496,0.03270787,-0.011375659,-0.008857509,0.031961784,0.07331571,0.07779663,0.03558742,-0.029908,-0.07328928,-0.06749533,-0.018553015,0.033208482
0.12153482,0.061903726,0.02047666,0.036753826,0.09661119,0.16289039,0.18049613,0.13620357,0.0590596,-0.0056589213,-0.007735355,0.035681155,0.08615159,0.09081847,0.038494594,-0.041267306,-0.09988647,-0.09878382,-0.045541413,0.01971198,0.043809444,0.010588844,-0.051666006,-0.08910361
-0.03760816,-0.07009433,-0.112016134,-0.13442566,-0.12213132,-0.08222269,-0.04027137,-0.024828395,-0.03676455,-0.05900411,-0.06629757,-0.03877134,0.010816362,0.058439385,0.075969115,0.060379498,0.029309588,0.012571079,0.024315253,0.058746092,0.08538168,0.08234721,0.046475735,-0.003203288
0.07863877,0.0050512017,-0.04281046,-0.025473753,0.034363057,0.09494697,0.10220407,0.04726319,-0.032334473,-0.09130409,-0.08188372,-0.025056645,0.033795524,0.040065866,-0.011471355,-0.0853052,-0.13027841,-0.11015721,-0.04197457,0.028711166,0.05087005,0.014242079,-0.05025288,-0.08493525
0.079290554,0.033473827,-0.036369734,-0.06959988,-0.03261222,0.057780653,0.14305757,0.16761597,0.12915586,0.058870025,0.020855583,0.04947804,0.124956235,0.19376157,0.20471302,0.14469558,0.054414526,-0.0023464193,0.00508313,0.063286334,0.11928138,0.11950725,0.05237844,-0.038542174
0.05650056,0.076952465,0.044806316,-0.011732732,-0.042719852,-0.019484637,0.05294585,0.12136627,0.14452219,0.112452365,0.054478787,0.019494334,0.032720387,0.089549996,0.14451142,0.15285797,0.10514598,0.03480234,-0.011963537,-0.009950018,0.03367617,0.080324106,0.086153,0.041740272
-0.14569694,-0.18855076,-0.17752449,-0.12074551,-0.060531467,-0.03726936,-0.06209429,-0.10422389,-0.123481125,-0.08909777,-0.01633159,0.057911526,0.09150607,0.07312948,0.026442148,-0.0007332174,0.017896468,0.072313584,0.1221516,0.13220036,0.0862617,0.013010001,-0.041466627,-0.049767047
-0.03567774,0.024646109,0.050616186,0.024612414,-0.02103568,-0.048707347,-0.019815212,0.048627358,0.11501621,0.14679138,0.12242834,0.073087856,0.037780214,0.053210948,0.10541733,0.15435854,0.16306345,0.118258126,0.04911333,-0.0051529733,-0.010025692,0.026997004,0.06668297,0.06949286
0.020210117,0.0796499,0.087151684,0.026721261,-0.060328793,-0.12461046,-0.12135211,-0.065808505,-0.0086368015,0.0011456195,-0.053740617,-0.13226303,-0.18265882,-0.16344675,-0.089749105,-0.015201041,0.010840205,-0.026849836,-0.0886666,-0.12457024,-0.09350718,-0.01104614,0.06956213,0.09686678
-0.028016923,-0.025841655,0.018310012,0.06636814,0.06596983,0.011175753,-0.0783991,-0.14375037,-0.15505116,-0.115769826,-0.06669025,-0.061412975,-0.10691769,-0.18017568,-0.22793168,-0.2134047,-0.14150037,-0.064347476,-0.029393654,-0.049510702,-0.096986234,-0.123694174,-0.09312122,-0.015515839
-0.064659044,-0.015105186,0.0067365766,-0.01466242,-0.04948835,-0.06820113,-0.041680437,0.019477112,0.081184275,0.115798704,0.10188281,0.06726529,0.04460033,0.06216405,0.1103244,0.15425399,0.16344589,0.12755477,0.0692712,0.021237895,0.012323023,0.037165537,0.065247476,0.060787633
0.045740824,-0.008145957,-0.01019352,0.04525105,0.100312844,0.11744975,0.065549575,-0.022192532,-0.092559956,-0.10991602,-0.06524047,-0.013868441,0.0017568844,-0.04772039,-0.12877735,-0.18399262,-0.17555949,-0.10789971,-0.031837504,0.006269791,-0.017335465,-0.073707476,-0.10995936,-0.08595333
-0.018054737,0.05454806,0.12501793,0.13642867,0.08292269,-0.0037377076,-0.06268893,-0.055014804,0.0009344794,0.058534373,0.061931174,0.0006921284,-0.08529662,-0.1393861,-0.12706317,-0.06144033,0.004892275,0.02043992,-0.022683498,-0.09260378,-0.1308645,-0.10429465,-0.023615416,0.05598525
-0.006281286,0.09120686,0.19121529,0.22860438,0.19623539,0.12154626,0.0730097,0.09408404,0.16484307,0.23912384,0.25192493,0.1882201,0.08892952,0.0143557,0.010775643,0.06446947,0.11826483,0.11939231,0.054865163,-0.045717407,-0.115962125,-0.10939598,-0.03706051,0.04045205
-0.12572393,-0.08292788,-0.038686298,-0.038367637,-0.08629738,-0.1582621,-0.20118986,-0.18598169,-0.12830685,-0.06462247,-0.04443382,-0.07251395,-0.12098383,-0.1439197,-0.11447071,-0.043783553,0.026654411,0.05342083,0.028404063,-0.025243795,-0.05835884,-0.041034285,0.01609287,0.06798591
-0.056097142,-0.12522696,-0.16775624,-0.15308648,-0.091084756,-0.023654975,0.0034861483,-0.019258706,-0.06420136,-0.090122595,-0.06059209,0.0125914095,0.08754467,0.11728026,0.091162495,0.036145862,-0.0015614511,0.012326674,0.066133104,0.11879076,0.12636039,0.077103235,-0.000863997,-0.058351956
-0.020211063,-0.019733056,-0.05833784,-0.11077217,-0.13970655,-0.12406481,-0.06808762,-0.014678845,0.005630272,-0.011707776,-0.04731687,-0.06005843,-0.03592221,0.023611333,0.07887742,0.09608447,0.07271085,0.028938483,0.0015578431,0.010749079,0.050892614,0.08825706,0.08814688,0.0460931
0.062396564,0.08232933,0.036581263,-0.039443284,-0.07998017,-0.052067567,0.037751917,0.12088052,0.14827606,0.10544177,0.028669644,-0.013598543,0.009129998,0.0889801,0.16410345,0.17776763,0.11756985,0.026833521,-0.031181138,-0.020672308,0.04513823,0.10943979,0.11525498,0.05326797
-0.17754889,-0.10713588,-0.027384445,-0.0042250403,-0.043589387,-0.1171704,-0.15613289,-0.12381315,-0.035938546,0.06367013,0.10167572,0.07132509,0.006244239,-0.029612966,-0.0038728253,0.074246116,0.15122753,0.17020893,0.11876463,0.029606069,-0.036555894,-0.038499497,0.017084355,0.07313376
-0.049209163,-0.09413412,-0.104866534,-0.078347184,-0.048656803,-0.0412706,-0.07378996,-0.12346356,-0.15949081,-0.15805393,-0.11765319,-0.0714073,-0.048513014,-0.065268025,-0.101159476,-0.12195387,-0.10218134,-0.04927565,0.0058130273,0.032487936,0.018306607,-0.018384527,-0.044560235,-0.036852628
0.04840115,0.0016193241,-0.024977282,0.006219302,0.076139584,0.14653094,0.17354563,0.1473376,0.09447954,0.057979513,0.07283881,0.12716357,0.17879769,0.18340723,0.13456254,0.06155694,0.0064589935,0.007241078,0.046896897,0.087337956,0.08464981,0.035646357,-0.03518867,-0.08102143
0.08447338,0.0059863734,-0.04726707,-0.028897453,0.034413416,0.09782252,0.10166192,0.040741082,-0.046666145,-0.10939545,-0.09936097,-0.038028974,0.023964785,0.029862918,-0.025770202,-0.10423388,-0.14992055,-0.12568294,-0.05106902,0.02613052,0.050315488,0.011576122,-0.0556038,-0.09172987
0.040316045,0.014847253,-0.023061385,-0.03388718,0.0006124626,0.06581577,0.12827973,0.15217747,0.13106202,0.09196579,0.075002894,0.09917172,0.14771584,0.189614,0.19065185,0.14508477,0.081482485,0.039944656,0.040152255,0.069882944,0.09559525,0.085303,0.03269154,-0.031737547
0.1008829,0.11201487,0.0640604,-0.008705994,-0.057649158,-0.051023792,0.0035204473,0.05429321,0.06180068,0.012390379,-0.061525624,-0.10740482,-0.099463664,-0.041642196,0.0185384,0.033926602,-0.0038438097,-0.06594493,-0.102461636,-0.08315899,-0.014574652,0.055763952,0.07921537,0.047203887
-0.03186393,-0.07853138,-0.05760962,0.02375223,0.107048094,0.1395094,0.09576164,0.021953423,-0.028482366,-0.015145121,0.059399277,0.13112362,0.15140204,0.09619701,0.007829474,-0.05380459,-0.045884904,0.01876107,0.084248364,0.096454196,0.041954968,-0.04545445,-0.10519148,-0.09577972
0.17329998,0.14791766,0.09423398,0.061999,0.07950873,0.139442,0.19281293,0.1990138,0.15345603,0.07589689,0.022687819,0.018667577,0.05595482,0.09278286,0.09248878,0.039850842,-0.036074545,-0.08608764,-0.08255358,-0.032564916,0.02443821,0.043718226,0.01280423,-0.038385957
-0.004523177,-0.058891654,-0.09617378,-0.09469631,-0.068948746,-0.045822486,-0.053421076,-0.091260515,-0.13714747,-0.16484739,-0.15122567,-0.10945091,-0.069047734,-0.05950147,-0.07935389,-0.10774821,-0.11537854,-0.08726575,-0.034608584,0.013692543,0.030353986,0.013523266,-0.018538527,-0.035149056
0.034352437,-0.014994891,-0.008545347,0.05125818,0.1038727,0.1128144,0.051716104,-0.037964582,-0.10253829,-0.11090932,-0.060202003,-0.011448792,-0.0040278663,-0.060880985,-0.14280428,-0.19248146,-0.17341731,-0.099733576,-0.02584287,0.0029955138,-0.026646553,-0.08418079,-0.114933714,-0.0819354
-0.15649049,-0.098767325,-0.031887386,-0.018941429,-0.059303947,-0.13117042,-0.17292343,-0.14888512,-0.07237024,0.013300199,0.04436695,0.014917436,-0.043493874,-0.07278226,-0.043696284,0.030913377,0.10503475,0.12310586,0.07967163,0.0045215255,-0.043535657,-0.036297504,0.018131906,0.07007069
-0.12723938,-0.07168625,-0.01245028,-0.007701418,-0.05879477,-0.13755369,-0.1841137,-0.16526952,-0.096708745,-0.022377236,-0.0009783386,-0.038260162,-0.099687666,-0.12885766,-0.098772965,-0.022290137,0.05332284,0.07482313,0.0368654,-0.029510854,-0.067819454,-0.050358474,0.013385429,0.07288334
0.06373572,0.015986748,-0.05707457,-0.11036826,-0.11966303,-0.08477713,-0.04469935,-0.04186494,-0.08138133,-0.14756873,-0.18991642,-0.18128043,-0.12937267,-0.068845905,-0.043311298,-0.06349019,-0.10582762,-0.12892333,-0.10489088,-0.037072677,0.034308117,0.06514895,0.043903515,-0.0019351996
-0.10181954,-0.14108244,-0.11732896,-0.041339047,0.031525906,0.05589324,0.020553201,-0.035115253,-0.064578794,-0.03255825,0.04567105,0.11910953,0.14161968,0.10068398,0.030690603,-0.011276505,0.0051275417,0.06582815,0.11980037,0.12404113,0.065379255,-0.01892356,-0.075397626,-0.07182428
-0.10284223,-0.052409425,0.00347513,0.023249919,0.0047046053,-0.0360372,-0.054294873,-0.02817406,0.030115424,0.09487874,0.11888723,0.098657876,0.055528067,0.029923236,0.043292306,0.087773815,0.13016921,0.13398223,0.09376022,0.030331347,-0.016513014,-0.021011604,0.010127995,0.0407723
0.16811413,0.1994549,0.16985986,0.107803166,0.06480894,0.07291454,0.13052666,0.18669806,0.19664645,0.14170577,0.05660165,-0.007116346,-0.016591895,0.026201103,0.07555543,0.080378525,0.026910407,-0.05349283,-0.107364394,-0.102048166,-0.038538866,0.033337392,0.06082243,0.03359782
0.024019895,-0.007839209,-0.026150491,-0.0061849826,0.04567309,0.10008961,0.12561077,0.1130031,0.08036205,0.05645722,0.06578597,0.10507658,0.14519414,0.15482397,0.12540992,0.07418929,0.03038996,0.022794,0.04504294,0.072770104,0.073373,0.03874619,-0.015374031,-0.055764034
-0.03579785,-0.112856254,-0.16412874,-0.14907749,-0.08214468,-0.008844,0.01999741,-0.008386835,-0.064779215,-0.09964623,-0.071708165,0.006582983,0.086046666,0.11574749,0.08380009,0.02003835,-0.022277981,-0.00686355,0.053907704,0.11458728,0.12624522,0.07674166,-0.0062681152,-0.067257255
-0.03283572,-0.09001579,-0.12692626,-0.11639215,-0.07095458,-0.023120334,-0.006589139,-0.031020725,-0.07168255,-0.09546927,-0.07579616,-0.019326257,0.038297225,0.06028704,0.03871112,-0.0029456138,-0.029478755,-0.015408046,0.029696237,0.075702,0.08611678,0.05300964,-0.0045083184,-0.04666167
0.13702022,0.113037884,0.06683779,0.038835596,0.056211304,0.109058365,0.15635955,0.16106519,0.12192002,0.05512784,0.01021202,0.01065089,0.04786051,0.08232201,0.08264896,0.037912298,-0.03128979,-0.07454031,-0.06774402,-0.019527825,0.028385436,0.04216847,0.013081149,-0.03346769
0.010434477,-0.039940957,-0.119930595,-0.17310412,-0.16094784,-0.09288943,-0.014757793,0.015682412,-0.011009648,-0.07135657,-0.10883952,-0.08044646,-0.0012676022,0.083245754,0.11948053,0.08917998,0.020949895,-0.025005521,-0.012590658,0.05149116,0.116430625,0.13266556,0.08143838,-0.004665866
0.07807516,0.08207599,0.022322387,-0.070220456,-0.13576214,-0.14006095,-0.087642185,-0.033758055,-0.024390606,-0.080266856,-0.16196266,-0.2113412,-0.19635952,-0.12272128,-0.04454389,-0.014675346,-0.048315365,-0.10907449,-0.13842338,-0.105062544,-0.019402066,0.06534646,0.097684175,0.065647855
0.06705998,0.04963574,0.007075426,-0.013229464,0.014884937,0.086927116,0.16721408,0.20388666,0.18735103,0.13965201,0.104620494,0.11779525,0.16805254,0.22201598,0.23223798,0.1865473,0.107531704,0.047177386,0.032798726,0.06372499,0.09918802,0.09923092,0.04784429,-0.026383549
0.027436702,-0.032699347,-0.077478945,-0.07785419,-0.043173607,-0.00087599567,0.005718818,-0.031791367,-0.087181605,-0.12938084,-0.123599775,-0.08000521,-0.02937432,-0.011392624,-0.035868865,-0.08030689,-0.10753288,-0.09123672,-0.038645923,0.020885048,0.0468369,0.025695961,-0.019468442,-0.048967496
-0.05327209,0.0016287047,0.021942424,-0.00957731,-0.053544436,-0.07861326,-0.047407124,0.022606794,0.08894119,0.11864613,0.093405314,0.049188916,0.022985565,0.047247622,0.10581815,0.156341,0.16094375,0.11374854,0.048319902,0.0015665666,0.002483577,0.040670864,0.076507986,0.07110234
-0.059215024,-0.023365073,0.061808955,0.14086953,0.17019342,0.1305782,0.057248916,0.01995823,0.040475477,0.11032538,0.17460848,0.18095964,0.1244144,0.036843345,-0.01891186,-0.012582517,0.04159613,0.092578284,0.09360731,0.03108952,-0.054188635,-0.106623314,-0.091648325,-0.027999178
-0.15338746,-0.16592363,-0.13621315,-0.10267074,-0.10034897,-0.14304139,-0.20826761,-0.24944331,-0.23979765,-0.18509765,-0.12521558,-0.095975064,-0.10836994,-0.14327382,-0.16033608,-0.13094725,-0.061124995,0.008322124,0.04140412,0.026170291,-0.015438012,-0.045555644,-0.0351813,0.008062239
-0.1625082,-0.14345871,-0.07228325,-0.0013606567,0.026230384,-0.0038642865,-0.058750067,-0.08308902,-0.05128833,0.03161763,0.108894125,0.13695945,0.10676747,0.04910441,0.011031951,0.027569504,0.08718992,0.14211045,0.14711997,0.092919976,0.010328403,-0.05049425,-0.05297468,-0.010154585
-0.105340734,-0.05399227,0.0006900368,0.015932273,-0.006438867,-0.049550455,-0.06271567,-0.030776836,0.031086124,0.09279849,0.111583285,0.08870305,0.04777492,0.02774582,0.046985496,0.09499724,0.13270631,0.13167176,0.08979304,0.02800467,-0.015273647,-0.014384566,0.01829353,0.04657282
0.056784075,0.033945005,-0.00840188,-0.023948161,0.009079177,0.078368135,0.14405552,0.16862807,0.14735258,0.105414435,0.08091573,0.10121499,0.14979272,0.19437696,0.19907418,0.1531473,0.086176164,0.03929173,0.03356835,0.06282128,0.09315003,0.08825536,0.03748995,-0.030965142
-0.13501662,-0.08388851,-0.029104287,-0.021873778,-0.06949689,-0.15013564,-0.2019264,-0.18803181,-0.12478766,-0.05045086,-0.025267508,-0.055068955,-0.11326868,-0.14571184,-0.11874057,-0.042637035,0.03539223,0.06511301,0.036255125,-0.026491864,-0.06902119,-0.053249054,0.010066195,0.069645286
-0.08346812,-0.055681497,-0.050356977,-0.08380472,-0.13121542,-0.16662964,-0.157019,-0.113682546,-0.06513525,-0.03908512,-0.051158503,-0.07838447,-0.09402457,-0.071246795,-0.018536732,0.035468448,0.060172047,0.045776233,0.01309409,-0.012686866,-0.0071189064,0.028113365,0.06419696,0.07081778
0.06652105,-0.0029214367,-0.046610545,-0.011650848,0.08381969,0.18684764,0.23133911,0.19769622,0.124102294,0.07012598,0.08664131,0.16211256,0.23984717,0.25529698,0.19490482,0.09422829,0.0153653165,0.00931249,0.06102799,0.121266626,0.12717625,0.064065315,-0.037233107,-0.10956252
-0.060701035,-0.010170415,-0.0049731843,-0.06311486,-0.14264621,-0.19594267,-0.17762728,-0.10853254,-0.038572375,-0.013545658,-0.04989232,-0.1091029,-0.14259215,-0.110138856,-0.029005894,0.048372954,0.07761265,0.04400602,-0.015791092,-0.057517055,-0.037698854,0.029864604,0.09345543,0.10627023
-0.04523547,0.018990286,0.041412618,0.004975143,-0.047275178,-0.073474355,-0.03485676,0.045832705,0.12115186,0.15328605,0.121966586,0.06762407,0.034590892,0.061656654,0.12728164,0.18253817,0.1877892,0.13239235,0.05365653,-0.0026921576,-0.00035746448,0.044502836,0.08606142,0.08146694
0.07614876,0.04170055,-0.021896427,-0.053335313,-0.019074416,0.069390126,0.16248238,0.20075521,0.17215657,0.10798476,0.06882624,0.092010945,0.16075638,0.22895718,0.24317385,0.1864947,0.09509614,0.030484442,0.026180496,0.07253089,0.122081965,0.12392414,0.059613824,-0.03200706
0.058380634,0.05669929,0.011904673,-0.05521723,-0.105960675,-0.113816015,-0.07938496,-0.045257453,-0.04309342,-0.08594953,-0.1434584,-0.17851555,-0.16800272,-0.117167495,-0.0633565,-0.040702753,-0.06053698,-0.098321766,-0.112947784,-0.08449827,-0.022094259,0.03993906,0.06546323,0.047780097
-0.11237886,-0.14214776,-0.13275032,-0.09014716,-0.04729146,-0.03327311,-0.0529272,-0.081688166,-0.09249832,-0.06378051,-0.0080616325,0.045931984,0.06773112,0.05191807,0.018882966,0.0014632693,0.01967769,0.061967265,0.09695607,0.098163016,0.061468437,0.008942722,-0.028924288,-0.032899816
0.007536807,-0.04554535,-0.03207102,0.038778014,0.10415974,0.11553848,0.043883868,-0.055967893,-0.12316342,-0.123311885,-0.058685612,0.0020634818,0.013764297,-0.051270757,-0.14244045,-0.19541623,-0.17338881,-0.08958034,-0.0054538855,0.025010731,-0.016731543,-0.089649186,-0.12710187,-0.093298316
0.14186871,0.11089752,0.05186216,0.0143066505,0.0255271,0.07950019,0.13562065,0.14585868,0.10435832,0.02849718,-0.024582695,-0.024744963,0.018769354,0.06616588,0.07485476,0.030682249,-0.041805707,-0.089788936,-0.08362472,-0.028909992,0.033269677,0.05765692,0.026759999,-0.027427362
0.05718501,0.119981095,0.12866469,0.069086954,-0.015680613,-0.07624061,-0.07033828,-0.015932675,0.03793609,0.038438078,-0.025261404,-0.110133916,-0.16282967,-0.1460766,-0.07642531,-0.008856339,0.006252726,-0.037832525,-0.10234427,-0.13748959,-0.10338158,-0.018336106,0.06253149,0.09017818
-0.086778715,-0.12585689,-0.113595665,-0.05686343,0.0043003573,0.028342038,0.0011800363,-0.04678121,-0.073912404,-0.05062023,0.011670268,0.075672485,0.100372955,0.07395975,0.020993335,-0.014070344,-0.0021438645,0.044888433,0.09038007,0.10034928,0.061097633,-0.0048787976,-0.054790255,-0.058760226
-0.0115123,-0.042792194,-0.0020477877,0.09984487,0.20194626,0.24804185,0.21245389,0.14155887,0.095652126,0.11645892,0.19401442,0.26556134,0.2794202,0.21201019,0.10747229,0.03178525,0.023735251,0.07582133,0.12765837,0.12710145,0.05376364,-0.05084871,-0.12058035,-0.11473867
-0.13652323,-0.13442206,-0.08711587,-0.039592687,-0.03613796,-0.0866418,-0.16287513,-0.20794529,-0.19558454,-0.13112329,-0.06551959,-0.0436511,-0.07385078,-0.12929654,-0.15918359,-0.1300525,-0.05274653,0.021788709,0.049798522,0.020415697,-0.03850843,-0.07572845,-0.05690557,0.0023661745
0.17866087,0.21800299,0.17821938,0.09850903,0.04862097,0.07142639,0.15902713,0.23981728,0.2589927,0.19484423,0.090041876,0.017272625,0.01721151,0.083142765,0.15061559,0.15623721,0.0807824,-0.026608448,-0.09799331,-0.08951884,-0.013719365,0.0682347,0.09270991,0.045070227
-0.09160833,-0.13568375,-0.111721344,-0.033037193,0.04353908,0.06801441,0.021508044,-0.047056198,-0.0835442,-0.052776318,0.029179107,0.10466605,0.12616737,0.077832535,0.0014360553,-0.04400392,-0.022698337,0.046239488,0.10724774,0.11402425,0.05536448,-0.032114517,-0.08825786,-0.07939517
-0.0923752,-0.110767834,-0.09048861,-0.047951262,-0.009452627,-0.004067531,-0.03099869,-0.06149717,-0.06824826,-0.038657315,0.011121924,0.053488433,0.06437597,0.04020621,0.007015551,-0.0054048905,0.012061362,0.050019335,0.07948653,0.07670549,0.037855737,-0.010069473,-0.036734205,-0.03114886
-0.16611564,-0.09348259,-0.012195459,0.008080883,-0.034079924,-0.11177807,-0.1549296,-0.12381916,-0.034365978,0.06372554,0.097181395,0.060993,-0.008206937,-0.044631865,-0.0155518865,0.06505605,0.1430287,0.15889451,0.103540085,0.012436236,-0.047819532,-0.043014098,0.017141428,0.075101845
0.07212344,0.0014918598,-0.098902985,-0.16546482,-0.1665984,-0.109176315,-0.048734758,-0.044178527,-0.099941716,-0.18957624,-0.23944871,-0.21640767,-0.13634114,-0.054227117,-0.024784008,-0.0597288,-0.12364071,-0.15269548,-0.113432236,-0.020214401,0.06850224,0.09947613,0.059299693,-0.010339525
-0.11657625,-0.066845335,-0.009528392,0.011692409,-0.009959842,-0.061556872,-0.09102049,-0.06786183,-0.007965412,0.06045345,0.0894534,0.07026522,0.023430143,-0.0078040035,0.0060973507,0.056609,0.108732514,0.12345662,0.089663096,0.022617422,-0.028143262,-0.030612538,0.006733136,0.045595445
0.08469449,0.038989943,0.0058777225,0.01544433,0.049423065,0.08245098,0.0775964,0.034701794,-0.023174325,-0.067398906,-0.06802819,-0.038791675,-0.009157379,-0.011025865,-0.04705546,-0.095546305,-0.12131337,-0.10572318,-0.061182555,-0.014399938,0.0061855405,-0.009472919,-0.042720918,-0.057160657
-0.047694013,-0.13099758,-0.18223971,-0.15510465,-0.06758794,0.025061836,0.059910182,0.027443543,-0.034299653,-0.06626511,-0.027618589,0.06669783,0.1580293,0.18593886,0.142713,0.06430172,0.013088947,0.02977923,0.09521696,0.15694775,0.1578924,0.08955087,-0.012086338,-0.08576472
0.040731207,-0.03841838,-0.07901521,-0.036540423,0.06298481,0.15798166,0.18322964,0.13286202,0.05328103,0.006246516,0.038115595,0.12404601,0.20126246,0.20691706,0.13803749,0.038980667,-0.024905622,-0.01106275,0.0569003,0.12095772,0.12034362,0.048427336,-0.05268726,-0.11372115
0.06558501,0.034200724,-0.020681573,-0.0511389,-0.027937999,0.03931967,0.10538899,0.1250109,0.096430354,0.043116592,0.009588487,0.027739057,0.0828238,0.13655114,0.14843215,0.106672995,0.038234852,-0.00797371,-0.0052944715,0.040805727,0.085007936,0.089425646,0.043712575,-0.024295343
0.03888137,-0.006733346,-0.08088269,-0.12876806,-0.1155915,-0.049350202,0.023359073,0.049502824,0.018126631,-0.04346946,-0.080008395,-0.056740366,0.012842886,0.085275844,0.11229826,0.07734091,0.011235242,-0.033146456,-0.021005576,0.03905539,0.09901939,0.11305724,0.06583131,-0.011671906
0.022847136,-0.025556356,-0.0118751675,0.06172068,0.13880633,0.1660648,0.11110997,0.022869073,-0.04296014,-0.044205222,0.017785868,0.08062292,0.094254784,0.033489037,-0.058815718,-0.1230224,-0.11598661,-0.05049195,0.021241566,0.046843328,0.0051037315,-0.0712481,-0.11983226,-0.10134952
0.13974954,0.10037234,0.0747493,0.09537317,0.1387653,0.17800702,0.17360003,0.12435242,0.057678483,0.0044719554,-0.0016645986,0.022544036,0.04496551,0.030455982,-0.022212682,-0.085582525,-0.12510298,-0.114488654,-0.07106581,-0.02445289,-0.009363248,-0.030501692,-0.06566534,-0.0752743
-0.031449914,-0.035781745,-0.08884873,-0.16248617,-0.20667952,-0.19460313,-0.13162293,-0.06997943,-0.04560707,-0.070499495,-0.118014894,-0.1359519,-0.10379793,-0.02578935,0.049553633,0.078310065,0.054387253,0.005294183,-0.022786338,-0.0045651593,0.053312205,0.10706298,0.11319095,0.064928
0.011695948,0.031660393,0.013232761,-0.026135096,-0.050342515,-0.033378154,0.0275586,0.08756389,0.11520348,0.10184325,0.063170925,0.038698554,0.049211796,0.09486635,0.13987641,0.1518414,0.118835166,0.063758634,0.021546267,0.0155285755,0.04075884,0.07197939,0.07428712,0.03799737
0.21474342,0.17662196,0.09882563,0.0448366,0.051752813,0.11652488,0.18257241,0.19022088,0.1299878,0.024692219,-0.050200216,-0.059365835,-0.01007627,0.04625576,0.055572126,-0.0011132009,-0.0925422,-0.15319948,-0.14262372,-0.06695639,0.018592602,0.0557322,0.02517211,-0.035574257
-0.21045019,-0.19737041,-0.11989308,-0.043855023,-0.017086389,-0.061605353,-0.13891214,-0.17760421,-0.14437301,-0.04728618,0.04686168,0.08392861,0.052112952,-0.014997807,-0.055167846,-0.027390312,0.05337026,0.13011417,0.1492382,0.09499033,0.0025868663,-0.0649394,-0.061821762,-0.005713893
0.033198856,-0.008024868,-0.0013395182,0.053094603,0.10825942,0.12526073,0.07915842,0.005089791,-0.051241968,-0.06032647,-0.017796159,0.02798075,0.039221182,-0.007518458,-0.08013089,-0.12990427,-0.12551321,-0.07073362,-0.00925293,0.017487096,-0.009201659,-0.06357211,-0.09779808,-0.078872524
0.043808557,0.104538664,0.11267404,0.04800341,-0.046688743,-0.118325114,-0.12096343,-0.07028245,-0.016195726,-0.012544216,-0.07456221,-0.16205364,-0.21825707,-0.20120797,-0.12715256,-0.05005925,-0.022526374,-0.060447097,-0.12188468,-0.15393525,-0.11556769,-0.025441365,0.063343965,0.098543644
-0.048685405,-0.015865086,-0.019036615,-0.0660365,-0.122393034,-0.15257484,-0.12987408,-0.07624939,-0.027373595,-0.0136320805,-0.044605773,-0.08470656,-0.09926069,-0.06446528,-0.0013336998,0.052397925,0.065489285,0.033950776,-0.010622821,-0.03246233,-0.010806965,0.03815708,0.077503145,0.07521386
-0.029920302,-0.012238428,0.053277817,0.123709746,0.14612141,0.10651223,0.02558423,-0.03199199,-0.03452898,0.018216046,0.077949725,0.08826791,0.038449064,-0.048129953,-0.11065033,-0.109253146,-0.050707787,0.016130468,0.038649227,0.00012464728,-0.07311849,-0.121911995,-0.10422632,-0.033025794
0.015900753,-0.027324593,-0.0059229,0.074676454,0.14653187,0.16665888,0.10690555,0.015591396,-0.046813514,-0.039898906,0.025869198,0.085459955,0.09187265,0.024350716,-0.0725933,-0.13196248,-0.11521237,-0.04232355,0.026748655,0.04607865,-0.00413438,-0.08369671,-0.12742214,-0.09904135
0.058724556,0.123478375,0.14166966,0.106235325,0.049445372,0.016699933,0.04033221,0.099765584,0.1501669,0.15781868,0.109935015,0.04045119,-0.0066276635,0.0013156271,0.048832383,0.09171936,0.092653796,0.042536393,-0.026655981,-0.07193054,-0.061016906,-0.005541808,0.04948935,0.063201934
0.061673023,-0.007973294,-0.056886677,-0.047880955,0.0011240517,0.05068537,0.05139018,0.00048863725,-0.07257348,-0.1251224,-0.11586643,-0.063989,-0.01084898,-0.003273662,-0.04401819,-0.10502176,-0.13764153,-0.115513176,-0.050627843,0.015561728,0.040599648,0.013032663,-0.040512167,-0.070856124
-0.00989498,-0.07369441,-0.12327016,-0.13029674,-0.107114784,-0.077610366,-0.077304356,-0.11288195,-0.16312367,-0.1993845,-0.18945332,-0.14393571,-0.092634976,-0.06997224,-0.08478417,-0.11551128,-0.12846108,-0.10118071,-0.0428622,0.017042048,0.04412886,0.028896397,-0.008741699,-0.032774992
0.108900614,0.030651323,-0.028617388,-0.018040977,0.03956486,0.10406966,0.10977537,0.047868125,-0.043416265,-0.11391291,-0.112327375,-0.056938786,0.003897095,0.01200899,-0.04129778,-0.12027454,-0.16890915,-0.14745437,-0.07321646,0.008836404,0.04000948,0.0076956456,-0.054745823,-0.0893079
0.03872568,0.08396297,0.08530694,0.026847003,-0.053592715,-0.111423515,-0.114502765,-0.07650818,-0.036440056,-0.038295843,-0.09115155,-0.16263664,-0.20490892,-0.18816228,-0.12609106,-0.06262265,-0.040313613,-0.06896494,-0.113719404,-0.13241968,-0.09655368,-0.021546286,0.052179977,0.081505746
-0.13512218,-0.07987632,-0.021392647,-0.020406693,-0.081196584,-0.17266662,-0.23005652,-0.21573116,-0.14759383,-0.070931286,-0.04927612,-0.08989454,-0.1559937,-0.18748689,-0.15404572,-0.06802935,0.019656498,0.04913243,0.014993305,-0.04960014,-0.08549964,-0.061753318,0.011871148,0.08006182
0.03173163,-0.013936083,-0.007680254,0.046328723,0.089213036,0.08867868,0.024397403,-0.06260451,-0.12323319,-0.12975109,-0.08180766,-0.038947403,-0.036876548,-0.09414889,-0.16981359,-0.21046337,-0.18454456,-0.10950737,-0.037498754,-0.011209631,-0.039551713,-0.08911682,-0.11016582,-0.07127779
0.10456389,0.0608644,-0.012391427,-0.048989974,-0.014790805,0.07643873,0.16699976,0.1947822,0.1513765,0.074271165,0.030373836,0.054747663,0.12776393,0.19547991,0.20507507,0.14236757,0.04764658,-0.014353201,-0.007804134,0.053339753,0.11124719,0.11552115,0.05112881,-0.03977793
0.059339605,0.13423713,0.15701137,0.113164,0.04126164,-0.00593234,0.013957091,0.08000513,0.14113593,0.15136884,0.09419629,0.010223541,-0.04648052,-0.03582692,0.02394838,0.081052005,0.08772885,0.032188863,-0.04754948,-0.09870461,-0.0809349,-0.010926556,0.058553845,0.07892872
0.13468717,0.16099827,0.14005363,0.09628836,0.069285415,0.08527205,0.13903043,0.18657334,0.1941925,0.15104564,0.085207954,0.037674163,0.033747736,0.06807643,0.10225701,0.09914487,0.049105555,-0.019228278,-0.06454907,-0.061078418,-0.015892979,0.032845754,0.04666376,0.019081548
0.030716337,-0.0021765267,0.009047311,0.0628496,0.113034815,0.12701945,0.08314027,0.014976072,-0.035110403,-0.03716517,0.005172391,0.045762025,0.04961679,0.0011778368,-0.06870251,-0.11334407,-0.104303956,-0.053458057,-0.0010955854,0.018134264,-0.012326194,-0.06491467,-0.09386062,-0.07220026
0.00017425524,0.01299177,0.05825265,0.10018515,0.09510617,0.04187834,-0.038664438,-0.093614675,-0.10083304,-0.06765496,-0.03164071,-0.03814358,-0.087638095,-0.15801783,-0.2003387,-0.18543704,-0.12441481,-0.061802097,-0.037923735,-0.06062077,-0.10394858,-0.122536436,-0.08687712,-0.012492065
0.020963008,0.09102493,0.15784428,0.1826935,0.15927058,0.1131441,0.08779767,0.10713634,0.15486817,0.19975348,0.20131664,0.1517546,0.0821516,0.03332154,0.030174727,0.061845157,0.0919839,0.08556916,0.034603585,-0.036279913,-0.0804232,-0.0730822,-0.024840128,0.025431473
-0.12951696,-0.11237872,-0.092423946,-0.100429006,-0.13761067,-0.19018617,-0.22079532,-0.21131356,-0.17104754,-0.12571263,-0.109048985,-0.11935009,-0.14075173,-0.1420832,-0.11101031,-0.054300647,0.00015215208,0.023824045,0.014138395,-0.012081233,-0.02472902,-0.009234851,0.026857616,0.05581696
0.050700746,0.10864598,0.114133015,0.05570257,-0.029031822,-0.08962171,-0.08447046,-0.031845685,0.016699132,0.017666508,-0.04105207,-0.12137903,-0.17303373,-0.15630046,-0.08994015,-0.024033839,-0.004188112,-0.044113412,-0.10371004,-0.13465247,-0.10049019,-0.01861863,0.05984817,0.087922044
0.036880817,-0.017703898,-0.04414302,-0.009383682,0.07252066,0.15460677,0.18820165,0.16240904,0.10738657,0.0709138,0.09239883,0.1559646,0.21615689,0.22554266,0.1739567,0.09215067,0.03078405,0.025929164,0.0664451,0.10994261,0.10946201,0.051845033,-0.033297755,-0.09014815
-0.070182346,-0.12501422,-0.12435691,-0.073258676,-0.02520995,-0.019094413,-0.07366754,-0.14706191,-0.19365379,-0.18238306,-0.11758191,-0.053672817,-0.030847175,-0.068831034,-0.12916794,-0.15971743,-0.12814288,-0.049578417,0.02558134,0.051786758,0.01764427,-0.042754814,-0.07823379,-0.058698505
-0.048405793,0.010114564,0.034929246,0.0049320715,-0.04748287,-0.08480099,-0.06134309,0.004304529,0.07115802,0.10440633,0.078673266,0.028539194,-0.0069233435,0.010634982,0.06777526,0.12545182,0.14035948,0.098393135,0.031767428,-0.017793171,-0.018645814,0.024560679,0.0700961,0.07589411
-0.022518821,0.04106893,0.067898475,0.04147305,-0.0039196652,-0.029156378,0.0028124545,0.07258771,0.13872945,0.16685572,0.13818519,0.0858097,0.05044479,0.06520741,0.116222374,0.16304013,0.1652976,0.117393725,0.047349226,-0.006059717,-0.012245728,0.024524499,0.06498375,0.06784629
0.018524148,0.031154491,0.006933484,-0.030563833,-0.04217583,-0.012189973,0.055126462,0.11505867,0.13595623,0.1161521,0.078188196,0.062130816,0.08189832,0.13222879,0.17397211,0.17411222,0.13000605,0.069000535,0.029511299,0.029136427,0.059001096,0.08557326,0.07505223,0.02587209
-0.1070345,-0.07874751,-0.049126677,-0.049751297,-0.088548355,-0.14065342,-0.16774401,-0.15386601,-0.11055568,-0.061292294,-0.04301415,-0.06104224,-0.095300846,-0.107263274,-0.08479048,-0.031861734,0.02393261,0.046337213,0.02850405,-0.009836984,-0.033853248,-0.023392502,0.016345551,0.05505471
0.07754088,0.020171491,-0.0146225,0.0067369086,0.06543261,0.12623598,0.13462918,0.087344944,0.018439217,-0.02821973,-0.017097233,0.031640753,0.07860075,0.0791375,0.027642148,-0.0430447,-0.08520305,-0.0726597,-0.01984324,0.036985274,0.049833808,0.009009278,-0.050742336,-0.08188864
0.19481185,0.23552266,0.20824248,0.148356,0.11039151,0.12787722,0.1941931,0.2553001,0.2655926,0.20854795,0.116639495,0.04886165,0.036464345,0.0779041,0.12395199,0.12179265,0.056126494,-0.03563547,-0.09880525,-0.096473,-0.036216754,0.03368915,0.059541296,0.027630985
-0.12554346,-0.18376945,-0.16640778,-0.0831619,0.007118413,0.045029476,0.0041933977,-0.067857414,-0.110202044,-0.07615007,0.019354066,0.11452409,0.1512526,0.107509784,0.026381284,-0.026868995,-0.0069327373,0.067588456,0.13937281,0.15335868,0.089545615,-0.01226326,-0.0850584,-0.08777366
-0.13317516,-0.08579879,-0.032210708,-0.025796399,-0.07195828,-0.14791204,-0.19771872,-0.18636812,-0.12579763,-0.054329988,-0.029954268,-0.058856152,-0.11345742,-0.14150167,-0.11551206,-0.042872895,0.03189287,0.05938449,0.031234719,-0.025712647,-0.06293382,-0.049617037,0.009199641,0.066139415
-0.092942804,-0.044040043,0.012120663,0.03393831,0.016448943,-0.027826253,-0.057591278,-0.0404437,0.011889194,0.07579283,0.10345771,0.08386937,0.036568586,0.0019392307,0.009428473,0.052307952,0.10046551,0.11352922,0.08113728,0.01864496,-0.031106433,-0.037546545,-0.0023174784,0.036586393
0.0025337723,0.03016955,0.055797767,0.05416916,0.013970421,-0.044351414,-0.0896212,-0.09979259,-0.08234312,-0.060219128,-0.06132095,-0.094895326,-0.1420269,-0.17182766,-0.16540475,-0.1256161,-0.0778696,-0.054447792,-0.06295857,-0.08733315,-0.09682668,-0.072779424,-0.020039055,0.03406005
0.014392068,-0.058404297,-0.107431285,-0.10027853,-0.056802053,-0.012599897,-0.014982276,-0.064982645,-0.1301371,-0.17243329,-0.15607142,-0.099464215,-0.04210077,-0.028157404,-0.06156698,-0.11203504,-0.13375959,-0.10324097,-0.03630289,0.029050665,0.052311443,0.022752471,-0.030244745,-0.059605338
-0.15227894,-0.12043872,-0.07844529,-0.07366651,-0.1134938,-0.18137982,-0.22647353,-0.21877915,-0.16612113,-0.099996746,-0.07095082,-0.08604874,-0.12518696,-0.14466056,-0.11923056,-0.051862694,0.01941554,0.052000735,0.0363802,-0.008244941,-0.041452315,-0.032982294,0.014238733,0.061510283
0.041216128,0.057359107,0.034717478,-0.0039637913,-0.022272216,0.0037925737,0.06867319,0.12528013,0.14441454,0.12128507,0.07761477,0.053239707,0.06651095,0.11390181,0.15363304,0.15460765,0.112011164,0.051250856,0.009349098,0.009454506,0.042046417,0.072565794,0.06843393,0.026922582
-0.05078762,-0.11394867,-0.15355387,-0.1399379,-0.08528653,-0.02946818,-0.012103106,-0.037174582,-0.08001908,-0.101891145,-0.07403848,-0.007383256,0.058055166,0.08084414,0.056831498,0.0099692205,-0.017689515,4.4592667e-05,0.0511697,0.09823217,0.10451001,0.06266011,-0.003827922,-0.05272717
0.11524764,0.14069182,0.10947751,0.049201578,0.0067239297,0.014952512,0.07324098,0.12973514,0.14393467,0.099986255,0.025916759,-0.026135713,-0.027177379,0.021651331,0.07389176,0.08483632,0.039311606,-0.032290753,-0.08080559,-0.073208384,-0.016074665,0.047545947,0.06974015,0.03936131
-0.04028563,0.033269066,0.05112753,-0.003378731,-0.082726784,-0.12943736,-0.09387878,-0.0036936274,0.08023598,0.11144451,0.06669765,-0.005999573,-0.050248552,-0.01849482,0.06511602,0.14112556,0.15879165,0.10217973,0.015842771,-0.0437688,-0.03147106,0.036548533,0.1013631,0.107637964
0.028756011,0.048859704,0.014608536,-0.040684372,-0.062704645,-0.02735054,0.060607597,0.14071606,0.17048728,0.14381698,0.08791632,0.061868183,0.08541588,0.15353146,0.2139861,0.21985896,0.16294669,0.08145258,0.026840104,0.026636112,0.06873026,0.11066241,0.10387723,0.041355662
-0.051175483,-0.12888034,-0.17597868,-0.1560286,-0.08171747,-0.0024516145,0.027875459,-0.0010168833,-0.05467074,-0.08421589,-0.050959364,0.032374926,0.115572535,0.14587271,0.11222784,0.045939066,0.001882516,0.015920984,0.074863106,0.13335803,0.14118625,0.084200606,-0.00580674,-0.07179058
-0.054359343,-0.016801422,0.07472852,0.15953918,0.18861948,0.14668997,0.06804035,0.023797734,0.042801835,0.11620614,0.18473461,0.18989243,0.12814327,0.031958595,-0.03131548,-0.025448108,0.033945158,0.09114415,0.09395865,0.029424245,-0.06305483,-0.12094523,-0.10355609,-0.030874258
0.11430409,0.04227596,-0.0009620039,0.026524173,0.09697814,0.16418596,0.16647084,0.09952861,0.0091204,-0.054586276,-0.045461133,0.012348009,0.06779543,0.062610365,-0.0047332523,-0.09114174,-0.14371887,-0.1226208,-0.050665036,0.023965271,0.040619493,-0.004703149,-0.07236769,-0.10324858
-0.02669767,-0.068576284,-0.12329946,-0.1534415,-0.14015983,-0.09205345,-0.040708512,-0.0246229,-0.04390065,-0.077222444,-0.091329336,-0.060306046,-0.00062567974,0.0582684,0.07935656,0.05851303,0.018609995,-0.0042267847,0.010361563,0.056520555,0.09574726,0.09737567,0.05497169,-0.005373146
-0.12020318,-0.07518533,-0.014762154,0.01498946,0.009227586,-0.024177993,-0.04315637,-0.02229552,0.034358922,0.10257808,0.13646848,0.12703606,0.090329126,0.062436383,0.06754865,0.10465384,0.14330886,0.15135565,0.11740311,0.05535463,0.0010048802,-0.016969508,0.0029665688,0.030498058
-0.13721728,-0.11186517,-0.08033623,-0.08011687,-0.11740441,-0.17565888,-0.21301587,-0.20547354,-0.15971158,-0.10292704,-0.07899554,-0.09124227,-0.122698836,-0.1352804,-0.10958278,-0.04928469,0.013909729,0.042955138,0.029742021,-0.007136548,-0.032857753,-0.02311939,0.018070003,0.057204053
-0.057569243,-0.10627802,-0.1004015,-0.045626715,0.007740552,0.017520458,-0.03324751,-0.10249108,-0.147065,-0.1353125,-0.07257729,-0.010932213,0.008572266,-0.03145938,-0.09387683,-0.12861544,-0.10398692,-0.034364596,0.033590995,0.0553049,0.019420918,-0.04205608,-0.079627156,-0.063459255
-0.06368445,-0.121238306,-0.13031332,-0.086877145,-0.038851224,-0.023550082,-0.06564328,-0.13170218,-0.17961203,-0.17432143,-0.116122864,-0.051401656,-0.022394914,-0.048626818,-0.10287825,-0.13701858,-0.113825746,-0.045455158,0.025168922,0.056313448,0.031790253,-0.024449825,-0.06512978,-0.05693672
0.045692705,0.065133095,0.031425234,-0.023153074,-0.047283966,-0.015827786,0.06305373,0.13351716,0.15795158,0.12905543,0.07203487,0.04296892,0.06187062,0.123781495,0.17973271,0.18520637,0.13270146,0.056892253,0.0058710584,0.008081298,0.051488906,0.094697244,0.09289038,0.038320553
0.048909724,-0.02125525,-0.059887055,-0.024409786,0.06095298,0.14612615,0.16855933,0.123422906,0.049645003,0.0055461694,0.03117308,0.10406705,0.1700111,0.17638813,0.115074605,0.025560476,-0.029406343,-0.019127427,0.03857244,0.09699148,0.10217827,0.040706858,-0.04808589,-0.102024704
0.1341753,0.08181743,0.045488942,0.065577,0.12115122,0.18079506,0.18984061,0.14108405,0.065473035,0.0047353823,0.002979186,0.040548377,0.080609106,0.07456471,0.017890297,-0.059026327,-0.11023415,-0.10146911,-0.049509197,0.007794787,0.02403759,-0.00871975,-0.06174242,-0.086919315
-0.015522383,-0.07759461,-0.121619195,-0.1102741,-0.05639307,0.006023965,0.03108142,0.00568065,-0.04349964,-0.073373444,-0.05268347,0.0100174565,0.07334748,0.09566012,0.0674194,0.013613144,-0.02117614,-0.0089135775,0.039796624,0.090266384,0.09907269,0.05893409,-0.0074084876,-0.056084245
0.038872585,-0.030933216,-0.07067018,-0.036023505,0.05517751,0.14835681,0.18062608,0.14221701,0.072377145,0.027246628,0.05126889,0.12820187,0.20254512,0.21471547,0.15674707,0.06514568,-0.0008685626,0.0029439186,0.05928525,0.11817619,0.120764926,0.056507148,-0.038641762,-0.102537096
-0.09752648,-0.06729178,-0.060816016,-0.09879519,-0.15478092,-0.19832163,-0.19345309,-0.15000865,-0.096416794,-0.06464162,-0.077448726,-0.10880565,-0.12810321,-0.10333953,-0.043729227,0.020251364,0.054250177,0.04120719,0.0047339946,-0.022758536,-0.014176769,0.026697794,0.06991357,0.08024628
0.08025345,0.1363141,0.15948196,0.13818362,0.09819325,0.07164198,0.088895746,0.132845,0.17057352,0.172246,0.12946558,0.06811009,0.023891397,0.023110345,0.053602442,0.081214845,0.07472444,0.027068932,-0.033436403,-0.072042696,-0.061814938,-0.016379531,0.026986321,0.04007624
0.004689998,-0.066700615,-0.1150006,-0.10789642,-0.064308695,-0.017743139,-0.012309984,-0.05535118,-0.116133325,-0.15708813,-0.14055303,-0.082975976,-0.023393061,-0.00542501,-0.036693875,-0.086815685,-0.11242152,-0.085622564,-0.021407526,0.042248372,0.063204736,0.032163426,-0.023547431,-0.05615242
0.014346205,0.023142949,-0.02520788,-0.10071734,-0.14475246,-0.12730832,-0.054413784,0.015891472,0.04187997,0.008882192,-0.054375663,-0.0860652,-0.05976537,0.019288542,0.09549508,0.11895894,0.07856959,0.008769032,-0.034796122,-0.018955644,0.044819523,0.10513774,0.11328995,0.059374142
-0.07034754,-0.0014681306,0.027550222,-0.0040427446,-0.05629904,-0.08621733,-0.048533287,0.03663279,0.12054895,0.16289741,0.13805322,0.08524218,0.04987284,0.07422618,0.14105937,0.20155826,0.21249947,0.16044939,0.07856106,0.01272764,0.0054797176,0.04666593,0.08907864,0.08646465
-0.04955502,-0.09584352,-0.07109342,0.016726086,0.1034448,0.13304372,0.08187905,0.0011375794,-0.049000803,-0.028144183,0.051457178,0.1285633,0.14795843,0.090048745,-0.0020920052,-0.061775282,-0.049875747,0.020784177,0.08871827,0.102173254,0.04240082,-0.050279498,-0.1102762,-0.09789088
0.16357897,0.15333672,0.12717977,0.118104726,0.13549858,0.17247944,0.20145781,0.19775674,0.15982611,0.10239036,0.063067295,0.05395871,0.06727679,0.076832786,0.06119271,0.016396452,-0.04003594,-0.07468323,-0.07348898,-0.04281403,-0.00910717,0.0023535728,-0.015851047,-0.040880296
-0.10979652,-0.08133969,-0.05127666,-0.052715562,-0.08777428,-0.14088346,-0.17316434,-0.16272578,-0.12028188,-0.071236126,-0.054075625,-0.070234254,-0.10215193,-0.11520931,-0.09122043,-0.036893737,0.016319977,0.037881278,0.022623736,-0.012587882,-0.03618343,-0.024715448,0.016017538,0.052169587
-0.09263394,-0.124813385,-0.10857626,-0.055138152,-0.0034585462,0.010590204,-0.021686886,-0.06593921,-0.085961744,-0.05775004,0.004438006,0.061061233,0.07830224,0.04765196,-0.00018500602,-0.025594795,-0.0047010137,0.04611937,0.08881597,0.090730675,0.047520764,-0.013415849,-0.052574888,-0.047989655
0.0774609,0.08299772,0.03699539,-0.034897752,-0.08726494,-0.0871164,-0.040858615,0.002096715,0.00936688,-0.035443377,-0.10275643,-0.14518236,-0.13672003,-0.07873478,-0.019449173,0.0009704363,-0.027589848,-0.079797015,-0.109037355,-0.0848403,-0.016298033,0.050654948,0.07545938,0.050899815
-0.13383542,-0.09012977,-0.048032526,-0.05613588,-0.112187795,-0.18690838,-0.22640443,-0.2065804,-0.14452074,-0.080432236,-0.063673876,-0.09570741,-0.14409016,-0.16065517,-0.12301014,-0.04558627,0.026606826,0.05016828,0.022311432,-0.02964237,-0.05796869,-0.03530306,0.026204852,0.07853784
-0.079333566,-0.13517779,-0.13721836,-0.089807145,-0.04578723,-0.042118233,-0.09750436,-0.17145188,-0.21675543,-0.20374362,-0.13993119,-0.07592029,-0.052313223,-0.086868465,-0.14302143,-0.16895501,-0.13392617,-0.054160826,0.020755429,0.04885914,0.01735398,-0.040017802,-0.0730679,-0.053348154
-0.04776553,-0.044168793,0.008307506,0.068490446,0.08364681,0.03886154,-0.045551237,-0.10688231,-0.11383303,-0.06680771,-0.0083594145,0.005999976,-0.034982566,-0.109881274,-0.16333872,-0.15635695,-0.091025665,-0.018217167,0.013140875,-0.013975885,-0.07155376,-0.11147807,-0.094093785,-0.02606411
-0.032202728,0.04434831,0.06916603,0.023368308,-0.0443617,-0.08452623,-0.051229805,0.035555772,0.11900037,0.15186104,0.1101983,0.04004103,-0.0044459947,0.020406252,0.09665989,0.16516703,0.17667495,0.11833625,0.030919062,-0.032936513,-0.027448095,0.032566108,0.091986105,0.09598663
0.08246106,0.013792376,-0.08426867,-0.14687148,-0.14576921,-0.09104224,-0.03795855,-0.03842537,-0.09635182,-0.18368389,-0.23181051,-0.20933357,-0.135217,-0.060521297,-0.03510621,-0.071128696,-0.13047063,-0.15666391,-0.118086115,-0.0289877,0.057551965,0.08903425,0.051592633,-0.014071513
0.021291135,-0.059992198,-0.12203781,-0.12284155,-0.0796413,-0.026583042,-0.017002042,-0.063698605,-0.13496347,-0.18804997,-0.17713192,-0.116535574,-0.0487098,-0.023833971,-0.054230034,-0.109789185,-0.14093217,-0.11422714,-0.042422898,0.03395571,0.06536075,0.03795615,-0.021081898,-0.059094932
-0.048138272,-0.0045537837,0.0077638896,-0.018756961,-0.054384027,-0.07053922,-0.038650688,0.021834131,0.07626308,0.09948053,0.078145176,0.04469175,0.028074838,0.05139484,0.100202285,0.1404283,0.1412721,0.103055134,0.050178748,0.012588159,0.011370585,0.041275375,0.06764386,0.059097596
-0.023519121,-0.052086573,-0.022945963,0.058180902,0.13593037,0.16864103,0.13845122,0.08149627,0.0442419,0.06308274,0.1274439,0.18717661,0.1985586,0.14830981,0.06623867,0.008752105,0.0087885475,0.055016432,0.09837203,0.09994572,0.044199698,-0.03804687,-0.09364804,-0.08786377
0.06351958,0.12838702,0.15046388,0.11977215,0.06990394,0.041042358,0.06545038,0.12322864,0.17357622,0.17941262,0.13083327,0.062772706,0.017794369,0.025523635,0.06958739,0.10742763,0.10056354,0.047060493,-0.022556435,-0.06708773,-0.056453593,-0.0045068287,0.045498278,0.056367084
0.13037252,0.16178004,0.13270393,0.07277662,0.033528376,0.04892118,0.11536832,0.17774133,0.19368812,0.14854337,0.071020655,0.016070377,0.013601199,0.062217724,0.11346161,0.119850904,0.06597998,-0.014655399,-0.07001934,-0.06572602,-0.011026079,0.050878756,0.07114316,0.036861368
0.021577133,0.061483514,0.073985346,0.044876948,-0.0027016455,-0.04195283,-0.045890655,-0.017495979,0.01678536,0.026016405,-0.004074749,-0.05242726,-0.08867225,-0.085994504,-0.0485394,-0.006561849,0.009827305,-0.011478041,-0.0500233,-0.07637683,-0.063728556,-0.018624194,0.03063243,0.052188892
-0.13466415,-0.11841468,-0.063362494,-0.008551746,0.017891275,0.0017970682,-0.030071255,-0.039101835,-0.010239299,0.05455397,0.114408076,0.13899055,0.120445184,0.08140314,0.054998107,0.06505925,0.10294116,0.13668245,0.13588205,0.09169325,0.026549507,-0.022865063,-0.031440377,-0.008170525
0.10973519,0.06923002,-0.0040941327,-0.042303134,-0.0071941866,0.08672763,0.18108192,0.213532,0.17358196,0.09434311,0.044679947,0.06605351,0.14005654,0.21287839,0.22644983,0.16279767,0.061255477,-0.008168668,-0.0076604555,0.052234422,0.114965245,0.122454405,0.05667329,-0.039598387
-0.0017075128,-0.061304495,-0.10162821,-0.09893217,-0.0661579,-0.036273785,-0.041755304,-0.08127034,-0.13214427,-0.16486976,-0.15112759,-0.10445524,-0.05752347,-0.044705458,-0.0670657,-0.10233453,-0.117124416,-0.09135524,-0.034853682,0.019611716,0.039964586,0.019668803,-0.019998983,-0.043396473
0.047683295,-0.005059731,-0.03910259,-0.015523281,0.05417055,0.13112408,0.16271338,0.13770723,0.081342846,0.03992251,0.05287099,0.10884582,0.16717705,0.18018681,0.13582271,0.06064535,0.0027240764,-0.0008841577,0.040124625,0.08818273,0.094838716,0.046861637,-0.028199537,-0.08136801
0.15650432,0.11272235,0.04128773,0.0057707257,0.02854943,0.096550815,0.15685621,0.15913707,0.102027215,0.013402779,-0.040361866,-0.028881086,0.028614135,0.07969076,0.07971591,0.020962361,-0.0637003,-0.10866639,-0.089127205,-0.019095315,0.04663801,0.063923605,0.02022648,-0.043881595
0.032197457,-0.038222466,-0.09325586,-0.09390897,-0.052244563,-0.0023239134,0.0076456284,-0.033007324,-0.09711795,-0.14631128,-0.14001924,-0.087745726,-0.028016167,-0.0063629956,-0.03309447,-0.08514272,-0.11692871,-0.09931793,-0.039820086,0.026562449,0.05709433,0.035245787,-0.018358018,-0.056533348
-0.039961495,-0.012820887,0.049550224,0.10407749,0.12181145,0.0919748,0.038817126,0.01126391,0.026302192,0.07563988,0.12144153,0.12351574,0.082020134,0.016619992,-0.023679374,-0.01711854,0.022290224,0.061269112,0.064635076,0.02065183,-0.043921214,-0.08239974,-0.06783186,-0.017339155
-0.05402302,-0.01907019,-0.014608905,-0.052856293,-0.1028429,-0.13367552,-0.11795751,-0.06970636,-0.020762714,-0.0008851533,-0.023604376,-0.060017493,-0.07817749,-0.05368796,0.0014215604,0.053025298,0.06925607,0.04453084,0.003618216,-0.023000179,-0.012960538,0.027246417,0.066198684,0.06992593
-0.068608545,-0.022513313,-0.004117,-0.030244054,-0.06144635,-0.07441745,-0.038046695,0.029183358,0.09152118,0.12059492,0.1022418,0.07018794,0.05639538,0.083562024,0.13721463,0.17920934,0.1768894,0.13042769,0.07126968,0.02957002,0.027347473,0.05435782,0.07603253,0.060170345
-0.014206666,-0.000727425,0.053664014,0.105850205,0.110390894,0.058256764,-0.026884004,-0.08554047,-0.09114288,-0.05027032,-0.005113108,-0.0057294094,-0.055990536,-0.13290893,-0.18179448,-0.16960725,-0.10737948,-0.042614225,-0.018033534,-0.045090158,-0.09709702,-0.1250529,-0.09455696,-0.019946534
-0.011972742,-0.054955367,-0.11516601,-0.15308988,-0.14210984,-0.09217158,-0.03634124,-0.014590113,-0.034564905,-0.0764691,-0.09733342,-0.07055499,-0.0081576435,0.05537343,0.082363516,0.06047289,0.014923388,-0.014128709,-0.00040543743,0.047199223,0.09455131,0.103398554,0.061603133,-0.0036966617
-0.12031362,-0.123940796,-0.08901403,-0.051674113,-0.047785435,-0.08636621,-0.14723486,-0.18490726,-0.176841,-0.12663001,-0.072366215,-0.05083091,-0.06947057,-0.109509066,-0.13296723,-0.11055288,-0.049317528,0.012634541,0.039569892,0.021312786,-0.0231133,-0.055200994,-0.04406461,0.0007536985
0.16672347,0.14225166,0.09293257,0.06576677,0.08088562,0.13285232,0.17869395,0.17900045,0.13303708,0.059379276,0.008928639,0.005212794,0.038154554,0.07028522,0.065763585,0.016528215,-0.053577106,-0.0962548,-0.08939978,-0.03869009,0.014178776,0.031938825,0.004972206,-0.0377137
0.034712065,0.09899463,0.10713733,0.041039772,-0.058745444,-0.13388409,-0.13402465,-0.07804454,-0.017529432,-0.009510445,-0.07246781,-0.1622568,-0.2209573,-0.20208266,-0.12314205,-0.04048232,-0.009037203,-0.046844013,-0.1135968,-0.15206827,-0.11535142,-0.0212882,0.070965596,0.10713583
-0.06675744,-0.11463722,-0.109929286,-0.0602431,-0.017635595,-0.015251436,-0.066321805,-0.13360108,-0.1743181,-0.16004863,-0.09880217,-0.041610505,-0.024693111,-0.06221255,-0.11891659,-0.14498855,-0.11225746,-0.039771833,0.026331088,0.04689477,0.012951044,-0.04283111,-0.07372312,-0.05257467
0.021780772,-0.013625391,-0.0068363138,0.04017432,0.085255854,0.09417214,0.046630353,-0.020126995,-0.06880584,-0.072280616,-0.03076163,0.008828,0.014729163,-0.031461805,-0.09421255,-0.13292636,-0.11925407,-0.065101765,-0.009309549,0.01031336,-0.016312007,-0.06279909,-0.08743868,-0.06565779
0.100552276,0.060016118,-0.0082746865,-0.037265383,0.008938857,0.11058681,0.20892856,0.2418907,0.20255505,0.12835866,0.08615898,0.11489213,0.19168067,0.26087576,0.26778933,0.19777197,0.09251648,0.022084828,0.021897279,0.07764422,0.13091281,0.12795435,0.05322028,-0.047944464
-0.03752182,-0.019341907,0.042886026,0.11212792,0.14291033,0.12011162,0.063159,0.024504043,0.02852028,0.07987454,0.13846724,0.15322427,0.11294179,0.038497232,-0.018669268,-0.02507829,0.018193714,0.06808909,0.080072306,0.03630409,-0.03645536,-0.08851577,-0.08524067,-0.0335476
0.045884125,0.094156675,0.10340536,0.057760444,-0.012514471,-0.06501745,-0.067946434,-0.031518396,0.007691014,0.010556083,-0.03507101,-0.10312385,-0.14974642,-0.14219849,-0.09149121,-0.036749337,-0.015627854,-0.043454617,-0.090667345,-0.117453605,-0.09202005,-0.027192539,0.040347517,0.0708964
0.10258035,0.06539658,-0.004327789,-0.04467501,-0.012586461,0.07786709,0.17077234,0.2050039,0.17027684,0.09437853,0.045238584,0.063770354,0.1357615,0.20684896,0.22393045,0.16553077,0.06657379,-0.0025543256,-0.0036303778,0.05235544,0.112030275,0.12080495,0.059374444,-0.033881016
0.013113697,-0.06725058,-0.12882972,-0.13031822,-0.09107024,-0.042747803,-0.037455186,-0.086182095,-0.15612054,-0.20505536,-0.19250561,-0.13240811,-0.06763895,-0.043887373,-0.07311965,-0.12402896,-0.14855948,-0.11778643,-0.045792624,0.02980682,0.060134478,0.033807043,-0.02102505,-0.05453689
0.089124694,0.0940393,0.040386777,-0.04304632,-0.10502727,-0.11205244,-0.06794186,-0.023156574,-0.016711859,-0.06922577,-0.14672765,-0.19596565,-0.18760087,-0.124310605,-0.055306427,-0.02837496,-0.05658893,-0.1112595,-0.14013192,-0.11129848,-0.03097055,0.050191138,0.083417065,0.058840662
-0.13733038,-0.07269745,-0.002229459,0.014150746,-0.021452196,-0.084337115,-0.11391622,-0.08235999,-0.004239705,0.07790251,0.10328044,0.07053378,0.012765192,-0.01568554,0.010190662,0.07777159,0.13806319,0.14480731,0.09362646,0.016101224,-0.03537753,-0.031417295,0.018213104,0.06401481
-0.018455528,-0.013797727,0.021004971,0.054738462,0.047081754,-0.0033983395,-0.078224875,-0.12952353,-0.13578635,-0.10608495,-0.07120072,-0.07274403,-0.11229005,-0.17127658,-0.20516384,-0.18787014,-0.12825765,-0.0642991,-0.035941456,-0.053145494,-0.089829706,-0.10498958,-0.07268575,-0.004974864
-0.10359595,-0.10274479,-0.06896658,-0.035783306,-0.033279352,-0.07013768,-0.12244325,-0.15327722,-0.14260772,-0.09783207,-0.05443156,-0.038594443,-0.05691884,-0.09082317,-0.10903325,-0.086788975,-0.036069512,0.013115438,0.03164346,0.014134936,-0.02345765,-0.047682006,-0.035983924,0.002467503
0.06668436,0.06635076,0.026953831,-0.028770879,-0.06751504,-0.07229206,-0.045694184,-0.019593287,-0.020642344,-0.059157744,-0.11116976,-0.14127979,-0.13448766,-0.09352129,-0.049366873,-0.033866223,-0.053443614,-0.08843429,-0.1033059,-0.080247134,-0.024370259,0.031183438,0.05270297,0.0354033
-0.01798874,0.05548282,0.12992917,0.15633327,0.12372111,0.061588313,0.023980185,0.042203452,0.09975778,0.15917088,0.16920924,0.11858388,0.04128877,-0.010775498,-0.0092859445,0.037019473,0.08548182,0.09012556,0.039040033,-0.03922879,-0.08907367,-0.08078266,-0.023140404,0.039054863
0.045944735,-0.005533288,-0.03664196,-0.00751714,0.07021215,0.15261,0.18981043,0.16855179,0.115163624,0.07604129,0.09129398,0.15097634,0.21099412,0.22266696,0.17629245,0.09684051,0.033642057,0.025899546,0.06300964,0.10471189,0.106126405,0.05480028,-0.026353693,-0.08526514
0.010763421,0.017211542,-0.039794046,-0.124805,-0.1757405,-0.15800135,-0.08014303,-0.0065000756,0.019284653,-0.016423201,-0.08396286,-0.11620661,-0.08689938,-0.00015127816,0.08315091,0.11059424,0.0706438,-0.00030245667,-0.04326808,-0.022256026,0.04718388,0.11307439,0.123995245,0.06815295
0.071523584,0.07380442,0.03176988,-0.030396255,-0.07203626,-0.070028156,-0.03149387,0.0029639478,0.005923758,-0.036052633,-0.09510807,-0.12939131,-0.11918289,-0.06919999,-0.018979145,-0.00393686,-0.031949908,-0.07695605,-0.09884809,-0.07464055,-0.013919513,0.043937087,0.06358633,0.03987796
-0.049239546,0.01205149,0.023872195,-0.032571774,-0.11197125,-0.16538377,-0.14371651,-0.068625964,0.005127515,0.03198738,-0.00987893,-0.075602755,-0.11456667,-0.083088405,-0.0015221566,0.07629722,0.09965867,0.055145554,-0.014838292,-0.059887484,-0.041275818,0.027668873,0.09371161,0.104426466
0.08862797,0.025344567,-0.06672207,-0.12519889,-0.11980333,-0.060721144,-0.0018730597,0.00304564,-0.051550433,-0.13752203,-0.18526022,-0.16450292,-0.09204668,-0.020001557,0.0028537742,-0.036759388,-0.10175795,-0.13417731,-0.1011813,-0.017928075,0.06316595,0.090794325,0.05047746,-0.017507665
0.056438606,0.029494058,0.040012386,0.08477489,0.12660241,0.13441633,0.0924017,0.030576564,-0.016546967,-0.027787404,0.0010638526,0.029204663,0.029438064,-0.016444463,-0.078260005,-0.1185566,-0.11613485,-0.07432421,-0.027003963,-0.007906082,-0.02954243,-0.06845166,-0.08847811,-0.065829605
-0.011252703,-0.065010525,-0.14080535,-0.1841006,-0.16491012,-0.09744491,-0.0252516,-0.0005710288,-0.028628847,-0.08032725,-0.105868794,-0.068131685,0.010807934,0.089702785,0.1185697,0.08650831,0.02533891,-0.012140624,0.0050098477,0.06700345,0.12338092,0.13009761,0.07400177,-0.009860935
0.079540566,0.047167856,-0.010657682,-0.03916431,-0.007097873,0.070615366,0.14948048,0.17832085,0.1476254,0.085216574,0.047812264,0.06864375,0.13092513,0.18921927,0.19928984,0.14699158,0.06205162,0.005868909,0.0077847317,0.055105824,0.100527495,0.102956645,0.047129758,-0.032860093
-0.07279282,-0.023650598,-0.00631927,-0.034789488,-0.07594169,-0.09949914,-0.06599339,0.0029174525,0.06894793,0.10046746,0.07956388,0.043307506,0.023562703,0.05075834,0.10829285,0.1585154,0.16351178,0.121723,0.06126929,0.01663506,0.014405539,0.048820987,0.07938244,0.071206026
0.0047026845,-0.06192719,-0.10994456,-0.10805791,-0.0770054,-0.04357056,-0.046514347,-0.09132023,-0.14885494,-0.18729435,-0.17519432,-0.12565894,-0.073395275,-0.057621453,-0.08315388,-0.12177836,-0.13715452,-0.105474,-0.042882513,0.018765349,0.04157004,0.020194454,-0.022235341,-0.045417123
-0.042455755,-0.09341472,-0.12749083,-0.114955135,-0.07122994,-0.024476413,-0.0085874,-0.028239438,-0.0639784,-0.07988773,-0.055204023,0.0006952784,0.052383672,0.07032294,0.048454326,0.009141603,-0.011166227,0.0061273747,0.04793729,0.085145056,0.086969994,0.05051682,-0.0037796805,-0.04177441
0.10295211,0.048875604,-0.036857117,-0.09265152,-0.08335667,-0.016455835,0.05285347,0.06429334,0.013579633,-0.07181644,-0.12554845,-0.10942693,-0.038949106,0.035424944,0.05704359,0.013042632,-0.063927665,-0.11105559,-0.09030232,-0.009206873,0.07086148,0.09592928,0.05218442,-0.021750223
0.03110179,0.069131084,0.06577828,0.011428056,-0.067261934,-0.12535805,-0.1306114,-0.09732496,-0.06255145,-0.06441785,-0.11220902,-0.1767089,-0.21631646,-0.19983149,-0.14240672,-0.081597164,-0.054649435,-0.07462885,-0.11259259,-0.12853432,-0.09351147,-0.021427318,0.04844733,0.07865855
-0.044160414,-0.10096238,-0.13758561,-0.12465382,-0.06968097,-0.00886223,0.016687538,-0.0002010386,-0.03789406,-0.05630697,-0.028849257,0.03416168,0.09527026,0.11781212,0.095383465,0.047230285,0.017895687,0.027238576,0.068174444,0.10690294,0.11050714,0.068253465,0.0012965456,-0.050016392
0.00081728847,-0.026620582,-0.008870554,0.048922542,0.114631176,0.14814822,0.12728913,0.08153214,0.045908812,0.050367422,0.09823107,0.14584753,0.16087566,0.12157726,0.05697645,0.0052294917,-0.0033904642,0.029205335,0.069303535,0.07666569,0.03689022,-0.027763085,-0.07455744,-0.074845016
0.01338009,-0.027085368,-0.08817381,-0.12755327,-0.1149933,-0.059994835,-0.00086557143,0.019802067,-0.0030868468,-0.0512298,-0.079401724,-0.056557626,0.005379118,0.06933543,0.09459212,0.0678538,0.013506566,-0.021867812,-0.010893489,0.039740797,0.09041989,0.100732565,0.0588455,-0.008068681
-0.1358733,-0.066549756,0.012506439,0.036413766,0.00034505484,-0.07412563,-0.12032275,-0.09823368,-0.020781174,0.067900814,0.0986033,0.06425164,-0.0043620886,-0.046592336,-0.02762744,0.043642674,0.11421986,0.13150455,0.0841298,0.0018185173,-0.057974473,-0.055622954,0.0026631025,0.062376473
0.109863065,0.057036556,0.021115871,0.039636254,0.092600554,0.14534958,0.14986496,0.10312879,0.032964554,-0.021709753,-0.019839676,0.019715264,0.059126783,0.05484046,0.0041360785,-0.065429464,-0.10953138,-0.097485594,-0.04530593,0.008700887,0.025017276,-0.0046328683,-0.054840952,-0.07912935
-0.006557074,0.023678204,0.050127823,0.044208534,0.0033621478,-0.053205747,-0.09358432,-0.09760386,-0.07359389,-0.05127831,-0.057108827,-0.09306411,-0.13631281,-0.15859546,-0.14419334,-0.10110267,-0.05909055,-0.043875676,-0.058357116,-0.08311162,-0.08814163,-0.06082798,-0.009183372,0.037920583
-0.13622633,-0.0635135,0.015362993,0.034588456,-0.008176481,-0.086854815,-0.13156508,-0.103749014,-0.022705337,0.06786931,0.09821013,0.059149586,-0.013057727,-0.05715704,-0.03340951,0.04355644,0.119957484,0.1367951,0.08623707,-0.0018793781,-0.06348432,-0.056311354,0.007964694,0.069909155
-0.051782634,0.019835297,0.04942112,0.009313268,-0.057369784,-0.105500065,-0.08181704,-0.0030645907,0.078279726,0.11544039,0.08187034,0.016954029,-0.027854364,-0.0072795693,0.06429231,0.13562745,0.15446827,0.10528604,0.026387107,-0.033664692,-0.031465888,0.024165418,0.083603196,0.094236664
-0.16046569,-0.16039853,-0.105752684,-0.051502556,-0.043226857,-0.0973181,-0.18186437,-0.23253147,-0.21742237,-0.1451471,-0.070431456,-0.04321827,-0.07355699,-0.1328838,-0.16568111,-0.13466819,-0.051815744,0.028943107,0.06051111,0.029049832,-0.035018988,-0.0786773,-0.062092517,0.00048964756
0.15596326,0.18319856,0.13833214,0.06132539,0.018224692,0.042871743,0.12250099,0.19372955,0.2063198,0.14551978,0.053084362,-0.0066352347,-0.00030160657,0.06278301,0.12630108,0.12979744,0.063322864,-0.031281807,-0.090051144,-0.07781572,-0.0049582655,0.069995545,0.08871301,0.040432632
-0.04466723,-0.11211958,-0.1554134,-0.14009356,-0.076443255,-0.004992847,0.025905058,0.0040936023,-0.042204406,-0.06861497,-0.040300272,0.032363717,0.10596121,0.13437794,0.106331766,0.04823436,0.0085286,0.019350247,0.06993912,0.12090391,0.12725239,0.07752345,-0.001425446,-0.06048896
-0.07130984,-0.11362394,-0.11371001,-0.07710102,-0.044987917,-0.046794694,-0.09076885,-0.14478883,-0.17560202,-0.16340928,-0.11336067,-0.06458863,-0.04711367,-0.07317666,-0.11321545,-0.1293821,-0.09980112,-0.03746806,0.019304864,0.037277784,0.012797243,-0.028740043,-0.052692674,-0.037037596
0.16570042,0.19316714,0.15789309,0.091383584,0.04488042,0.05729389,0.12171821,0.17941967,0.18755108,0.12988184,0.042054262,-0.021279616,-0.026284115,0.025260692,0.077186294,0.08129991,0.026287643,-0.05694833,-0.11189415,-0.10009585,-0.029722221,0.04265572,0.0668725,0.035583336
-0.15788308,-0.14612426,-0.08418594,-0.02463921,-0.0052317656,-0.041674793,-0.10409472,-0.1354373,-0.10974755,-0.035184506,0.036799803,0.06291208,0.036524065,-0.017900515,-0.05002339,-0.02791585,0.035321902,0.09603038,0.11107402,0.0683068,-0.004014273,-0.05597331,-0.0513643,-0.0051730257
0.15987064,0.112849295,0.02958176,-0.022626145,-0.011693631,0.057757944,0.12641883,0.13618448,0.079429395,-0.015091324,-0.0767905,-0.07078803,-0.011046684,0.053611074,0.06632876,0.012168898,-0.0713739,-0.123534895,-0.10796969,-0.031864952,0.04931273,0.07742226,0.037165564,-0.031178894
0.041545004,-0.03018388,-0.06564872,-0.02422198,0.073613375,0.1674877,0.19861254,0.157849,0.0851115,0.03931004,0.06698734,0.14718038,0.22177097,0.23005909,0.16577283,0.06917522,0.00045797587,0.003954161,0.062792026,0.12217184,0.12237636,0.053702883,-0.04620404,-0.110598035
0.1721218,0.21375744,0.18124521,0.10726406,0.055054806,0.06714403,0.14307126,0.21915808,0.2404014,0.18326145,0.08555364,0.011497589,0.0026997533,0.05789397,0.12154937,0.13189986,0.06869789,-0.028868161,-0.09797999,-0.097326644,-0.028862001,0.052381955,0.0833191,0.04725626
0.14245053,0.17296891,0.13757281,0.070404775,0.02450048,0.035964735,0.09958904,0.16209579,0.17657891,0.1266096,0.043599587,-0.016221454,-0.020094123,0.029849244,0.086446896,0.09608043,0.045700096,-0.033775177,-0.08896706,-0.084531315,-0.022746848,0.048409235,0.07462666,0.041596733
0.1766785,0.13154662,0.05101143,0.0049509136,0.025724148,0.10273605,0.17458251,0.1832638,0.12438119,0.026519068,-0.036656927,-0.028863436,0.033240892,0.09343624,0.09999943,0.037726406,-0.05617808,-0.112094074,-0.09712003,-0.022866065,0.05317338,0.07675871,0.031117473,-0.041807305
0.09811603,0.015131692,-0.047327988,-0.037108473,0.023390902,0.09271383,0.1053306,0.048177857,-0.042401873,-0.11417265,-0.11096991,-0.05123632,0.01578443,0.030477019,-0.02073912,-0.102387264,-0.15430644,-0.13580559,-0.061707087,0.021368425,0.055597585,0.021954864,-0.04776156,-0.08978585
-0.009458571,-0.07517491,-0.11697962,-0.098736465,-0.038120095,0.026065987,0.047931228,0.014781562,-0.0407709,-0.07372934,-0.051818416,0.015049469,0.08079164,0.10082102,0.06434619,0.0043411446,-0.035368986,-0.021301193,0.032965004,0.090241544,0.09877186,0.053143274,-0.01829228,-0.06680145
-0.13338135,-0.059792917,0.020023359,0.041557983,0.0046385666,-0.066233754,-0.105444275,-0.073684074,0.008863484,0.09802769,0.12861522,0.09084133,0.02153037,-0.020923276,0.0014592287,0.072519176,0.1417068,0.15446703,0.10164441,0.01097006,-0.052048925,-0.049262367,0.008914959,0.06560512
-0.09032787,-0.14108393,-0.14585328,-0.10814963,-0.073076434,-0.07206372,-0.1183079,-0.17941093,-0.21579297,-0.20095561,-0.14441109,-0.08617943,-0.06267007,-0.08616244,-0.1288424,-0.146018,-0.11199384,-0.043122955,0.02105826,0.04715455,0.022833994,-0.024602236,-0.0536544,-0.03994113
-0.01282909,0.039388772,0.08969068,0.103702255,0.0794455,0.033182036,0.0012634844,0.0114376275,0.05082487,0.09203402,0.09751258,0.061374027,0.0072498145,-0.030684207,-0.026520988,0.009573466,0.045008503,0.049777437,0.016963452,-0.035366133,-0.06959694,-0.060818158,-0.0154727595,0.02914335
0.079247154,0.038837805,-0.024876168,-0.05244079,-0.013135344,0.07673455,0.16218634,0.18889444,0.15268068,0.08734429,0.052550577,0.08072994,0.15121669,0.21472156,0.22167516,0.16074726,0.07130838,0.013626882,0.017573824,0.070028305,0.11877609,0.11509609,0.04824113,-0.04037182
0.099930644,0.1163178,0.06911325,-0.008793001,-0.059779704,-0.049760006,0.013058211,0.0725808,0.085717075,0.035842832,-0.043797195,-0.09395965,-0.08484292,-0.019931912,0.046804115,0.06393685,0.018993527,-0.053871263,-0.098065756,-0.078770965,-0.006799729,0.06590672,0.0892823,0.051587977
-0.068587855,-0.13725464,-0.17983481,-0.1679291,-0.111161,-0.04695833,-0.024813375,-0.050791588,-0.09376183,-0.113131575,-0.081080325,-0.008805012,0.06312571,0.09331989,0.07020755,0.021159481,-0.006616128,0.011042456,0.06297861,0.11489663,0.12343961,0.07485007,0.0011243848,-0.05251473
0.16934621,0.2028593,0.18400781,0.13178761,0.09643239,0.10704275,0.15664087,0.2022862,0.21054997,0.16031596,0.08097841,0.018841522,0.0068971594,0.04095371,0.079970926,0.080356814,0.026525777,-0.0500819,-0.101885915,-0.09632592,-0.04059034,0.01969622,0.044613827,0.022888701
0.076794416,0.042749226,-0.01856616,-0.052098468,-0.02593662,0.0480021,0.12417909,0.15181336,0.121025145,0.05796853,0.018038,0.036523238,0.09867494,0.16062847,0.17536609,0.12749434,0.04712681,-0.007888481,-0.0061881156,0.043696586,0.09555665,0.10324607,0.05088522,-0.028182708
0.022609292,0.045784283,0.012608445,-0.04615453,-0.07307575,-0.039278224,0.052701637,0.13953295,0.17517461,0.14962877,0.0904162,0.059865344,0.08239284,0.15680462,0.22340529,0.23297597,0.17551988,0.08836609,0.027137948,0.025010101,0.07194103,0.11764577,0.11195824,0.047637846
-0.019425128,-0.1117765,-0.17078125,-0.15401441,-0.08005754,-0.0017019076,0.018588422,-0.028485809,-0.10210817,-0.14692433,-0.11653783,-0.030079087,0.056901466,0.08422765,0.04228594,-0.031252388,-0.0740224,-0.049380235,0.027022483,0.10339311,0.121990256,0.06787192,-0.02165974,-0.082165755
-0.035752025,0.035454746,0.0594425,0.015902435,-0.054466113,-0.10018616,-0.07436571,0.0038281977,0.08163158,0.113714956,0.07658358,0.009234484,-0.03578208,-0.015509479,0.055088498,0.12442262,0.14258097,0.09608285,0.01923244,-0.03925998,-0.03659543,0.020469237,0.08228582,0.09536162
-0.07111236,-0.0060095787,0.012338115,-0.03375371,-0.100393385,-0.1402965,-0.10614232,-0.021022983,0.061686426,0.09863406,0.06559276,0.007409335,-0.026863929,0.0047828,0.0836735,0.15519051,0.1731495,0.12323814,0.044179752,-0.014492636,-0.009049016,0.04725505,0.10004231,0.099334575
0.042585243,0.09145311,0.098272614,0.052474264,-0.016374098,-0.065117665,-0.058007956,-0.0124372495,0.029352242,0.029354589,-0.018290488,-0.08485102,-0.12636675,-0.114661254,-0.061820973,-0.008791103,0.004920488,-0.026845299,-0.07509377,-0.10354639,-0.080495134,-0.015620785,0.04792391,0.071871564
-0.20949289,-0.19589053,-0.120528795,-0.0460638,-0.021522582,-0.06652908,-0.14084151,-0.17758432,-0.14437702,-0.04717771,0.045339003,0.08205901,0.049742643,-0.015795358,-0.054606654,-0.025538107,0.05559851,0.13080338,0.14817321,0.09431232,0.002532361,-0.062690265,-0.058501054,-0.003126607
0.14596973,0.17462493,0.13190646,0.055274315,0.006140074,0.022027949,0.09665646,0.16577384,0.18025666,0.122770846,0.02899487,-0.032971166,-0.030032804,0.035010986,0.100422606,0.11033347,0.049098328,-0.04348652,-0.10342453,-0.08890531,-0.013005902,0.065446235,0.088740036,0.045039248
0.13835901,0.113186695,0.05969565,0.025862494,0.03607214,0.084448375,0.13303222,0.13980994,0.10006492,0.030637173,-0.020587498,-0.022398856,0.015247687,0.055971913,0.0625773,0.022586294,-0.044308446,-0.08872476,-0.08394171,-0.032770053,0.02322385,0.046528026,0.021204684,-0.02734166
0.101116516,0.05363855,-0.02616354,-0.06632586,-0.025378762,0.07818482,0.18053569,0.21567161,0.173422,0.09115975,0.043730278,0.07257084,0.1562708,0.23527163,0.24992909,0.18113957,0.07391096,0.002536437,0.0064786095,0.070350125,0.13451564,0.13821185,0.06347926,-0.042321656
0.0044919644,0.044431698,0.075610705,0.07000757,0.024465973,-0.035933413,-0.07756653,-0.078916855,-0.051502768,-0.025629664,-0.032972265,-0.075734995,-0.12762533,-0.15743002,-0.143936,-0.09733216,-0.052165154,-0.036665253,-0.055800337,-0.08794533,-0.10084224,-0.07242987,-0.012375981,0.041876044
-0.003614891,-0.08624353,-0.13984498,-0.118243925,-0.037349716,0.04859037,0.077109985,0.037516825,-0.033545565,-0.07817548,-0.051473193,0.032565545,0.11736552,0.14260998,0.09743664,0.017784905,-0.036745235,-0.02343204,0.04409027,0.1153106,0.1281289,0.07034849,-0.022427479,-0.08888422
0.0539107,-0.022210984,-0.06365766,-0.021869414,0.084724694,0.19187196,0.23091327,0.19037484,0.1122508,0.05998485,0.08626202,0.17166951,0.25400245,0.26553532,0.19805995,0.091183156,0.011866544,0.011310497,0.07194114,0.13526118,0.13679229,0.06358848,-0.045633078,-0.11939699
0.04929875,0.013343419,0.009508097,0.039816372,0.06496154,0.062077835,0.010257388,-0.058217812,-0.11029696,-0.12671825,-0.1020451,-0.07668307,-0.07473899,-0.113337316,-0.16561894,-0.19538224,-0.17902318,-0.12476769,-0.06781731,-0.038139835,-0.045987498,-0.07297608,-0.082490176,-0.052664828
-0.11528537,-0.14904529,-0.13620457,-0.08878197,-0.041173622,-0.027085368,-0.05713659,-0.097754516,-0.112939276,-0.08249313,-0.020342546,0.037626717,0.0596676,0.03713884,-0.0029080613,-0.022830164,-0.0007152794,0.05065787,0.09371677,0.09785373,0.05735269,-0.00255541,-0.04151411,-0.039600834
-0.15160353,-0.15497975,-0.1134682,-0.06908798,-0.068293914,-0.11935665,-0.1941731,-0.23929153,-0.22654815,-0.16144326,-0.0954044,-0.069983035,-0.09613418,-0.14441226,-0.16999489,-0.13824046,-0.057868153,0.018884845,0.048201736,0.022091515,-0.03158461,-0.06636693,-0.049326982,0.007400609
0.13042732,0.15252325,0.1251661,0.075269714,0.04381832,0.056479692,0.107077,0.15196437,0.15801868,0.11224992,0.0450211,-0.0014355324,-0.0032716538,0.03358696,0.07175646,0.07237165,0.025177611,-0.03783666,-0.077159464,-0.06916056,-0.020564202,0.032535564,0.05023086,0.025198238
-0.05498666,-0.052590303,-0.0127835125,0.029844135,0.030676592,-0.01754314,-0.092384644,-0.1450831,-0.14896666,-0.10894462,-0.0632554,-0.053480487,-0.087417066,-0.1469128,-0.18445262,-0.16677836,-0.10534943,-0.037747733,-0.0066329995,-0.023953177,-0.070589036,-0.09686698,-0.072456785,-0.009185311
-0.12525326,-0.18593465,-0.17817539,-0.10873944,-0.029024614,0.007080637,-0.027983516,-0.09375294,-0.13417712,-0.10825273,-0.022994028,0.06675976,0.10898504,0.07765979,0.008897545,-0.038362257,-0.02169489,0.048496842,0.11994604,0.14055312,0.089289,-0.0013591937,-0.07016816,-0.07687571
0.042539723,0.090772286,0.09622779,0.04627804,-0.027531892,-0.08017784,-0.077902436,-0.0369466,0.004046183,0.0049430854,-0.0454235,-0.11460793,-0.15841834,-0.1440657,-0.08804317,-0.030742008,-0.012449231,-0.044314813,-0.09398982,-0.11827602,-0.088219725,-0.018863052,0.04888356,0.0753486
-0.018679235,-0.06716133,-0.12842049,-0.16150968,-0.14527386,-0.09165986,-0.034387507,-0.0152746225,-0.038422707,-0.08080242,-0.096503325,-0.062914856,0.0037789722,0.06673199,0.08842245,0.06172434,0.014885182,-0.00952658,0.010001262,0.05970497,0.10346394,0.10599954,0.057908207,-0.008331912
0.09729497,0.10574428,0.058329947,-0.012530935,-0.06243773,-0.05891658,-0.008522215,0.037193153,0.041280463,-0.010026856,-0.08242702,-0.12657675,-0.11727371,-0.060910642,-0.0046646236,0.0107357865,-0.026747204,-0.082400754,-0.111049466,-0.08556213,-0.01880417,0.048274674,0.07243575,0.045522053
0.17683297,0.16174594,0.12438559,0.10394239,0.120945156,0.16836902,0.21036068,0.21257356,0.17195967,0.101953745,0.05159916,0.041611064,0.06545906,0.089412965,0.08144367,0.032221865,-0.03888577,-0.085026294,-0.0846504,-0.04341384,0.0038137701,0.020820098,-0.002717829,-0.040020395
-0.18627757,-0.17724916,-0.11940102,-0.060635526,-0.03218198,-0.055091206,-0.096221454,-0.11035547,-0.07741076,-0.00026232962,0.07404758,0.10981322,0.09582935,0.055597935,0.03088987,0.049106687,0.10063497,0.1472288,0.15465096,0.10916675,0.03712189,-0.018234178,-0.028836302,-0.0036448734
0.066328354,0.03707955,-0.017524144,-0.048031207,-0.017580463,0.061721124,0.1469935,0.18199292,0.15914552,0.10251258,0.063855015,0.08247208,0.14498863,0.20977618,0.22654526,0.17839082,0.09356692,0.02837409,0.019356685,0.06257367,0.11130155,0.11577193,0.058157146,-0.027648022
-0.09605228,-0.07294895,-0.077271774,-0.1204097,-0.17311092,-0.2069741,-0.19182746,-0.14398925,-0.09501605,-0.07238798,-0.08803615,-0.11383115,-0.12154699,-0.08854458,-0.026809629,0.031340245,0.055330336,0.03995463,0.0093591055,-0.010462527,0.001818097,0.041964017,0.077787384,0.07804611
0.103567414,0.11329297,0.05981721,-0.021201529,-0.07153923,-0.056088906,0.011967014,0.07178947,0.08013322,0.023748158,-0.057435866,-0.10532051,-0.08968558,-0.018676031,0.04835872,0.061178528,0.01222463,-0.062315755,-0.103265956,-0.077085674,0.0014167903,0.07383582,0.0917138,0.048709523
-0.002335004,-0.046012167,-0.11174998,-0.15350905,-0.14463606,-0.09229126,-0.032247685,-0.009568464,-0.031123897,-0.07761917,-0.10415974,-0.078448795,-0.014337746,0.05373799,0.08267406,0.059698664,0.009795559,-0.021480022,-0.008348979,0.04286067,0.0944906,0.1068574,0.06542873,-0.0017209053
-0.1313445,-0.086603984,-0.04135279,-0.042005513,-0.089814164,-0.15921825,-0.19842964,-0.1808705,-0.120520175,-0.053214498,-0.034071505,-0.06252952,-0.11123587,-0.12963887,-0.09740266,-0.025688848,0.04409349,0.06434714,0.032456398,-0.021224583,-0.05129144,-0.033728383,0.021615684,0.06925826
-0.063996084,-0.030275116,-0.02116402,-0.052436728,-0.09694819,-0.12858814,-0.1163802,-0.071088485,-0.022111494,0.0027984206,-0.01341151,-0.045237623,-0.06446548,-0.043824296,0.006840124,0.056885384,0.07604042,0.05377188,0.013674325,-0.015544574,-0.009635876,0.025800662,0.061303776,0.065598376
0.09349074,0.023455303,-0.025251117,-0.012556528,0.046208307,0.10985326,0.12012368,0.06709356,-0.011726489,-0.07393138,-0.07100978,-0.01896016,0.03892389,0.047522005,-0.000990205,-0.07545993,-0.12597392,-0.112964734,-0.04952377,0.02207473,0.048408408,0.015290423,-0.04727874,-0.08405237
