0.019055186,0.069768436,0.11411979,0.11750708,0.07429495,0.010533709,-0.03354259,-0.033368237,0.00053646514,0.032077994,0.026469184,-0.02194623,-0.087028936,-0.12826923,-0.1212554,-0.075579405,-0.029398033,-0.018145548,-0.04771586,-0.092952654,-0.11431404,-0.08689012,-0.022141373,0.040359203
0.060885724,0.030024156,0.039789256,0.08112609,0.11978621,0.1210038,0.07560497,0.0071302187,-0.044390183,-0.0522812,-0.024085315,0.005750301,0.0028725585,-0.04234646,-0.1051492,-0.14603427,-0.13797829,-0.08990873,-0.038452342,-0.01851405,-0.039531797,-0.077907585,-0.09435861,-0.06478874
-0.0088231005,-0.0019701472,-0.031171305,-0.07824865,-0.11064025,-0.105943106,-0.06773744,-0.023758277,-0.004446219,-0.02093731,-0.055714432,-0.07683822,-0.062042333,-0.015503868,0.034551103,0.0570413,0.04072487,0.0034115252,-0.022311553,-0.014010025,0.023841955,0.0631205,0.07315004,0.04400233
-0.0074803457,0.0060321037,-0.02972974,-0.08659045,-0.118183434,-0.094726615,-0.026229547,0.044707272,0.07637187,0.055973962,0.010631678,-0.0145712225,0.009258784,0.0731566,0.13593046,0.1559359,0.121306136,0.058882244,0.013502485,0.015784033,0.058475185,0.10136059,0.102987505,0.05147241
-0.15060937,-0.081838146,-0.0056702904,0.023290081,-0.0122292405,-0.07937519,-0.12035557,-0.09418988,-0.01011262,0.07910924,0.11737867,0.08694776,0.019435178,-0.026197474,-0.0091730915,0.06319254,0.13804512,0.15893628,0.109176196,0.020894539,-0.04613089,-0.048396323,0.0068222354,0.06604961
0.043695886,0.11254514,0.1379476,0.108307295,0.05214586,0.016881688,0.033499256,0.09268553,0.15085015,0.16455808,0.12155395,0.05092114,0.0007770222,0.003344846,0.049947914,0.09840083,0.10390795,0.055151466,-0.018540628,-0.068797015,-0.06294724,-0.009280969,0.048114005,0.06476938
0.07321785,0.15547347,0.19409135,0.17316939,0.1201503,0.08522391,0.10261201,0.1646404,0.22654498,0.24216896,0.19567803,0.11586002,0.054205403,0.046615135,0.08603234,0.12985247,0.13022155,0.07300114,-0.012028146,-0.07299722,-0.07416016,-0.022969162,0.036638834,0.05754018
-0.025712611,-0.113162816,-0.16355194,-0.13826677,-0.054707244,0.027563397,0.051967416,0.007512018,-0.06438999,-0.10175534,-0.066519134,0.0238359,0.10965844,0.1343017,0.0865737,0.0071179187,-0.040373925,-0.017606704,0.058466777,0.12775928,0.13513228,0.069988534,-0.026223285,-0.089643694
0.054574948,0.027207483,0.03539353,0.07095059,0.10366682,0.103842005,0.063991696,0.0040949713,-0.041267753,-0.04866455,-0.02463461,0.00073049136,-0.0020704463,-0.041075334,-0.09522848,-0.13064297,-0.123516224,-0.08138211,-0.036504965,-0.018631775,-0.03580245,-0.068272,-0.08239696,-0.056248114
0.075419255,0.07768962,0.031234901,-0.03960127,-0.092342615,-0.10021191,-0.06874329,-0.03454677,-0.033925634,-0.07687693,-0.13875662,-0.17893635,-0.1703883,-0.1206406,-0.06507454,-0.04222926,-0.062316842,-0.10180148,-0.12166083,-0.095406815,-0.030667184,0.03597972,0.066193536,0.04829181
-0.007065347,0.06766371,0.14217865,0.17525445,0.15510815,0.1115375,0.08925857,0.114959165,0.1756669,0.23103373,0.23994212,0.19327964,0.12079179,0.069763795,0.06754259,0.10353577,0.13662872,0.12726833,0.06662642,-0.014062335,-0.06695671,-0.06467534,-0.019572893,0.028517598
0.057498787,0.116705395,0.13485849,0.10545833,0.05692201,0.03126935,0.051751614,0.10539159,0.15232524,0.1569036,0.11251794,0.04855306,0.007571269,0.013946324,0.055262305,0.092637174,0.08946242,0.040087912,-0.025701331,-0.06493255,-0.05364648,-0.0041377265,0.043560553,0.0532127
-0.022389574,0.07408401,0.16969745,0.210846,0.1819732,0.1202131,0.08541069,0.115961984,0.19526297,0.26896247,0.28251466,0.22313191,0.12874992,0.06224726,0.061506413,0.11378104,0.16235395,0.15496558,0.08042087,-0.022858398,-0.09126445,-0.08633233,-0.023848092,0.041467402
-0.062140264,-0.11482841,-0.11104871,-0.064072944,-0.01892242,-0.019606156,-0.07509589,-0.15204085,-0.19872251,-0.18539335,-0.12478597,-0.06334728,-0.04614187,-0.08339967,-0.14171344,-0.17053328,-0.13902798,-0.06208385,0.012243875,0.038337983,0.006180125,-0.05056891,-0.08038129,-0.054763377
0.16261414,0.19533108,0.1519032,0.0723248,0.02367946,0.04724654,0.12799406,0.20554326,0.22051412,0.15865785,0.06035801,-0.007190554,-0.0008734221,0.064637385,0.13040666,0.13686629,0.06917336,-0.031496715,-0.09695131,-0.08400241,-0.00787427,0.070669,0.09292707,0.042890515
0.021612223,-0.023061879,-0.08915532,-0.12939584,-0.11339947,-0.05214816,0.010576287,0.031584837,0.0018621578,-0.050224446,-0.077896036,-0.05235338,0.014986013,0.080370165,0.10165469,0.06876412,0.011739796,-0.023491092,-0.008320211,0.046389174,0.097883195,0.10471064,0.058134366,-0.013154246
-0.07654168,-0.14067805,-0.13905947,-0.08410923,-0.027880836,-0.023063892,-0.082465746,-0.16963325,-0.22479898,-0.2108963,-0.13971189,-0.064630136,-0.039478432,-0.07847742,-0.14571702,-0.18241416,-0.15055293,-0.06357029,0.023334378,0.05574139,0.019630738,-0.048551742,-0.08968518,-0.06648517
0.02915658,0.051691886,0.1074656,0.15697563,0.16293877,0.11723014,0.048347354,0.0003845167,-0.001172431,0.033562846,0.06541097,0.056998495,0.00069077715,-0.074390166,-0.123063274,-0.118691325,-0.072370745,-0.024382824,-0.013927001,-0.049582418,-0.10136891,-0.12370567,-0.092209734,-0.021098249
0.042328518,0.08185019,0.083436325,0.03982229,-0.023771202,-0.06837415,-0.06912786,-0.036169995,-0.0046293368,-0.0072325664,-0.050752465,-0.11019514,-0.14606777,-0.13487165,-0.08712686,-0.03865282,-0.023721028,-0.048973538,-0.090087615,-0.10774771,-0.079667255,-0.018019902,0.0406491,0.06336154
-0.12855375,-0.12755823,-0.07683509,-0.022013066,-0.012287043,-0.062474642,-0.13967921,-0.18976416,-0.17850985,-0.11530334,-0.045952447,-0.020102091,-0.05336533,-0.11418937,-0.14988649,-0.12615357,-0.05273346,0.024531478,0.055494912,0.023398532,-0.040214762,-0.081340946,-0.06624042,-0.0034142449
-0.020221878,-0.08604925,-0.12492481,-0.106538065,-0.04289794,0.022339568,0.044698626,0.013516581,-0.041103024,-0.07154646,-0.047446102,0.020067416,0.08721802,0.10964493,0.075359344,0.014080109,-0.02563268,-0.01273106,0.04289233,0.097827,0.10741913,0.05905498,-0.016324138,-0.06815855
0.12150142,0.14979735,0.13730861,0.10469556,0.08619078,0.105207,0.15391514,0.19962867,0.20945364,0.17554022,0.118894905,0.075828016,0.07027198,0.09644416,0.12268716,0.11693718,0.070584856,0.005893026,-0.040512707,-0.0436247,-0.009574714,0.029139636,0.0388955,0.011845116
0.0779679,0.02204161,-0.05949114,-0.11490184,-0.111474365,-0.062751755,-0.015507138,-0.014484823,-0.0673633,-0.14143522,-0.18518549,-0.16789545,-0.102663234,-0.037609447,-0.017237686,-0.051155105,-0.10633635,-0.13283446,-0.100600086,-0.023389848,0.050523065,0.07583989,0.04354377,-0.015131579
0.0018229769,0.022430839,0.08868831,0.15323742,0.16679795,0.11516207,0.03188901,-0.027439384,-0.02877786,0.01841536,0.06692468,0.067631975,0.007217035,-0.08065253,-0.13973458,-0.13489453,-0.076671384,-0.01292762,0.0055672396,-0.035856325,-0.10219306,-0.13717031,-0.10800552,-0.027646238
0.025406657,-0.050333258,-0.10435854,-0.107708216,-0.06890966,-0.029421566,-0.030392276,-0.0820408,-0.15390405,-0.19970955,-0.18989803,-0.13453496,-0.075530894,-0.055726442,-0.08517857,-0.13562407,-0.15973306,-0.1296539,-0.056914005,0.015688527,0.044942986,0.02060487,-0.028196815,-0.055941883
-0.02972271,-0.06819952,-0.0704928,-0.040195446,-0.005937827,-0.00075891666,-0.03479833,-0.08717635,-0.122972995,-0.11963175,-0.0814879,-0.038093258,-0.023065707,-0.04683541,-0.087968886,-0.11224102,-0.09669523,-0.047414146,0.0050706663,0.026057854,0.006371527,-0.031539988,-0.05418123,-0.041607637
0.07359223,0.16074267,0.18594702,0.13957362,0.064797685,0.02588675,0.058539774,0.14178161,0.21489027,0.22387904,0.15914382,0.0646751,0.0053164945,0.018193353,0.08386115,0.14289883,0.1402368,0.067464426,-0.031791028,-0.09155506,-0.07430525,0.00040132407,0.07137507,0.084240586
-0.041505635,-0.110967554,-0.15445508,-0.14148608,-0.0824747,-0.022045085,-0.0048844772,-0.03909913,-0.09389259,-0.12322758,-0.09746651,-0.027115287,0.043727558,0.06985812,0.040406294,-0.013976542,-0.04686348,-0.028367182,0.033756442,0.09436579,0.10698257,0.06117622,-0.01068619,-0.060940683
-0.009203859,-0.053619284,-0.11005506,-0.14327647,-0.13348985,-0.09171288,-0.051004823,-0.042338002,-0.068927415,-0.10703393,-0.12161529,-0.09459618,-0.037768025,0.015046027,0.033408146,0.012690609,-0.022015063,-0.036620583,-0.013918053,0.034909707,0.07683839,0.08160565,0.045622613,-0.0062268567
-0.057434052,-0.039244212,0.012407518,0.06447275,0.085950464,0.068554856,0.031627014,0.00984892,0.026311077,0.07382477,0.11981406,0.13239005,0.10310614,0.05221348,0.0153188985,0.017073482,0.051368397,0.08486327,0.085937984,0.046436742,-0.012718103,-0.054853655,-0.053188145,-0.016724506
-0.14631778,-0.10221086,-0.052819792,-0.03580217,-0.061761383,-0.106619895,-0.1296582,-0.10430749,-0.03834015,0.030657904,0.064109966,0.04993257,0.011079201,-0.011497212,0.008687409,0.06518592,0.12094895,0.13726258,0.10240091,0.039949,-0.007957655,-0.01248117,0.020719491,0.054981146
0.03273446,0.05046577,0.00026481875,-0.07412125,-0.10919512,-0.06921832,0.026256977,0.11747606,0.1484664,0.10757186,0.037162796,0.0008084646,0.034616537,0.12011181,0.1975848,0.21136881,0.14987178,0.056680806,-0.0026314699,0.009089051,0.07379531,0.13202623,0.12850463,0.053299624
-0.14974448,-0.13023825,-0.0607212,0.007411639,0.02450885,-0.01980919,-0.088865235,-0.12459742,-0.09512577,-0.016808884,0.05825884,0.081031315,0.040449433,-0.02644546,-0.064249404,-0.039186966,0.03166626,0.096919954,0.10958439,0.057805922,-0.022558767,-0.0739123,-0.062283237,-0.0029626077
-0.020021584,-0.06323919,-0.13259842,-0.18245639,-0.17949998,-0.12907232,-0.06807206,-0.039097726,-0.057030194,-0.10089421,-0.12625775,-0.10225213,-0.03478818,0.038431607,0.07556245,0.060404345,0.015155164,-0.016398994,-0.0036225053,0.04746704,0.10100896,0.116332896,0.07803139,0.0077988137
-0.048428953,-0.11271032,-0.1520392,-0.14176638,-0.092989385,-0.043297812,-0.028867653,-0.057775505,-0.102674544,-0.12362353,-0.09614667,-0.03220184,0.029493859,0.0523561,0.028662471,-0.015424658,-0.03815073,-0.015720544,0.039069235,0.08796376,0.095673576,0.05512472,-0.0067516863,-0.048173383
0.14205761,0.16831993,0.14211363,0.09332152,0.06657656,0.08907372,0.14892778,0.20317194,0.21002848,0.16221473,0.08998041,0.040058937,0.041221414,0.08246592,0.12151797,0.11664321,0.05956741,-0.017618064,-0.067305595,-0.06033407,-0.008112626,0.04482323,0.05595049,0.018210758
0.0881864,0.09387971,0.038657855,-0.04246403,-0.09425281,-0.0850278,-0.02791647,0.026600156,0.032174572,-0.020256296,-0.09535498,-0.1394322,-0.12047497,-0.052936427,0.013597521,0.031213438,-0.009214978,-0.07253782,-0.105893575,-0.077535056,-0.0025505656,0.06916337,0.0900061,0.050616898
-0.017270057,-0.005710921,0.050178587,0.106185555,0.11606729,0.0663018,-0.013124942,-0.07144489,-0.075533144,-0.032373376,0.0147130955,0.02023712,-0.029480154,-0.10493003,-0.15568328,-0.14840254,-0.090829335,-0.026637388,-0.0022739929,-0.03254573,-0.08892108,-0.12073445,-0.095695175,-0.0223714
0.056209788,0.032279436,0.049229216,0.10031286,0.15153776,0.16714677,0.13546413,0.07827667,0.03411551,0.030419275,0.061546043,0.094380274,0.09386439,0.048858665,-0.01742704,-0.066363186,-0.06999011,-0.034406837,0.0063075665,0.016810786,-0.01315297,-0.06171859,-0.09010474,-0.0730714
-0.12935854,-0.08783679,-0.046497494,-0.045689445,-0.094836,-0.16568363,-0.21065585,-0.19913381,-0.14164242,-0.08114099,-0.059160713,-0.08632845,-0.13492438,-0.15874851,-0.129114,-0.05630872,0.015401092,0.044032898,0.019912519,-0.030034725,-0.06024645,-0.0412644,0.016774375,0.070660196
-0.009597821,0.0073575824,0.06353787,0.11463179,0.11878742,0.06870439,-0.004443053,-0.054492798,-0.053091947,-0.010325608,0.030916506,0.029132595,-0.023635723,-0.09629517,-0.14163424,-0.13131838,-0.07538384,-0.017945128,-0.0028323343,-0.03763768,-0.09131799,-0.11744484,-0.088150814,-0.015341445
-0.030502373,-0.012112503,0.048580214,0.10529793,0.114596866,0.066201456,-0.009598542,-0.061698694,-0.05873922,-0.011169087,0.03566346,0.038919672,-0.011324104,-0.08513333,-0.13298008,-0.12262407,-0.06532892,-0.0069146743,0.01087536,-0.023063699,-0.081434354,-0.114694275,-0.08943704,-0.01817109
0.08074581,0.035733573,-0.031758625,-0.07967598,-0.08047113,-0.044068538,-0.008047842,-0.009469763,-0.055237025,-0.11912975,-0.15912145,-0.14938661,-0.09959231,-0.048471246,-0.03220622,-0.05966064,-0.10419679,-0.12555094,-0.099116325,-0.035029773,0.028113319,0.053269047,0.031872943,-0.011881295
-0.18189618,-0.12255783,-0.060047537,-0.045071214,-0.089568734,-0.1573639,-0.19226001,-0.16043909,-0.075700045,0.0101149585,0.045876283,0.019181268,-0.035557546,-0.062482197,-0.02942507,0.05079088,0.1263584,0.14676996,0.101164155,0.024637962,-0.028127013,-0.022952735,0.029132253,0.078929394
-0.08578186,-0.047458563,0.051943652,0.14901578,0.18172093,0.1374651,0.057942107,0.011908323,0.039715018,0.12458407,0.20330483,0.2161978,0.14984396,0.048403624,-0.019618468,-0.011376116,0.056340646,0.12037875,0.122018166,0.048592083,-0.056020387,-0.12228458,-0.10750431,-0.029503543
-0.021795224,-0.07589616,-0.15346701,-0.20492925,-0.19909486,-0.14662084,-0.08892968,-0.06847324,-0.096637756,-0.14703116,-0.17163828,-0.14102241,-0.06616016,0.010352478,0.04569571,0.026746402,-0.01933571,-0.045012504,-0.020717924,0.04223306,0.10249231,0.11783039,0.07529867,0.0026969623
0.1883681,0.1559663,0.090711795,0.05224094,0.07927134,0.15870637,0.23442355,0.25145635,0.19573379,0.10520944,0.04027699,0.041721262,0.098129325,0.15461813,0.15584493,0.08788219,-0.01181136,-0.081075974,-0.07704428,-0.011800296,0.05738778,0.074475884,0.02555772,-0.051312283
0.005916571,-0.035253502,-0.054535706,-0.027362581,0.03632622,0.100379154,0.12807669,0.11114399,0.07333945,0.05263409,0.073037684,0.12512778,0.17355317,0.18297271,0.14534655,0.08547131,0.04241566,0.040980093,0.07254651,0.10206743,0.09608341,0.04699406,-0.020387543,-0.06687262
-0.044718817,-0.11921819,-0.16460863,-0.15000688,-0.089093275,-0.028309263,-0.011824551,-0.04792337,-0.104201995,-0.13250764,-0.1027481,-0.028305488,0.043584142,0.0685673,0.0375415,-0.01825821,-0.049471054,-0.026045172,0.03923185,0.098904006,0.10917414,0.061516218,-0.012419822,-0.06250603
-0.06456302,-0.008718464,0.0025861792,-0.037321858,-0.09549005,-0.123353444,-0.09236041,-0.016707866,0.056808587,0.083640635,0.0554844,0.0044073258,-0.021244662,0.007577405,0.07664474,0.14020684,0.15323685,0.10817414,0.03781532,-0.0087589715,-0.0011201255,0.04786892,0.09172938,0.08713662
0.009200608,0.053580616,0.08880301,0.08154596,0.028595641,-0.042259734,-0.08975995,-0.091118485,-0.05870076,-0.02950104,-0.037113424,-0.086047865,-0.14821556,-0.18329976,-0.16781148,-0.11434611,-0.061304502,-0.043937583,-0.06840647,-0.10755982,-0.12073727,-0.084823355,-0.013873684,0.05101518
-0.09826712,-0.10180422,-0.07916476,-0.05716059,-0.06229217,-0.10170851,-0.15442012,-0.18671437,-0.17965685,-0.1422637,-0.1024251,-0.08746129,-0.10526832,-0.13599922,-0.14764509,-0.121652365,-0.06784892,-0.015117066,0.009814602,-0.002450302,-0.032784164,-0.047993425,-0.029667644,0.011858477
0.047062773,0.086680144,0.08884896,0.04585468,-0.018116796,-0.06506026,-0.06870146,-0.037724584,-0.006621438,-0.008527462,-0.05101337,-0.11079513,-0.1492546,-0.14148368,-0.09551882,-0.04661673,-0.029406903,-0.05173921,-0.09189338,-0.11167834,-0.08587617,-0.024037797,0.037183736,0.06318262
-0.0023441636,0.021445502,0.099696934,0.17495409,0.19009085,0.13092066,0.035208445,-0.033858504,-0.035533022,0.019650638,0.07565907,0.07621613,0.0072835917,-0.093103044,-0.16158709,-0.15636687,-0.08866614,-0.015571549,0.005264673,-0.04055589,-0.11584218,-0.1577723,-0.12536636,-0.031958923
-0.013406278,-0.014015837,-0.050328817,-0.100170754,-0.12944084,-0.118463024,-0.0756977,-0.03224589,-0.017088667,-0.037372313,-0.07152155,-0.086464785,-0.06327348,-0.0109151285,0.03954714,0.058205362,0.03829051,0.0012409379,-0.019516628,-0.00478065,0.036271695,0.07331313,0.07716599,0.041606948
-0.009212499,-0.04257219,-0.08725584,-0.11397804,-0.10470574,-0.06817576,-0.031785943,-0.02117807,-0.04019711,-0.07039789,-0.08283912,-0.061062716,-0.014002246,0.03019545,0.04606519,0.02882327,-0.0020352718,-0.01808283,-0.002458604,0.035669655,0.068453595,0.07098972,0.04019711,-0.0051808795
-0.092476,-0.04367379,0.008364305,0.021947972,-0.014900403,-0.07674055,-0.11834727,-0.10808934,-0.05337163,0.005841866,0.027238369,-0.0019295384,-0.056260142,-0.090972744,-0.075976685,-0.017457962,0.043568984,0.06482275,0.03466832,-0.02211829,-0.061639365,-0.052601185,-0.0008951814,0.05308645
-0.062042587,-0.11521999,-0.11729938,-0.076757535,-0.03422272,-0.03014215,-0.07578888,-0.14438212,-0.1895787,-0.18142313,-0.12767296,-0.06883025,-0.046967577,-0.074324265,-0.12449137,-0.15278295,-0.12829265,-0.06033436,0.009216102,0.038679093,0.015418371,-0.035035107,-0.06726785,-0.05075755
0.094322994,0.10665869,0.06013832,-0.013687672,-0.063620225,-0.059272718,-0.00949404,0.041665196,0.04881087,0.00032000427,-0.0726398,-0.119746886,-0.109123334,-0.051042676,0.010352992,0.028654283,-0.008943247,-0.07057439,-0.10550173,-0.08327584,-0.014758942,0.05533301,0.080070205,0.047069494
0.05216396,0.07239507,0.019490203,-0.062653586,-0.10498954,-0.06721272,0.031300034,0.12593365,0.1574808,0.11264801,0.034849994,-0.008622702,0.02290483,0.11072763,0.19188684,0.2073353,0.14473824,0.047609974,-0.016278015,-0.004709863,0.06480628,0.12937279,0.13153224,0.058524784
0.077182375,0.03000243,0.0045629716,0.021893268,0.06878526,0.109015584,0.1097891,0.06650433,0.006024726,-0.032286845,-0.026754431,0.010477994,0.044060536,0.04109442,-0.0024847628,-0.06070891,-0.09377847,-0.08011762,-0.032825258,0.0125132585,0.023502247,-0.005620814,-0.04952498,-0.06914879
0.018624185,0.051772144,0.05163016,0.009402476,-0.052717246,-0.09868566,-0.10320243,-0.073963486,-0.041978523,-0.038921773,-0.07333885,-0.124624826,-0.15716961,-0.1469503,-0.10047482,-0.04979454,-0.027303787,-0.042557284,-0.07710929,-0.09531081,-0.07271811,-0.016414752,0.040651903,0.06539007
0.057976034,0.10721184,0.12433186,0.10402769,0.067429036,0.047954585,0.06492555,0.10780097,0.14465903,0.1476098,0.111465104,0.058560558,0.022827765,0.024632748,0.05457095,0.08140688,0.07645809,0.035508975,-0.019465324,-0.053714085,-0.04622334,-0.0073562115,0.030249879,0.038501423
-0.19167873,-0.17807004,-0.11494832,-0.052694608,-0.038908847,-0.08169724,-0.1447645,-0.17350607,-0.13757776,-0.054001313,0.026344525,0.055683583,0.024210779,-0.031778216,-0.05939263,-0.027224528,0.048161574,0.11580548,0.12903741,0.0783526,-0.00025404082,-0.051975492,-0.04408795,0.008225557
-0.08081008,-0.0636137,-0.0732466,-0.114358984,-0.16519299,-0.1956194,-0.18764344,-0.15040845,-0.11052033,-0.09499434,-0.10893509,-0.1332781,-0.1388365,-0.10943997,-0.054045696,-0.00048884546,0.02480717,0.0154131055,-0.010054358,-0.02215243,-0.004457504,0.034472145,0.06868781,0.07122022
0.027581025,0.011998853,-0.016253155,-0.024100836,0.0077346363,0.07094051,0.13215552,0.16074568,0.1495544,0.11928961,0.10263367,0.12040984,0.16443236,0.20344424,0.20667548,0.16794716,0.10900328,0.0639551,0.05563989,0.077022925,0.096732944,0.08475562,0.035655063,-0.027568603
0.012409152,0.034265112,-0.0035266099,-0.067112714,-0.09959641,-0.06480022,0.023446709,0.111935884,0.14995685,0.1233186,0.065429956,0.03215362,0.059183143,0.13382973,0.20457202,0.22090663,0.17015275,0.08603186,0.025081964,0.02495662,0.07405226,0.1215889,0.11892693,0.053288646
-0.068668775,-0.12743042,-0.133003,-0.092252426,-0.0465691,-0.04158006,-0.090347834,-0.16391201,-0.2127015,-0.20447905,-0.14616266,-0.08070872,-0.05454023,-0.08227275,-0.13516103,-0.16494313,-0.13850993,-0.06459082,0.012498172,0.04521468,0.019635716,-0.034879617,-0.06965583,-0.053443294
-0.045526363,-0.021904992,0.036349252,0.09537137,0.12118488,0.10530405,0.06894487,0.048556846,0.06666119,0.115564,0.16161934,0.17160168,0.13690422,0.0803278,0.039004352,0.03731585,0.06806485,0.097935244,0.09407762,0.048296943,-0.015697295,-0.059814915,-0.05932166,-0.022549732
-0.004373094,0.0037023248,-0.025195392,-0.065320216,-0.08125107,-0.052664082,0.009138678,0.0679986,0.09174862,0.074449845,0.041059185,0.02659328,0.05064728,0.10299938,0.14907312,0.15678279,0.12120474,0.067863785,0.031158138,0.032346908,0.06347863,0.09079093,0.081610195,0.032081235
-0.028526403,-0.032777395,-0.07247091,-0.12581891,-0.15886085,-0.15136081,-0.109759904,-0.06601251,-0.0496767,-0.06802604,-0.09940393,-0.11219597,-0.08653014,-0.030435337,0.024492018,0.04763359,0.03219007,-0.00018069333,-0.018629923,-0.0028840757,0.04001331,0.07832628,0.08246544,0.0471131
-0.04978728,-0.1292313,-0.1805821,-0.16931811,-0.105883,-0.037798095,-0.014216208,-0.048003264,-0.10678992,-0.13899067,-0.11030518,-0.031530645,0.049359694,0.082488365,0.05363655,-0.0058813416,-0.0428922,-0.023004828,0.04411834,0.11030103,0.12537454,0.07559475,-0.0057396973,-0.06425855
0.046552103,-0.025882982,-0.07786016,-0.07483612,-0.023278534,0.032191996,0.04348057,-0.0031559456,-0.07759005,-0.12926199,-0.12330368,-0.06678456,-0.0034597958,0.017504862,-0.018487452,-0.08246195,-0.123271145,-0.106816754,-0.03977447,0.033004753,0.06150801,0.03035004,-0.030261256,-0.07027658
-0.06792074,-0.14972082,-0.19940406,-0.18485811,-0.11942433,-0.051092684,-0.02750762,-0.060858864,-0.11685538,-0.14322475,-0.10745068,-0.023827277,0.058862872,0.09179021,0.062437106,0.003616554,-0.029842785,-0.0054509705,0.062369857,0.12534827,0.13540155,0.080182076,-0.00493265,-0.063808076
-0.03067279,-0.010038622,0.050305758,0.10397532,0.107511036,0.054544773,-0.02085315,-0.06870867,-0.06132306,-0.012204902,0.032807883,0.031332612,-0.023501044,-0.09728971,-0.14038342,-0.12450459,-0.06398269,-0.0054076337,0.0077094375,-0.03142134,-0.08893559,-0.11562218,-0.084586814,-0.0107288845
0.040135246,0.06159594,0.014483386,-0.062173475,-0.10457852,-0.07363592,0.015573514,0.10505946,0.13832007,0.10012944,0.028654985,-0.013445718,0.013178256,0.09408629,0.17230606,0.1914118,0.13689986,0.04743003,-0.0135536725,-0.005696451,0.0572618,0.11923564,0.12460105,0.05904901
0.06350743,0.1364118,0.17469624,0.1614905,0.118398696,0.0867863,0.09670011,0.1460583,0.1998655,0.21750642,0.1816481,0.11396953,0.05721294,0.04320022,0.07110478,0.10806779,0.11258691,0.0676137,-0.0044662426,-0.0609182,-0.06941624,-0.03012418,0.023389293,0.04726439
-0.20416133,-0.14592224,-0.08109716,-0.06214162,-0.10518067,-0.17641304,-0.21647742,-0.18670337,-0.099548124,-0.0077610794,0.035097796,0.012884981,-0.041943133,-0.07081767,-0.037542317,0.046323765,0.12747273,0.15387005,0.11159706,0.032924607,-0.024428338,-0.022224566,0.029114807,0.08015927
0.05896842,0.12104475,0.13307358,0.08121541,-0.0019539015,-0.062321402,-0.06304196,-0.014672989,0.035470884,0.039630234,-0.015768647,-0.09859469,-0.15460858,-0.1477419,-0.08752716,-0.021972734,-0.00025429687,-0.036369547,-0.099633925,-0.13584273,-0.109412596,-0.030853607,0.050520767,0.08493456
-0.13227925,-0.12936352,-0.08186724,-0.026859788,-0.005355815,-0.030011253,-0.07859385,-0.10925297,-0.09217146,-0.032758664,0.032165535,0.06193023,0.0423537,-0.0040643574,-0.036538363,-0.02450899,0.027461309,0.082460016,0.10002451,0.06686987,0.005013889,-0.043489974,-0.04715866,-0.009153436
-0.00065196457,0.043978605,0.09266338,0.120078556,0.11663656,0.096933424,0.08472273,0.097311676,0.13095199,0.164552,0.17316411,0.14904125,0.10706674,0.07277538,0.063630834,0.07762369,0.09347001,0.0870564,0.0516016,0.0031516755,-0.03304025,-0.039992526,-0.01956155,0.007278012
-0.047156405,-0.07812402,-0.05178431,0.015039489,0.07492534,0.087192856,0.04630894,-0.013816773,-0.04537171,-0.021917485,0.040637955,0.09591711,0.102585495,0.055617932,-0.011486622,-0.050291143,-0.033687554,0.022939963,0.07288154,0.075014725,0.024371775,-0.04521329,-0.085184865,-0.067381695
0.15115349,0.18318644,0.15893476,0.10893781,0.082171164,0.10832992,0.17466018,0.23570785,0.24753954,0.20069161,0.12575142,0.07216895,0.07130194,0.11198965,0.15118183,0.14557728,0.08547701,0.0019663433,-0.05551643,-0.054864384,-0.0059400704,0.046711944,0.059312172,0.020187873
0.005363807,-0.04851363,-0.088085026,-0.095144525,-0.0764873,-0.05999629,-0.070228435,-0.11040196,-0.15974917,-0.1895649,-0.18204075,-0.14524297,-0.107399195,-0.09450322,-0.11036502,-0.1358138,-0.1422722,-0.11334588,-0.05802148,-0.005893068,0.016768243,0.006521188,-0.018133432,-0.02968289
-0.04691509,-0.030480316,0.040951855,0.10953196,0.116200425,0.046254672,-0.057999313,-0.12931055,-0.12731534,-0.06567877,-0.0022929693,0.0039240615,-0.061839674,-0.15761568,-0.21621259,-0.19674242,-0.11412082,-0.027597507,0.001796404,-0.041792303,-0.115573496,-0.15230739,-0.11385678,-0.016861713
-0.13784625,-0.19693737,-0.18773428,-0.12141892,-0.050179306,-0.025998015,-0.06457054,-0.13144255,-0.16843477,-0.13928081,-0.055149827,0.032061502,0.068134554,0.037738968,-0.02583903,-0.0645627,-0.040514454,0.03439049,0.108333394,0.12798303,0.077961855,-0.007184882,-0.06820779,-0.06626925
0.0020417967,0.023997746,0.08408704,0.14077532,0.15204455,0.11089678,0.04719855,0.0045589586,0.008893342,0.050968565,0.090396665,0.08716362,0.03355921,-0.039609108,-0.087430716,-0.083645105,-0.037678324,0.009827559,0.016430497,-0.024485467,-0.08128595,-0.1102771,-0.08731596,-0.022100393
-0.033869095,-0.06116915,-0.024748227,0.061096445,0.14537656,0.18021679,0.15145378,0.09352073,0.060118157,0.08430975,0.1523719,0.21583596,0.22653323,0.17259674,0.08822949,0.028682709,0.028318785,0.07401905,0.11873968,0.11516574,0.051332723,-0.038288027,-0.09728926,-0.09176301
-0.0047562877,0.053602304,0.11153536,0.13527766,0.11729689,0.08090953,0.060610447,0.07799047,0.124087274,0.16691199,0.17317624,0.1361874,0.07987851,0.039929867,0.0381274,0.067408495,0.09545105,0.089659855,0.044493314,-0.015756084,-0.056012254,-0.054291442,-0.016862487,0.023362603
0.07008499,0.036111355,-0.026665142,-0.06449833,-0.039797306,0.038200423,0.119366735,0.15220664,0.121636555,0.05846843,0.016621774,0.03370812,0.10178954,0.17098507,0.18922113,0.14149621,0.05965734,-0.0010397008,-0.00055378367,0.05309644,0.10891041,0.11499849,0.058695655,-0.027220609
0.04595,0.08192828,0.08318772,0.042780392,-0.016567912,-0.060211804,-0.06454032,-0.037134413,-0.009209392,-0.011430744,-0.050935782,-0.106051,-0.1417849,-0.13557233,-0.09385454,-0.048767503,-0.03201725,-0.051643193,-0.08761181,-0.105453104,-0.08206003,-0.024655296,0.03326621,0.05848874
0.026280483,0.04261221,0.077300556,0.1037619,0.099177696,0.062657766,0.015228222,-0.015804447,-0.017001186,0.002635779,0.017223476,0.00470303,-0.035682734,-0.08279155,-0.10912019,-0.10095729,-0.068345405,-0.037788633,-0.032639306,-0.053663574,-0.080004856,-0.08538474,-0.05758321,-0.0073328437
-0.09512823,-0.09359224,-0.06585476,-0.040865123,-0.04638757,-0.08722838,-0.13955139,-0.16904716,-0.15811981,-0.11794765,-0.07835178,-0.06695088,-0.089843124,-0.123909876,-0.13590115,-0.10890813,-0.054856904,-0.004414827,0.015163806,-0.0030882228,-0.036457513,-0.051263906,-0.03091086,0.012317065
0.0024338355,-0.06657505,-0.10607725,-0.09589232,-0.05358189,-0.021429813,-0.03289632,-0.08808342,-0.15313263,-0.18546307,-0.16439268,-0.10751002,-0.05726306,-0.048984036,-0.083891034,-0.13021529,-0.14489587,-0.10766769,-0.036221262,0.025678992,0.041472387,0.009335638,-0.038132347,-0.057647675
0.17662683,0.16226476,0.12134048,0.09547553,0.112565815,0.16643801,0.219354,0.23188521,0.19147824,0.12295803,0.06834243,0.05770282,0.086092226,0.11767962,0.1139311,0.062624976,-0.011918559,-0.066775225,-0.071915634,-0.03198252,0.016754743,0.034845956,0.007942718,-0.039825704
-0.030156363,-0.061478768,-0.02802163,0.05715408,0.14126703,0.17444621,0.14253163,0.080564946,0.042952448,0.06455761,0.13272081,0.1975349,0.20909329,0.15518792,0.0701888,0.009909358,0.010115669,0.05935347,0.10863527,0.1086148,0.047238387,-0.04082834,-0.10001704,-0.093508184
-0.10817528,-0.056622636,-0.008045252,-0.0053358246,-0.05726315,-0.13065247,-0.17354834,-0.15584923,-0.091587,-0.028114965,-0.00960806,-0.045902498,-0.10545514,-0.13626164,-0.10784742,-0.03390347,0.037466045,0.061025646,0.02561274,-0.036884658,-0.07308658,-0.050988786,0.013928128,0.073195696
-0.05431133,-0.012738218,-0.012007296,-0.06119495,-0.13112587,-0.17597814,-0.16539155,-0.11060461,-0.0533393,-0.034892395,-0.06479986,-0.11536454,-0.14140168,-0.113879025,-0.04468191,0.024108445,0.05029957,0.024702493,-0.0253572,-0.054511156,-0.03396172,0.024822216,0.079443134,0.09022685
-0.038738124,-0.09331254,-0.086355254,-0.029930176,0.026811069,0.035148814,-0.01820494,-0.100228816,-0.15490712,-0.14624861,-0.085029125,-0.02038507,-0.0021453993,-0.04427482,-0.114096776,-0.15647593,-0.1344321,-0.060032614,0.01610709,0.044278715,0.0098554185,-0.054923695,-0.094173804,-0.07154613
0.009221889,0.07382256,0.12931734,0.13145424,0.073344775,-0.010192197,-0.06577499,-0.0623928,-0.015877375,0.026378209,0.01999099,-0.041708656,-0.12319332,-0.17162754,-0.15696214,-0.09420934,-0.033503156,-0.019233318,-0.057981733,-0.11563092,-0.14067757,-0.10350082,-0.020942036,0.056702208
-0.08970549,-0.09328655,-0.07088244,-0.048103917,-0.04947211,-0.08164678,-0.12654044,-0.15494357,-0.14836985,-0.11320693,-0.074935906,-0.059387475,-0.073363155,-0.10075574,-0.11340643,-0.093521394,-0.047133565,-0.00053572195,0.020755691,0.008883174,-0.020799166,-0.039777953,-0.028414676,0.0066814455
0.031337254,-0.041749284,-0.07597719,-0.035542276,0.06049399,0.15396902,0.18646744,0.14556223,0.07386503,0.0348244,0.06488693,0.1462425,0.22021773,0.2303487,0.16584753,0.06929799,0.0068956874,0.015107387,0.075763844,0.13167006,0.12795709,0.053977177,-0.04664735,-0.10892327
-0.0018845103,0.020214703,0.0987523,0.17733796,0.1970882,0.14101006,0.045432672,-0.025132544,-0.027719555,0.028502524,0.08772432,0.0917475,0.023141302,-0.0804581,-0.15327857,-0.15113285,-0.08362369,-0.008347316,0.014114141,-0.033760928,-0.113661475,-0.1592764,-0.12875928,-0.035391927
-0.10219232,-0.102359325,-0.066731624,-0.030100876,-0.02801594,-0.06891288,-0.12727015,-0.16393024,-0.15468153,-0.10772835,-0.057559226,-0.039967805,-0.0644642,-0.10670303,-0.12880604,-0.10683502,-0.049162406,0.009496647,0.032779068,0.010876295,-0.032543626,-0.059149947,-0.044922125,0.0032284802
0.023438584,-0.05948398,-0.105325446,-0.06967951,0.030554084,0.13257217,0.17140733,0.1308825,0.053470142,0.0074537233,0.036668763,0.12561554,0.2112283,0.23069742,0.16903996,0.06873228,0.00023373005,0.0074700844,0.074803196,0.14029123,0.1437263,0.07033692,-0.037817817,-0.11107004
-0.022843696,-0.05880974,-0.11011211,-0.14583041,-0.14545071,-0.113073535,-0.07373975,-0.057299882,-0.07317475,-0.1046242,-0.12061859,-0.10101432,-0.051045027,0.0030448525,0.030903691,0.02132349,-0.008037634,-0.02547921,-0.011074996,0.030209295,0.07161523,0.0831945,0.054484356,0.0058203517
-0.15715007,-0.08480064,-0.013216944,0.005357813,-0.0401944,-0.1109316,-0.1465429,-0.110566154,-0.020378128,0.06702875,0.097906195,0.060880713,-0.0059995144,-0.04176839,-0.011511292,0.06950727,0.14331466,0.15701535,0.100932755,0.013270208,-0.044919893,-0.036326215,0.023539545,0.07874601
-0.019801455,-0.006278029,0.040537596,0.083307736,0.08747673,0.045154415,-0.018392885,-0.062116392,-0.06059456,-0.022868933,0.014262861,0.015671069,-0.026597839,-0.08737655,-0.12562798,-0.11523553,-0.06570554,-0.015165554,0.0005907326,-0.02710437,-0.07370143,-0.09772631,-0.073093854,-0.011734357
-0.046516236,-0.09490588,-0.06611431,0.027580068,0.12558715,0.16587044,0.12818158,0.0509576,0.0005845131,0.022273509,0.10465198,0.18877394,0.21222092,0.15612772,0.058585912,-0.012693316,-0.011014344,0.053267077,0.12155096,0.1315168,0.064607196,-0.039724436,-0.11335656,-0.10891097
0.062184084,0.022783203,-0.040486753,-0.087141946,-0.08839635,-0.05065379,-0.0089583285,-0.0011776616,-0.037657794,-0.0952775,-0.13333164,-0.12431919,-0.074533604,-0.020037627,0.0012315606,-0.02248846,-0.06780318,-0.094597645,-0.07585608,-0.018214887,0.041510187,0.065073945,0.041256633,-0.0067513953
-0.08434589,-0.043297037,7.449135e-05,0.017584773,0.0004955292,-0.031748477,-0.047439832,-0.026352717,0.023450915,0.072685,0.09235041,0.07460738,0.03821762,0.015940923,0.027346812,0.065728724,0.10123058,0.10573521,0.072468,0.02091461,-0.015746664,-0.01724632,0.0092060575,0.035541892
-0.026276618,-0.09838476,-0.14172068,-0.12613711,-0.063153386,0.0016583733,0.022633428,-0.011485973,-0.06789483,-0.09726153,-0.06918734,0.0034421405,0.07441749,0.09773565,0.062847696,0.0016728957,-0.034030184,-0.014526049,0.046600394,0.10332647,0.11083755,0.059732568,-0.016365496,-0.066679806
-0.052803323,-0.09883186,-0.10265893,-0.074241824,-0.045905933,-0.04968111,-0.09317825,-0.15378739,-0.19242544,-0.18536769,-0.14114872,-0.093776084,-0.07622754,-0.09824953,-0.1373601,-0.15618427,-0.12950593,-0.06772496,-0.00647541,0.021037953,0.004147686,-0.034903042,-0.05647505,-0.036719553
-0.13903987,-0.06992699,-0.0033009087,0.009785338,-0.041279275,-0.11675113,-0.15602322,-0.12432071,-0.040025502,0.04080381,0.0659902,0.024991821,-0.04331416,-0.078276195,-0.046390183,0.035270065,0.10963645,0.12535007,0.07261248,-0.009413382,-0.05988681,-0.043828096,0.020861864,0.07963791
0.0017413023,-0.05114326,-0.084915504,-0.080116026,-0.04715917,-0.017584225,-0.019220416,-0.0556472,-0.10368866,-0.13054562,-0.117011145,-0.073523104,-0.032007325,-0.02084012,-0.04444599,-0.08060056,-0.09645551,-0.07310023,-0.021602677,0.025546864,0.039843462,0.01712427,-0.021466121,-0.04225211
-0.04138839,0.0211304,0.08616488,0.11091448,0.08195303,0.026327161,-0.009128081,0.00623714,0.06282228,0.120281845,0.13568659,0.096665785,0.029966166,-0.016496653,-0.012379236,0.034590106,0.08287344,0.090804175,0.046375226,-0.023697888,-0.07172438,-0.06591373,-0.015597346,0.0391451
0.06161772,0.010572185,-0.07185133,-0.12510984,-0.109446615,-0.03688639,0.039502405,0.064940184,0.024531616,-0.047665615,-0.0919148,-0.06962372,0.007571001,0.08624589,0.112951465,0.07107103,-0.0039364644,-0.05286317,-0.037123464,0.03161454,0.10149359,0.118710086,0.06765539,-0.017895697
0.069865085,0.13725929,0.1697985,0.15807249,0.12414986,0.10602339,0.12715964,0.18000902,0.22900243,0.23953113,0.20157702,0.13917397,0.09134408,0.08393583,0.110641524,0.13761027,0.12928894,0.07679271,0.0050502303,-0.046178993,-0.05023301,-0.013854212,0.027621884,0.03789905
0.15354852,0.12120108,0.06161801,0.025699528,0.045176733,0.10783868,0.1670429,0.17742081,0.12797289,0.051006485,-0.0024111413,0.00024153205,0.048773643,0.09667714,0.099523336,0.045424648,-0.033106927,-0.084604405,-0.076089896,-0.018312093,0.042416606,0.059814114,0.022046357,-0.039858364
-0.12444015,-0.07742756,-0.029901937,-0.014378812,-0.03930568,-0.07835851,-0.09256927,-0.060668938,0.004088561,0.06519351,0.089263,0.06931048,0.030534877,0.012575446,0.035774,0.087781906,0.13183914,0.13604526,0.09442929,0.033442896,-0.006723799,-0.005166931,0.025225068,0.051305927
0.052060563,0.13416989,0.1658479,0.13210906,0.06666181,0.025602937,0.04528862,0.11485874,0.18374066,0.20068832,0.15039347,0.06711418,0.007798207,0.00986478,0.06374454,0.119982705,0.1263516,0.068268955,-0.019216344,-0.078930795,-0.07327962,-0.011920524,0.05528654,0.07502275
0.026852598,-0.014945121,0.0024834832,0.066832826,0.12826788,0.13948385,0.08795497,0.006394257,-0.051210437,-0.049200527,0.0014772442,0.052774448,0.05672848,0.0014420806,-0.07979643,-0.13340172,-0.12307697,-0.060471665,0.0042129983,0.023513826,-0.014488451,-0.07733749,-0.11283312,-0.08540061
-0.06879904,-0.03255901,0.05692568,0.14454246,0.17667171,0.14215758,0.076945715,0.040007234,0.065775245,0.14018796,0.2086533,0.21976313,0.16202366,0.0733252,0.012326433,0.015793975,0.06986913,0.12083128,0.11855993,0.051811572,-0.042105164,-0.10322467,-0.09439667,-0.029842349
0.08991638,0.10003803,0.06454347,0.008664018,-0.029172039,-0.026361749,0.0095133195,0.045233957,0.04649199,0.0050737527,-0.054443803,-0.0937111,-0.08873896,-0.04767877,-0.003910926,0.0076558655,-0.02272824,-0.07028592,-0.0964644,-0.07796563,-0.022986045,0.033487882,0.055200197,0.03261726
-0.17484967,-0.16572565,-0.11033091,-0.05238969,-0.035245135,-0.066519186,-0.115841605,-0.13827395,-0.10632016,-0.03180859,0.042145513,0.072378784,0.04907191,0.0026331341,-0.02281614,0.0008812955,0.06305735,0.120983966,0.13139537,0.086035535,0.015368738,-0.03554507,-0.03693559,0.0032255447
0.038025185,0.06427828,0.027636338,-0.040591072,-0.083544075,-0.062353995,0.014474944,0.09685921,0.13176546,0.101191245,0.03583121,-0.008333392,0.008123128,0.07713946,0.14912891,0.17149697,0.12638664,0.045386065,-0.014787735,-0.013818,0.040730905,0.099751905,0.1109047,0.057654057
0.1639298,0.20633185,0.18440259,0.1268891,0.08870933,0.107916445,0.17540781,0.24370815,0.26163277,0.21316214,0.12738337,0.060601845,0.052655388,0.0960923,0.14395536,0.1461827,0.085723236,-0.0069876635,-0.074190415,-0.07570349,-0.020498965,0.04372629,0.066418484,0.030507548
-0.019217288,-0.008501614,0.03559612,0.08108768,0.09353465,0.063298866,0.010996739,-0.027208943,-0.027006088,0.0069726603,0.04343572,0.04915651,0.013996666,-0.040927492,-0.0796135,-0.07723184,-0.038910903,0.0037955658,0.01715993,-0.008726846,-0.053292025,-0.0810997,-0.067918375,-0.01906621
-0.013377332,-0.016872784,-0.079518974,-0.16397381,-0.21405862,-0.19924758,-0.1329931,-0.06583102,-0.045404594,-0.0823174,-0.14013028,-0.16514868,-0.12662435,-0.040234454,0.04286261,0.073446326,0.04111697,-0.017199704,-0.04698879,-0.018339278,0.052840434,0.11617503,0.123926915,0.06727535
-0.07337182,-0.13255017,-0.17117146,-0.16695185,-0.12755515,-0.084567234,-0.069604665,-0.0908257,-0.12619485,-0.14190046,-0.115771584,-0.05624485,0.004489833,0.03334074,0.021399518,-0.010941635,-0.028121915,-0.00820441,0.041074764,0.08747407,0.09803928,0.063729316,0.0075506372,-0.034239963
-0.121552035,-0.11538396,-0.068693295,-0.024175415,-0.023492526,-0.07417865,-0.14294223,-0.1819543,-0.16456908,-0.104575075,-0.04510053,-0.02825926,-0.06305864,-0.11692023,-0.14216202,-0.11249972,-0.04171149,0.026005706,0.04727425,0.012947315,-0.043409843,-0.07348385,-0.051627986,0.008004804
-0.15092233,-0.14307056,-0.0978732,-0.051525213,-0.04006592,-0.069987915,-0.11509115,-0.13556686,-0.1094024,-0.04798368,0.012263478,0.036271334,0.01635023,-0.02158748,-0.04005917,-0.016550332,0.03766097,0.08700403,0.09794932,0.06310132,0.007231938,-0.03142322,-0.029235585,0.00558113
0.10957122,0.12399397,0.0669685,-0.023198666,-0.08366318,-0.07357592,-0.0049174353,0.06324486,0.07447598,0.015796348,-0.07351655,-0.13106678,-0.11569375,-0.040415622,0.03665064,0.057467416,0.008568506,-0.07039775,-0.118198834,-0.09253145,-0.0070001124,0.07762398,0.10344617,0.058743317
0.1574197,0.14317867,0.10767766,0.088071436,0.107160605,0.1563792,0.20180339,0.21009336,0.17215575,0.11168578,0.06603773,0.059566785,0.08546867,0.11103732,0.104103066,0.055680905,-0.010893579,-0.057417843,-0.059424605,-0.02397072,0.016727969,0.029063262,0.0027449222,-0.03992905
-0.09766055,-0.046349153,0.004050868,0.0094732465,-0.039904777,-0.11163637,-0.15515071,-0.140818,-0.08095174,-0.020412754,-0.0032679262,-0.039967228,-0.09891476,-0.13041742,-0.10556599,-0.036444914,0.031346858,0.05340438,0.01908861,-0.039625213,-0.0735567,-0.053912334,0.0076540494,0.066569254
-0.0013936657,0.06481899,0.133298,0.16519818,0.14991376,0.11356363,0.09418733,0.114951916,0.16768575,0.21795902,0.22793856,0.18776941,0.12331044,0.074971005,0.0678693,0.096175455,0.12582587,0.118964955,0.0650715,-0.0077748317,-0.058246944,-0.061482515,-0.023006147,0.02185065
-0.19171794,-0.1876141,-0.134131,-0.0761649,-0.06011274,-0.0980373,-0.15862906,-0.19030769,-0.16150895,-0.08442754,-0.0047235102,0.030605845,0.007972913,-0.041682523,-0.06857683,-0.0402748,0.03145901,0.10088879,0.12176355,0.080429904,0.007958176,-0.043624114,-0.04115174,0.0052310475
-0.008310032,-0.062394306,-0.14123234,-0.19076924,-0.17679289,-0.111074746,-0.040613756,-0.013736848,-0.0423523,-0.096365415,-0.12294035,-0.09006196,-0.0099086445,0.06990011,0.10211623,0.073346004,0.0153602585,-0.01975796,-0.0005488021,0.061154157,0.12011538,0.12987569,0.07764289,-0.005338947
0.026771998,-0.013487349,0.0032876371,0.06149956,0.113606386,0.114861384,0.05580839,-0.029268317,-0.087219484,-0.08555848,-0.03791173,0.008632583,0.009600145,-0.045270387,-0.12228817,-0.16859062,-0.15152463,-0.08544328,-0.018374516,0.0044549536,-0.028946858,-0.08589263,-0.11286598,-0.07813779
0.0970186,0.10221418,0.06076166,-0.004399637,-0.053444657,-0.060018767,-0.030638605,-0.0007607643,-0.004976568,-0.05156795,-0.11663492,-0.16030735,-0.1558696,-0.1113542,-0.06246916,-0.04573012,-0.070304826,-0.11264752,-0.13338989,-0.105749734,-0.04002619,0.025589518,0.054940097,0.03947418
-0.063369386,-0.11847831,-0.10293679,-0.03495518,0.027443487,0.03229235,-0.029413493,-0.11703282,-0.1690422,-0.14956339,-0.07548522,-0.003991149,0.011245142,-0.039366987,-0.11561848,-0.15701929,-0.12665701,-0.042164035,0.03775289,0.05963644,0.013272056,-0.061256897,-0.1032303,-0.07524474
0.027390614,0.048639286,0.020318035,-0.027712157,-0.04901315,-0.01613128,0.0580056,0.13057058,0.16012304,0.13582343,0.08635186,0.057691824,0.07768311,0.1349237,0.18781267,0.19575834,0.14845671,0.07509216,0.022837128,0.020593211,0.05854976,0.09575599,0.09202885,0.036608696
0.15340413,0.18776432,0.15426455,0.08765275,0.046002384,0.06683267,0.13921356,0.21067506,0.22737883,0.17490262,0.08782325,0.024551518,0.02429566,0.07715726,0.13295831,0.13802366,0.07725833,-0.014099371,-0.07785699,-0.07427251,-0.011784068,0.05762748,0.079224534,0.0367034
-0.03955906,0.046639524,0.13668862,0.17319122,0.13722992,0.0652354,0.018618286,0.038190443,0.111829214,0.1863844,0.20444967,0.14923069,0.057049308,-0.008862641,-0.0076850215,0.05077556,0.112012185,0.11973095,0.05752991,-0.037295807,-0.101476446,-0.09417921,-0.02684822,0.047173537
0.009094676,0.017859278,0.049297538,0.07382881,0.0661313,0.021751203,-0.037913542,-0.080257416,-0.08622947,-0.06432078,-0.0436837,-0.050320636,-0.08879879,-0.13824077,-0.16603117,-0.15319349,-0.109042935,-0.06454817,-0.04671498,-0.0611903,-0.088159226,-0.094840005,-0.062769644,-0.0042242757
0.014337642,-0.033918794,-0.015429127,0.05202681,0.11268207,0.11515445,0.048847362,-0.046869922,-0.110892266,-0.10582755,-0.047407158,0.009393837,0.012862092,-0.048102148,-0.13469827,-0.18620488,-0.16483736,-0.08714986,-0.009871536,0.015103164,-0.024829343,-0.091774665,-0.12505536,-0.08719006
0.07766286,0.15186667,0.18241659,0.15935388,0.111329906,0.08516035,0.10861847,0.16987367,0.22535501,0.2342129,0.1862957,0.11203448,0.0589648,0.05707957,0.09550419,0.13255472,0.12601715,0.06714807,-0.013183515,-0.06657145,-0.06290596,-0.013036113,0.03916401,0.052122813
-0.12915179,-0.1731254,-0.14621373,-0.0635768,0.018734729,0.04860976,0.014824821,-0.04405013,-0.07095041,-0.03234658,0.056478016,0.14087047,0.16759396,0.1262085,0.054157205,0.009270278,0.026476232,0.09170155,0.15155675,0.15298328,0.086265005,-0.009811666,-0.076348014,-0.07645645
0.11193987,0.1231338,0.06664153,-0.023300482,-0.0878207,-0.090390995,-0.04064057,0.011452658,0.015350594,-0.043063384,-0.1295555,-0.18646216,-0.17650121,-0.110804655,-0.03915079,-0.013765541,-0.050123643,-0.114635155,-0.14956117,-0.11850372,-0.03410013,0.052371632,0.08881673,0.058876865
0.016955545,-0.058347173,-0.11708479,-0.12786685,-0.09627388,-0.060893018,-0.060448125,-0.10700943,-0.17523116,-0.22177856,-0.21534811,-0.16319105,-0.10378829,-0.07805046,-0.098257944,-0.14127994,-0.16348527,-0.13477951,-0.064134456,0.008700483,0.04357755,0.027533464,-0.016837653,-0.046350323
0.05727505,0.029096091,-0.021678207,-0.049833182,-0.025169125,0.04188694,0.10912208,0.13566339,0.11079871,0.060474187,0.029172592,0.04635553,0.10257292,0.15647186,0.16774972,0.12611936,0.058450714,0.009706648,0.010919772,0.052182958,0.09283584,0.09381753,0.045925554,-0.025270564
-0.057000566,-0.10468587,-0.10213448,-0.059727237,-0.017617198,-0.015944049,-0.063109644,-0.13018462,-0.17193261,-0.16078813,-0.10659811,-0.050386656,-0.032648876,-0.063449904,-0.11456854,-0.14173591,-0.11672376,-0.050181124,0.01597519,0.040161204,0.012195004,-0.039378613,-0.06970781,-0.050871376
0.017796569,-0.058169752,-0.10901075,-0.10810312,-0.06767287,-0.030902116,-0.03745033,-0.093301594,-0.16498087,-0.20675598,-0.19197166,-0.1345965,-0.07822584,-0.0638619,-0.097092524,-0.14639485,-0.16512622,-0.1289572,-0.053747654,0.016223818,0.040524334,0.013355645,-0.033801306,-0.056771383
0.11396874,0.054831617,-0.035825565,-0.098798476,-0.09601142,-0.042678334,0.009656597,0.010390022,-0.051330157,-0.13913782,-0.1941193,-0.18027194,-0.11122517,-0.040694855,-0.019114649,-0.059581444,-0.12581562,-0.15977395,-0.1257607,-0.03942792,0.04545634,0.07753801,0.044082697,-0.020506592
-0.16410394,-0.15662754,-0.11080379,-0.05962764,-0.038315337,-0.054886553,-0.08728898,-0.099421225,-0.06930127,-0.005511167,0.058791593,0.08954253,0.077136114,0.044105235,0.024476435,0.041390486,0.08675808,0.12879294,0.13508387,0.09698507,0.03633192,-0.0114381695,-0.02213031,0.00012772002
-0.106438965,-0.13756426,-0.12937462,-0.090095766,-0.04962604,-0.037363775,-0.05931818,-0.09316042,-0.106517166,-0.08186476,-0.027964342,0.024782397,0.04623053,0.030010171,-0.0025058873,-0.018851386,-0.00068156485,0.043192778,0.08354315,0.089634515,0.055433843,0.0036452827,-0.03180118,-0.032402117
-0.027075801,-0.054397535,-0.02629837,0.045995425,0.11710659,0.14434443,0.11656885,0.063550875,0.031447917,0.050058343,0.1087009,0.16430408,0.17423768,0.12861729,0.05686846,0.006134863,0.006912255,0.049800962,0.092412055,0.09240857,0.04038379,-0.03444971,-0.08489775,-0.07935014
-0.06890055,-0.023004325,-0.018531393,-0.067605026,-0.14142208,-0.19061172,-0.18147983,-0.12358544,-0.06037428,-0.03700183,-0.06607023,-0.11944264,-0.14864053,-0.12117885,-0.04798844,0.027064338,0.05772406,0.031863246,-0.022040369,-0.0549427,-0.0354733,0.0253957,0.08371628,0.09663912
0.081982926,0.049380656,-0.006174432,-0.034202646,-0.004082673,0.07279928,0.14856167,0.17586029,0.14356709,0.08355918,0.04641943,0.063803844,0.124591455,0.1823816,0.19080383,0.13861907,0.058992766,0.003423606,0.004068995,0.051059153,0.09853604,0.09986042,0.044164427,-0.03482388
-0.049500693,-0.13217193,-0.18475795,-0.16870683,-0.09690171,-0.021099994,0.007033208,-0.025775049,-0.08624421,-0.11945494,-0.0879524,-0.0036935953,0.08078452,0.11364515,0.08140836,0.015583766,-0.027076285,-0.008722764,0.059429143,0.124671936,0.13672736,0.082383245,-0.0062392205,-0.07171329
0.008052596,-0.060012363,-0.15700498,-0.21891221,-0.2056144,-0.13365549,-0.060109027,-0.03979048,-0.08415254,-0.15569921,-0.19174089,-0.15461035,-0.06065299,0.031627905,0.06699563,0.032105204,-0.034490988,-0.070965454,-0.03872443,0.04510587,0.122557096,0.13880005,0.082260266,-0.00922885
0.025608918,-0.012079936,-0.065705806,-0.09403185,-0.07290694,-0.012027937,0.0491255,0.07064891,0.04543215,0.0008029123,-0.021606795,0.0020992646,0.061025623,0.116530605,0.13030845,0.094411865,0.038144026,0.002937776,0.011460376,0.054865386,0.09566098,0.09565143,0.047459558,-0.019131137
0.041175418,-0.0018186043,0.008530369,0.061597772,0.113611594,0.118414275,0.06286028,-0.021781662,-0.083507225,-0.088253886,-0.045460023,0.0007361898,0.0047112023,-0.04730639,-0.123581275,-0.172574,-0.15983166,-0.09641169,-0.02789694,-0.0011191326,-0.030169345,-0.08386206,-0.11045554,-0.07891725
0.01055726,-0.030159945,-0.054924466,-0.037203934,0.019158456,0.08283364,0.11633086,0.10547334,0.069093846,0.043728225,0.05616045,0.10347066,0.15428703,0.17210317,0.14331281,0.08674269,0.040602703,0.032415543,0.060549196,0.094027825,0.09677051,0.0554033,-0.009384414,-0.059786115
-0.045691192,0.012791171,0.03610375,0.010699986,-0.03944348,-0.06912948,-0.04724561,0.018176854,0.086971305,0.11712389,0.094751604,0.04405867,0.010080291,0.024203256,0.07873379,0.13409665,0.14832987,0.10880066,0.040227566,-0.011123836,-0.01318974,0.026339862,0.06829238,0.07277158
-0.11929289,-0.07390437,-0.026178304,-0.009720621,-0.03389126,-0.074951075,-0.09414994,-0.06790381,-0.0063751303,0.05472779,0.08080619,0.06259195,0.022712646,0.0007049887,0.019492095,0.07042772,0.117326885,0.12653649,0.08954079,0.0295446,-0.013143687,-0.013794165,0.018264469,0.0491084
0.19608809,0.15756302,0.087293446,0.046150982,0.07232705,0.14961383,0.22013046,0.22969602,0.1671495,0.072829805,0.008066909,0.0114756245,0.069340535,0.124299705,0.122919805,0.053741172,-0.042874675,-0.10520425,-0.0937814,-0.023180442,0.048660744,0.0668487,0.0202533,-0.052783135
-0.0014152293,-0.039148852,-0.09800036,-0.13787684,-0.13055201,-0.08101637,-0.024279466,0.00038078695,-0.018563768,-0.059845783,-0.08360093,-0.062989116,-0.0038471108,0.058561087,0.08585827,0.06532574,0.019891411,-0.011159,-0.0017050736,0.04345827,0.09005142,0.10024389,0.062264014,-0.0008501825
-0.00050256,0.01665486,0.07040949,0.12001832,0.12599114,0.078379035,0.0058565475,-0.04502271,-0.046331566,-0.007633194,0.030628335,0.028891899,-0.022256872,-0.09427582,-0.14050804,-0.13227586,-0.08009945,-0.025400842,-0.008581639,-0.04036752,-0.09228728,-0.11747987,-0.088421784,-0.018134402
-0.117817715,-0.14823276,-0.14074409,-0.10312402,-0.064014725,-0.049694728,-0.06634886,-0.094356135,-0.10381136,-0.077918805,-0.024661662,0.027447455,0.051174182,0.040138472,0.01238894,-0.0019930806,0.0148136215,0.055089764,0.09121563,0.09654426,0.0645892,0.014110537,-0.023530131,-0.0283203
0.11854606,0.1278369,0.06612553,-0.029792314,-0.09831323,-0.09989205,-0.044722535,0.011613789,0.01472878,-0.04853035,-0.1404701,-0.20026292,-0.18760687,-0.11490118,-0.037336994,-0.01172897,-0.05216397,-0.12102583,-0.15838404,-0.12397197,-0.031619012,0.060515665,0.09601825,0.06173374
0.014212474,-0.07542283,-0.13892831,-0.14317161,-0.10040942,-0.059525307,-0.06551646,-0.1271025,-0.20885187,-0.25861707,-0.2435354,-0.17750537,-0.1100412,-0.08794833,-0.11997449,-0.17320977,-0.19486831,-0.15395673,-0.06657066,0.016512468,0.049118154,0.022656236,-0.030907867,-0.06018221
-0.011039675,0.007074303,0.07484035,0.13857645,0.14676172,0.087192364,-0.0047018486,-0.07085944,-0.073565796,-0.02313076,0.028346678,0.029430438,-0.03240967,-0.121999964,-0.18100293,-0.1712876,-0.10351472,-0.031343307,-0.0076635173,-0.04545833,-0.11085007,-0.14588392,-0.112194076,-0.02321865
-0.058159467,-0.06654781,-0.11187408,-0.16987209,-0.20485696,-0.19597383,-0.15186606,-0.10516836,-0.08670191,-0.10437318,-0.13489258,-0.14359666,-0.1106998,-0.046001285,0.01663432,0.044987902,0.031314082,-0.0011355766,-0.01683824,0.004492792,0.05236147,0.09310575,0.09554953,0.05427437
-0.045701712,-0.06887068,-0.049380273,0.0033085851,0.054354127,0.07181449,0.048367005,0.008343242,-0.012681403,0.0060264966,0.054775435,0.100184046,0.10949495,0.07675659,0.026280452,-0.0058119725,0.00185953,0.039703783,0.074676104,0.07450907,0.03396929,-0.022239154,-0.0581807,-0.052667353
-0.007355551,0.010505153,0.07197044,0.13026603,0.14004275,0.09106167,0.014023564,-0.040967345,-0.04126545,0.004138753,0.049761698,0.050417393,-0.0045395186,-0.084124014,-0.13726589,-0.13085723,-0.07379399,-0.013159705,0.0038528205,-0.033094775,-0.09318013,-0.12583655,-0.09819828,-0.021952827
-0.038361434,-0.016464865,0.056693513,0.12781128,0.14401636,0.0937505,0.01267067,-0.04220065,-0.034964584,0.023706244,0.08196379,0.08812852,0.03019314,-0.055811472,-0.113263436,-0.10513329,-0.042419206,0.022946797,0.03822524,-0.008293141,-0.08160227,-0.12517148,-0.10253342,-0.024397682
-0.03382974,-0.061330527,-0.025032865,0.054050334,0.123563774,0.1405798,0.09794298,0.03274065,-0.0019641425,0.023032222,0.08867911,0.14494428,0.14832497,0.09264762,0.013567953,-0.03476221,-0.02220992,0.033138707,0.082067005,0.081966564,0.024387749,-0.055151135,-0.100975245,-0.0809404
0.007232605,-0.030051759,-0.046837498,-0.021388544,0.037107766,0.096301064,0.12186828,0.10594406,0.07070357,0.051125966,0.068808295,0.11579978,0.15993929,0.16843389,0.13343503,0.07775178,0.037600055,0.035165228,0.06371535,0.091811694,0.08720469,0.042157,-0.019678835,-0.062069878
-0.11655135,-0.119029224,-0.082538985,-0.04550383,-0.045489077,-0.092196144,-0.15874447,-0.20148276,-0.19212353,-0.14030315,-0.084549546,-0.0638726,-0.08984076,-0.13645948,-0.16048852,-0.13404188,-0.06648839,0.00177796,0.030838536,0.008637277,-0.03925178,-0.06786842,-0.048845306,0.0068892767
-0.03873157,-0.037667125,-0.08176228,-0.14624022,-0.18917325,-0.18447798,-0.13764735,-0.083203286,-0.05810034,-0.076215014,-0.114592224,-0.1339429,-0.108709246,-0.04526303,0.022262344,0.055959426,0.042178556,0.0029350666,-0.022599313,-0.009039288,0.038722396,0.0879081,0.10064304,0.06267788
0.1026358,0.039676756,0.004288719,0.02558172,0.08839203,0.14419857,0.14728367,0.0904811,0.009747266,-0.0423441,-0.03596396,0.014421755,0.061209522,0.059009477,0.0011362212,-0.07699409,-0.1224517,-0.1059201,-0.042583562,0.019338263,0.03452087,-0.004881558,-0.063958414,-0.091599524
-0.21408673,-0.1426392,-0.0648626,-0.043666035,-0.09659059,-0.18151623,-0.22933789,-0.19613989,-0.096182644,0.008157247,0.05322597,0.020734822,-0.048971005,-0.08719354,-0.051644843,0.044631306,0.13917422,0.16864273,0.1159677,0.022466443,-0.043614253,-0.038182188,0.027208619,0.09271272
0.048993804,0.12794422,0.1581647,0.12420186,0.05791264,0.016490947,0.036785793,0.106006905,0.17367052,0.19013543,0.14058281,0.05808283,-8.1473416e-05,0.003960334,0.05889932,0.114915535,0.12167757,0.06540442,-0.021375496,-0.07966663,-0.07142836,-0.009396013,0.055990413,0.07543288
0.031265896,0.05071561,0.0071004457,-0.06244005,-0.099304646,-0.06634134,0.02204386,0.10942546,0.14220372,0.10745414,0.042080272,0.004553039,0.03174474,0.11000834,0.1839679,0.19986698,0.14565939,0.05939029,-0.0001745115,0.0057928013,0.06437204,0.12008702,0.119857535,0.05370195
-0.106841326,-0.03384108,0.037169684,0.057168044,0.015551481,-0.050454073,-0.08462887,-0.05368156,0.02542463,0.10022354,0.12099303,0.078133464,0.008734173,-0.030455792,-0.0078746,0.06145845,0.123658426,0.1303962,0.07419721,-0.0076354947,-0.059121564,-0.048120115,0.010329108,0.06498432
-0.028436821,-0.07941654,-0.11047854,-0.10100452,-0.06063644,-0.02007742,-0.008203246,-0.03188892,-0.06967686,-0.08866574,-0.068281285,-0.018255152,0.029954925,0.04715414,0.026633194,-0.0110933855,-0.03207396,-0.015658937,0.027719164,0.0669316,0.07395184,0.04205265,-0.008208947,-0.04184793
0.07970782,0.08116514,0.040446915,-0.01935469,-0.060900357,-0.06180724,-0.03020058,-0.0004128083,-0.0033485831,-0.04489205,-0.10124696,-0.1360554,-0.12698539,-0.08338678,-0.038555317,-0.025169581,-0.049279746,-0.08793366,-0.10607563,-0.08123877,-0.023437409,0.032604896,0.054532457,0.035465084
-0.16023275,-0.1471071,-0.089997396,-0.030249026,-0.009181198,-0.036364194,-0.08419456,-0.106384866,-0.07536941,-0.0033673975,0.06750938,0.09591092,0.07106938,0.021355757,-0.008048194,0.011857037,0.06952089,0.12263852,0.13109295,0.08467724,0.012168902,-0.03955682,-0.040264167,-0.0011936169
0.02118405,-0.0361488,-0.07613927,-0.07735487,-0.047628228,-0.018306581,-0.019063644,-0.05778741,-0.111700594,-0.14551672,-0.13706766,-0.095291734,-0.051845018,-0.038060267,-0.060765203,-0.09942963,-0.11753631,-0.09405415,-0.0399084,0.012841813,0.033702686,0.014844984,-0.022468647,-0.043156397
0.017683787,-0.058587056,-0.11376538,-0.11415468,-0.06787731,-0.018989831,-0.011926826,-0.05859666,-0.12976909,-0.17686202,-0.16627106,-0.10665681,-0.04158917,-0.017094184,-0.046202123,-0.101336494,-0.13369529,-0.110104024,-0.03919813,0.03418115,0.06377539,0.03562876,-0.022315748,-0.061033826
0.034425817,0.04725404,0.08867811,0.12702116,0.13117282,0.09426128,0.03738964,-0.006246365,-0.014025525,0.009158021,0.03303472,0.026668686,-0.01720851,-0.07719486,-0.118344344,-0.11798441,-0.08115858,-0.039648335,-0.027006859,-0.05002767,-0.08685314,-0.10371734,-0.0788884,-0.020068366
0.015945073,-0.03990511,-0.12286716,-0.17471205,-0.15791547,-0.08617272,-0.012118286,0.012567553,-0.023987502,-0.087952234,-0.121956795,-0.090222135,-0.006196619,0.07669317,0.1065487,0.070236765,0.0027618743,-0.038808193,-0.017457535,0.053017955,0.11948267,0.13045095,0.07477456,-0.012863794
-0.12551662,-0.10855219,-0.053793132,-0.0003440785,0.014751447,-0.015784433,-0.0640413,-0.08601868,-0.057897948,0.006350091,0.06652046,0.08557888,0.055198118,0.004180518,-0.023853535,-0.0038918708,0.05040655,0.09835905,0.10397813,0.058724884,-0.007872373,-0.050085295,-0.04252985,-0.000118332784
-0.060116652,-0.11323725,-0.14880279,-0.14406103,-0.106181696,-0.06547492,-0.051435936,-0.070634365,-0.10333642,-0.11887136,-0.09587941,-0.041894417,0.011868804,0.035925217,0.023114268,-0.007564885,-0.024728457,-0.0073512476,0.03727874,0.07780245,0.086002894,0.055735227,0.005614126,-0.0324771
0.03174131,-0.0095987255,-0.071667105,-0.10672521,-0.08499228,-0.018265221,0.048646603,0.0718651,0.042032473,-0.010924959,-0.03931541,-0.014232713,0.0530025,0.117407754,0.13509472,0.09620873,0.03202266,-0.009258224,0.0020138305,0.05486004,0.104477726,0.107213035,0.05485037,-0.020587789
0.05977218,0.12777063,0.13800982,0.079585716,-0.008757701,-0.06742662,-0.058902293,0.0011445154,0.057984844,0.060343284,-0.0025355371,-0.09188733,-0.1476406,-0.1331491,-0.06338762,0.0062425397,0.022712572,-0.024544198,-0.097454466,-0.13599092,-0.10403646,-0.018281462,0.06482247,0.09251859
-0.1287598,-0.08176825,-0.034657303,-0.02237728,-0.052743834,-0.09925318,-0.121571235,-0.095161445,-0.03197202,0.02936274,0.052870985,0.031347744,-0.0094415415,-0.02893638,-0.004596847,0.05279915,0.10371673,0.11309988,0.07613745,0.018864423,-0.019022617,-0.014276853,0.023076741,0.056000505
0.03013443,0.043889485,0.09503142,0.1466614,0.1581889,0.1167641,0.04680125,-0.007886634,-0.01748788,0.01321945,0.047638245,0.04578774,-0.005323336,-0.08039498,-0.13381408,-0.13539419,-0.09057463,-0.037667785,-0.019162573,-0.0481938,-0.097972676,-0.123583004,-0.097346574,-0.028365543
0.05666773,0.0130394045,0.022214096,0.076426044,0.13229032,0.1423939,0.091423474,0.007980534,-0.05638717,-0.065046266,-0.024461504,0.021735873,0.026846236,-0.024871675,-0.10376487,-0.158634,-0.15240125,-0.09283303,-0.025783954,0.0011450285,-0.027136311,-0.08185652,-0.112377174,-0.08461931
0.022382524,0.06392511,0.09857405,0.09527885,0.04831472,-0.01833867,-0.065422,-0.07021184,-0.042984277,-0.017109247,-0.024054235,-0.070311315,-0.13163176,-0.16936313,-0.15964147,-0.112918,-0.0642891,-0.04649842,-0.068226315,-0.10612606,-0.120279334,-0.087427184,-0.020774623,0.042388834
-0.04777539,0.008003324,0.06547495,0.087108225,0.06227119,0.014782754,-0.015074293,0.00030897534,0.052536286,0.10520533,0.12019545,0.08713136,0.030308736,-0.009221273,-0.004312649,0.038425088,0.081819504,0.088226445,0.04825634,-0.013938359,-0.057215616,-0.05355243,-0.009865757,0.036562584
0.032658957,0.0023097103,-0.043516655,-0.066215836,-0.042745244,0.01532123,0.070839256,0.09001731,0.06663624,0.025280997,0.0039730105,0.025191583,0.077902354,0.12546517,0.13434288,0.09839926,0.043296177,0.0075064497,0.014505861,0.05307316,0.087069176,0.08426245,0.039239027,-0.022690367
0.11863874,0.13157389,0.08248294,0.0033590426,-0.051889755,-0.04895938,0.0025663564,0.054074947,0.057917662,0.0028184317,-0.078486964,-0.13248725,-0.12426612,-0.06451348,-0.0015263378,0.015686166,-0.024996607,-0.090444826,-0.12789027,-0.10252923,-0.026559431,0.050463047,0.079088345,0.0482395
0.085602365,0.050187122,-0.02015595,-0.060162142,-0.025966456,0.07283284,0.17777637,0.22554389,0.1952478,0.12301775,0.07408436,0.09334651,0.17223446,0.2536627,0.27479866,0.2150282,0.11184124,0.03271491,0.024100251,0.07853122,0.13967697,0.14441948,0.07310052,-0.034531176
-0.010337684,0.009432546,0.07957713,0.14485683,0.15228537,0.08880398,-0.008124133,-0.07717916,-0.07968389,-0.027365278,0.025601039,0.025831498,-0.039528046,-0.1332961,-0.19420946,-0.18259029,-0.11117767,-0.035687085,-0.010828822,-0.05059028,-0.11865398,-0.15361656,-0.1165435,-0.022971993
0.022855785,-0.032839544,-0.062298402,-0.033473894,0.042215925,0.12181684,0.15857273,0.13692313,0.08498908,0.052587315,0.072503574,0.13513958,0.1969687,0.21283162,0.16850308,0.09193907,0.035115432,0.031948633,0.07245972,0.11476543,0.11530651,0.059377424,-0.024532625,-0.083412126
-0.027019331,0.07047783,0.17016673,0.21322119,0.18154131,0.11240712,0.06853442,0.09323617,0.17296006,0.2511662,0.2681426,0.20814864,0.10890145,0.035970047,0.032677896,0.088778704,0.14600067,0.1458788,0.07433255,-0.03070373,-0.10344249,-0.09942902,-0.03085842,0.043637633
0.019798024,-0.039099075,-0.1225965,-0.17245156,-0.1538484,-0.08291869,-0.0126335975,0.007086719,-0.033025436,-0.09757154,-0.12950596,-0.09579993,-0.01264859,0.06653056,0.09248784,0.054395787,-0.011010563,-0.047663648,-0.022310233,0.048881188,0.11398245,0.1238492,0.0688463,-0.015715493
0.12627682,0.093353376,0.04288544,0.016132263,0.03673601,0.090773,0.13739014,0.1394886,0.09259717,0.02794704,-0.012026544,-0.0036132352,0.04082617,0.08002143,0.07714176,0.027173206,-0.038236678,-0.07587823,-0.0617647,-0.008850192,0.04053847,0.048602864,0.01132626,-0.039779663
0.019856432,-0.03330966,-0.06476662,-0.056308813,-0.020344095,0.010955922,0.008708805,-0.03143106,-0.08382219,-0.11318623,-0.100524634,-0.058034007,-0.018702015,-0.011837762,-0.041530233,-0.08352939,-0.10190329,-0.07844123,-0.026787104,0.020576106,0.03431031,0.00913899,-0.030726198,-0.049270075
-0.039364103,-0.01662585,0.051726453,0.11273701,0.11785629,0.057545923,-0.030774726,-0.08803221,-0.08038418,-0.023383297,0.029996533,0.030940685,-0.030204572,-0.11559055,-0.16674013,-0.14837413,-0.07720706,-0.007791961,0.010539431,-0.032894712,-0.100942954,-0.13400294,-0.098064765,-0.012456924
-0.006144563,0.02086211,0.07961749,0.12727895,0.12667,0.07486133,0.006626465,-0.032754876,-0.022192061,0.022347108,0.05824862,0.048553426,-0.009201554,-0.08017014,-0.118647374,-0.10256371,-0.048924074,-0.0006032843,0.0037852866,-0.039023027,-0.093244314,-0.112982094,-0.07852433,-0.007849228
-0.04494884,-0.100060955,-0.1348583,-0.12361528,-0.07325011,-0.019913122,-0.00026977004,-0.021993466,-0.060866732,-0.08046081,-0.05630277,0.0035943075,0.062955335,0.08537483,0.06250264,0.018655209,-0.008768657,0.0042109913,0.050969895,0.09451983,0.09924239,0.058429457,-0.0025363467,-0.047311913
0.031795446,0.005754282,0.032248452,0.09609847,0.1515779,0.15669623,0.104769744,0.031456247,-0.0154971415,-0.0089233685,0.036470283,0.076449655,0.070361614,0.011766405,-0.06478705,-0.110719785,-0.099612996,-0.045907665,0.006666082,0.015998617,-0.025074217,-0.08255696,-0.10879401,-0.0780265
0.004397954,0.01811881,-0.015344677,-0.07270363,-0.11151055,-0.10240576,-0.049629007,0.010380435,0.037643872,0.017218437,-0.0285576,-0.058364794,-0.043193974,0.012590632,0.07340532,0.09870229,0.07386949,0.021386132,-0.017571386,-0.013647652,0.029794807,0.07817642,0.09070263,0.053069085
-0.072814114,0.0104444,0.0939198,0.1192111,0.07161948,-0.009326325,-0.059741262,-0.03831814,0.040953718,0.12015683,0.14017244,0.085882865,-0.0033368743,-0.062443584,-0.049939334,0.022580227,0.096008144,0.11085295,0.052043643,-0.040721875,-0.10169802,-0.088033944,-0.0124841845,0.0649091
-0.04939006,-0.08491514,-0.05136061,0.038050722,0.1282126,0.16703261,0.13865642,0.077543184,0.041048475,0.06676598,0.1423257,0.21504475,0.2320972,0.17982109,0.092673935,0.029528331,0.029511213,0.081297375,0.13233759,0.13126972,0.06522564,-0.030981297,-0.09832132,-0.09633586
-0.046139173,-0.07994785,-0.0817396,-0.05987615,-0.040315185,-0.04698223,-0.08353434,-0.1303693,-0.15782854,-0.15001093,-0.11503895,-0.08001984,-0.069920175,-0.089300714,-0.11851054,-0.12887466,-0.10397439,-0.053819265,-0.0072063203,0.011008842,-0.0034155468,-0.031002542,-0.04302658,-0.024288401
0.17845173,0.14768395,0.09542097,0.069316484,0.0949789,0.15697801,0.20984122,0.2120906,0.15771487,0.08119291,0.030662712,0.032826,0.07362559,0.108719565,0.0988407,0.037401326,-0.040941484,-0.08793515,-0.07794398,-0.024883548,0.02810644,0.039948408,0.002683329,-0.05106146
0.037448406,0.08386138,0.12001136,0.11564275,0.06751569,0.002895729,-0.0397193,-0.0403596,-0.012734331,0.009062254,-0.0051070517,-0.057601675,-0.12054781,-0.15608923,-0.14436536,-0.09940591,-0.057252806,-0.048454676,-0.0762211,-0.113289304,-0.12251206,-0.08576443,-0.018994858,0.04124943
-0.06232332,-0.017216645,-0.008514028,-0.049838703,-0.1161333,-0.16251373,-0.15646344,-0.10420478,-0.044417508,-0.019577429,-0.043787703,-0.093050174,-0.12311665,-0.102510884,-0.038511433,0.030098967,0.059983596,0.037418116,-0.013249762,-0.047580943,-0.034980197,0.017837362,0.0722567,0.08729975
-0.10154478,-0.10777416,-0.07600106,-0.03899289,-0.032993224,-0.07112628,-0.13092655,-0.17274977,-0.16896304,-0.12427399,-0.071407534,-0.048166733,-0.06802257,-0.11033112,-0.136099,-0.11808255,-0.060826343,0.0021317063,0.032198403,0.014858333,-0.028824748,-0.059260722,-0.048603646,-0.0017426151
-0.06488782,-0.11908482,-0.11556587,-0.06544524,-0.014914949,-0.010653145,-0.063316464,-0.13968344,-0.18748023,-0.17470323,-0.112186305,-0.04699096,-0.026494399,-0.06246787,-0.1226645,-0.1553508,-0.12813045,-0.05284991,0.02239925,0.04930027,0.016062154,-0.04437897,-0.0803797,-0.059730764
-0.008035611,0.027755033,0.057892554,0.052092098,0.0048440993,-0.061055813,-0.10797683,-0.11287183,-0.08516455,-0.057395,-0.060356624,-0.10002738,-0.1532927,-0.1838602,-0.16900042,-0.11876604,-0.06735885,-0.04654282,-0.06287649,-0.094648816,-0.1059538,-0.07462406,-0.011978672,0.04639325
-0.05330493,-0.108633004,-0.14064308,-0.12691826,-0.07654355,-0.023661844,-0.0037501864,-0.024994591,-0.06219921,-0.07856845,-0.05165023,0.009060799,0.06834556,0.09103837,0.06798342,0.024327349,-0.0016121762,0.012534794,0.058062907,0.10034981,0.10365277,0.060243588,-0.0031542873,-0.047109738
0.03962948,-0.005632725,0.0014751812,0.052627604,0.10546037,0.1154066,0.06773299,-0.011538866,-0.07258356,-0.07928878,-0.03787791,0.0094709005,0.018129747,-0.0273274,-0.100286484,-0.15158986,-0.14431,-0.08548408,-0.01966868,0.008326085,-0.01741755,-0.07111089,-0.10366281,-0.079148956
0.07566689,0.03516495,-0.025024464,-0.06664667,-0.0658701,-0.033173405,-0.0016961831,-0.003972317,-0.046525415,-0.10489479,-0.14075035,-0.1314759,-0.08639577,-0.04050625,-0.026507812,-0.05267246,-0.094661094,-0.11442696,-0.089611255,-0.030968657,0.026161524,0.0480491,0.026838796,-0.013713752
-0.03280245,-0.00041053758,0.0669054,0.13170484,0.15857485,0.14040703,0.10134576,0.08117292,0.10214575,0.15379828,0.19888452,0.2033728,0.16049136,0.09644511,0.05076083,0.048457224,0.07881639,0.10558958,0.09612478,0.043697573,-0.025560735,-0.07082099,-0.067124344,-0.025455488
-0.011756735,-0.050095838,-0.101664364,-0.13553399,-0.13243239,-0.09873374,-0.062240254,-0.051919665,-0.0734336,-0.10775082,-0.123830736,-0.10333649,-0.053569283,-0.0032716338,0.018662723,0.0048853536,-0.024424467,-0.03889191,-0.020760834,0.023511862,0.06514176,0.07476632,0.046241444,0.00048074467
-0.05217645,-0.09695506,-0.0927507,-0.049885307,-0.007941954,-0.0049768193,-0.049636167,-0.11398736,-0.15411034,-0.14337821,-0.0916403,-0.038421135,-0.022654014,-0.053839363,-0.104654856,-0.13218194,-0.10904775,-0.046179466,0.015897034,0.038096428,0.010600859,-0.039401468,-0.06876846,-0.050389998
-0.03467835,0.021341257,0.08593912,0.116428114,0.094391026,0.042450752,0.004604477,0.01221505,0.061014593,0.1160952,0.13525406,0.10160207,0.037242673,-0.0127817765,-0.016683087,0.022545127,0.06939819,0.08254689,0.044420168,-0.021806067,-0.07074176,-0.0707378,-0.026127761,0.029016066
-0.17586987,-0.16819811,-0.121997096,-0.07418759,-0.059629202,-0.08508153,-0.12570752,-0.1417312,-0.109762326,-0.041842736,0.024655983,0.05437127,0.038979992,0.0034162325,-0.014231707,0.010481886,0.0663812,0.11601259,0.12557176,0.08718355,0.025136078,-0.020295287,-0.02259334,0.008273811
0.020124253,-0.04118947,-0.08272374,-0.08218652,-0.04991087,-0.02080787,-0.02650781,-0.07202986,-0.13123992,-0.1669385,-0.1568446,-0.11175504,-0.06708059,-0.055429183,-0.08194114,-0.122203365,-0.13875163,-0.11052407,-0.049609765,0.007916556,0.029489642,0.009608595,-0.028034292,-0.04675732
0.007546383,0.02083318,0.061902054,0.09959673,0.10358741,0.06810067,0.014975061,-0.022425141,-0.02335768,0.0052801217,0.032992236,0.029692018,-0.0108306,-0.066217214,-0.101963446,-0.0969631,-0.058284592,-0.017627772,-0.0074150823,-0.033416748,-0.072573446,-0.09059436,-0.06810402,-0.013896175
0.11494967,0.12262374,0.08707997,0.030352198,-0.010804355,-0.013265007,0.015945837,0.043257028,0.037478194,-0.00780581,-0.06973741,-0.112173006,-0.11182316,-0.07616285,-0.03772524,-0.028633881,-0.05622484,-0.09825678,-0.120345086,-0.09892808,-0.04212356,0.01616719,0.042619985,0.029553438
0.03550033,-0.042040646,-0.093150176,-0.0842968,-0.026986578,0.030276565,0.039853822,-0.010125424,-0.0854829,-0.13284762,-0.11824955,-0.05409679,0.011088785,0.028736653,-0.012143643,-0.079046264,-0.11723902,-0.09372643,-0.022284154,0.04794721,0.069444135,0.030800164,-0.034966476,-0.07481398
0.1483891,0.1179582,0.060098406,0.023799893,0.042397212,0.10572839,0.16693684,0.17957997,0.13285767,0.0581778,0.005373176,0.0076795006,0.056498542,0.10548523,0.10878213,0.055587742,-0.022380343,-0.07514906,-0.06904692,-0.012714273,0.0466243,0.062176045,0.023896972,-0.03761905
-0.053853303,-0.018784782,-0.016046116,-0.0549849,-0.111881174,-0.14773117,-0.13770053,-0.09113875,-0.04149816,-0.02332132,-0.04590584,-0.086596385,-0.10765335,-0.08499466,-0.028085366,0.029087776,0.051872812,0.030635541,-0.0121964,-0.0379074,-0.023130583,0.022755085,0.06669788,0.07530152
-0.12064914,-0.07776865,-0.035163537,-0.023435442,-0.04800227,-0.08548598,-0.10086587,-0.073021255,-0.012451575,0.04586042,0.06984781,0.053136464,0.017991567,0.00043649354,0.021338815,0.07179628,0.11681444,0.12418746,0.088388585,0.032082744,-0.00772671,-0.0075093526,0.023763,0.05107922
-0.11752909,-0.16815037,-0.15091625,-0.07887047,-0.006235701,0.015200192,-0.026458446,-0.09320275,-0.1281689,-0.09768588,-0.015382043,0.065687716,0.09228229,0.053083718,-0.0149830775,-0.054985374,-0.03226959,0.0395813,0.10801963,0.11985365,0.06446579,-0.020095615,-0.07689352,-0.07036456
0.05742143,0.09368684,0.09305731,0.051594585,-0.0069463253,-0.04754131,-0.04835611,-0.019430855,0.0058958577,-0.0016894605,-0.04627498,-0.103746876,-0.13839422,-0.12927964,-0.08657911,-0.044365156,-0.03380979,-0.058889925,-0.096403874,-0.11095103,-0.08195847,-0.021406583,0.034568813,0.055741373
0.14231434,0.16696201,0.13885212,0.08963962,0.065694064,0.093654715,0.15776533,0.21311145,0.21886905,0.16942614,0.09670226,0.048974384,0.053944148,0.097630106,0.13543433,0.12731755,0.06680959,-0.012754701,-0.06224463,-0.05312154,-0.00056188856,0.050087977,0.05745238,0.016285127
-0.20290579,-0.19090302,-0.12949249,-0.065965675,-0.048228335,-0.085672125,-0.14341904,-0.16807362,-0.13029064,-0.046008278,0.03632399,0.06956213,0.04226964,-0.010067674,-0.036141682,-0.005279218,0.0665824,0.13167012,0.14408036,0.0927519,0.01331793,-0.040400796,-0.03813442,0.007223257
-0.1659448,-0.1644218,-0.13114786,-0.092684485,-0.07800091,-0.09430823,-0.12217963,-0.13082029,-0.10267072,-0.0459427,0.011973909,0.042625856,0.037364688,0.01541087,0.005857706,0.026613237,0.070056506,0.109885566,0.11910999,0.089218356,0.039494745,0.00077348854,-0.008159719,0.008018478
0.10644466,0.03450098,-0.009518939,0.009617682,0.07826052,0.14443178,0.1553904,0.098390356,0.010374274,-0.049452078,-0.044651493,0.012134821,0.06993123,0.07596704,0.017718324,-0.06874797,-0.12344321,-0.110009655,-0.041930344,0.029545216,0.051324558,0.009347853,-0.060474798,-0.09875636
0.026883828,-0.0135106435,-0.0031079145,0.048129927,0.09890241,0.10658498,0.058514435,-0.017184362,-0.071868345,-0.073455766,-0.030626316,0.015093533,0.02090873,-0.025903987,-0.09654292,-0.14256528,-0.13133113,-0.073029235,-0.01097668,0.011722986,-0.01772876,-0.07090406,-0.099420555,-0.07316061
0.0020963673,0.025737742,0.07756663,0.11885287,0.11776094,0.07228136,0.010975517,-0.026895493,-0.021469159,0.014269443,0.042691104,0.032635804,-0.017546812,-0.07934496,-0.11458669,-0.10234251,-0.056785356,-0.015678681,-0.010110786,-0.042335313,-0.08586657,-0.10282641,-0.072546914,-0.009301436
-0.08793634,-0.08749222,-0.06274303,-0.038780306,-0.03993201,-0.0712371,-0.11340349,-0.13768984,-0.12786885,-0.09192104,-0.05514218,-0.042242527,-0.058886755,-0.08683222,-0.09850608,-0.07798223,-0.03356615,0.00903867,0.02551483,0.009632222,-0.020849602,-0.038325053,-0.02615957,0.007753094
0.006301037,-0.05621783,-0.09309039,-0.073346704,-0.008053592,0.05874532,0.082013,0.05049939,-0.0059215105,-0.039365962,-0.01895562,0.044777025,0.10777228,0.12552433,0.086618856,0.02072292,-0.023098443,-0.013588299,0.0392278,0.09132508,0.09881768,0.050621286,-0.023207244,-0.0732078
0.02668889,0.047311187,0.087679595,0.119659714,0.12016937,0.08722103,0.041938603,0.013217222,0.015615907,0.03958114,0.057530288,0.04631675,0.004441129,-0.04667505,-0.07732195,-0.07218242,-0.04133725,-0.013084917,-0.0115840845,-0.038926784,-0.07349663,-0.08557102,-0.0606531,-0.011169965
0.0306631,-0.015724706,-0.0012037039,0.062854014,0.1263906,0.13858439,0.08458244,-0.0023235714,-0.06521361,-0.06572936,-0.01384059,0.041231405,0.048251018,-0.0073875682,-0.09184446,-0.14847948,-0.13828176,-0.07212972,-0.0011782259,0.022984572,-0.014530625,-0.0798661,-0.11724322,-0.08933308
-0.04892014,-0.098156095,-0.097804524,-0.05832136,-0.019463418,-0.021506194,-0.0727257,-0.14367267,-0.1885291,-0.17982802,-0.12762105,-0.07310781,-0.056951366,-0.08912063,-0.14053512,-0.16645792,-0.13878597,-0.06905109,0.00011269847,0.026868014,0.0014186086,-0.046782468,-0.0726172,-0.049387816
0.050510265,0.0675437,0.025303958,-0.042717278,-0.081693515,-0.056927137,0.018894078,0.09384944,0.11907489,0.08261107,0.017982429,-0.021062918,6.2314335e-05,0.06902649,0.1356396,0.15066984,0.103191964,0.026983742,-0.0250605,-0.016742976,0.040643997,0.09703928,0.10362655,0.049934715
-0.13748479,-0.1231831,-0.07013802,-0.016352022,0.0014446984,-0.024136135,-0.06698962,-0.085710235,-0.056529235,0.008492271,0.07084679,0.09387712,0.06899016,0.022922788,-0.003436482,0.014758903,0.06623642,0.11240846,0.1175754,0.07351348,0.0073984386,-0.038150966,-0.037111305,-0.00082227663
0.05931548,0.07915897,0.1292557,0.17351426,0.17832576,0.13582784,0.070306994,0.020588195,0.011448359,0.03597346,0.059245694,0.047455635,-0.0068954662,-0.07909351,-0.12868088,-0.13013825,-0.09098086,-0.04758604,-0.035983786,-0.06439012,-0.107906654,-0.12606843,-0.0948136,-0.025499899
-0.054556858,-0.09107146,-0.053913143,0.03635273,0.12097834,0.1473302,0.10364785,0.030995503,-0.008294939,0.021517724,0.10140257,0.17365135,0.18519413,0.12537377,0.034855157,-0.022637568,-0.00975664,0.054680604,0.11343517,0.11416357,0.045698628,-0.05083431,-0.109741084,-0.09368369
-0.012172346,-0.09750694,-0.15084828,-0.13301751,-0.058460385,0.018081198,0.041874565,-0.0007748307,-0.073004305,-0.11525039,-0.08857313,-0.006555096,0.075707935,0.10332145,0.061932262,-0.012840335,-0.060113966,-0.040490683,0.03275464,0.10455268,0.12068938,0.06645622,-0.02221329,-0.08296114
-0.00103581,0.015765619,0.07760467,0.13637353,0.14454825,0.08665507,-0.0055072056,-0.07341276,-0.080236696,-0.036071844,0.010605733,0.011509945,-0.047624733,-0.13521038,-0.19353652,-0.18443134,-0.11962602,-0.049402136,-0.021922547,-0.054081608,-0.11515521,-0.14626193,-0.11047576,-0.023848426
0.014278517,-0.04287028,-0.068124846,-0.034249775,0.04163264,0.11230819,0.13394673,0.10020631,0.04494324,0.017013324,0.04359895,0.10912126,0.16645779,0.1728548,0.12253296,0.049084343,0.0030033488,0.012170693,0.061846897,0.10505524,0.10013315,0.041267682,-0.037135206,-0.08510174
-0.057688046,-0.01534545,0.0817025,0.17456524,0.20715545,0.16963471,0.10072942,0.06234157,0.0900328,0.16761829,0.23673543,0.24344355,0.1774281,0.08023141,0.013950512,0.017172894,0.07369753,0.12549642,0.1191252,0.04533943,-0.05420237,-0.11640974,-0.10320224,-0.031550575
0.116151795,0.09511405,0.059208937,0.040505584,0.05741618,0.10017308,0.13713698,0.1394225,0.102793306,0.050698645,0.015935833,0.017610764,0.047292564,0.07354064,0.06845169,0.027194977,-0.0264285,-0.05954011,-0.052917533,-0.014934311,0.022879696,0.030666502,0.004264929,-0.03390355
-0.024645248,0.013617702,0.095252596,0.17823607,0.21992788,0.20871466,0.16768959,0.14295447,0.16349794,0.22096749,0.2735758,0.28151256,0.23337802,0.15565835,0.09398619,0.08075494,0.10753703,0.13363159,0.12190175,0.061444234,-0.022286948,-0.08234522,-0.08572897,-0.04188075
0.002319808,-0.036100943,-0.048091024,-0.014312936,0.05032271,0.109513775,0.12981236,0.108039595,0.07099373,0.055253617,0.07986178,0.13143906,0.17387824,0.17547078,0.1331184,0.07442401,0.036953077,0.04045072,0.07277776,0.098533854,0.08704255,0.035042476,-0.029446425,-0.06872348
-0.03267608,-0.025002362,-0.056780986,-0.11098476,-0.15301979,-0.15552677,-0.11724644,-0.067094706,-0.04049801,-0.05297988,-0.08800018,-0.11142755,-0.09635827,-0.042931445,0.018923152,0.052618865,0.04234323,0.0057248296,-0.022533655,-0.01549188,0.026125493,0.07240918,0.08707123,0.057656832
0.07400924,0.0792279,0.050275072,0.00531745,-0.026239248,-0.0257264,0.0012239722,0.027165208,0.025778597,-0.007944726,-0.055088047,-0.0857492,-0.08106023,-0.04753308,-0.012860848,-0.0044968417,-0.02801611,-0.06377392,-0.082215846,-0.06467745,-0.01938021,0.025281675,0.041385785,0.025003245
-0.16766651,-0.09076521,-0.012315233,0.009692444,-0.03789913,-0.113753326,-0.15319318,-0.11673084,-0.020646196,0.074638896,0.11010323,0.07157377,-0.00093252526,-0.04216972,-0.012797427,0.072638996,0.15359955,0.17093913,0.11154076,0.016194561,-0.048998125,-0.042916477,0.021160353,0.08265975
-0.015317437,0.011779249,0.080771275,0.13880299,0.1400504,0.077777326,-0.008578432,-0.062804416,-0.054663297,-0.00095042103,0.04617763,0.04003971,-0.025546566,-0.11162239,-0.16131091,-0.14350747,-0.075674124,-0.011286706,0.0016418888,-0.04440729,-0.110177144,-0.13858,-0.09891948,-0.012066101
0.07971515,0.07925742,0.03593703,-0.024738297,-0.0643658,-0.06116767,-0.025133764,0.00685327,0.003069567,-0.040497657,-0.09745381,-0.13054067,-0.117695995,-0.07031744,-0.024553517,-0.0136396745,-0.041812535,-0.082994595,-0.10144134,-0.07482135,-0.015005919,0.040233143,0.057815824,0.03391905
-0.111815624,-0.16538554,-0.15624818,-0.09414456,-0.026673853,-0.0039849733,-0.041718148,-0.106906526,-0.14484572,-0.121076465,-0.045487776,0.03387408,0.06611037,0.035394344,-0.02708083,-0.066182904,-0.046390485,0.021983633,0.09185894,0.111949585,0.06606025,-0.013226756,-0.06922528,-0.066022225
0.12050937,0.14466694,0.11519612,0.06250129,0.032928582,0.05501789,0.11654826,0.17384294,0.18391684,0.13832013,0.06753448,0.019974524,0.02540898,0.07251216,0.117503874,0.11747153,0.063062035,-0.013426087,-0.062312417,-0.053436022,0.0006668192,0.054894548,0.065507315,0.025014589
-0.046751242,-0.12899514,-0.1802234,-0.16461393,-0.094378725,-0.020009773,0.006337017,-0.028734233,-0.09004111,-0.12266682,-0.09103171,-0.0077020526,0.07584287,0.1074856,0.073177986,0.007303437,-0.03323772,-0.013061787,0.055550307,0.12154943,0.13319105,0.077524394,-0.009833557,-0.07110808
-0.054727234,-0.0950813,-0.099047504,-0.07341252,-0.046422526,-0.048189893,-0.08544011,-0.13693957,-0.16893713,-0.16105543,-0.119998455,-0.07588155,-0.05897518,-0.07774395,-0.11146507,-0.12725943,-0.10405487,-0.049810182,0.004271226,0.02675837,0.009443304,-0.026131697,-0.04652754,-0.03175329
0.079680905,0.014210362,-0.078826606,-0.14117564,-0.1381276,-0.08593575,-0.03573962,-0.03658869,-0.09744976,-0.18089704,-0.22883621,-0.20774072,-0.1329284,-0.057871997,-0.03286496,-0.06933053,-0.13015859,-0.15751961,-0.117869526,-0.02792984,0.057648156,0.08729998,0.04979906,-0.016803928
-0.054981615,0.007709813,0.028613789,-0.0051101283,-0.06267388,-0.092986405,-0.0648771,0.009811861,0.08642277,0.11819939,0.091578335,0.036297902,0.0024058162,0.02223022,0.08532869,0.14797074,0.16391489,0.119183704,0.043578416,-0.010910229,-0.010722001,0.03461681,0.082175575,0.085179895
0.11109071,0.07722184,0.023778373,-0.005772906,0.014437133,0.07127123,0.12200063,0.12820005,0.084575154,0.02127109,-0.018011056,-0.007591731,0.040181078,0.083288506,0.083924875,0.036691066,-0.02795774,-0.066615894,-0.053506453,-0.00096160464,0.048693694,0.057461,0.019910594,-0.034762193
0.04079087,0.011857304,0.018301357,0.053779468,0.088492446,0.09145512,0.053763837,-0.0042852256,-0.04828099,-0.054528214,-0.028478015,0.0004670433,0.00151757,-0.034420323,-0.08684103,-0.121655986,-0.11516977,-0.073521234,-0.027538897,-0.008633066,-0.026204934,-0.06014173,-0.077278286,-0.05518739
0.025731934,-0.024486614,-0.0143486895,0.043293335,0.09909884,0.103654206,0.04325599,-0.048562374,-0.114276275,-0.11641951,-0.06597306,-0.0122634405,-0.005273364,-0.05926981,-0.13987033,-0.19062693,-0.17321594,-0.10062579,-0.024348821,0.005500677,-0.025883297,-0.08552239,-0.11617691,-0.0825802
-0.040747073,-0.123495854,-0.17507373,-0.16034755,-0.09310957,-0.024677243,-0.004575036,-0.043981094,-0.10777919,-0.1416502,-0.1108286,-0.029420132,0.051069535,0.08019459,0.046005506,-0.01765145,-0.054988597,-0.031000344,0.040647637,0.10797974,0.12141639,0.06915911,-0.01387426,-0.07077615
0.017156465,-0.033922866,-0.020611364,0.044435766,0.10794232,0.11662127,0.056724414,-0.03571014,-0.10107105,-0.09990279,-0.043352135,0.01602453,0.024739465,-0.03151493,-0.116443604,-0.1711826,-0.15580346,-0.082226455,-0.004689381,0.02260654,-0.014910468,-0.08181318,-0.1194686,-0.089288525
-0.20290673,-0.18320395,-0.10265581,-0.020205887,0.005845783,-0.03839291,-0.11220218,-0.14897902,-0.11018519,-0.013333837,0.08178593,0.116958484,0.07717025,0.003609301,-0.039563518,-0.0115922,0.06994967,0.14591528,0.16043276,0.09791855,-0.000957668,-0.06914947,-0.064750604,-0.003792586
-0.027808173,0.08136527,0.18384697,0.21655834,0.16834493,0.08794034,0.044682562,0.07953164,0.1706765,0.25200891,0.26015672,0.18575962,0.07774688,0.0080601415,0.017596774,0.08783729,0.15099247,0.14445499,0.060731366,-0.050665155,-0.11865229,-0.10151098,-0.01836188,0.062243674
-0.07430613,-0.007910448,0.014110614,-0.025125423,-0.09477034,-0.13785991,-0.11504461,-0.036537513,0.04808082,0.08577111,0.059129827,-0.0018385877,-0.040993914,-0.019075813,0.054719687,0.13092567,0.15685989,0.11547888,0.036524273,-0.022127572,-0.019831412,0.034161605,0.09117719,0.09982644
-0.005065291,0.034772947,0.07537636,0.08549704,0.055308215,0.0025633494,-0.039041102,-0.043854896,-0.016254768,0.015155299,0.0187837,-0.014719912,-0.06687223,-0.104202025,-0.1025134,-0.06540589,-0.02337255,-0.008048662,-0.027586965,-0.06472481,-0.08763397,-0.07236242,-0.02304593,0.029434327
-0.055967603,-0.03964616,0.016178057,0.077377655,0.10500265,0.08764453,0.04645368,0.019525617,0.032463618,0.080918856,0.13136566,0.14662993,0.11516547,0.05913841,0.016303258,0.013717909,0.04720259,0.084396474,0.08814614,0.047775883,-0.014115627,-0.05989961,-0.062982306,-0.025647383
-0.11259946,-0.16131736,-0.15753922,-0.104298234,-0.04107869,-0.010214504,-0.028268736,-0.07325556,-0.10148951,-0.08107175,-0.015150534,0.057913154,0.09416358,0.07746366,0.029079832,-0.007545527,0.0009377809,0.0516795,0.10649291,0.12252739,0.084504426,0.013987646,-0.044995885,-0.057000488
-0.050565597,-0.09219344,-0.08884173,-0.05088934,-0.015897045,-0.01951026,-0.06747049,-0.1308609,-0.1689363,-0.1588408,-0.11115968,-0.063169256,-0.05132999,-0.08219047,-0.12802257,-0.14900118,-0.12248307,-0.059969384,0.0009691202,0.02289741,-0.0013068995,-0.043770004,-0.065237276,-0.043284312
0.014346673,0.088440396,0.15285732,0.15811712,0.0953882,0.004239011,-0.05484882,-0.048086945,0.0057751415,0.053997725,0.047159843,-0.022443706,-0.11479637,-0.16973054,-0.1542322,-0.08621678,-0.021315327,-0.008230598,-0.055223193,-0.1234007,-0.15376027,-0.1135623,-0.02383515,0.06100644
-0.044247035,0.027766565,0.052198913,0.0151682375,-0.04919124,-0.08370357,-0.052914847,0.029489847,0.11206903,0.1433076,0.10904533,0.04355549,0.0035567684,0.025087014,0.09491699,0.16230068,0.17569385,0.121931784,0.036530998,-0.022262022,-0.018365255,0.034814794,0.087995924,0.091012105
0.09139809,0.106697656,0.055444825,-0.02813197,-0.08439719,-0.07728425,-0.017547837,0.044267956,0.057041187,0.0064279567,-0.07354011,-0.12520698,-0.11103117,-0.043203026,0.027899096,0.050280977,0.009066426,-0.061772127,-0.10404363,-0.08126522,-0.006537694,0.069530785,0.095868856,0.056761026
0.1328212,0.16959658,0.16699445,0.13953371,0.120531514,0.135001,0.17890859,0.2235524,0.23753284,0.20950289,0.15465108,0.10671505,0.0918363,0.10788268,0.12843093,0.12328826,0.081170574,0.017549284,-0.033969596,-0.046459656,-0.021695988,0.013580329,0.029043507,0.011099216
0.035787817,-0.052791823,-0.115876436,-0.117264204,-0.06731764,-0.015258073,-0.011123904,-0.06898707,-0.1541573,-0.21028847,-0.20026197,-0.13463521,-0.06337977,-0.038131908,-0.073661074,-0.13770325,-0.17308177,-0.14334178,-0.060205143,0.025513357,0.060770474,0.030618673,-0.032502644,-0.070922524
0.014241596,0.038755734,0.0051862076,-0.057055514,-0.095053956,-0.07298709,0.0009955403,0.08095089,0.11701433,0.091877125,0.034125037,-0.0035843654,0.015402532,0.08297372,0.15297778,0.17554316,0.1335571,0.05677868,0.00016894567,0.0008898891,0.050734725,0.10307407,0.10997086,0.05545097
0.14741224,0.1273847,0.08550091,0.060108483,0.07564825,0.122491606,0.16553293,0.1708324,0.13023245,0.068118066,0.022976069,0.01954834,0.049991984,0.07976352,0.07615857,0.030943317,-0.031857144,-0.07355331,-0.06924511,-0.027627394,0.017255357,0.031635527,0.0066425726,-0.035783764
0.036596358,-0.036703844,-0.072348006,-0.031565703,0.06706349,0.16150506,0.19143425,0.14681387,0.070666164,0.027381351,0.05530793,0.1376046,0.21312396,0.2233267,0.15719204,0.058796797,-0.006780361,8.186624e-05,0.06507203,0.12639676,0.12557971,0.052213274,-0.049185596,-0.11327523
-0.11585504,-0.112072684,-0.065001935,-0.0202514,-0.021654218,-0.07708852,-0.15245105,-0.198345,-0.18527271,-0.1260469,-0.06586891,-0.049505923,-0.08625062,-0.14328058,-0.1714209,-0.14170969,-0.06670434,0.006959211,0.032661136,0.0013009629,-0.053945813,-0.08382882,-0.059326135,0.006781486
-0.036652166,-0.10087416,-0.14325549,-0.13504998,-0.084696054,-0.030602477,-0.011205526,-0.037314788,-0.08370074,-0.10921122,-0.085704155,-0.022663591,0.041169353,0.06682889,0.043869648,-0.0034248745,-0.032387137,-0.01518772,0.03798106,0.08830328,0.0989121,0.059939984,-0.0041121105,-0.05053375
0.074119225,0.11670085,0.11817736,0.0728753,0.007945921,-0.037892677,-0.040747765,-0.010657372,0.016947445,0.0086876005,-0.04143668,-0.107141666,-0.1489036,-0.14348803,-0.09976538,-0.053846586,-0.04071808,-0.067748934,-0.11000888,-0.12830167,-0.09888574,-0.03257443,0.033150535,0.060897432
-0.024257572,0.05888335,0.14597929,0.18461932,0.15792383,0.09763119,0.057635017,0.07609285,0.14334208,0.21135356,0.2274599,0.17662181,0.09084402,0.026336575,0.02136263,0.06897106,0.11990957,0.12219257,0.062236305,-0.027375178,-0.09065871,-0.08906503,-0.030104257,0.036204845
0.08798478,0.09790552,0.05178153,-0.01956296,-0.06766919,-0.063117616,-0.015038968,0.033640064,0.039403185,-0.008169725,-0.07854502,-0.123118274,-0.11180816,-0.054665376,0.00508945,0.022643156,-0.013588551,-0.07236112,-0.10477975,-0.08145861,-0.013570824,0.05479956,0.07796903,0.045551524
