0.019978432,0.07122795,0.11439123,0.116739556,0.07505807,0.01227111,-0.034028746,-0.034755323,-0.00016356327,0.030105589,0.025054978,-0.021442601,-0.086511075,-0.13039377,-0.12248563,-0.07535526,-0.02876173,-0.018022418,-0.04802054,-0.09359102,-0.11477891,-0.087173335,-0.022083163,0.040062856
0.061286807,0.033203896,0.03959166,0.084009334,0.121433504,0.122622155,0.0801241,0.0122237215,-0.042349607,-0.051597644,-0.024633212,0.002899947,0.002665364,-0.04297031,-0.10677552,-0.14644761,-0.1388397,-0.08980821,-0.037742805,-0.018201085,-0.0392516,-0.07775947,-0.093955025,-0.06457706
-0.009260764,-0.0037007597,-0.03168813,-0.07937943,-0.112248674,-0.10751879,-0.07053306,-0.026721152,-0.006702762,-0.02173971,-0.05590724,-0.07605658,-0.0624977,-0.015927026,0.034499392,0.056732453,0.04068829,0.0027213965,-0.023090709,-0.014164815,0.023961369,0.06329468,0.07315824,0.044088762
-0.0075802184,0.0034212836,-0.03105482,-0.09050025,-0.1226093,-0.09896048,-0.032433428,0.036601428,0.067892835,0.049470868,0.0060619246,-0.016495485,0.0042264704,0.06831563,0.1314644,0.15065466,0.118461914,0.056853678,0.011950608,0.014796182,0.057832193,0.10077866,0.10302794,0.052647825
-0.14723006,-0.08064905,0.00041460025,0.024141327,-0.00797666,-0.07255874,-0.11633876,-0.09171445,-0.0040415404,0.08244622,0.12168195,0.09436231,0.026175609,-0.021860667,-0.0055041276,0.06476518,0.14020312,0.1605548,0.10936832,0.020379247,-0.047546018,-0.049509108,0.0051397895,0.06405915
0.044379003,0.112785466,0.13901322,0.10801778,0.052162766,0.017339636,0.032293893,0.091641955,0.15103371,0.16355193,0.12211927,0.054515656,0.002149716,0.002839998,0.050057583,0.097817875,0.10384968,0.054717235,-0.019497482,-0.069668695,-0.06379464,-0.009130248,0.04842859,0.06534377
0.07426154,0.15677391,0.19676866,0.17428802,0.122736104,0.08796726,0.10442863,0.16769022,0.23159416,0.24581762,0.2000807,0.12131109,0.058312986,0.049440168,0.08944408,0.13212405,0.13233335,0.07367792,-0.012238226,-0.07375162,-0.074507564,-0.022752766,0.03676131,0.05725785
-0.027013054,-0.113793604,-0.16500191,-0.13852908,-0.055173796,0.026058288,0.05250136,0.00867197,-0.06391646,-0.10039713,-0.06691686,0.021064565,0.10708731,0.13477851,0.08712923,0.008022212,-0.040726267,-0.017188486,0.05973679,0.1290862,0.13583256,0.06981119,-0.026117137,-0.08975391
0.055552978,0.030774869,0.03602219,0.07456922,0.106308766,0.106469095,0.06965908,0.010372351,-0.0380169,-0.046971932,-0.023929913,-0.0011830219,-0.0014032191,-0.04054139,-0.0959176,-0.13071014,-0.12410268,-0.08102612,-0.035767153,-0.018336248,-0.035491973,-0.06806055,-0.0821897,-0.05662202
0.0765942,0.079722136,0.032239284,-0.036626764,-0.091371804,-0.09817736,-0.06585357,-0.030739687,-0.032547686,-0.07527505,-0.13732259,-0.17726341,-0.16852671,-0.1206442,-0.065921046,-0.04261186,-0.06299503,-0.10313265,-0.122617714,-0.09566422,-0.030246267,0.03656381,0.06673624,0.04832425
-0.005930215,0.06768664,0.14359215,0.17418578,0.15590937,0.112097956,0.0881804,0.11315794,0.175244,0.22837032,0.23961206,0.19532588,0.12130445,0.06961878,0.067670405,0.10196473,0.13638027,0.1278282,0.06640373,-0.015213089,-0.068289906,-0.06490677,-0.019888923,0.028527245
0.05821788,0.11704576,0.13573897,0.105757125,0.056803677,0.032168202,0.051524058,0.105122834,0.15253684,0.15642041,0.11290112,0.051597744,0.009261377,0.014035167,0.055361193,0.09192505,0.0892978,0.039640155,-0.0267033,-0.065641165,-0.054224085,-0.0039246185,0.043826107,0.053732336
-0.022853576,0.072413504,0.16985007,0.20698515,0.18188678,0.118404426,0.080133766,0.11068033,0.19431908,0.26579046,0.2822057,0.22574854,0.12840831,0.06117673,0.06280613,0.11436685,0.16366012,0.15599993,0.08053542,-0.024044638,-0.092689134,-0.08656078,-0.023866791,0.04193932
-0.061938755,-0.11389406,-0.111555405,-0.06367598,-0.018678151,-0.01911777,-0.073256984,-0.15095495,-0.19943295,-0.18646356,-0.12681983,-0.06685752,-0.04744057,-0.0847034,-0.14387873,-0.17161275,-0.1401093,-0.062037334,0.012936791,0.038756177,0.0063066604,-0.050992522,-0.08061667,-0.05475412
0.16143855,0.19452775,0.1507843,0.072339945,0.021646932,0.045483418,0.12609434,0.2052568,0.2195715,0.15994407,0.06091351,-0.006063931,-0.00056356756,0.06429411,0.13041168,0.13724774,0.06960978,-0.032898277,-0.09804288,-0.0844614,-0.007127196,0.07137533,0.09395958,0.04422935
0.020490292,-0.02500838,-0.09163862,-0.13155769,-0.11777076,-0.05600451,0.007024025,0.02705241,-0.00447799,-0.053933576,-0.08220732,-0.05597476,0.010391502,0.07672244,0.09771936,0.06512202,0.009125357,-0.025333362,-0.009179548,0.046516713,0.09814491,0.10441559,0.058541022,-0.011685001
-0.075995736,-0.13884917,-0.13879691,-0.08264676,-0.025993103,-0.0215242,-0.078627214,-0.1661235,-0.22276126,-0.20985349,-0.13963057,-0.0673469,-0.040029157,-0.078182094,-0.14623405,-0.18230838,-0.1511138,-0.06285047,0.02449695,0.05649672,0.01989173,-0.048908077,-0.090028904,-0.067100205
0.030348636,0.055114638,0.10854037,0.15876372,0.16519152,0.12000515,0.05185794,0.004039144,0.0015684845,0.033047337,0.064944774,0.057308853,0.0018380325,-0.075613484,-0.12441915,-0.119020976,-0.0729062,-0.024038985,-0.013519339,-0.04983326,-0.10214533,-0.123881675,-0.09186654,-0.020685354
0.04273334,0.082521014,0.08394673,0.041199673,-0.022725979,-0.06787144,-0.06924688,-0.035556667,-0.0039413525,-0.006587781,-0.04881769,-0.10855162,-0.14438358,-0.13447146,-0.086391084,-0.037659664,-0.022799322,-0.04922091,-0.090774216,-0.10829879,-0.07948135,-0.017289178,0.0408007,0.062744446
-0.12620376,-0.1245922,-0.07181259,-0.017924577,-0.005602328,-0.05533311,-0.13112946,-0.17971331,-0.1665725,-0.10728103,-0.038344067,-0.013165531,-0.045537334,-0.107298665,-0.14392129,-0.1216612,-0.050482906,0.026712447,0.056886587,0.023945455,-0.04060779,-0.08137167,-0.0669189,-0.004783843
-0.023812164,-0.09046511,-0.13029,-0.111229226,-0.04795455,0.014665257,0.036971882,0.00527848,-0.04919979,-0.07628722,-0.052483138,0.012751366,0.07988285,0.10614049,0.073170826,0.012959667,-0.02643181,-0.013025961,0.043380782,0.09844988,0.108236775,0.059061404,-0.016113413,-0.067377836
0.120717585,0.14884676,0.1341242,0.10181941,0.08261766,0.10122807,0.14850222,0.19292854,0.20148076,0.16895258,0.11346777,0.07171878,0.064603925,0.09132113,0.11861814,0.11344723,0.06881624,0.004718052,-0.04152877,-0.0444006,-0.009690406,0.029173123,0.03951234,0.012507457
0.07507877,0.01961104,-0.06528064,-0.11797777,-0.11782626,-0.06985111,-0.022878986,-0.022717368,-0.07805656,-0.14819126,-0.19243564,-0.17571141,-0.11040353,-0.044740435,-0.023411399,-0.054358862,-0.10870911,-0.13517804,-0.10164252,-0.023108035,0.05142485,0.07609842,0.044477783,-0.013675985
0.003377565,0.02668879,0.09154181,0.1571108,0.17175187,0.12003889,0.03823905,-0.019630622,-0.020959968,0.021766197,0.070254736,0.07068402,0.011475884,-0.07855402,-0.1378738,-0.13249657,-0.0756939,-0.011575094,0.00670577,-0.03571715,-0.102912046,-0.13704002,-0.107893676,-0.028134482
0.024449902,-0.04997346,-0.107159756,-0.10743963,-0.07098747,-0.031243479,-0.030182175,-0.08211233,-0.15720774,-0.20162348,-0.19349773,-0.13960047,-0.07898057,-0.058605924,-0.08871676,-0.13742352,-0.16183402,-0.13076183,-0.056918424,0.016403971,0.04572152,0.02069066,-0.027604176,-0.05504155
-0.02905833,-0.06658347,-0.07094638,-0.040185843,-0.00563604,0.00040918344,-0.03382881,-0.08744573,-0.12468635,-0.12224951,-0.08478113,-0.041024428,-0.025115367,-0.049607016,-0.0907509,-0.113205865,-0.09769164,-0.047414415,0.0056291693,0.026516521,0.006158665,-0.03214612,-0.054340784,-0.04228021
0.076269336,0.16329648,0.18981716,0.14229627,0.067675784,0.030075135,0.062073585,0.14558679,0.21899477,0.22597255,0.16290656,0.07076124,0.009613561,0.020366954,0.08551913,0.14255199,0.14055696,0.0673609,-0.032843444,-0.09262691,-0.07515004,0.0006019278,0.0713224,0.08366307
-0.045745462,-0.11569222,-0.15951146,-0.14568591,-0.08731664,-0.028504055,-0.012283792,-0.046931267,-0.09964736,-0.12491701,-0.10091527,-0.032769706,0.038957894,0.068156734,0.0404213,-0.01182144,-0.045428477,-0.027992085,0.034445915,0.09580217,0.10820083,0.061178736,-0.010769649,-0.060870655
-0.009797919,-0.054930042,-0.111811854,-0.14466824,-0.13631727,-0.09478108,-0.053566728,-0.04574825,-0.074023485,-0.11008308,-0.12454933,-0.098047026,-0.04177957,0.0121648945,0.030271303,0.00971783,-0.024131302,-0.037982546,-0.014490982,0.03497813,0.07713635,0.08142419,0.045745995,-0.0056264624
-0.05652516,-0.03854503,0.01587796,0.06555373,0.08833438,0.072185084,0.036523346,0.015663093,0.03340568,0.079423636,0.123932056,0.13663907,0.10834428,0.056486897,0.018244937,0.018419594,0.052458048,0.085698724,0.08668547,0.046275005,-0.013103491,-0.05548122,-0.053536016,-0.015626319
-0.14274319,-0.10011336,-0.045318387,-0.032697994,-0.055579748,-0.098623365,-0.12186943,-0.09625466,-0.027122712,0.03899405,0.072770886,0.059451457,0.019991137,-0.0039458815,0.014900785,0.06818969,0.123439424,0.1390439,0.10298621,0.039772987,-0.008846058,-0.013251239,0.01927783,0.053261016
0.031121025,0.046522647,-0.0020576757,-0.078156374,-0.11393455,-0.07434129,0.018394046,0.10868293,0.14105159,0.103481375,0.034207724,-0.00026313617,0.030614303,0.11720748,0.1960398,0.20958292,0.14942618,0.05536253,-0.003926572,0.0087034805,0.07388107,0.13199016,0.12860756,0.05373679
-0.14979191,-0.13147803,-0.0588373,0.0060500572,0.026610184,-0.017551227,-0.08802352,-0.12371376,-0.08977686,-0.012968788,0.061655562,0.08513876,0.044699553,-0.022267511,-0.059521604,-0.035334747,0.034440253,0.09904079,0.110703014,0.058153085,-0.022993011,-0.07443275,-0.063088775,-0.0033390466
-0.019674363,-0.06342922,-0.13201973,-0.18259934,-0.17988418,-0.12907726,-0.06753329,-0.038320065,-0.056870457,-0.099557266,-0.12549473,-0.101529494,-0.035672493,0.038287338,0.075301915,0.059856024,0.014286613,-0.017287996,-0.0037896722,0.047833245,0.10135429,0.11601264,0.07815451,0.007905087
-0.048241608,-0.11271285,-0.15252538,-0.14188054,-0.09345359,-0.043972157,-0.028116398,-0.057774298,-0.104332834,-0.124705,-0.09766646,-0.035094075,0.026730053,0.05146328,0.027118146,-0.01720983,-0.03979429,-0.015956186,0.039507337,0.08851899,0.095866196,0.054711413,-0.0069972407,-0.048474938
0.14025697,0.16669562,0.13910958,0.091822445,0.063726865,0.08484009,0.14401595,0.19928303,0.20552108,0.15931794,0.08783378,0.038380727,0.0381575,0.0800497,0.12028098,0.11593869,0.05918313,-0.018668331,-0.068102516,-0.06083474,-0.0077228243,0.04566999,0.056964703,0.019180559
0.08920006,0.095524505,0.039955568,-0.03945967,-0.093587734,-0.082813285,-0.024309825,0.03139859,0.035156995,-0.016757451,-0.09260733,-0.1359856,-0.11758225,-0.051407598,0.014065831,0.031110222,-0.009864444,-0.07385584,-0.1070676,-0.07764138,-0.0020709569,0.069765076,0.090721846,0.05132511
-0.01497435,-0.0014341231,0.05354546,0.11060215,0.121615164,0.07316351,-0.0047041248,-0.06230215,-0.06677311,-0.027231935,0.01881076,0.023829227,-0.023638893,-0.10081349,-0.15272452,-0.14557827,-0.089463376,-0.024998926,-0.0012534106,-0.032226443,-0.08915897,-0.12068492,-0.09596006,-0.023492362
0.05569706,0.033681363,0.048351713,0.10125013,0.15214227,0.16701385,0.13744552,0.08129246,0.03514407,0.030432412,0.060477007,0.091681555,0.092810936,0.04815451,-0.018511431,-0.066558905,-0.07059268,-0.0342277,0.0072590727,0.016965004,-0.012983156,-0.061639722,-0.08957801,-0.072277844
-0.12837751,-0.088364385,-0.04363091,-0.045819465,-0.09216683,-0.16283835,-0.21060497,-0.19920722,-0.13795654,-0.07827995,-0.05521445,-0.08165634,-0.13032083,-0.15576588,-0.1254057,-0.05272081,0.018502742,0.04530565,0.020157395,-0.030215397,-0.060567465,-0.041458156,0.015716037,0.068824865
-0.008168272,0.009561046,0.0644351,0.116087064,0.12032506,0.07058189,-0.0015424143,-0.052075215,-0.052663464,-0.012278478,0.029681148,0.028068604,-0.023069084,-0.09730424,-0.14382178,-0.13358703,-0.0768683,-0.017954374,-0.0027442856,-0.03833604,-0.09202215,-0.11754486,-0.08818919,-0.014909239
-0.030966144,-0.011899137,0.049162537,0.10608558,0.11599979,0.06858087,-0.0073233433,-0.059069846,-0.05447946,-0.0075525036,0.037500314,0.040322334,-0.0070012654,-0.08212796,-0.13033906,-0.11925705,-0.06284557,-0.0055428143,0.011582947,-0.022732424,-0.081201136,-0.11466564,-0.08973575,-0.018125977
0.07905883,0.034737382,-0.03617155,-0.081360586,-0.08532336,-0.048984706,-0.013020862,-0.015498605,-0.06437929,-0.12544762,-0.16577342,-0.15620445,-0.10600078,-0.05497098,-0.03834917,-0.063189305,-0.10675133,-0.12772566,-0.10013047,-0.034914743,0.028721763,0.053446375,0.03262359,-0.010899894
-0.17905794,-0.122726046,-0.05356908,-0.043859005,-0.08460399,-0.1505806,-0.18691951,-0.1549821,-0.065941416,0.01800309,0.05419557,0.029128924,-0.02613858,-0.054256797,-0.022374151,0.054223254,0.12938109,0.14858778,0.10142997,0.024156112,-0.02881462,-0.02353175,0.027655134,0.077719525
-0.08515152,-0.047930803,0.0525513,0.14666606,0.18205489,0.13848741,0.056932654,0.008721355,0.038241673,0.12134962,0.20059374,0.21505053,0.14972073,0.047821384,-0.020199958,-0.012290544,0.056788947,0.12181932,0.122772634,0.048103258,-0.05713986,-0.12328418,-0.10849966,-0.029968785
-0.023247102,-0.0782495,-0.15617858,-0.207161,-0.20263577,-0.15089835,-0.09398088,-0.0741317,-0.10275215,-0.15066826,-0.17495595,-0.14416221,-0.07090852,0.0069327755,0.043153487,0.025220254,-0.020755868,-0.04630108,-0.02124784,0.042757735,0.1028832,0.117849566,0.075500615,0.0027708823
0.18467943,0.15363759,0.08451304,0.049444977,0.073552474,0.15277702,0.22916707,0.24671362,0.18955037,0.102715775,0.035261773,0.036494073,0.09269023,0.15111971,0.15347838,0.08737401,-0.012716044,-0.08235008,-0.07763294,-0.011153711,0.05873308,0.07508825,0.027188106,-0.048959594
0.0044421763,-0.036104675,-0.055605292,-0.027958086,0.03545117,0.09808457,0.12709402,0.110676125,0.073356435,0.05317323,0.072883755,0.1231878,0.17120962,0.18315539,0.14603369,0.086065255,0.042509407,0.041519277,0.07346453,0.102909826,0.09628038,0.046854604,-0.020358536,-0.06681811
-0.046933822,-0.1222689,-0.16898939,-0.15379123,-0.09338271,-0.033694968,-0.017597433,-0.054884836,-0.111952394,-0.13814944,-0.108751394,-0.03452977,0.03686616,0.06439165,0.034166854,-0.020416996,-0.051412933,-0.026684735,0.03950966,0.09961503,0.109501675,0.06125926,-0.012244383,-0.061948657
-0.06280416,-0.008825288,0.006395314,-0.03700238,-0.09342208,-0.12084657,-0.091900736,-0.016314853,0.060132578,0.086016685,0.0597781,0.01072568,-0.017590793,0.01026042,0.079685114,0.14126149,0.15457863,0.108549364,0.037287787,-0.009308424,-0.0019271286,0.047616493,0.09099726,0.08596774
0.010449102,0.055571347,0.089961894,0.08283919,0.029831171,-0.040281214,-0.08907084,-0.09062161,-0.05856599,-0.031200297,-0.037607767,-0.08475491,-0.14654666,-0.18511154,-0.16951503,-0.11476032,-0.06137782,-0.04437624,-0.068984956,-0.10825377,-0.121415675,-0.084704205,-0.013803471,0.05080377
-0.09907159,-0.10360588,-0.080529064,-0.059915856,-0.0636811,-0.10287487,-0.1579786,-0.19108255,-0.18230714,-0.14492966,-0.104959615,-0.088109456,-0.10592649,-0.13789465,-0.14857171,-0.12109432,-0.06751183,-0.015051426,0.009883649,-0.0023906108,-0.03306056,-0.04828186,-0.02980652,0.012153724
0.048145726,0.08854219,0.0903185,0.047951005,-0.01595041,-0.063526966,-0.06731184,-0.034984488,-0.004319105,-0.0074736066,-0.04841581,-0.10809581,-0.14717063,-0.1413283,-0.09505518,-0.045900524,-0.0290074,-0.052190136,-0.09242856,-0.11238718,-0.08598281,-0.023383025,0.037580457,0.062836275
-0.00052996224,0.025386997,0.102081574,0.17842162,0.19433932,0.13591865,0.041286677,-0.02815344,-0.030469604,0.021705233,0.07731318,0.07639961,0.010766847,-0.09127939,-0.16073482,-0.1549589,-0.08741784,-0.013947646,0.006239366,-0.04054687,-0.11621382,-0.15793593,-0.12597127,-0.033377424
-0.012880989,-0.014852244,-0.050014,-0.1009,-0.13045861,-0.118376136,-0.076541804,-0.03374174,-0.018684683,-0.03770504,-0.07178939,-0.08536011,-0.063331924,-0.011200208,0.039035235,0.0571672,0.037707187,0.00039757375,-0.020329373,-0.0049617887,0.036363605,0.07314312,0.07708895,0.04165027
-0.009435324,-0.043062292,-0.086912826,-0.11369751,-0.105058864,-0.067873925,-0.030663766,-0.019563714,-0.038841285,-0.067682356,-0.08153716,-0.06030475,-0.013272646,0.031472407,0.04685944,0.02943492,-0.0019406447,-0.018484987,-0.0024434067,0.036135085,0.06902808,0.07086603,0.040260933,-0.004850769
-0.091699906,-0.043798365,0.011594391,0.022641445,-0.0122331,-0.07336676,-0.116367504,-0.10552496,-0.04714357,0.010742432,0.03231131,0.0041965796,-0.05013098,-0.08657472,-0.07146744,-0.013874552,0.04638974,0.06608807,0.03486875,-0.022238264,-0.06204814,-0.052708827,-0.0015543194,0.05256017
-0.06303045,-0.116905116,-0.12118446,-0.07989794,-0.037491843,-0.0344795,-0.08061611,-0.15152356,-0.1990404,-0.1895557,-0.1350792,-0.077374294,-0.053918988,-0.079982035,-0.13009991,-0.15675648,-0.1307533,-0.060975775,0.009379749,0.03857956,0.015495446,-0.03541308,-0.0675507,-0.050822
0.09449283,0.10819847,0.061525363,-0.010304643,-0.061666597,-0.056724083,-0.006092451,0.04762594,0.05491405,0.0064599,-0.06753319,-0.11449078,-0.104537405,-0.047711432,0.013778372,0.032247126,-0.007336346,-0.07089265,-0.10597396,-0.082885645,-0.014032663,0.05630534,0.080874436,0.047077592
0.052296393,0.07115453,0.020499786,-0.06318984,-0.10675391,-0.06843512,0.029774135,0.12445974,0.15610602,0.1136752,0.036197856,-0.0068279263,0.022754472,0.11084839,0.19175547,0.20582972,0.1444116,0.04626569,-0.017468028,-0.0052353023,0.06500646,0.12923451,0.13154992,0.05904521
0.07545991,0.030034339,0.001000613,0.022113329,0.06664479,0.10538505,0.10777131,0.0646976,0.0015843807,-0.036114667,-0.03085288,0.004609488,0.039366744,0.037754264,-0.0056336406,-0.06220143,-0.09537974,-0.08064706,-0.032557502,0.013044701,0.023910526,-0.0050776103,-0.048891827,-0.06878302
0.021028932,0.054493103,0.054249883,0.011820454,-0.050069313,-0.095348604,-0.09979499,-0.07025994,-0.039614774,-0.038049925,-0.07117178,-0.12177799,-0.15480301,-0.14685173,-0.100973584,-0.050642196,-0.027852057,-0.04322708,-0.07782147,-0.09615828,-0.07304084,-0.016267378,0.040735397,0.064928815
0.05869998,0.10776563,0.124957964,0.10415393,0.067836374,0.047938395,0.06417292,0.107310005,0.14401272,0.14603052,0.111580305,0.05992279,0.022764431,0.023862166,0.05412545,0.08027148,0.0760358,0.035152774,-0.020034367,-0.05459442,-0.04676004,-0.007106168,0.030493328,0.038566716
-0.19030109,-0.17879908,-0.11139957,-0.053305883,-0.035838567,-0.0781081,-0.14233926,-0.1717709,-0.13240547,-0.050341874,0.030198492,0.059757356,0.028675413,-0.027204415,-0.05525949,-0.02492778,0.050253518,0.11774248,0.13007748,0.078373134,-0.00085351075,-0.05282746,-0.04550325,0.007036513
-0.07835498,-0.062426947,-0.06859805,-0.111595795,-0.1618284,-0.1906556,-0.18301569,-0.14567627,-0.105042286,-0.08972914,-0.10349842,-0.12784174,-0.13308267,-0.10521985,-0.051117282,0.0010621625,0.026283512,0.015599458,-0.01035604,-0.022363938,-0.0044559636,0.034260176,0.06772097,0.06966896
0.025261471,0.008154537,-0.019836323,-0.028196698,0.0023722423,0.065363295,0.12574181,0.15314057,0.14234652,0.11480859,0.097860105,0.11686836,0.15940155,0.20067501,0.20446613,0.16531383,0.10751266,0.06312633,0.055058893,0.07715493,0.0967821,0.084531955,0.03591581,-0.026078673
0.013472544,0.03318462,-0.001537703,-0.067616925,-0.10069773,-0.06445719,0.023347607,0.11123085,0.14927006,0.124319345,0.066693276,0.034870442,0.059921674,0.13484621,0.20466328,0.21869463,0.16937394,0.08495037,0.023975736,0.024338838,0.073897876,0.12113595,0.11862119,0.053679794
-0.06809946,-0.12570739,-0.13246995,-0.0906179,-0.044757057,-0.039528362,-0.08671176,-0.16033348,-0.2103783,-0.20316833,-0.1460464,-0.0822154,-0.054205183,-0.08191894,-0.13551003,-0.16428824,-0.13879398,-0.064093016,0.013513345,0.046019323,0.019833643,-0.03517781,-0.06991432,-0.05407343
-0.04413191,-0.020447621,0.039739326,0.09666452,0.1245054,0.10932642,0.07377776,0.053970136,0.07336483,0.11983499,0.16528817,0.17550057,0.14114374,0.08420945,0.042079106,0.038765356,0.069161445,0.09929957,0.09505838,0.048189465,-0.016313963,-0.06035815,-0.059771918,-0.022536533
-0.0028567384,0.0038969463,-0.023635779,-0.06552651,-0.081293084,-0.05252842,0.009146929,0.067308635,0.090429015,0.07296961,0.041161954,0.027952736,0.049305364,0.102316685,0.1480532,0.15383624,0.11939349,0.06706367,0.030480996,0.031802826,0.062863275,0.09041991,0.08143378,0.031906165
-0.027257498,-0.03197788,-0.06920755,-0.12362111,-0.15597229,-0.14898895,-0.10591145,-0.060300216,-0.04356992,-0.061897233,-0.09297159,-0.10732353,-0.08289811,-0.026408844,0.02797635,0.049296744,0.0330041,-0.0002993533,-0.018663011,-0.0030041153,0.040422548,0.07853271,0.08241557,0.046797734
-0.052069895,-0.13204873,-0.18337597,-0.1712093,-0.108636215,-0.041449703,-0.016797088,-0.050620645,-0.10940061,-0.13902888,-0.111958764,-0.03518398,0.046263207,0.082388856,0.053633254,-0.0055268807,-0.043187708,-0.02301469,0.04472416,0.11143699,0.12627313,0.07553577,-0.0057493006,-0.063822046
0.043512087,-0.027501432,-0.08225706,-0.07580233,-0.026783235,0.027720027,0.04030929,-0.006102312,-0.08180317,-0.13064156,-0.12673856,-0.072864264,-0.007582322,0.015107964,-0.020410819,-0.08193628,-0.123443715,-0.107269734,-0.03940767,0.03418356,0.06273625,0.030715978,-0.029739443,-0.06967178
-0.06779004,-0.14951396,-0.197864,-0.18228507,-0.11743891,-0.049574297,-0.022466296,-0.05473736,-0.11158162,-0.13725072,-0.10324804,-0.023350697,0.060562726,0.096547134,0.06562924,0.005200884,-0.02956924,-0.004692921,0.06352021,0.12657082,0.1362632,0.08016757,-0.005415614,-0.064525254
-0.030828964,-0.010190643,0.04850168,0.10215798,0.10628736,0.05272884,-0.02401569,-0.07353183,-0.06655117,-0.018605568,0.027995775,0.027370527,-0.02653855,-0.10131663,-0.14397623,-0.12695242,-0.065157,-0.0053571053,0.007652781,-0.03204113,-0.089716926,-0.11580113,-0.08475868,-0.010623177
0.04052429,0.0606396,0.01563711,-0.062041663,-0.10613347,-0.073792554,0.014947487,0.104342505,0.13788368,0.1012492,0.029896365,-0.010226553,0.014248937,0.09483019,0.17256762,0.19013667,0.13631268,0.04620561,-0.01490703,-0.005964739,0.057176363,0.11923506,0.12469085,0.05966579
0.06396878,0.13703828,0.1765132,0.16210252,0.11856177,0.088439986,0.09733558,0.1472367,0.2024634,0.21893705,0.18316074,0.11851345,0.06072404,0.044055495,0.07195703,0.1083917,0.1132417,0.06735335,-0.0052278023,-0.061564058,-0.070188336,-0.030125266,0.02369728,0.048414584
-0.20198396,-0.14677371,-0.074612156,-0.06101611,-0.09952224,-0.16985719,-0.2115197,-0.18017289,-0.08732776,0.0018457011,0.045268856,0.025117127,-0.031192295,-0.06110546,-0.028293181,0.051873397,0.13132836,0.15608789,0.11224829,0.032686092,-0.025131904,-0.022416648,0.027954074,0.0792276
0.060668234,0.122748554,0.13445313,0.08277901,-0.0010215585,-0.060359187,-0.062162932,-0.013670141,0.035426397,0.038407236,-0.015371528,-0.095754035,-0.15253149,-0.14876585,-0.08884498,-0.023344856,-0.0009677445,-0.03746252,-0.101001315,-0.13699435,-0.109937504,-0.030392198,0.050902735,0.08513753
-0.13066183,-0.12897909,-0.07898049,-0.026111491,-0.0027149543,-0.026683798,-0.07524967,-0.1071287,-0.08861994,-0.030509586,0.034617446,0.06382114,0.045325976,-0.0005699679,-0.034118444,-0.023878146,0.02838162,0.08401127,0.10074812,0.066978745,0.004522098,-0.04413912,-0.048467252,-0.010558582
-0.00074144977,0.043015596,0.092939675,0.11891486,0.11625918,0.096348815,0.08287476,0.09473839,0.12966682,0.16310503,0.17260642,0.14899339,0.107162274,0.07296035,0.06397873,0.077247486,0.094192274,0.087652765,0.051599693,0.0025998405,-0.033527147,-0.040175408,-0.020048616,0.007007361
-0.04715412,-0.07755294,-0.051504448,0.015149784,0.07659491,0.08788552,0.049079567,-0.010477178,-0.042135153,-0.020020507,0.041836325,0.09522517,0.10262077,0.05740993,-0.010093742,-0.049756296,-0.03383574,0.024030054,0.07415535,0.07534934,0.024397505,-0.045468003,-0.0852098,-0.06699538
0.14998947,0.18240048,0.15690058,0.10762981,0.078945585,0.10462344,0.17053895,0.23211819,0.24265328,0.19712406,0.122818895,0.07045458,0.068025015,0.108274914,0.14813668,0.14307404,0.084121734,0.00028404495,-0.056588523,-0.055635437,-0.0059864977,0.047057435,0.060299024,0.021779455
0.0042431806,-0.04872568,-0.09143624,-0.09646027,-0.0790108,-0.06262095,-0.07293611,-0.11403322,-0.16512157,-0.19383466,-0.18689954,-0.15030697,-0.11191265,-0.09901295,-0.11426802,-0.13723525,-0.14384095,-0.11425422,-0.05815754,-0.005336296,0.017183267,0.0065083825,-0.017667318,-0.029374879
-0.045407154,-0.027243802,0.042156618,0.11136504,0.11936927,0.049110323,-0.0554421,-0.12739429,-0.12568861,-0.06779745,-0.0031026816,0.0032030195,-0.061129685,-0.15900707,-0.21739781,-0.19652341,-0.11406331,-0.02652777,0.0025701304,-0.04190674,-0.11653566,-0.15245168,-0.11424005,-0.0181828
-0.1390786,-0.20011985,-0.19094414,-0.12638141,-0.053792182,-0.030486278,-0.06984051,-0.13948719,-0.17661536,-0.14604326,-0.061609536,0.02502067,0.061556812,0.033735164,-0.029649952,-0.06811845,-0.042581525,0.034447685,0.10891562,0.12815706,0.0777543,-0.008200764,-0.068892255,-0.06595843
0.00399412,0.026684133,0.08469669,0.14189531,0.15402608,0.11228577,0.04889665,0.004939577,0.0070046713,0.046133354,0.08772222,0.08439641,0.03163943,-0.042048927,-0.09042674,-0.0868051,-0.039500944,0.01021033,0.016716545,-0.025302725,-0.0823013,-0.11044,-0.087654874,-0.023084288
-0.035748627,-0.063674994,-0.02755242,0.057623357,0.14251508,0.17668514,0.14791104,0.088702574,0.0555994,0.08053489,0.14772424,0.21067217,0.22247429,0.17087159,0.08661896,0.027161617,0.027652502,0.07470809,0.119693615,0.115453154,0.05118711,-0.03890907,-0.097558245,-0.090925075
-0.0033830816,0.054950517,0.115581736,0.13767985,0.12089138,0.08577449,0.06558827,0.08391815,0.13211772,0.17327884,0.17888683,0.14226496,0.08674792,0.045520313,0.04287188,0.07046369,0.09806628,0.091059186,0.044883814,-0.015997617,-0.05632813,-0.05438066,-0.017397767,0.022912884
0.06880155,0.035496235,-0.02626449,-0.062414702,-0.039771743,0.03896748,0.122268416,0.15671933,0.12683702,0.06621598,0.021236936,0.036049407,0.10486092,0.17615831,0.19377309,0.14523162,0.061821077,-0.00055886805,-0.00026845429,0.05440711,0.110299714,0.11539318,0.058820833,-0.027304335
0.04750978,0.084174395,0.084677905,0.045004398,-0.015026606,-0.05795326,-0.062791824,-0.03500161,-0.008254463,-0.011867579,-0.05021861,-0.103832155,-0.13994657,-0.13645445,-0.09493095,-0.049320787,-0.032465175,-0.05243667,-0.08842963,-0.106095515,-0.08245395,-0.024270315,0.033557124,0.058193818
0.02623047,0.04345062,0.07576491,0.10308129,0.098815575,0.061333593,0.013194792,-0.018770745,-0.020948954,-0.0020224515,0.013853385,0.0007977458,-0.038616948,-0.08637637,-0.11206912,-0.10241564,-0.06890453,-0.037779383,-0.03260524,-0.0541563,-0.08028331,-0.08534887,-0.057569515,-0.0077895606
-0.09533576,-0.09533863,-0.06750629,-0.04461628,-0.04773587,-0.08864301,-0.14418395,-0.17525858,-0.16342215,-0.12327816,-0.08273339,-0.06939635,-0.092487775,-0.12740281,-0.13825117,-0.10970178,-0.0550596,-0.0044207163,0.015302236,-0.003486502,-0.036853477,-0.051779125,-0.031242186,0.011954316
0.0014179336,-0.06637939,-0.10798756,-0.094780184,-0.053668395,-0.021701181,-0.031458605,-0.08603847,-0.15271863,-0.18417309,-0.16502032,-0.11020974,-0.058017317,-0.048555035,-0.08380698,-0.12877549,-0.14491042,-0.107522525,-0.035550952,0.026774822,0.04249004,0.009741303,-0.03783137,-0.057865348
0.17393063,0.16075082,0.11464203,0.09212942,0.10591554,0.1590278,0.21156254,0.22269003,0.17938869,0.113163225,0.05881476,0.049270798,0.07672295,0.109383345,0.10690466,0.057795655,-0.01528476,-0.06873186,-0.073089965,-0.032086495,0.016926631,0.03522703,0.009285268,-0.0380128
-0.031793904,-0.063036576,-0.030443843,0.055247746,0.1395805,0.17154433,0.14038564,0.07776452,0.040398344,0.061631694,0.12943517,0.19353607,0.20577732,0.15434113,0.06951207,0.009040495,0.009357374,0.060310137,0.109668426,0.10917305,0.04695653,-0.041041892,-0.1001337,-0.09300338
-0.10615201,-0.056669228,-0.0064984662,-0.007557916,-0.0571388,-0.12990677,-0.17594731,-0.16015261,-0.09491237,-0.033555664,-0.01200292,-0.044281345,-0.106069155,-0.13945106,-0.1106098,-0.03712406,0.035880648,0.06044586,0.024789397,-0.038208425,-0.074699946,-0.051698275,0.013450215,0.073177405
-0.052802805,-0.012569006,-0.009009118,-0.06032767,-0.12886418,-0.17370977,-0.1639055,-0.10825274,-0.04925967,-0.031576585,-0.05991032,-0.10947946,-0.13739605,-0.11104531,-0.04182665,0.025259685,0.05116566,0.024619313,-0.026024576,-0.055186983,-0.03423801,0.025038114,0.07927693,0.08997396
-0.039625186,-0.0937185,-0.08909426,-0.031219851,0.025059726,0.03260931,-0.0193233,-0.1024766,-0.15934648,-0.15026554,-0.08948721,-0.02674408,-0.006412566,-0.04730753,-0.1176493,-0.15902176,-0.13638377,-0.060213003,0.016632358,0.044497266,0.010062309,-0.05517087,-0.094159886,-0.070891365
0.009213157,0.074233405,0.12950006,0.13087726,0.07439906,-0.009388176,-0.06715657,-0.063084155,-0.014612851,0.02612088,0.020778546,-0.039213993,-0.12092175,-0.17211983,-0.15612692,-0.09214146,-0.031867735,-0.018906636,-0.058218777,-0.116336025,-0.14105885,-0.10315309,-0.02060506,0.056916136
-0.08713815,-0.089856274,-0.06462883,-0.04175112,-0.042122822,-0.072526805,-0.11576018,-0.14264008,-0.13456379,-0.10147374,-0.06517928,-0.051888548,-0.06289235,-0.091427445,-0.10590459,-0.087135084,-0.043051843,0.0018040461,0.022074614,0.009882642,-0.020355256,-0.039703712,-0.0296464,0.003927171
0.030256923,-0.04258346,-0.078935236,-0.03714028,0.05720287,0.15034814,0.18506679,0.14279789,0.067967966,0.030274713,0.05921502,0.13922079,0.213699,0.22701098,0.16165677,0.064952955,0.00369094,0.014471291,0.07623272,0.13219619,0.12809137,0.053414848,-0.046497032,-0.10797128
-0.00061439985,0.022866558,0.09826807,0.17735578,0.19712716,0.1419777,0.0460592,-0.026720408,-0.031278074,0.02187675,0.08208242,0.0879191,0.020776514,-0.08525376,-0.15851638,-0.1550013,-0.08597803,-0.008386203,0.014145478,-0.034368902,-0.11502444,-0.15987764,-0.12885144,-0.03506091
-0.101140745,-0.10166955,-0.06474099,-0.029004658,-0.025214385,-0.06626193,-0.12419736,-0.16055226,-0.15032972,-0.10511053,-0.054606177,-0.037514016,-0.061320867,-0.10384885,-0.12646316,-0.10536919,-0.048401613,0.010519772,0.033388242,0.010900534,-0.032789476,-0.05920264,-0.045403887,0.0027006692
0.020507688,-0.062714905,-0.11180976,-0.07491142,0.02360219,0.12370575,0.16276333,0.12003553,0.04001211,-0.003684518,0.02585731,0.114524074,0.1991014,0.22226925,0.16154632,0.06265853,-0.004090025,0.0061073285,0.07497053,0.14074856,0.14358371,0.06978827,-0.037364982,-0.109720975
-0.022882467,-0.059904307,-0.1106172,-0.1459728,-0.14634809,-0.11388886,-0.0733251,-0.05634462,-0.07327513,-0.10386679,-0.12008159,-0.10006964,-0.051408432,0.0039098044,0.031070048,0.020107148,-0.009717597,-0.026383853,-0.011576037,0.030337032,0.07194483,0.083474666,0.05493883,0.00690944
-0.15596712,-0.086453654,-0.009448025,0.0035404835,-0.03814343,-0.10835865,-0.14698145,-0.111054756,-0.015671158,0.06982927,0.10231804,0.06855913,-0.00063859054,-0.03794438,-0.0070819682,0.07168151,0.14546263,0.15821432,0.100919105,0.0125419805,-0.0461314,-0.03689388,0.022678824,0.07867579
-0.018910527,-0.004308784,0.041900218,0.084563494,0.08943446,0.048133746,-0.015195894,-0.05924658,-0.05763988,-0.021409709,0.01494575,0.016132955,-0.024208624,-0.08668777,-0.12541687,-0.11428299,-0.06487826,-0.014434016,0.0010733793,-0.027110614,-0.07391228,-0.09806652,-0.07337608,-0.011984325
-0.045972615,-0.092957065,-0.06416916,0.0299297,0.12915196,0.16948958,0.13548875,0.05925855,0.008912881,0.02835347,0.10839467,0.19014002,0.21504161,0.16126911,0.0624337,-0.010531126,-0.010477217,0.055290386,0.12351292,0.13263063,0.064688295,-0.040123664,-0.11358464,-0.10886598
0.059803095,0.020447625,-0.0450187,-0.08968527,-0.0936445,-0.056390535,-0.014225844,-0.006555866,-0.044900127,-0.099623926,-0.13818778,-0.128976,-0.079778604,-0.024693135,-0.002997326,-0.025362382,-0.07024265,-0.09668966,-0.07693791,-0.018152822,0.042161636,0.06544003,0.04236531,-0.0044310177
-0.08404925,-0.045092773,0.0008547737,0.014731207,0.0005415634,-0.03238173,-0.050663665,-0.030366201,0.022147058,0.07080869,0.092317015,0.076120175,0.03803264,0.015865324,0.028266793,0.06567828,0.10197742,0.10636552,0.072552346,0.020220164,-0.016505348,-0.017717602,0.008599315,0.03509533
-0.02589236,-0.097298354,-0.14062497,-0.123919494,-0.06223262,0.0033186032,0.027798232,-0.0057457676,-0.06393852,-0.09323806,-0.06732473,0.0035204315,0.07527981,0.10022832,0.06362721,0.0013676765,-0.03519682,-0.014536146,0.047272366,0.104311526,0.111259945,0.05944772,-0.016350288,-0.06613246
-0.05108461,-0.09591079,-0.099758066,-0.069440685,-0.042086083,-0.0445302,-0.08479846,-0.14508356,-0.18566427,-0.17938127,-0.13710861,-0.09280206,-0.07164744,-0.09381737,-0.13538384,-0.15471584,-0.12895074,-0.06692096,-0.00569341,0.021793656,0.004744847,-0.034928385,-0.0571397,-0.03783152
-0.13673386,-0.0696728,0.0015936416,0.010559591,-0.037152134,-0.11215103,-0.15362854,-0.12186386,-0.033581447,0.04449894,0.07171489,0.032924674,-0.03693298,-0.07348981,-0.041541863,0.037765652,0.1118788,0.12684745,0.072713554,-0.010026926,-0.061033085,-0.044089954,0.019776005,0.07822351
-0.00032132308,-0.052951142,-0.08967268,-0.08309305,-0.05134109,-0.023028672,-0.024708364,-0.06212534,-0.111561865,-0.13708445,-0.12327679,-0.07980657,-0.03875435,-0.026286162,-0.04891851,-0.0833432,-0.09891569,-0.07413733,-0.021837978,0.025921883,0.040016633,0.017217884,-0.02081923,-0.041155983
-0.038832452,0.023561697,0.09077035,0.112961,0.086885385,0.032357987,-0.0033947832,0.012717795,0.0715601,0.12547162,0.1413885,0.10417451,0.03639801,-0.011652336,-0.007860319,0.036993977,0.0844991,0.092271514,0.04674838,-0.024166705,-0.07260759,-0.06613779,-0.01592045,0.03864948
0.059821587,0.008495922,-0.07512335,-0.12684311,-0.11396575,-0.041563895,0.03513558,0.06060911,0.018057648,-0.05141125,-0.0962797,-0.07339239,0.0026534174,0.082302906,0.10918218,0.068327814,-0.006300338,-0.05489352,-0.03788428,0.03191523,0.10198219,0.11887961,0.06844898,-0.016474418
0.06905126,0.13543503,0.16816108,0.15515697,0.12098129,0.10273077,0.121216975,0.17351279,0.22327435,0.2336896,0.19755998,0.13891062,0.08889707,0.08022249,0.10801466,0.13503657,0.12824602,0.07583681,0.0039804354,-0.047284387,-0.051220726,-0.013775209,0.028105779,0.039236624
0.1512847,0.12074466,0.0581221,0.026348464,0.042210188,0.10431467,0.1646492,0.17600997,0.12440117,0.0495332,-0.005189447,-0.0035519027,0.04560704,0.09437778,0.09760078,0.04534658,-0.033669703,-0.08563095,-0.07639455,-0.017628241,0.043313507,0.06064251,0.023016226,-0.039259244
-0.12228041,-0.07765413,-0.026046544,-0.01424855,-0.03577586,-0.07511718,-0.09149234,-0.06027892,0.0074549667,0.06677416,0.0931841,0.07410051,0.033929095,0.016359402,0.039689027,0.089255676,0.13365312,0.1376791,0.09482741,0.03295169,-0.0076020383,-0.0055173254,0.02383382,0.048832756
0.05431142,0.13619667,0.1700921,0.13470075,0.0699635,0.030842148,0.049303718,0.11967039,0.18978977,0.20505334,0.15508275,0.07424285,0.014095861,0.013521501,0.06692493,0.12185102,0.12818135,0.06861584,-0.019756434,-0.079677105,-0.07382269,-0.011838217,0.055091005,0.074333355
0.026383212,-0.014072878,-0.0011409116,0.066070184,0.12611187,0.1365409,0.08634378,0.0028800443,-0.05839578,-0.05708268,-0.0058941585,0.044517957,0.05019189,-0.0040968736,-0.08575392,-0.13802092,-0.12646823,-0.060892005,0.0044498323,0.023545956,-0.014827435,-0.07744195,-0.1125957,-0.0850084
-0.06695158,-0.03076779,0.06102834,0.14651942,0.18112436,0.1482464,0.08342908,0.046575304,0.074383534,0.14566873,0.21300517,0.22481066,0.1684698,0.07915742,0.01696132,0.018502118,0.071958475,0.12314274,0.11981514,0.0519154,-0.042828243,-0.103805944,-0.09526699,-0.030522298
0.0875916,0.097987704,0.060457103,0.006114646,-0.033099126,-0.032015733,0.0019162592,0.037837453,0.03900652,-0.00032201395,-0.058558363,-0.097377084,-0.09362057,-0.052783236,-0.0069624176,0.0069440827,-0.023068085,-0.07162279,-0.09738373,-0.078234166,-0.022620767,0.03418547,0.056025535,0.033082236
-0.17276058,-0.1658151,-0.1061085,-0.05211852,-0.031312816,-0.06286488,-0.11160967,-0.13420519,-0.10030472,-0.027615583,0.04719066,0.076365314,0.053153265,0.007902048,-0.01876122,0.0016419328,0.06399455,0.122641906,0.13240257,0.08562838,0.014807874,-0.036253173,-0.038203645,0.0023841076
0.038973093,0.06467484,0.030148907,-0.03885953,-0.08252967,-0.06062123,0.016236072,0.09909384,0.13496117,0.10521248,0.04007885,-0.0039596464,0.010923859,0.08004686,0.1517676,0.17248401,0.1273954,0.04521252,-0.015513562,-0.013854419,0.04087616,0.09987896,0.110676885,0.056917164
0.16225186,0.20499876,0.18170963,0.12561949,0.084840246,0.104645625,0.17119879,0.23946103,0.25719237,0.21092683,0.12480903,0.05964801,0.050815005,0.09378998,0.14233972,0.14513834,0.08546722,-0.008214419,-0.07561211,-0.076053284,-0.020191103,0.044264693,0.06731348,0.031917088
-0.019254448,-0.008559064,0.034418777,0.079451784,0.09319397,0.062320426,0.009193839,-0.03008324,-0.030159736,0.0031643284,0.040431082,0.045987803,0.0116777755,-0.04330062,-0.08160018,-0.07850384,-0.03932753,0.004148151,0.017494282,-0.009182254,-0.05361922,-0.08137152,-0.068105586,-0.019223148
-0.01253717,-0.016561855,-0.075935386,-0.1605609,-0.21143465,-0.19541927,-0.12797745,-0.05816222,-0.03639547,-0.07280933,-0.13187666,-0.15657102,-0.11942527,-0.033668943,0.04859808,0.077374734,0.04289875,-0.017435433,-0.0474787,-0.01782548,0.05353105,0.11680326,0.12416337,0.06739209
-0.073479354,-0.13317747,-0.17006442,-0.16542733,-0.12617967,-0.08326762,-0.06686408,-0.087420516,-0.122723386,-0.13729087,-0.11265803,-0.055626746,0.006436888,0.037240773,0.024365595,-0.008629503,-0.026936451,-0.0074683293,0.041976105,0.08848842,0.098861754,0.063737914,0.006910171,-0.03542693
-0.11972691,-0.11432444,-0.06663984,-0.02402134,-0.02099936,-0.071610406,-0.14127246,-0.18110676,-0.16336925,-0.1058281,-0.04497168,-0.027268093,-0.061914496,-0.11688538,-0.1424064,-0.11302245,-0.041999787,0.026666386,0.04780162,0.01256373,-0.04429141,-0.07398109,-0.052344117,0.007028071
-0.15113042,-0.14550668,-0.09687933,-0.053179093,-0.039243598,-0.06974088,-0.116136305,-0.13688411,-0.10758793,-0.0465216,0.014306379,0.038468678,0.018626994,-0.018356103,-0.03672147,-0.014659126,0.03927382,0.0884208,0.098605916,0.06315067,0.0069406694,-0.03164652,-0.030152485,0.005018123
0.108853474,0.12282657,0.06471157,-0.024171859,-0.08635603,-0.07776312,-0.009149963,0.05946118,0.06860278,0.012447593,-0.07516021,-0.13354197,-0.11945338,-0.043665923,0.033851273,0.054748133,0.0070435586,-0.07238997,-0.11967863,-0.09351529,-0.0063716006,0.07840042,0.104234524,0.05947209
0.15476942,0.14198335,0.10276567,0.08620815,0.10263645,0.15062368,0.19646692,0.20529938,0.16532575,0.10632866,0.06045799,0.05441277,0.079528324,0.10586724,0.10004583,0.053432647,-0.012879622,-0.05888851,-0.059974596,-0.02392638,0.01704185,0.029686544,0.0041606757,-0.03801574
-0.09606144,-0.0462791,0.007212562,0.009864571,-0.037172228,-0.108853914,-0.15394065,-0.13967174,-0.07768505,-0.018410908,0.00034210636,-0.035848916,-0.09479088,-0.127756,-0.103062764,-0.035117727,0.033001162,0.054181647,0.01905098,-0.04041816,-0.07408457,-0.05405098,0.0068010096,0.06552539
0.0006257112,0.06615179,0.13647862,0.16556181,0.15184234,0.11593986,0.0963671,0.1162532,0.16930754,0.21800491,0.22934213,0.18940966,0.1250461,0.07594462,0.0679653,0.09430171,0.12588246,0.119476676,0.065034606,-0.009015234,-0.059200652,-0.062157527,-0.02373266,0.021603718
-0.18989128,-0.18721935,-0.12969032,-0.075180806,-0.05572767,-0.093078144,-0.15406469,-0.18595648,-0.15381698,-0.07893843,0.00079400983,0.03595739,0.013653337,-0.035952404,-0.06344724,-0.037095245,0.033757694,0.10306015,0.12297118,0.08079615,0.007382426,-0.044338312,-0.042551138,0.0036263983
-0.0075514414,-0.06174366,-0.1403632,-0.18962084,-0.17667162,-0.11063965,-0.0392755,-0.012755573,-0.042732835,-0.09550119,-0.122421585,-0.0906343,-0.011436736,0.06968235,0.1014944,0.072527364,0.0144908065,-0.020392226,-0.0005922582,0.061809104,0.12049671,0.12956966,0.07735411,-0.0065096836
0.026641283,-0.010971916,0.0031481236,0.0645223,0.11597117,0.11708454,0.061131097,-0.023268763,-0.082892284,-0.08191609,-0.036443118,0.006272565,0.011045933,-0.043157928,-0.121175244,-0.16651566,-0.1506116,-0.08425741,-0.017133359,0.005312047,-0.028118873,-0.08567091,-0.11285964,-0.07862177
0.09533115,0.10031496,0.056542505,-0.0060934853,-0.05778317,-0.06494823,-0.03669209,-0.007434741,-0.013700446,-0.057241503,-0.1215008,-0.1652174,-0.16028112,-0.11610726,-0.0666749,-0.048151363,-0.071577646,-0.11450451,-0.13489868,-0.10630408,-0.039299294,0.026398404,0.055612557,0.040115148
-0.062511206,-0.11700155,-0.103424355,-0.034381468,0.028871069,0.033473745,-0.02643095,-0.1152102,-0.16950482,-0.15105657,-0.07747678,-0.008214225,0.009247599,-0.039887063,-0.11715797,-0.15841095,-0.12797794,-0.041407302,0.038831793,0.060015053,0.013387402,-0.061657492,-0.10365805,-0.07602673
0.027497316,0.04744369,0.020922173,-0.02914354,-0.050484966,-0.017123394,0.055536937,0.12750736,0.15796462,0.13511677,0.08613909,0.05873712,0.076669864,0.13424423,0.18757783,0.19479707,0.14851616,0.07448832,0.022200353,0.020288957,0.05838052,0.095359415,0.09181024,0.036395233
0.1530585,0.18810332,0.15334886,0.08761268,0.044616327,0.064793944,0.13667352,0.20897856,0.22443606,0.17284301,0.08674049,0.024057128,0.022098076,0.074471585,0.13111283,0.13674596,0.07667834,-0.015430586,-0.07876735,-0.07496476,-0.011683742,0.05810443,0.08004085,0.037104663
-0.03789746,0.04724529,0.13932213,0.1728505,0.13967481,0.06761777,0.018743832,0.037662886,0.113644324,0.18556823,0.20596445,0.15267554,0.05968135,-0.0076310695,-0.006052984,0.051042218,0.11323189,0.120925464,0.057571143,-0.03839898,-0.10272786,-0.0944424,-0.027560439,0.04621019
0.009485707,0.01936407,0.048666712,0.07400166,0.066045746,0.022902785,-0.03739496,-0.08084231,-0.087780364,-0.066589646,-0.046471905,-0.05240825,-0.08900588,-0.14070405,-0.16862209,-0.15383951,-0.10931104,-0.0646806,-0.046823226,-0.06132545,-0.08832958,-0.09507621,-0.062743664,-0.0041651838
0.013147471,-0.03324752,-0.018449258,0.052239984,0.111527525,0.11301714,0.049343806,-0.046775073,-0.1133677,-0.10854881,-0.050989356,0.0032389278,0.009537773,-0.050357483,-0.1376096,-0.18796146,-0.16655983,-0.087061025,-0.009270243,0.015504938,-0.024498003,-0.091588475,-0.12466106,-0.086184666
0.07869094,0.15268007,0.18327008,0.15903656,0.11148924,0.085863404,0.10756089,0.16821875,0.22435899,0.23218517,0.18587042,0.11408487,0.05918805,0.056045756,0.0950682,0.13142401,0.12596731,0.0669994,-0.014034616,-0.06750834,-0.06369569,-0.013038607,0.039275818,0.051970262
-0.12954494,-0.17445989,-0.1453991,-0.06484761,0.020345796,0.04918323,0.016678033,-0.041437253,-0.06656444,-0.029135298,0.058701415,0.14198446,0.16854708,0.12990065,0.057652667,0.011052191,0.027066294,0.09336453,0.15334418,0.15364745,0.08616644,-0.010348517,-0.07674635,-0.07614869
0.11110118,0.12261772,0.064266816,-0.024235466,-0.0902565,-0.09245728,-0.044282332,0.00783679,0.010532978,-0.04515139,-0.13181701,-0.18837745,-0.1785883,-0.114152074,-0.041538097,-0.013940352,-0.049991105,-0.11623674,-0.1508044,-0.11884956,-0.033168983,0.05287873,0.08953376,0.058972295
0.015935224,-0.057542272,-0.119440615,-0.1269704,-0.09685554,-0.06288729,-0.06055321,-0.10645595,-0.1769853,-0.22287133,-0.21700697,-0.1674052,-0.107232206,-0.08046215,-0.10032592,-0.141351,-0.1646165,-0.13536909,-0.06371078,0.009575244,0.044361707,0.027940603,-0.016271593,-0.046498936
0.056257963,0.028603312,-0.021829974,-0.049614068,-0.02626849,0.041775886,0.11017819,0.13777329,0.113193646,0.064320356,0.030598186,0.04789067,0.10336989,0.15809007,0.16926138,0.12747674,0.058837265,0.009374501,0.010981807,0.05300209,0.09343925,0.09372997,0.046443038,-0.024209365
-0.055300307,-0.10101466,-0.0986732,-0.05456516,-0.011938249,-0.009712839,-0.053825185,-0.119665824,-0.16195163,-0.15287133,-0.10064681,-0.0476768,-0.027244091,-0.0577222,-0.11027446,-0.13771781,-0.11489165,-0.048380047,0.017561445,0.041378655,0.012737806,-0.03934094,-0.07028781,-0.052738935
0.016858006,-0.0577317,-0.112575345,-0.10868306,-0.07052275,-0.033966754,-0.039648913,-0.09711963,-0.17215137,-0.21237022,-0.19822358,-0.14251435,-0.084503286,-0.06955185,-0.10279344,-0.1493473,-0.1675088,-0.13007344,-0.053771045,0.016897097,0.04103067,0.0131744165,-0.033613015,-0.056969006
0.112179615,0.055433005,-0.038177345,-0.096843295,-0.09738479,-0.04414942,0.010081615,0.012740475,-0.050990783,-0.13674626,-0.19399382,-0.18182686,-0.11205311,-0.041528437,-0.0196539,-0.057714537,-0.1257617,-0.16094388,-0.12596081,-0.038307875,0.046854734,0.07840138,0.04524463,-0.019875485
-0.16305114,-0.15778738,-0.10777893,-0.060300987,-0.035295803,-0.052205313,-0.085253865,-0.097791,-0.064251244,-0.0013902265,0.063328095,0.093268976,0.0806712,0.049463607,0.029608317,0.04393416,0.08895879,0.13095824,0.13620493,0.0971343,0.03604495,-0.012039668,-0.023478175,-0.0014063929
-0.1056719,-0.13711591,-0.12667462,-0.08922581,-0.046248946,-0.033599023,-0.0549757,-0.0882104,-0.09973868,-0.0757927,-0.023516288,0.027750444,0.04998216,0.03479751,0.0019303382,-0.015153343,0.0015734284,0.044899143,0.08505442,0.09045671,0.055751592,0.0030771492,-0.0325798,-0.033647407
-0.027826844,-0.05468243,-0.026712248,0.045715537,0.11811991,0.14394431,0.117647566,0.06534517,0.033657566,0.051236447,0.10925518,0.16312957,0.1736902,0.13037267,0.058653187,0.0072748843,0.0073032253,0.051147386,0.093860455,0.092919566,0.040401276,-0.034538202,-0.0849781,-0.0793204
-0.067786805,-0.024025887,-0.016715722,-0.068195924,-0.1403716,-0.18976478,-0.18299145,-0.12556554,-0.06022159,-0.036443353,-0.0633753,-0.1160032,-0.14657533,-0.11973193,-0.04604432,0.027869243,0.059033945,0.031985596,-0.02281224,-0.055668585,-0.03563866,0.025503725,0.083037816,0.09529781
0.08015283,0.047086097,-0.009933516,-0.03672921,-0.00899355,0.06738584,0.14364167,0.17009524,0.13593812,0.0785641,0.04126877,0.05883688,0.11840953,0.17849001,0.18707341,0.13484672,0.056402143,0.0019612848,0.0033384226,0.05114755,0.09881864,0.099895775,0.04476906,-0.0334527
-0.051055178,-0.13465522,-0.18790732,-0.17106794,-0.09975717,-0.024848871,0.0033855042,-0.029941553,-0.09161257,-0.12350147,-0.092497945,-0.008179907,0.07559813,0.111217,0.07927449,0.0140078785,-0.02897861,-0.009144145,0.06001618,0.12555616,0.13696496,0.08225216,-0.0061388123,-0.0716165
0.0051948945,-0.06363182,-0.16102655,-0.22201414,-0.21093129,-0.13946198,-0.06636529,-0.04610037,-0.0908541,-0.15821636,-0.19544518,-0.15859337,-0.065584034,0.028165776,0.064442694,0.03124708,-0.03549811,-0.07268163,-0.0393199,0.045876086,0.12356928,0.13888046,0.08282723,-0.008070259
0.025667863,-0.01305997,-0.067715354,-0.09587993,-0.076391704,-0.0155877955,0.04644495,0.06611853,0.037867904,-0.0048708455,-0.026536392,-0.0029380955,0.05481193,0.11231615,0.12536952,0.08861514,0.03438025,0.001261357,0.010602226,0.054514196,0.09560359,0.095228985,0.04757237,-0.018358005
0.04080533,0.00060251827,0.007612981,0.063987166,0.11443032,0.11960162,0.066671014,-0.01753093,-0.08165418,-0.087323606,-0.04661128,-0.0024253514,0.0047247796,-0.047799442,-0.12496351,-0.17216499,-0.16025959,-0.096138485,-0.027049065,-0.00037750797,-0.029764535,-0.08375945,-0.11008079,-0.078485586
0.010174235,-0.0305703,-0.05477977,-0.037040286,0.019310428,0.08340319,0.11849442,0.10820266,0.07131337,0.046782456,0.05712134,0.10328266,0.15455516,0.1744351,0.14491317,0.08752393,0.040793903,0.032836646,0.06137053,0.09469193,0.097328395,0.055128336,-0.009393717,-0.059546042
-0.04348092,0.013403251,0.041081104,0.013171275,-0.035674714,-0.06488125,-0.043365482,0.02310656,0.09393217,0.12253635,0.101557165,0.051876925,0.016451854,0.02988862,0.08359038,0.13584971,0.14995156,0.109526895,0.039974723,-0.011743915,-0.013783562,0.026489846,0.06759865,0.071759656
-0.11722305,-0.07368292,-0.022121338,-0.010186269,-0.030407827,-0.071298316,-0.092087336,-0.06594254,-0.0011524041,0.05780291,0.085318856,0.068532474,0.026646942,0.004293664,0.023365168,0.072035685,0.11886712,0.12785505,0.08997005,0.029005768,-0.014031575,-0.014437428,0.017404387,0.048095558
0.19216394,0.15576474,0.08151753,0.044928484,0.06659432,0.14321199,0.21517311,0.22592878,0.1612631,0.07032648,0.0033759545,0.0060072537,0.06426357,0.12025364,0.11968584,0.0529657,-0.044052765,-0.106938034,-0.09443478,-0.022466484,0.049844634,0.06770896,0.021923231,-0.050305832
-0.00072158175,-0.03905778,-0.09782391,-0.13744643,-0.13154885,-0.08136055,-0.023723545,-0.00010433645,-0.020867843,-0.060677502,-0.084533565,-0.06450456,-0.0058784164,0.057699405,0.08410704,0.06285731,0.01820939,-0.012072567,-0.0022152169,0.043663345,0.09027854,0.09994759,0.062017325,-0.0012455152
0.0008224228,0.020063117,0.07263962,0.12302462,0.12979405,0.08303234,0.011157275,-0.03922199,-0.04043215,-0.0045884536,0.0329056,0.030866422,-0.018326972,-0.09244834,-0.13904148,-0.12987614,-0.07868575,-0.024179434,-0.0077308803,-0.040136017,-0.09259572,-0.117545195,-0.08858699,-0.018943818
-0.11791478,-0.1494572,-0.13989644,-0.103525154,-0.063048534,-0.04945218,-0.06600464,-0.09466713,-0.1024409,-0.07611557,-0.02293418,0.027145378,0.05163798,0.04276057,0.014840425,-0.0005044302,0.01609667,0.056474388,0.092174396,0.097185075,0.06474416,0.013726194,-0.02461688,-0.02981581
0.11810475,0.12782931,0.06467902,-0.028605336,-0.09937016,-0.10163381,-0.046370193,0.01101558,0.012059027,-0.048922155,-0.14022283,-0.20122552,-0.18847689,-0.11622596,-0.038472056,-0.011937615,-0.052264903,-0.12255975,-0.1596296,-0.124441445,-0.030585399,0.061604667,0.096722856,0.061582584
0.012153251,-0.07638276,-0.14461681,-0.14548092,-0.10534559,-0.06538091,-0.07038128,-0.13294366,-0.21833201,-0.26668456,-0.25184664,-0.18588772,-0.11834793,-0.09561126,-0.12714325,-0.17752516,-0.1990079,-0.15599576,-0.066985115,0.017070659,0.049432945,0.022791676,-0.029826794,-0.058437396
-0.009903071,0.009529484,0.0760441,0.14039908,0.14892945,0.09046288,-0.0004928565,-0.06697206,-0.07073629,-0.022401234,0.028355848,0.029104825,-0.029801121,-0.12146008,-0.18162811,-0.17133084,-0.10339803,-0.030711044,-0.0072090933,-0.04576519,-0.11116793,-0.14608249,-0.112362176,-0.022975663
-0.059523143,-0.070767604,-0.11454781,-0.17408058,-0.20932081,-0.20095447,-0.15952082,-0.11424101,-0.09492232,-0.10941141,-0.13853942,-0.14588371,-0.11476468,-0.049270555,0.014293035,0.042809464,0.030339975,-0.0024882564,-0.018030146,0.0041314573,0.052541755,0.093071364,0.09539919,0.054572765
-0.047406353,-0.07178012,-0.053164274,-0.0016678007,0.050296765,0.06661304,0.041885715,0.00027790462,-0.02094934,-0.0016405401,0.04781746,0.09437044,0.102992125,0.071674325,0.022090089,-0.009286573,-0.00033777338,0.039267324,0.074920654,0.074249946,0.033460554,-0.022806967,-0.058047727,-0.051366482
-0.0065462138,0.012097288,0.0720707,0.13094181,0.14031233,0.09187668,0.015414274,-0.04060427,-0.042592596,0.0009885408,0.047083832,0.048115227,-0.0048300386,-0.086166814,-0.1403236,-0.13345295,-0.07524743,-0.013252138,0.0038408162,-0.033706978,-0.09392156,-0.12607363,-0.0983085,-0.021313488
-0.036906533,-0.014076384,0.05887067,0.13011391,0.14744818,0.09735989,0.01760516,-0.037360836,-0.030105267,0.02581036,0.08420582,0.08936119,0.03341083,-0.053218517,-0.11169617,-0.10444611,-0.041845094,0.024377625,0.038982973,-0.008458488,-0.08210457,-0.12526925,-0.10301289,-0.024903068
-0.03481318,-0.062159598,-0.026051123,0.053652752,0.123528264,0.13999987,0.099359214,0.03377618,-0.00079662533,0.02451987,0.08872909,0.142296,0.14810276,0.09500884,0.015066237,-0.034261126,-0.021774806,0.034539,0.083135016,0.08248987,0.024803173,-0.05531015,-0.101359904,-0.080655076
0.004960222,-0.03289111,-0.050253365,-0.02457936,0.033096224,0.0913415,0.11686137,0.10004149,0.06466514,0.047102,0.06426252,0.11073581,0.15476368,0.16571485,0.13122901,0.07594231,0.036524553,0.03490857,0.06397025,0.09223148,0.0873849,0.04188941,-0.019608965,-0.06126173
-0.11438955,-0.11745747,-0.08015261,-0.045073032,-0.04318671,-0.08798641,-0.15516107,-0.19940692,-0.18998419,-0.13976166,-0.08433506,-0.06269241,-0.08747741,-0.13578022,-0.16076331,-0.1343525,-0.06654454,0.0023374474,0.031176906,0.008516213,-0.03975398,-0.06872984,-0.0496464,0.006155649
-0.038186513,-0.038571827,-0.081114605,-0.14729178,-0.19044922,-0.18492337,-0.13982163,-0.086015016,-0.060391173,-0.077540256,-0.11506855,-0.1322683,-0.10923199,-0.04684272,0.021041974,0.054756794,0.041449707,0.0017266907,-0.023584578,-0.009249961,0.038459405,0.0876265,0.10054552,0.06263437
0.0993565,0.038281824,-0.0021310514,0.022939205,0.08308641,0.13728651,0.14169188,0.08460006,0.0009158904,-0.049234163,-0.043852724,0.0051829903,0.052934404,0.05233181,-0.0046748267,-0.07996678,-0.12510681,-0.10722025,-0.04251739,0.019852733,0.03513384,-0.004592242,-0.06274219,-0.08962847
-0.21074748,-0.1425252,-0.05742507,-0.042098574,-0.09070154,-0.17427658,-0.22417106,-0.19120857,-0.08632626,0.015653353,0.062163696,0.03089232,-0.03925232,-0.07886599,-0.04431024,0.048311118,0.14276895,0.17086509,0.11637379,0.021856211,-0.044583313,-0.03884884,0.025221022,0.09044262
0.050388336,0.12810074,0.15984422,0.12431459,0.058439165,0.016942197,0.036130376,0.105488524,0.17307377,0.1886803,0.14156766,0.060973264,0.0011642973,0.003943113,0.058644988,0.11285421,0.121088155,0.06473944,-0.022490274,-0.08122795,-0.07218548,-0.009125651,0.056063607,0.07577206
0.031465262,0.04892843,0.0073303925,-0.063493714,-0.10140675,-0.068439536,0.019602027,0.10675704,0.13927864,0.10623906,0.0421981,0.005894866,0.030470254,0.10967649,0.1833319,0.19710107,0.14419444,0.058039315,-0.0014957915,0.0050917203,0.06423191,0.120176926,0.11996868,0.054411512
-0.10545098,-0.034185033,0.041448213,0.057315502,0.019765418,-0.04632911,-0.08309111,-0.051761396,0.032272764,0.10549207,0.12744658,0.085070245,0.015117966,-0.024734093,-0.0014533602,0.06616656,0.12786824,0.13265696,0.07486666,-0.008028634,-0.059609886,-0.048360005,0.009084318,0.062873125
-0.028654769,-0.07967452,-0.11144424,-0.10163029,-0.060914077,-0.021547567,-0.008471208,-0.032157537,-0.07115416,-0.089875706,-0.06938477,-0.020832984,0.026917143,0.046156194,0.025651937,-0.012247624,-0.033374123,-0.015784651,0.028257448,0.06726046,0.07416951,0.041912373,-0.008140417,-0.041927155
0.08006028,0.08179612,0.039492566,-0.018772598,-0.062057056,-0.062477347,-0.030715762,-0.0010768792,-0.006560973,-0.046810497,-0.102926835,-0.13770866,-0.12846394,-0.085768364,-0.04132277,-0.027204234,-0.050610878,-0.08945625,-0.10714221,-0.081748515,-0.022994082,0.032968048,0.05503194,0.03577466
-0.16026825,-0.14949544,-0.088785455,-0.03297364,-0.009303429,-0.036485393,-0.086094104,-0.109399185,-0.07526599,-0.0037778763,0.067689344,0.09718278,0.07212864,0.022668902,-0.006636019,0.012115827,0.07039642,0.12369927,0.13168766,0.084499165,0.01138347,-0.040406104,-0.04130801,-0.0012512772
0.02136025,-0.03469415,-0.076547004,-0.075150415,-0.047060687,-0.017974941,-0.015904969,-0.0535855,-0.11070939,-0.1447503,-0.13721947,-0.09705023,-0.05252475,-0.038339682,-0.0621921,-0.10047607,-0.11929357,-0.094810374,-0.039637454,0.0132228,0.034173075,0.015175416,-0.021921514,-0.042535957
0.01475745,-0.06045109,-0.118310615,-0.115798466,-0.07094307,-0.024032086,-0.01607036,-0.062160503,-0.13436896,-0.17919251,-0.16964729,-0.112517975,-0.04659014,-0.02005832,-0.04809172,-0.100835435,-0.13415822,-0.11057899,-0.03869302,0.03519308,0.064859815,0.03608645,-0.021675847,-0.060571384
0.036033545,0.050284993,0.08910661,0.12822048,0.1326864,0.09585932,0.03976388,-0.0048478604,-0.015367145,0.0059697223,0.030625558,0.023459021,-0.018719906,-0.07997051,-0.12179882,-0.12062678,-0.08259783,-0.039756425,-0.026820375,-0.050758064,-0.0873115,-0.10401629,-0.078950875,-0.020417638
0.014179035,-0.04212161,-0.12481639,-0.17607158,-0.1608251,-0.08906049,-0.014753051,0.010145607,-0.026550822,-0.0870927,-0.12275132,-0.09208078,-0.008478888,0.07610855,0.10629274,0.070706725,0.0028176773,-0.039675012,-0.017641697,0.05385753,0.120548695,0.1304307,0.07499425,-0.012535668
-0.12420643,-0.10861663,-0.05126451,-0.0013390232,0.016569208,-0.012586167,-0.062649645,-0.08572806,-0.055302233,0.0072607864,0.06729163,0.08831253,0.05789002,0.0059065353,-0.022269245,-0.002916217,0.05149175,0.09956761,0.104705386,0.05869023,-0.008718552,-0.051063314,-0.04349262,-0.0008567649
-0.062372353,-0.11695246,-0.1534946,-0.14943491,-0.11153274,-0.07220793,-0.059813615,-0.080610394,-0.113481514,-0.12710088,-0.10326213,-0.048095062,0.0038851681,0.029664177,0.0183021,-0.011007005,-0.027294252,-0.008524257,0.03708451,0.07798207,0.08583139,0.05531789,0.0058927294,-0.031392034
0.030202309,-0.011237578,-0.072764166,-0.106653854,-0.08710075,-0.02061631,0.048123978,0.07232207,0.04217458,-0.008529444,-0.03828951,-0.014366357,0.05236054,0.118634224,0.13591696,0.09630155,0.031584654,-0.0099530155,0.0017650721,0.055537347,0.10522461,0.10750212,0.055279315,-0.019429551
0.0611094,0.1288709,0.13949831,0.08085286,-0.0072884737,-0.06574913,-0.058815736,0.0019606082,0.058684576,0.060293257,-0.0007789806,-0.08850792,-0.1451668,-0.13316588,-0.063123904,0.006478007,0.023271492,-0.025202228,-0.0985114,-0.13712403,-0.10427397,-0.017663538,0.0650856,0.092085026
-0.12872297,-0.08455217,-0.03317643,-0.02535757,-0.052027825,-0.098962285,-0.12487244,-0.09908072,-0.031384297,0.030239712,0.055024177,0.0345444,-0.0072043287,-0.026631044,-0.0010993553,0.055409983,0.10659531,0.11443608,0.07645057,0.01842239,-0.019358518,-0.0147230625,0.021981705,0.054697603
0.030937286,0.046068657,0.09344118,0.14576578,0.15764533,0.11597389,0.04508971,-0.011433797,-0.023556555,0.004968438,0.040985566,0.04021081,-0.010074293,-0.08698241,-0.13998958,-0.13936052,-0.09294917,-0.038147885,-0.01910527,-0.048962414,-0.0989862,-0.12401547,-0.097215146,-0.028466528
0.056526758,0.016135434,0.02161843,0.07946527,0.13377064,0.14344089,0.09597321,0.013576092,-0.05368405,-0.064053334,-0.02492584,0.018826501,0.026488429,-0.02539388,-0.10516806,-0.15869863,-0.15340438,-0.09263529,-0.02483931,0.001760024,-0.026901536,-0.081602156,-0.11177754,-0.08399618
0.024102962,0.06685789,0.09975782,0.09654503,0.05050228,-0.016196014,-0.06450227,-0.06937406,-0.04296681,-0.019765431,-0.024825787,-0.069668524,-0.13132215,-0.17208552,-0.16174987,-0.113582656,-0.06468935,-0.04677571,-0.06847549,-0.10692554,-0.12108111,-0.0873578,-0.02059145,0.041679118
-0.047198623,0.007968776,0.06812398,0.087696366,0.064111724,0.017177636,-0.0138174575,0.0021443618,0.057285465,0.10821022,0.12368958,0.092386864,0.035100386,-0.006054316,-0.0010807186,0.040585566,0.08364994,0.08917291,0.0483326,-0.014229953,-0.05797076,-0.05360699,-0.010254379,0.03657799
0.03243604,0.0025918551,-0.04288107,-0.064708106,-0.04286037,0.016389238,0.07341011,0.093188085,0.06970842,0.029141014,0.0059030424,0.027053284,0.07940373,0.1277831,0.13602076,0.099435754,0.04342641,0.007429334,0.014522803,0.05397506,0.08748051,0.08425005,0.03942054,-0.022373872
0.11816241,0.13161379,0.08087459,0.004108456,-0.053741142,-0.050602894,0.0015244469,0.053891562,0.0558613,0.0021368966,-0.0789917,-0.13231806,-0.12491415,-0.06596048,-0.0030657386,0.014366479,-0.026281457,-0.09217311,-0.12938474,-0.10294636,-0.02603284,0.05136571,0.08018774,0.049586307
0.083251245,0.04752214,-0.02251794,-0.06142631,-0.029291531,0.06821351,0.17499065,0.22415267,0.19357821,0.12396887,0.074143365,0.092442386,0.16935691,0.25414252,0.27550954,0.21440978,0.11089346,0.03187602,0.02384183,0.07904381,0.1403948,0.1448714,0.07393896,-0.032842387
-0.008558208,0.013626041,0.08234229,0.14828847,0.15692742,0.09448963,-0.0013491164,-0.07028979,-0.07289232,-0.023543961,0.02838875,0.027221313,-0.03504286,-0.13104376,-0.1926782,-0.1800939,-0.10941217,-0.034112748,-0.009782522,-0.05044403,-0.11884186,-0.15387808,-0.116963275,-0.024060402
0.021818398,-0.03418015,-0.06476515,-0.035277683,0.039802734,0.1179265,0.15691283,0.1351596,0.080828436,0.04914544,0.068971805,0.1304418,0.19142866,0.21075441,0.16596393,0.08825753,0.032111958,0.03134382,0.07289627,0.1148703,0.115358494,0.059201382,-0.024074256,-0.082040034
-0.0262925,0.0699926,0.17174937,0.21101366,0.18222414,0.113769114,0.06637285,0.09030387,0.17348488,0.24920602,0.2678056,0.21193428,0.11110969,0.035964515,0.033758845,0.0892179,0.14729697,0.1468569,0.0742449,-0.031744115,-0.104948096,-0.09992122,-0.03122289,0.043760378
0.0171257,-0.042870387,-0.12741795,-0.17680402,-0.1603486,-0.09019263,-0.02081369,-0.0020412528,-0.043535005,-0.104236364,-0.13629298,-0.1020395,-0.020356746,0.060277935,0.087193094,0.050780185,-0.013589189,-0.049892426,-0.023144137,0.049097024,0.114467315,0.1236917,0.06945747,-0.014189394
0.12491914,0.094175756,0.04208068,0.019068975,0.036668696,0.0907831,0.1409566,0.14555565,0.097121306,0.033564147,-0.009050073,-0.0027158214,0.042754166,0.08289687,0.07920506,0.02916677,-0.037939988,-0.076231174,-0.06171547,-0.007988789,0.041713957,0.04949312,0.0124121355,-0.038340043
0.018049438,-0.03516387,-0.0699361,-0.059875716,-0.02494399,0.004612084,0.0025788187,-0.039045762,-0.09435225,-0.12171756,-0.10832749,-0.06704721,-0.02741748,-0.018723749,-0.047838073,-0.08815311,-0.10511002,-0.07985064,-0.027032774,0.020386856,0.034626838,0.009073882,-0.030213274,-0.048256572
-0.038889643,-0.015169741,0.051758632,0.11224027,0.11849186,0.05910806,-0.03056837,-0.089441635,-0.08102422,-0.025695587,0.027605273,0.029336346,-0.030050911,-0.11759636,-0.16837275,-0.14823183,-0.076618135,-0.0069697015,0.010932321,-0.03295769,-0.101573095,-0.1346021,-0.098502785,-0.012930053
-0.004157251,0.024941625,0.0828633,0.13114183,0.13163784,0.07987679,0.01297834,-0.02529358,-0.014660631,0.025689827,0.062053807,0.052220117,-0.0048486902,-0.077682436,-0.116570204,-0.10070232,-0.048164748,0.0006354416,0.004581679,-0.039047584,-0.09399121,-0.11284663,-0.078557454,-0.008552632
-0.047256477,-0.10297537,-0.13777676,-0.12727942,-0.07694539,-0.023930218,-0.004849752,-0.027127078,-0.065066546,-0.08250567,-0.059747823,0.00021994047,0.05901326,0.08297058,0.0610487,0.018407663,-0.009199821,0.0038529397,0.05135415,0.095312126,0.09960716,0.057885956,-0.002377372,-0.04625742
0.030111168,0.0065017655,0.03038951,0.09690721,0.15213567,0.15615731,0.105393745,0.032941166,-0.013696817,-0.007882703,0.036047574,0.0739041,0.07002034,0.012101922,-0.06376177,-0.107822396,-0.09817929,-0.0445887,0.00796517,0.017009515,-0.024642993,-0.08221001,-0.10853323,-0.07828047
0.006125367,0.019090518,-0.012914015,-0.07122497,-0.11039332,-0.09985562,-0.047343917,0.012667305,0.039753035,0.019067688,-0.026319945,-0.054345563,-0.041001458,0.013936502,0.07417376,0.09818201,0.07340107,0.020751521,-0.018358795,-0.013839461,0.029527996,0.07810065,0.09063081,0.05270682
-0.070142694,0.012486061,0.09881777,0.12038183,0.07571533,-0.004057492,-0.056602154,-0.03590417,0.046335794,0.12262014,0.14414985,0.091613114,0.0020098565,-0.0597664,-0.04722777,0.024186213,0.09819774,0.11224934,0.05218153,-0.041515738,-0.10292545,-0.08870339,-0.013580926,0.06334787
-0.0502457,-0.08602423,-0.052833803,0.03604053,0.12728618,0.16456431,0.13771369,0.075801715,0.039034896,0.064184666,0.13976838,0.21089107,0.22831619,0.17919092,0.09181392,0.027533552,0.028145783,0.08222294,0.13352312,0.13150242,0.06487003,-0.03152538,-0.098598614,-0.095785275
-0.046090323,-0.07979826,-0.08333437,-0.060971737,-0.04154316,-0.048656534,-0.08540448,-0.13407151,-0.16319153,-0.15492071,-0.11930417,-0.08545624,-0.074072175,-0.09325771,-0.12250119,-0.13145302,-0.10545371,-0.054190505,-0.0071060956,0.010988302,-0.0034660536,-0.031423915,-0.0434235,-0.02492103
0.17627345,0.14726663,0.090019636,0.06750254,0.09003162,0.15080914,0.20459531,0.20676593,0.14848179,0.07361567,0.023096636,0.025241416,0.0654059,0.101427965,0.092355005,0.033086993,-0.044323847,-0.0900208,-0.078633115,-0.025008865,0.028432988,0.04039997,0.0041721226,-0.04921317
0.037673846,0.08463039,0.11911405,0.11583624,0.067597605,0.00253171,-0.04215771,-0.043297578,-0.015979255,0.004841379,-0.0074571664,-0.05887622,-0.121223815,-0.158951,-0.14638495,-0.09970267,-0.0569957,-0.048614543,-0.07674271,-0.11396335,-0.12292474,-0.085258186,-0.018953342,0.040341426
-0.06140796,-0.018107638,-0.006329633,-0.049989045,-0.115108445,-0.16116463,-0.15660435,-0.10400596,-0.042027496,-0.017328454,-0.040214736,-0.08793877,-0.119545676,-0.10013491,-0.036038764,0.031095954,0.06098665,0.037341356,-0.014033062,-0.04822577,-0.035266172,0.017978536,0.07198186,0.08724633
-0.09895658,-0.10404385,-0.07005723,-0.033367153,-0.02557189,-0.063011,-0.12065349,-0.160556,-0.15551591,-0.11405145,-0.06224405,-0.04109219,-0.059098013,-0.10245435,-0.12963158,-0.11286543,-0.057904143,0.0042300927,0.033660173,0.015556934,-0.028788397,-0.05924603,-0.049440373,-0.0036542895
-0.0650645,-0.118100226,-0.11599391,-0.06489279,-0.013744157,-0.010099157,-0.061093632,-0.1374055,-0.18573432,-0.1737769,-0.11220595,-0.04910754,-0.027139768,-0.062293176,-0.12266133,-0.15454915,-0.12829125,-0.05212448,0.023484623,0.05006793,0.016319405,-0.044592638,-0.080468036,-0.05991669
-0.007058402,0.02926734,0.05897159,0.05345341,0.006733245,-0.05857949,-0.1072592,-0.11206727,-0.083917625,-0.057697445,-0.05986001,-0.098145716,-0.15076424,-0.1841811,-0.16889755,-0.11721753,-0.066217445,-0.046336286,-0.06305593,-0.094942115,-0.10629024,-0.074342094,-0.01209907,0.04532829
-0.054578852,-0.11088462,-0.14274493,-0.12948133,-0.07943141,-0.026543519,-0.006073929,-0.02868386,-0.065935515,-0.08004671,-0.054273725,0.0053634066,0.06481954,0.08998337,0.0667541,0.022840139,-0.0026179426,0.012390393,0.05824476,0.10097704,0.104100175,0.059673402,-0.0034015398,-0.04655405
0.040905077,-0.0012924359,0.0027883893,0.05765856,0.10916727,0.11932933,0.07617677,-0.0022933024,-0.066609964,-0.075309895,-0.03557981,0.008201803,0.020087503,-0.024875656,-0.09975495,-0.15112099,-0.14488292,-0.084664986,-0.018625095,0.009046201,-0.016973626,-0.07086654,-0.10355134,-0.07958463
0.07399185,0.035032786,-0.026949983,-0.06530515,-0.06700133,-0.034857582,-0.0016584081,-0.0019338452,-0.04576549,-0.102788314,-0.14009504,-0.13203144,-0.08654643,-0.040522825,-0.026371855,-0.051190473,-0.094720356,-0.11532175,-0.089784324,-0.03025864,0.027167596,0.048927188,0.027874138,-0.012668637
-0.03210931,0.0006124473,0.06968025,0.13232857,0.1616344,0.14401172,0.10530981,0.085778594,0.10926248,0.15879545,0.20286527,0.20739448,0.16489479,0.10075703,0.054915443,0.051315125,0.08097122,0.10745708,0.097263016,0.043805316,-0.025989298,-0.07132634,-0.067526065,-0.025485208
-0.012230032,-0.051592816,-0.10354785,-0.13686222,-0.13506001,-0.10167662,-0.065204985,-0.056143075,-0.07931648,-0.1112672,-0.12693578,-0.107342444,-0.0575831,-0.005907681,0.01576815,0.002183576,-0.02606233,-0.03997404,-0.02134449,0.023530815,0.06556855,0.07469345,0.046073813,0.00027247155
-0.052044157,-0.09630658,-0.093641095,-0.049306612,-0.0077413255,-0.004908471,-0.048806407,-0.11438248,-0.15594313,-0.14541768,-0.09394239,-0.04232568,-0.024490492,-0.05493332,-0.106325954,-0.1329989,-0.10974809,-0.045725048,0.016505236,0.038641445,0.010702947,-0.03957892,-0.06927528,-0.051426936
-0.032319695,0.023277828,0.0893285,0.11797636,0.0981219,0.046162643,0.008032679,0.015564352,0.06513096,0.11724665,0.13823001,0.105283216,0.040442202,-0.010389268,-0.014764051,0.022548884,0.06985509,0.083594054,0.044643212,-0.022645049,-0.07171245,-0.070879,-0.026693068,0.028046036
-0.17457604,-0.16902696,-0.11825081,-0.07434383,-0.056890044,-0.08118064,-0.122611925,-0.13939846,-0.10405514,-0.036824517,0.02910859,0.058805462,0.044059005,0.008831455,-0.009624721,0.0130280545,0.06870321,0.11785471,0.12644789,0.08743933,0.024806531,-0.02117295,-0.024069801,0.0070827124
0.018545568,-0.04209441,-0.087501064,-0.08458754,-0.053840008,-0.02559116,-0.03129608,-0.07821505,-0.14014146,-0.17431939,-0.1641818,-0.11956673,-0.07444384,-0.06194274,-0.08777906,-0.12552816,-0.14148146,-0.11181327,-0.049831536,0.008239569,0.029826976,0.009604837,-0.02747454,-0.04617861
0.009003357,0.023331616,0.062157553,0.10059415,0.104399554,0.069150776,0.01629223,-0.022597615,-0.025546389,0.0010184832,0.030006468,0.026988562,-0.012575158,-0.069246195,-0.10551546,-0.09995785,-0.060063463,-0.017725646,-0.007494814,-0.033932727,-0.07340706,-0.090874486,-0.06829845,-0.014321854
0.11454665,0.1229481,0.08409023,0.029039577,-0.013698251,-0.016644638,0.01231375,0.03889325,0.030358884,-0.013458928,-0.07432658,-0.1167026,-0.11694757,-0.08187888,-0.042844176,-0.032279156,-0.058518056,-0.10016326,-0.1216352,-0.099725574,-0.041840617,0.01646681,0.04351449,0.030465506
0.034855004,-0.040950548,-0.09480966,-0.08312321,-0.027446102,0.02937268,0.041816268,-0.0074771396,-0.08586637,-0.13278675,-0.119820274,-0.057835516,0.008427677,0.027415859,-0.014073648,-0.07991888,-0.118921824,-0.0943037,-0.021673232,0.048772905,0.07013511,0.03090014,-0.034356058,-0.074207336
0.14599563,0.11719676,0.056518942,0.023411887,0.03868406,0.10178301,0.16462089,0.17769448,0.12917164,0.05748845,0.0028204613,0.0033821538,0.052965663,0.10320442,0.106703386,0.054875065,-0.023033848,-0.076263875,-0.06953751,-0.01217244,0.04772646,0.06261254,0.0248429,-0.036252804
-0.05238948,-0.019378208,-0.014198136,-0.055652726,-0.11139542,-0.14656384,-0.13806793,-0.09236071,-0.042071037,-0.023354808,-0.04459429,-0.08433414,-0.10620817,-0.08437451,-0.027826618,0.028087197,0.051981565,0.030228188,-0.013023425,-0.03881032,-0.023339188,0.022499999,0.06613649,0.07480755
-0.11917909,-0.078533076,-0.032197744,-0.025165964,-0.047060594,-0.08327808,-0.10096612,-0.07417319,-0.0105863195,0.046442844,0.07141358,0.057740744,0.020654937,0.0017750114,0.022796232,0.07167688,0.11735319,0.12464683,0.088222064,0.03151521,-0.008839737,-0.008437044,0.022992019,0.051065788
-0.118673116,-0.17051348,-0.15347566,-0.0827932,-0.00828104,0.012001574,-0.030474586,-0.098755404,-0.13326423,-0.10276215,-0.020208186,0.06092877,0.08737742,0.050330184,-0.017063858,-0.056629434,-0.033549115,0.0401159,0.109021805,0.120230615,0.06411298,-0.020804925,-0.07727768,-0.07025022
0.056712113,0.09303396,0.09076434,0.050530143,-0.008823878,-0.050781626,-0.053508885,-0.024656562,0.00023445465,-0.007125876,-0.049280383,-0.10559657,-0.14122938,-0.1334239,-0.08938999,-0.04574351,-0.03452678,-0.059956174,-0.097479664,-0.11173008,-0.08218646,-0.020643404,0.03510506,0.055765446
0.14045016,0.16501656,0.13450685,0.086779244,0.060465917,0.08816611,0.15089084,0.20500104,0.2097944,0.16280209,0.090846084,0.044594474,0.04818868,0.0924468,0.13135196,0.124084145,0.06513139,-0.014242603,-0.063722186,-0.053570706,-0.00044892897,0.050467487,0.058245134,0.017391127
-0.20111333,-0.19137985,-0.12633395,-0.06740846,-0.044971455,-0.08229868,-0.14213544,-0.16831554,-0.126858,-0.04461218,0.0388439,0.07278516,0.04474901,-0.0068270206,-0.032587286,-0.0034671542,0.06833338,0.1338961,0.14523435,0.092819855,0.012439388,-0.04142894,-0.039701823,0.005102528
-0.16449855,-0.16496588,-0.12730254,-0.09210857,-0.07424491,-0.090200864,-0.11847224,-0.1266816,-0.09540725,-0.040413503,0.017536055,0.04866291,0.04275271,0.021589005,0.011505521,0.029725648,0.07201594,0.11173026,0.12013383,0.08954151,0.039075557,0.00036680704,-0.0092097595,0.0068391673
0.10376673,0.03415099,-0.014578716,0.00951568,0.07473021,0.1394004,0.1530769,0.096247606,0.004936457,-0.053211167,-0.049746074,0.0042944807,0.063859746,0.07214356,0.013932297,-0.07058729,-0.12550062,-0.110760644,-0.04166424,0.030457078,0.05219219,0.009936348,-0.059539597,-0.09766279
0.026656633,-0.011759567,-0.004704656,0.048705176,0.09862566,0.10619973,0.060176298,-0.016110335,-0.073429555,-0.07550654,-0.033759933,0.010036104,0.018193904,-0.028419957,-0.09966977,-0.14424974,-0.13278972,-0.07308586,-0.010361208,0.012020704,-0.017539656,-0.07113828,-0.099172,-0.07266307
0.0022477766,0.027077014,0.078229696,0.12001081,0.11972568,0.07440095,0.013360595,-0.024346618,-0.018040154,0.016661333,0.044436503,0.033181947,-0.014906001,-0.07754781,-0.1128253,-0.10004435,-0.054965228,-0.014462847,-0.009555139,-0.04226704,-0.085733004,-0.1027514,-0.07275495,-0.0097566545
-0.08783075,-0.088125646,-0.06192139,-0.03939179,-0.038572412,-0.070276156,-0.113371775,-0.13749762,-0.12611365,-0.09053269,-0.053634457,-0.0411951,-0.05721859,-0.08534874,-0.09671765,-0.076022066,-0.032089673,0.009874949,0.02614277,0.009652313,-0.020804992,-0.03848272,-0.026654374,0.0070546647
0.0049831485,-0.05699523,-0.09524719,-0.074325904,-0.009544071,0.05644223,0.08101773,0.049299236,-0.007975766,-0.04019933,-0.021006212,0.040885977,0.104152806,0.124533206,0.08583783,0.020426825,-0.02376997,-0.01342768,0.039977126,0.09223103,0.09937182,0.050436888,-0.023095382,-0.07320665
0.027906297,0.050205626,0.08957236,0.12215581,0.12288933,0.09075602,0.04646113,0.018272573,0.02014213,0.041825216,0.05923624,0.048040852,0.007396247,-0.0454905,-0.07672862,-0.071290724,-0.04088507,-0.012526364,-0.011176535,-0.039012384,-0.07383141,-0.085618146,-0.060568817,-0.011195394
0.03084674,-0.013309279,-0.0027745287,0.064198166,0.12654284,0.13904892,0.08769663,0.00013592392,-0.06602647,-0.06800664,-0.017302474,0.036616385,0.04581774,-0.00952207,-0.09500946,-0.15067501,-0.14054419,-0.07208677,-0.00054966443,0.023436159,-0.014579611,-0.079992846,-0.11684019,-0.088655934
-0.048079986,-0.09555083,-0.09624436,-0.054968633,-0.016319083,-0.018015787,-0.066717654,-0.13693276,-0.1828978,-0.17572822,-0.12503587,-0.07271995,-0.054291595,-0.08665841,-0.1391663,-0.16458847,-0.13839486,-0.06821601,0.0011799241,0.027774526,0.0017341283,-0.046790134,-0.07280774,-0.050043635
0.05183944,0.068130076,0.027148755,-0.04101184,-0.08195553,-0.05621148,0.02060931,0.09560657,0.11947658,0.083561175,0.019680025,-0.018409804,0.0010052001,0.069776826,0.1351752,0.14810544,0.10156435,0.025661267,-0.02636709,-0.017265398,0.04042491,0.09716773,0.1037568,0.050454944
-0.13580573,-0.12300507,-0.06637175,-0.016023768,0.0045510866,-0.01989031,-0.06337953,-0.08258095,-0.051040392,0.012239577,0.074335195,0.09808636,0.073520355,0.027214324,4.9937502e-05,0.016464949,0.067783214,0.11398785,0.118484356,0.073543385,0.006749814,-0.0389707,-0.038266756,-0.0017761922
0.06165816,0.08440334,0.13180816,0.17753449,0.1823724,0.14145882,0.07781554,0.028246967,0.016984321,0.038164023,0.060522623,0.048442785,-0.0037359572,-0.07851053,-0.12927465,-0.13001588,-0.091140285,-0.04701948,-0.035475157,-0.06454402,-0.108331524,-0.12628123,-0.09466491,-0.025747683
-0.054115538,-0.089694045,-0.051824503,0.038304556,0.12422225,0.15057436,0.10994482,0.037561804,-0.0014121968,0.027533755,0.10515458,0.17354871,0.18796767,0.13048503,0.038547795,-0.020319622,-0.008167282,0.05686198,0.115333825,0.11503237,0.046114944,-0.0514043,-0.110560074,-0.09443713
-0.0147679215,-0.100229785,-0.15559758,-0.13600068,-0.06236338,0.012102259,0.036693133,-0.006412953,-0.080018215,-0.120115355,-0.093818665,-0.013561982,0.068512395,0.09964996,0.0590466,-0.014632872,-0.06200291,-0.040968113,0.033319272,0.105416946,0.12130348,0.06651294,-0.021853646,-0.08247971
-0.00041595838,0.019220477,0.079243876,0.13922426,0.14778592,0.09173904,-0.0008341403,-0.0688242,-0.07438093,-0.032613266,0.012073328,0.013019593,-0.043000966,-0.13377485,-0.19193514,-0.18019292,-0.11680216,-0.04774915,-0.020935696,-0.053248767,-0.11528842,-0.14649512,-0.110821925,-0.025103182
0.012882665,-0.04406576,-0.07028795,-0.0353405,0.03985417,0.1100431,0.13300586,0.09945964,0.042976484,0.015759258,0.04093622,0.10584883,0.1633465,0.17210422,0.12160678,0.04827326,0.0018202157,0.012158694,0.06263035,0.105789006,0.1004215,0.041144848,-0.036827162,-0.08437967
-0.05675749,-0.014845346,0.08312995,0.17328517,0.20845579,0.17129369,0.10149312,0.06155661,0.090797804,0.16619518,0.23583096,0.24323645,0.17799601,0.08061212,0.014178316,0.01649692,0.07420492,0.12703738,0.11995905,0.044830896,-0.055280652,-0.11733286,-0.10404267,-0.03186637
0.11460316,0.09483521,0.056720972,0.04086978,0.05538114,0.097547024,0.13553777,0.13836914,0.09979987,0.049511854,0.013810276,0.01389398,0.0446816,0.071815245,0.066789106,0.026804132,-0.02674902,-0.06021145,-0.053025175,-0.014637691,0.023653612,0.031174775,0.004823535,-0.033595543
-0.025789527,0.01152692,0.09440838,0.17465551,0.21823601,0.20779365,0.16507347,0.13915834,0.16232975,0.21954508,0.27116746,0.2809031,0.23327255,0.15577032,0.09452922,0.080955446,0.10856873,0.13482173,0.1225255,0.06124218,-0.022901664,-0.083163604,-0.0860748,-0.04079461
2.9587302e-06,-0.038924206,-0.05175415,-0.018230189,0.04663452,0.10414503,0.12394822,0.10122606,0.06427191,0.050413515,0.07489686,0.12541851,0.16754493,0.1720244,0.13077861,0.07286869,0.03617815,0.040471364,0.07340134,0.098888285,0.08723296,0.0346477,-0.029457768,-0.06840955
-0.032054253,-0.025648966,-0.0551384,-0.110113464,-0.15164736,-0.15427329,-0.11625605,-0.065011084,-0.03727382,-0.049396735,-0.08382008,-0.106920786,-0.09341735,-0.039687056,0.022141324,0.05433968,0.04321474,0.0056812963,-0.022956582,-0.015536723,0.02639966,0.07286339,0.08702779,0.057184868
0.074434005,0.08028916,0.050196618,0.0074221464,-0.0258531,-0.024615124,0.0033076261,0.029916713,0.02710547,-0.006426672,-0.05389594,-0.08426907,-0.07958294,-0.04649818,-0.012430424,-0.004409265,-0.028463898,-0.06436141,-0.08298746,-0.06466872,-0.018967383,0.025998857,0.04194933,0.025250904
-0.16537505,-0.09163319,-0.0068147746,0.008597941,-0.034583803,-0.109377965,-0.1514591,-0.11503565,-0.014602838,0.07862311,0.115514204,0.079735555,0.005657439,-0.037574332,-0.008463453,0.07426612,0.15575734,0.17204754,0.11169881,0.0150531465,-0.0502224,-0.04382569,0.019977655,0.08236999
-0.012825315,0.016763879,0.08583486,0.14416733,0.14673254,0.08580958,0.0014272997,-0.05109624,-0.042677402,0.006893609,0.052687645,0.0456706,-0.017427638,-0.10633815,-0.15730359,-0.13958426,-0.073399864,-0.009584684,0.0028670114,-0.04423451,-0.11051787,-0.13865012,-0.099191464,-0.012838724
0.079433374,0.07943118,0.034881335,-0.023945197,-0.06552991,-0.06293616,-0.025773158,0.007108512,0.0012628639,-0.041128784,-0.097535826,-0.13134147,-0.11885831,-0.07176556,-0.02624537,-0.015212184,-0.043125745,-0.08450736,-0.10246035,-0.075294554,-0.014509896,0.040922366,0.058601458,0.03491449
-0.11348169,-0.16755629,-0.1576342,-0.09630356,-0.02790197,-0.005929028,-0.043106537,-0.10870643,-0.14513145,-0.12050904,-0.04626917,0.03146731,0.06483616,0.036070034,-0.026250117,-0.06512743,-0.04586738,0.022912914,0.09297536,0.1128413,0.06635225,-0.013739138,-0.069653235,-0.06562146
0.118407816,0.14214951,0.111417405,0.060325123,0.028530685,0.04998776,0.11023812,0.16755499,0.17730029,0.13385935,0.06379877,0.017851977,0.021800768,0.069389924,0.11542283,0.11587667,0.062124733,-0.014726285,-0.06361147,-0.053781297,0.0008925202,0.05568337,0.066398025,0.026212288
-0.048727933,-0.13171463,-0.18380077,-0.16750944,-0.09851416,-0.024826868,0.0025391276,-0.033750877,-0.09613549,-0.12638465,-0.09567944,-0.013400625,0.07001933,0.104676634,0.07032185,0.004679862,-0.035476983,-0.013719022,0.05574439,0.122381486,0.13361183,0.07714412,-0.009760482,-0.07013304
-0.05372551,-0.092518896,-0.09644852,-0.069239855,-0.042847283,-0.043886375,-0.078492485,-0.12884231,-0.16121092,-0.1549274,-0.115486585,-0.073154576,-0.054380104,-0.07363031,-0.10866845,-0.12461652,-0.103193134,-0.04892467,0.0051383274,0.027764922,0.0096995495,-0.026028907,-0.04677477,-0.032350104
0.0762159,0.011684995,-0.08451517,-0.14276604,-0.14312132,-0.09249879,-0.041746415,-0.041849397,-0.104291886,-0.18406208,-0.23284003,-0.21324179,-0.13837583,-0.061953314,-0.03575318,-0.0695917,-0.13122913,-0.15919837,-0.11856965,-0.027081463,0.059016682,0.08828949,0.050976425,-0.015651252
-0.052788995,0.0071805953,0.03182756,-0.0062597995,-0.06243646,-0.09136059,-0.06568258,0.007324254,0.08514339,0.11693307,0.09228281,0.039505593,0.0037931702,0.022271408,0.084881715,0.14552268,0.16366768,0.11869363,0.042551722,-0.012195942,-0.011703306,0.033807572,0.08123279,0.08461417
0.10925477,0.076462135,0.019857347,-0.00742998,0.0102505395,0.06708099,0.11824792,0.12352057,0.07791172,0.017294908,-0.023076896,-0.013410445,0.034580916,0.07875552,0.07991156,0.034439526,-0.029475093,-0.06786157,-0.054070227,-0.0005784879,0.049381215,0.05746426,0.020579062,-0.033907853
0.04021546,0.013113975,0.01630295,0.054481585,0.08778505,0.09051182,0.05448498,-0.0036433935,-0.049828455,-0.056839116,-0.031404648,-0.0031547803,-0.00068430236,-0.036738537,-0.08947389,-0.123035856,-0.116742,-0.073787674,-0.027312115,-0.008334801,-0.026173225,-0.05994132,-0.07671053,-0.054338854
0.024835147,-0.02387104,-0.017663904,0.042497687,0.09712435,0.101191394,0.042601034,-0.050156623,-0.119573765,-0.12139408,-0.07185242,-0.02012839,-0.010164632,-0.06382468,-0.14512213,-0.19387095,-0.17562278,-0.10127429,-0.023892993,0.005494203,-0.025568323,-0.08569879,-0.11577828,-0.0814815
-0.041861594,-0.1241288,-0.17598619,-0.15985636,-0.09286295,-0.025631353,-0.0035085073,-0.042029835,-0.10622485,-0.13911015,-0.10976847,-0.031236196,0.049780045,0.081835836,0.04759696,-0.01591954,-0.05473267,-0.030423403,0.04182988,0.109297805,0.12227349,0.06922748,-0.013935001,-0.07136023
0.017219653,-0.031498834,-0.02147967,0.046370756,0.109636016,0.11779948,0.060807537,-0.031112922,-0.0991422,-0.0994543,-0.04429332,0.012531366,0.023836603,-0.03173184,-0.1174606,-0.17116623,-0.15666346,-0.08163954,-0.0034766837,0.023180606,-0.014549907,-0.08173148,-0.119134985,-0.08915761
-0.20158681,-0.18337099,-0.09766888,-0.020061422,0.01095103,-0.032535985,-0.107151814,-0.14341135,-0.09925088,-0.0048418557,0.08923414,0.12443949,0.08501608,0.011525981,-0.03178598,-0.0059305844,0.07400647,0.14897807,0.16224481,0.09842176,-0.0014254677,-0.070057906,-0.06613311,-0.004997643
-0.02708462,0.08034413,0.1855847,0.21383318,0.16858189,0.08930647,0.042181406,0.075901546,0.17066105,0.2505951,0.26005432,0.18934543,0.08048069,0.008324052,0.01867629,0.088210575,0.15278894,0.14528646,0.060382362,-0.051994547,-0.11987774,-0.10214435,-0.018927297,0.06245767
-0.071377486,-0.007442403,0.019628242,-0.023297712,-0.091268174,-0.13372429,-0.11203279,-0.033181492,0.053076666,0.089385405,0.0650597,0.0056064767,-0.035382155,-0.014732835,0.05808105,0.13106151,0.15778126,0.1156572,0.035894934,-0.02327101,-0.020694278,0.034028284,0.09022847,0.09866885
-0.0067163734,0.032788657,0.073362745,0.082944565,0.05334729,0.00029702816,-0.043939363,-0.04881557,-0.01902014,0.012747573,0.016758973,-0.015056849,-0.067009315,-0.105990246,-0.10285391,-0.064072534,-0.022056881,-0.007982769,-0.02788391,-0.06504151,-0.08777474,-0.07212784,-0.022817846,0.030110737
-0.054628752,-0.03805976,0.019269241,0.07962593,0.1092083,0.09102655,0.051007133,0.024636803,0.038862213,0.08481128,0.13584141,0.14941223,0.11864035,0.06362871,0.02023528,0.015771126,0.048741896,0.08639363,0.08935777,0.047875963,-0.014558146,-0.059982352,-0.06377471,-0.027086347
-0.112656236,-0.16272205,-0.15834852,-0.10646179,-0.04128024,-0.0118345,-0.030039903,-0.076593995,-0.1047651,-0.08403156,-0.01740137,0.05383755,0.09030871,0.07666645,0.02840562,-0.008777785,0.00034138304,0.052607995,0.10758891,0.12286207,0.08442371,0.013322256,-0.045936435,-0.058402374
-0.051545836,-0.09302547,-0.09190815,-0.053214967,-0.017654987,-0.021871984,-0.07084197,-0.13569823,-0.17443386,-0.1639525,-0.11628941,-0.068626225,-0.055728126,-0.08607633,-0.1311067,-0.14994194,-0.12329132,-0.059881568,0.001461457,0.02328635,-0.0012022754,-0.044028506,-0.065336615,-0.043710575
0.016011005,0.091011144,0.15501435,0.15994838,0.099134356,0.008124568,-0.0523276,-0.04473189,0.010516496,0.055395454,0.050089896,-0.017664881,-0.11051458,-0.16833606,-0.15212186,-0.083950266,-0.019839188,-0.0073890924,-0.055350553,-0.12410945,-0.154466,-0.11308904,-0.023640465,0.0603435
-0.042855117,0.02632082,0.055636343,0.01459276,-0.047944564,-0.081845246,-0.053045455,0.029676199,0.114649445,0.14594929,0.11316439,0.04963331,0.007839586,0.028526185,0.09803484,0.16277562,0.17705691,0.12198071,0.035826467,-0.023436842,-0.018870493,0.034670994,0.08738536,0.09083018
0.09129446,0.10750243,0.056950647,-0.02491232,-0.08372279,-0.07516401,-0.014442381,0.049557902,0.062500216,0.012974769,-0.06859491,-0.119883485,-0.10586966,-0.03973454,0.030838307,0.053136766,0.010503924,-0.06256471,-0.10498038,-0.08093843,-0.0057525793,0.07035229,0.09655724,0.05744992
0.13337584,0.1710917,0.16764453,0.14069022,0.120120674,0.13592602,0.18062039,0.22551441,0.23811093,0.21009643,0.15462083,0.10770885,0.092482544,0.10748158,0.12739483,0.121788256,0.08044724,0.016728751,-0.034716528,-0.04698132,-0.021815533,0.013582166,0.029612232,0.012195876
0.034499098,-0.052744333,-0.11991961,-0.11743062,-0.06987818,-0.017897652,-0.01147597,-0.06981635,-0.15856801,-0.21313347,-0.20479025,-0.14077273,-0.068159536,-0.04126546,-0.07727957,-0.13975444,-0.1756647,-0.14434093,-0.06020043,0.026425114,0.06172306,0.030899644,-0.031718235,-0.070022106
0.012871337,0.03542857,0.0051997663,-0.058446,-0.097073115,-0.075170755,-0.0025938663,0.07845242,0.116706125,0.09407177,0.036352683,-0.0004162772,0.016949281,0.08498045,0.155462,0.17701511,0.1349954,0.05621791,-0.0005847519,0.00072776433,0.051131297,0.10345611,0.11002453,0.05599933
0.14605154,0.12827255,0.083254546,0.06058144,0.07438421,0.12087182,0.16500597,0.17143866,0.1291536,0.06806768,0.02145785,0.017026247,0.0476628,0.07776402,0.07484917,0.03147755,-0.031982537,-0.074197315,-0.06916676,-0.027178831,0.018016458,0.032034136,0.0076653482,-0.03515912
0.032574438,-0.040088072,-0.07791911,-0.03617719,0.062394038,0.1550949,0.18538956,0.1407563,0.06520992,0.024697727,0.050328646,0.13087326,0.20632163,0.22036049,0.1559847,0.05940663,-0.0068354416,0.00036488473,0.06623373,0.12766157,0.12652059,0.05193954,-0.048544396,-0.11204856
-0.1134045,-0.10973782,-0.061607003,-0.01783622,-0.017491242,-0.07272088,-0.14768039,-0.1941769,-0.18120275,-0.124455556,-0.06326523,-0.047945958,-0.083116315,-0.14112747,-0.17035414,-0.14133562,-0.06624347,0.008062574,0.03334554,0.0010943286,-0.054502767,-0.08418114,-0.060376056,0.005034265
-0.03662901,-0.10029781,-0.14296106,-0.13392837,-0.08389396,-0.030565945,-0.00915953,-0.03473875,-0.08209957,-0.107738316,-0.08480876,-0.02357895,0.04002272,0.06751933,0.0442084,-0.0033458588,-0.033151723,-0.015052564,0.038767405,0.08915873,0.09915841,0.059812095,-0.0041709444,-0.05095333
0.07318305,0.11571921,0.11517038,0.07038329,0.004416346,-0.04232078,-0.047967896,-0.018628469,0.007891573,0.00055024313,-0.04721366,-0.11106526,-0.15355566,-0.15056084,-0.10536646,-0.056894645,-0.042092346,-0.06963504,-0.111383975,-0.12950799,-0.099246986,-0.032216888,0.033761974,0.06153623
-0.024254013,0.05740089,0.1464714,0.18159758,0.15730129,0.09724192,0.054031935,0.07159975,0.14165917,0.20859633,0.22608975,0.17816052,0.09160436,0.025484655,0.021434873,0.068707205,0.12096912,0.12277063,0.062078387,-0.028504275,-0.09174109,-0.089546144,-0.030470185,0.036652576
0.08661254,0.09635227,0.048868857,-0.020876618,-0.07084381,-0.06646233,-0.019431653,0.029833684,0.03486639,-0.011091952,-0.081000306,-0.1236557,-0.113951094,-0.057489477,0.003157514,0.021668656,-0.014668247,-0.07402186,-0.106134295,-0.08175245,-0.01321931,0.05561716,0.079069175,0.046881467
