0.022417583,0.03528052,0.07053573,0.10200165,0.100820445,0.060813587,0.0033809093,-0.037716612,-0.04374887,-0.02066148,0.00223017,-0.005928679,-0.04645225,-0.09868623,-0.13307272,-0.12606561,-0.08802531,-0.04651843,-0.03313659,-0.053717475,-0.08535209,-0.09474371,-0.0668782,-0.012300505
-0.1789469,-0.16652136,-0.10450597,-0.03933346,-0.020060886,-0.05382174,-0.109942816,-0.13549012,-0.10183839,-0.024120044,0.054264534,0.08392178,0.056525122,-0.00013800796,-0.030302946,-0.0059218784,0.061843116,0.122824386,0.13504791,0.08631394,0.007818006,-0.04869151,-0.047988083,-0.001037561
0.023779916,-0.024253905,-0.018608652,0.041755967,0.10426082,0.12273684,0.07317482,-0.01238421,-0.076943964,-0.07960733,-0.025395963,0.03141026,0.042382307,-0.0015955446,-0.086598605,-0.1431968,-0.13665222,-0.07167542,-0.00028455706,0.028781403,-0.0027883938,-0.066917725,-0.107505634,-0.086791016
0.14851363,0.070591904,0.023445442,0.05251517,0.13001917,0.2004301,0.20097844,0.12114591,0.01366292,-0.052902,-0.04255973,0.019312868,0.07182216,0.07218886,-0.011534567,-0.11245212,-0.1716809,-0.14587517,-0.065179385,0.014451067,0.03478718,-0.014193942,-0.08654779,-0.117128566
0.041923277,0.1052153,0.115502,0.05349385,-0.038189165,-0.10415749,-0.10042622,-0.04303789,0.01492076,0.019935226,-0.04284546,-0.12972674,-0.18092965,-0.16719235,-0.09260657,-0.017727125,0.0047669625,-0.03517702,-0.10174373,-0.13810843,-0.1069069,-0.019021241,0.06748945,0.098770246
-0.004556481,0.0064262208,0.05519202,0.10357718,0.109906375,0.06367202,-0.009231158,-0.0633289,-0.06944656,-0.034500897,0.0064054355,0.0069460007,-0.038130086,-0.10440052,-0.1529503,-0.14672758,-0.0973965,-0.038667843,-0.014940486,-0.039914083,-0.0876277,-0.11308556,-0.08776721,-0.020124782
-0.04672895,0.015168464,0.044303913,0.021635048,-0.019444784,-0.04196053,-0.007916896,0.06994978,0.14441134,0.17385526,0.14964075,0.10114162,0.07110499,0.079935044,0.13750456,0.18734002,0.19415249,0.14353906,0.070368126,0.011795666,0.0022706275,0.03633532,0.071413934,0.06876705
-0.026703926,0.07781734,0.18205287,0.21486995,0.16599716,0.07841053,0.030821906,0.058016613,0.14424795,0.22583863,0.23316911,0.16049644,0.054541297,-0.020766674,-0.011653397,0.058987256,0.12486398,0.12500401,0.04864859,-0.057202607,-0.12719826,-0.11102527,-0.02629382,0.059548628
0.20101826,0.22970621,0.18544222,0.10690859,0.063388616,0.08871028,0.16907063,0.23724101,0.24005233,0.17048395,0.066736214,0.00014247667,0.0054475064,0.06460555,0.121199384,0.11737457,0.042947754,-0.054437652,-0.1134018,-0.09634478,-0.020777954,0.057779163,0.079720676,0.032700732
0.05363562,0.021422666,-0.035761606,-0.07264718,-0.05168917,0.019914322,0.09198364,0.12076476,0.09554102,0.041795835,0.0069034044,0.023761775,0.08326302,0.14545858,0.16571225,0.12550744,0.057295375,0.004780764,0.0039046751,0.049641415,0.100485995,0.10550308,0.056064777,-0.020404283
0.007888066,0.017533662,0.055849668,0.09910125,0.1108937,0.08043149,0.02365535,-0.022230633,-0.03133001,-0.0032055422,0.031664763,0.035357736,-0.00068054924,-0.059108485,-0.10511915,-0.10667324,-0.069904715,-0.021222996,-0.0007637306,-0.022345593,-0.06787765,-0.093985565,-0.07674679,-0.024004258
-0.07911395,-0.049601406,0.02601153,0.09644859,0.11146074,0.0641844,-0.00503394,-0.041474722,-0.018154476,0.050326847,0.113478065,0.11993949,0.065196246,-0.01376735,-0.06123284,-0.044622578,0.01869956,0.07516395,0.07962118,0.023164129,-0.056094144,-0.10122461,-0.08139982,-0.013275697
-0.14247046,-0.18051223,-0.1589857,-0.086589225,-0.014903531,0.012229372,-0.017470367,-0.06508115,-0.08328727,-0.044640794,0.03937972,0.11678472,0.14270416,0.1089376,0.04978561,0.01646044,0.037125073,0.09509042,0.14682958,0.14717774,0.086237095,-0.0008713557,-0.060145855,-0.06255547
0.011238185,0.058176614,0.06496766,0.014000617,-0.062404986,-0.11880979,-0.11744981,-0.06975087,-0.0202435,-0.013551877,-0.06085284,-0.12816033,-0.16651818,-0.15104151,-0.08594369,-0.020982765,0.0026971265,-0.027007893,-0.079594314,-0.108466506,-0.07992121,-0.007851558,0.06055283,0.0845623
-0.13034935,-0.11690427,-0.06718165,-0.015179821,0.001237454,-0.019443601,-0.05223278,-0.061981663,-0.03211334,0.02637814,0.08343923,0.10366633,0.08209984,0.041775074,0.019551594,0.034443982,0.08024866,0.11760977,0.11831089,0.07542486,0.015929163,-0.027842415,-0.03206658,-0.0015400214
-0.03469919,0.010115772,0.11074423,0.20650047,0.24303707,0.20545214,0.13834618,0.099151485,0.122788794,0.19598782,0.2645559,0.26822433,0.19969518,0.09716571,0.02500919,0.022813357,0.07335198,0.120851435,0.11516775,0.041414596,-0.05996417,-0.12369655,-0.11188375,-0.03986953
0.084740534,0.0367048,-0.037385974,-0.07601081,-0.04313034,0.04301391,0.12653431,0.15162979,0.105930135,0.030242497,-0.012209703,0.015421394,0.09235497,0.16605817,0.17745842,0.118654385,0.027712144,-0.02888634,-0.014843676,0.052513562,0.11482436,0.118092045,0.053072423,-0.03846843
-0.13221015,-0.06588262,0.004179913,0.025417741,-0.010221038,-0.072688445,-0.10401531,-0.07171551,0.00882527,0.08569293,0.11004544,0.076126784,0.017592158,-0.022397663,0.003618604,0.07165408,0.13396877,0.14368731,0.09332325,0.014303337,-0.042395327,-0.039266482,0.01215621,0.062479947
-0.02719061,-0.06773502,-0.12830193,-0.16621995,-0.15621026,-0.10523061,-0.04993008,-0.024734266,-0.04250268,-0.08098613,-0.09981033,-0.07157143,-0.008737525,0.055320486,0.084753625,0.06627212,0.023492564,-0.004476363,0.0093964385,0.05686519,0.10120924,0.107243724,0.06573889,0.00021021017
-0.059254967,0.011107869,0.03615926,-0.004724644,-0.06843136,-0.10454177,-0.069017924,0.020047352,0.1061373,0.13584135,0.09564319,0.032588307,7.363449e-05,0.022196745,0.10208965,0.17233944,0.18306048,0.12451438,0.040427458,-0.015145027,-0.011079875,0.04307585,0.09489963,0.09347526
0.07830704,0.044011902,-0.014949182,-0.04606506,-0.013422218,0.06713784,0.14493684,0.17146114,0.13819286,0.07525075,0.035569374,0.05617232,0.121726185,0.18444093,0.19596283,0.1433861,0.05887615,0.0017555167,0.004155997,0.05546976,0.10606364,0.1068916,0.048678163,-0.035369124
-0.03686306,-0.08819602,-0.12040881,-0.10869946,-0.06355745,-0.013929681,0.00022101056,-0.023981713,-0.061835002,-0.080760635,-0.056215398,-0.0020984553,0.05044229,0.069100685,0.04535592,0.0044534737,-0.019152895,-0.002828899,0.042457353,0.08335164,0.08682356,0.0470669,-0.008522826,-0.045874167
0.057410277,0.014507569,-0.04874698,-0.09706597,-0.1022071,-0.07267459,-0.045147542,-0.04730224,-0.08586844,-0.14371009,-0.17834751,-0.16992527,-0.1222316,-0.07032831,-0.05022259,-0.069186814,-0.10796596,-0.122549735,-0.09463991,-0.03482336,0.02601126,0.052154236,0.035101693,-0.003933903
0.08974744,0.03463333,-0.009073075,-0.011720805,0.017182518,0.048481375,0.04497495,-0.0034488773,-0.071309686,-0.120623626,-0.12449772,-0.09341723,-0.058043476,-0.04537577,-0.08008328,-0.1289323,-0.15825155,-0.14051613,-0.08682414,-0.027319808,0.004892649,-0.004628501,-0.03682442,-0.053646255
0.15183692,0.17714088,0.14772548,0.087044865,0.048012786,0.05718229,0.110842,0.16145737,0.16649623,0.11745766,0.038764965,-0.016586773,-0.020511357,0.020961931,0.066115,0.06965964,0.02083166,-0.051655803,-0.09902455,-0.08936463,-0.030628633,0.034395467,0.058947064,0.030806413
0.10817675,0.055978082,0.0230203,0.038051885,0.08342955,0.12564343,0.12587374,0.07328457,0.0016856474,-0.046417702,-0.045315593,-0.009574064,0.02441438,0.027349507,-0.024490075,-0.08844552,-0.12768039,-0.11261908,-0.06062598,-0.0061181807,0.014027524,-0.011023163,-0.054953154,-0.073984206
0.10411139,0.06034344,0.025037488,0.027829373,0.060808126,0.091768086,0.0866692,0.03900472,-0.025749465,-0.07208969,-0.079581045,-0.05328331,-0.024146056,-0.018770525,-0.05734345,-0.10731345,-0.1419457,-0.12843618,-0.0812931,-0.027645577,-0.0032980947,-0.014670216,-0.043408256,-0.05865042
0.014075527,-0.059672467,-0.116211176,-0.11596099,-0.07295711,-0.026065601,-0.024525192,-0.0732019,-0.14090733,-0.18321681,-0.16900966,-0.1110329,-0.051385183,-0.025889695,-0.05623329,-0.10724525,-0.13388056,-0.10531033,-0.03780385,0.02993058,0.05839871,0.032471023,-0.021059804,-0.05575336
-0.026006453,0.010012281,0.0828941,0.1481551,0.17227826,0.14738967,0.103929415,0.080243476,0.101166315,0.15387239,0.19757122,0.19708216,0.14835566,0.08015186,0.0336814,0.03410195,0.06613365,0.09243493,0.081683435,0.030125566,-0.038472928,-0.08200366,-0.07316106,-0.025483554
0.13740255,0.16559307,0.13368264,0.06688398,0.02609839,0.041300893,0.10938767,0.17460342,0.18940581,0.1390491,0.054240733,-0.0029605767,0.00034408152,0.0529959,0.10994127,0.11683076,0.05933236,-0.024955744,-0.08085728,-0.07298885,-0.01068085,0.057523005,0.07833037,0.03887894
0.018579477,0.06237779,0.061218686,0.0019183722,-0.0779549,-0.13201801,-0.12889294,-0.08214996,-0.036987618,-0.03634411,-0.090520844,-0.15882903,-0.19298533,-0.16965817,-0.09990269,-0.034927234,-0.014922691,-0.047659848,-0.09905056,-0.11866958,-0.08014579,-0.0028967664,0.06627842,0.086079784
-0.086144656,-0.14128196,-0.14839926,-0.112429276,-0.07496942,-0.0734772,-0.12492471,-0.19439256,-0.2359138,-0.22646526,-0.16883592,-0.10931809,-0.08297966,-0.10266231,-0.14795752,-0.16782592,-0.13968855,-0.06758229,0.0057607004,0.039038986,0.019060396,-0.029138522,-0.059204523,-0.043950286
-0.13473357,-0.1217901,-0.06837207,-0.022064995,-0.027780734,-0.08900407,-0.16870564,-0.20823918,-0.18492398,-0.11746325,-0.05202184,-0.04055933,-0.082094654,-0.14563785,-0.1707673,-0.13192685,-0.049146287,0.025775691,0.048220254,0.007116543,-0.058381684,-0.0883966,-0.056885775,0.013867901
-0.15897498,-0.131781,-0.040934462,0.048432585,0.073801614,0.024823975,-0.055222422,-0.0971717,-0.062050264,0.031498175,0.12322591,0.14687853,0.09351135,0.004322946,-0.049036205,-0.026295664,0.055543534,0.12934029,0.13979673,0.07255432,-0.029880816,-0.09846069,-0.08745728,-0.0137865
0.020405868,-0.017104603,-0.005504693,0.051754396,0.10838572,0.12390788,0.080543905,0.007657794,-0.0449619,-0.043212947,0.007115109,0.055208564,0.060992032,0.01677602,-0.059659082,-0.108866856,-0.10180531,-0.04644176,0.012358595,0.030940143,-0.0031086842,-0.06202421,-0.097089835,-0.077262916
-0.055474658,-0.0010932533,0.004777631,-0.05353991,-0.13650143,-0.1863682,-0.16752091,-0.093924835,-0.021975284,-0.00084591313,-0.042170797,-0.10640744,-0.13794117,-0.110747024,-0.025999485,0.0527061,0.08165595,0.044575483,-0.02008952,-0.05992277,-0.039859083,0.028342567,0.09379908,0.10651107
-0.011728174,-0.029669188,-0.009229342,0.045562193,0.10037101,0.12612882,0.11314526,0.080000535,0.057604168,0.06914882,0.11355716,0.15365751,0.15992986,0.12827066,0.07225972,0.030197741,0.026430607,0.05309503,0.08058423,0.07643197,0.037517037,-0.020146007,-0.061482407,-0.059846684
0.05385103,0.024898648,0.047597002,0.111517996,0.16664673,0.17383924,0.124388985,0.04738224,-0.0059929825,-0.004386138,0.04237919,0.08080913,0.0733438,0.017414387,-0.06747737,-0.11815387,-0.11099743,-0.056933638,-0.0028755604,0.008951002,-0.029116875,-0.085441604,-0.11279634,-0.081781715
0.0432605,0.021213459,0.03496388,0.07937699,0.115746126,0.11845248,0.080742106,0.024200771,-0.016586374,-0.016755993,0.015992654,0.042399272,0.035752762,-0.004228091,-0.065307476,-0.10110066,-0.09290577,-0.051386468,-0.011155705,-0.0017565584,-0.026830152,-0.064659104,-0.082097605,-0.057569128
0.18270785,0.20972672,0.16234513,0.07587464,0.026069935,0.04896811,0.13167013,0.20523821,0.21436729,0.14560863,0.038064066,-0.030528974,-0.02226793,0.04741916,0.11679546,0.1204527,0.048141185,-0.055121858,-0.119803116,-0.10091199,-0.013998082,0.07216575,0.094993256,0.04306651
-0.11737477,-0.11272533,-0.07012325,-0.028982595,-0.02796533,-0.07354096,-0.13897498,-0.1758875,-0.16030844,-0.10555636,-0.048746303,-0.03314662,-0.06225096,-0.11187382,-0.13528141,-0.1077707,-0.041716788,0.02060827,0.042396888,0.013488889,-0.037960295,-0.06746118,-0.048717197,0.005322802
-0.015676668,0.053085994,0.1169249,0.121002674,0.062188532,-0.028783882,-0.08658451,-0.07801157,-0.02107344,0.032426998,0.030826861,-0.031998716,-0.114673205,-0.16755731,-0.14736308,-0.07664097,-0.009003233,0.0055133468,-0.03882664,-0.10619691,-0.13869685,-0.10095271,-0.015334551,0.06284798
0.10960995,0.07909654,0.028732626,-0.003971827,0.0061192433,0.04617417,0.08364629,0.08615351,0.045446705,-0.014658675,-0.053705513,-0.04975589,-0.0126549145,0.02844588,0.032476563,-0.0043752543,-0.05941713,-0.09014379,-0.07636761,-0.027872223,0.024886472,0.04363909,0.018734667,-0.023899779
-0.13763252,-0.06890645,0.0059865764,0.03254705,0.0044359616,-0.052435543,-0.078346275,-0.03987964,0.043306615,0.12276472,0.15210667,0.12150447,0.06351725,0.020945309,0.044099554,0.10783557,0.1666173,0.1708663,0.11762711,0.033685535,-0.02919897,-0.03288581,0.011988642,0.057198707
-0.009444644,-0.06666494,-0.11738255,-0.13467376,-0.120828085,-0.09924392,-0.10502627,-0.14009957,-0.18735191,-0.21920137,-0.21308437,-0.17529908,-0.13066585,-0.10350597,-0.11030296,-0.1315711,-0.14008418,-0.113987796,-0.059957884,-0.0022977113,0.02983715,0.024956329,-0.00089415134,-0.021093395
0.1841655,0.1714687,0.13218535,0.10287029,0.107833475,0.14348316,0.18131343,0.1825008,0.13917442,0.07444963,0.021254096,0.0053439345,0.022358058,0.048297416,0.041599218,-0.00031326603,-0.061617117,-0.101468176,-0.1007898,-0.06189921,-0.014208038,0.0113884425,0.00019287312,-0.029951937
0.095267236,0.053659905,0.021615498,0.02918358,0.067268744,0.10674182,0.11339024,0.07660039,0.01761984,-0.025548838,-0.028607681,0.00041052134,0.030781357,0.037303343,-0.0019286786,-0.056438647,-0.09431858,-0.08763855,-0.047106843,-0.0015222674,0.017412184,-0.0007634057,-0.038172763,-0.05982254
0.09787962,0.028440746,-0.02038538,-0.012479527,0.03919815,0.09045191,0.090241134,0.028921453,-0.055973023,-0.114630684,-0.11144049,-0.062485743,-0.011192623,0.0020778442,-0.050070856,-0.120538004,-0.16620389,-0.14452256,-0.0741051,0.0003653834,0.02963628,0.0010748836,-0.052386645,-0.08058206
-0.032017324,-0.11739227,-0.1791542,-0.16838218,-0.10010847,-0.02204979,-0.00020160522,-0.041046575,-0.11024871,-0.14940953,-0.11980599,-0.036222264,0.0466684,0.08273264,0.047096934,-0.020824006,-0.061104316,-0.03850477,0.03364164,0.106953785,0.12692179,0.07431742,-0.011562842,-0.07327747
-0.022595685,0.03895011,0.10303305,0.1253308,0.098134704,0.04468211,0.012559481,0.02791361,0.08010559,0.1307965,0.139532,0.097693324,0.03393555,-0.013485952,-0.00930687,0.03250671,0.075065896,0.07877007,0.03490701,-0.0314216,-0.07526572,-0.067849286,-0.018408176,0.034336656
0.12055838,0.061116025,0.021300597,0.037595194,0.099537134,0.16353005,0.1799956,0.13160086,0.05096829,-0.008154171,-0.008163551,0.038027972,0.08638663,0.097507484,0.03989351,-0.041582458,-0.1017614,-0.098887414,-0.043213822,0.021957522,0.045381572,0.010054512,-0.052942276,-0.09113566
-0.037341982,-0.06890475,-0.1120414,-0.13503124,-0.12351198,-0.081342995,-0.040152386,-0.023026938,-0.035522915,-0.059792023,-0.06815771,-0.04174461,0.008349993,0.05584515,0.07481986,0.05941542,0.02876477,0.011594124,0.023869148,0.05931584,0.08712902,0.08321886,0.04700482,-0.0033602635
0.07765803,0.0044486974,-0.042546976,-0.025406064,0.036551546,0.09581709,0.10182848,0.043157455,-0.040117647,-0.09410562,-0.08179937,-0.022894302,0.03399682,0.046695754,-0.009781943,-0.08548373,-0.13249734,-0.11076138,-0.039838385,0.030873755,0.05243981,0.013458447,-0.05170499,-0.08694565
0.07886807,0.033367176,-0.036563545,-0.07071475,-0.0331653,0.057876572,0.14170852,0.1658975,0.1250561,0.055283744,0.01622279,0.04464803,0.12060281,0.19119646,0.20226406,0.14212503,0.052796587,-0.0038800123,0.004731808,0.06443512,0.1219635,0.120461516,0.052593675,-0.040237173
0.056479666,0.076657824,0.044652328,-0.012868597,-0.044323713,-0.020176398,0.050770532,0.120696686,0.14391327,0.11047943,0.05003584,0.014033659,0.029507581,0.08420638,0.14156067,0.15084243,0.10499235,0.03394674,-0.013752834,-0.010731394,0.034533642,0.08173966,0.087549314,0.04157742
-0.14495952,-0.18602473,-0.17721507,-0.11992647,-0.06109862,-0.03607054,-0.059049804,-0.09921171,-0.11761812,-0.086470835,-0.013621069,0.059744973,0.09110921,0.072945125,0.026744993,1.0366424e-05,0.018533427,0.07195398,0.12294413,0.13320167,0.087174565,0.012504711,-0.042478155,-0.04946229
-0.034925487,0.025014643,0.050202318,0.02419584,-0.023320781,-0.04986153,-0.02044387,0.05153364,0.120738104,0.1480372,0.12035063,0.06911301,0.035870314,0.045659397,0.102502964,0.15352932,0.1648347,0.11813864,0.046756174,-0.0070022205,-0.01073651,0.028005667,0.068113826,0.07070383
0.020376038,0.07851436,0.08657081,0.025721533,-0.06145488,-0.12540415,-0.1231035,-0.06624142,-0.007962702,0.00063962233,-0.055390924,-0.13483706,-0.18186897,-0.16631329,-0.09000338,-0.014899669,0.011438671,-0.026319183,-0.09039161,-0.12628427,-0.094840355,-0.010063031,0.07130231,0.098160386
-0.028288987,-0.026276238,0.018718725,0.06763064,0.06803078,0.0116372425,-0.07695809,-0.1446476,-0.15575707,-0.11351246,-0.061350435,-0.054396067,-0.101962976,-0.1730562,-0.22401065,-0.21081583,-0.14122263,-0.063062094,-0.027597876,-0.049382918,-0.099012926,-0.12527841,-0.09434718,-0.014950131
-0.06377821,-0.014238007,0.006312181,-0.015237484,-0.052134305,-0.06900896,-0.041654434,0.023354527,0.08793569,0.117359206,0.10024336,0.063192606,0.04231677,0.054242514,0.10743998,0.15335979,0.16511895,0.12729433,0.06697296,0.01958311,0.011901096,0.038173463,0.0665817,0.062103596
0.044800792,-0.008878847,-0.00963318,0.04621952,0.103419475,0.118312836,0.066240855,-0.02598186,-0.09899002,-0.11041693,-0.06157894,-0.0074375947,0.0048420033,-0.03815796,-0.12524328,-0.18272424,-0.17703617,-0.10760262,-0.028950417,0.007973864,-0.017479012,-0.07553724,-0.11210525,-0.087294295
-0.017693587,0.053838257,0.12511377,0.13720381,0.08332934,-0.004722348,-0.06238762,-0.05437523,0.0040210914,0.061154105,0.064432055,0.00330578,-0.08205273,-0.13921343,-0.12598938,-0.059855822,0.0066088736,0.022078509,-0.02305775,-0.09429535,-0.13358928,-0.10472701,-0.023256918,0.057555027
-0.0058607585,0.090395674,0.19112712,0.22941181,0.19631833,0.11937478,0.073229104,0.09492672,0.16960368,0.24243492,0.25398517,0.18986411,0.09057432,0.01143,0.009587775,0.06499366,0.120761685,0.12085066,0.05375301,-0.048055127,-0.11915788,-0.110247426,-0.03713312,0.041608494
-0.124880455,-0.081981495,-0.0391184,-0.038596824,-0.088137716,-0.15839677,-0.200193,-0.18200189,-0.12147158,-0.061837535,-0.04225694,-0.07225638,-0.119546,-0.1468185,-0.11417811,-0.042434927,0.028313132,0.053891137,0.027186656,-0.026851257,-0.060040608,-0.040964518,0.016819134,0.07000667
-0.05597003,-0.12340634,-0.16753805,-0.15324916,-0.0916326,-0.022518575,0.0047199475,-0.017355518,-0.06366368,-0.09086525,-0.06099948,0.011627786,0.085355766,0.11735762,0.09072933,0.03556535,-0.002416923,0.011148929,0.066833034,0.120417565,0.12868299,0.077314936,-0.0015063001,-0.059103426
-0.019919733,-0.019185362,-0.058802087,-0.1120229,-0.14197227,-0.12395599,-0.069176055,-0.013144029,0.0074082287,-0.012891422,-0.050596625,-0.06500386,-0.038684826,0.018384447,0.07682175,0.09488432,0.07265752,0.02786941,-0.00016692365,0.010258538,0.051963247,0.089655966,0.08954025,0.046439976
0.062571675,0.08190001,0.036043294,-0.04086254,-0.08200896,-0.052635297,0.03530094,0.12059231,0.14773645,0.10281108,0.022850158,-0.02080894,0.0050711553,0.08211619,0.16075341,0.17545511,0.11732822,0.025858106,-0.033322565,-0.021366,0.046506856,0.11133536,0.11720587,0.053171035
-0.17603831,-0.105255276,-0.027715497,-0.003737312,-0.04638333,-0.11783652,-0.15406154,-0.11666444,-0.02370816,0.068699524,0.10392363,0.070795976,0.0064580683,-0.03686947,-0.0054546976,0.075083666,0.1543285,0.17084163,0.11679661,0.027275555,-0.03851981,-0.038348816,0.017944364,0.07564023
-0.049387407,-0.09341574,-0.10464656,-0.078077845,-0.047977433,-0.040134504,-0.072557636,-0.123208866,-0.16022001,-0.15763098,-0.11501779,-0.06827106,-0.04697918,-0.060893465,-0.098978594,-0.12080123,-0.102822,-0.04943456,0.0071442043,0.033541348,0.018593213,-0.019100972,-0.045521703,-0.036995947
0.047896046,0.001663055,-0.024625905,0.0060467753,0.07722373,0.14667995,0.17343037,0.1456052,0.09074891,0.056299828,0.07194941,0.12707935,0.17682953,0.18510418,0.1337299,0.060301594,0.0052783303,0.0063321223,0.0478857,0.08875186,0.086201556,0.03513202,-0.03650396,-0.08275895
0.0834361,0.005367532,-0.04671858,-0.028789742,0.037052944,0.09898963,0.10145045,0.03651779,-0.05493882,-0.112183064,-0.09901501,-0.035362635,0.02451193,0.037528615,-0.02356524,-0.10419731,-0.15230761,-0.12615047,-0.04862354,0.02859707,0.05200344,0.010832579,-0.057135563,-0.093701005
0.040265605,0.015311835,-0.022788715,-0.03417168,0.00034526817,0.06575611,0.12768565,0.1521767,0.13002305,0.090302184,0.071843736,0.09590995,0.14450599,0.18715057,0.1884807,0.14347441,0.081042625,0.03897143,0.03986314,0.07072806,0.09752256,0.08610507,0.032790955,-0.03266897
0.10041166,0.11048935,0.06361149,-0.010122922,-0.05816712,-0.051370796,0.0007552872,0.051228825,0.057266064,0.009129554,-0.06563819,-0.11153432,-0.1008679,-0.043365195,0.017606318,0.032716524,-0.004886831,-0.06645502,-0.103594124,-0.08353654,-0.0139957,0.05697893,0.08059851,0.046857256
-0.032079734,-0.07771382,-0.057028316,0.025076559,0.10897334,0.13989976,0.09803222,0.02223471,-0.028852867,-0.013766537,0.06309931,0.13621216,0.15276323,0.101320036,0.009427348,-0.05280453,-0.045928795,0.018839914,0.08637509,0.0979855,0.0421331,-0.047027387,-0.10742621,-0.09660257
0.17217538,0.14600457,0.09437027,0.0614209,0.08113817,0.1390862,0.19058746,0.19326784,0.14456996,0.071818314,0.019257858,0.01697541,0.054486174,0.09512031,0.091994,0.038144164,-0.03810636,-0.08651579,-0.081953,-0.031495094,0.0257708,0.0440131,0.012652989,-0.040372536
-0.004981738,-0.05871882,-0.09622282,-0.095040634,-0.068270706,-0.044747513,-0.05320867,-0.09260168,-0.14046797,-0.16623122,-0.15043491,-0.10813194,-0.06842806,-0.05531994,-0.07764304,-0.10722864,-0.11679787,-0.087731436,-0.033484906,0.015015302,0.03130515,0.013171194,-0.019210985,-0.035894893
0.033482354,-0.015680768,-0.0080156475,0.052333783,0.106955916,0.11353428,0.05270371,-0.04131532,-0.108259,-0.111026265,-0.056066457,-0.00454813,-0.00050174043,-0.05131411,-0.13903648,-0.19090609,-0.17461365,-0.0993064,-0.022963671,0.004569739,-0.027069291,-0.086064205,-0.11711712,-0.0830229
-0.1552016,-0.09730254,-0.032472108,-0.018506415,-0.06166466,-0.13177167,-0.17092896,-0.14275731,-0.061945446,0.017449377,0.04644836,0.01465417,-0.042705417,-0.07856407,-0.044498857,0.03209081,0.10767629,0.12384574,0.078027666,0.0026185755,-0.045306895,-0.03612567,0.018974273,0.07232669
-0.12619308,-0.070669785,-0.012772938,-0.007252334,-0.060511723,-0.13790566,-0.18265316,-0.16055313,-0.088506766,-0.018774977,0.0013063246,-0.03764489,-0.097971365,-0.1324623,-0.09860262,-0.020801792,0.055535853,0.07573502,0.03566171,-0.0312752,-0.06971828,-0.050207816,0.014258608,0.0751232
0.06322493,0.015624057,-0.056872483,-0.1109835,-0.11925171,-0.083563015,-0.046024237,-0.044375647,-0.08704069,-0.15077506,-0.19231379,-0.18281363,-0.12983477,-0.06610298,-0.04217257,-0.063857,-0.107776955,-0.12948664,-0.1042193,-0.035794467,0.03616619,0.06610583,0.044541843,-0.0026438376
-0.101407275,-0.13924718,-0.11685751,-0.04016318,0.032096583,0.05664738,0.023301184,-0.031851,-0.060865395,-0.03012566,0.048952945,0.12252536,0.14195476,0.10254983,0.031361714,-0.010405581,0.0057172915,0.0656838,0.12115043,0.1251743,0.06583963,-0.0200083,-0.077037714,-0.07197238
-0.10185373,-0.051337726,0.003124035,0.023612615,0.0029253464,-0.036775425,-0.053055014,-0.023639869,0.038202997,0.09815288,0.119963646,0.09788653,0.055124093,0.024411568,0.04165487,0.08804999,0.13239121,0.13432425,0.092295766,0.028794842,-0.017799934,-0.02097749,0.010612594,0.04222646
0.16748984,0.19704427,0.16958219,0.106879115,0.06540473,0.07167211,0.12718801,0.18199494,0.19033065,0.13808063,0.05190275,-0.010891864,-0.01787079,0.024928167,0.07418456,0.07893383,0.02616671,-0.053548314,-0.108263716,-0.10249162,-0.038328014,0.03434744,0.061962206,0.032878943
0.023841303,-0.007571398,-0.026001668,-0.0062153367,0.04613221,0.10014573,0.12582995,0.11259009,0.0788574,0.05545591,0.06472874,0.104281396,0.14326754,0.15474367,0.124339245,0.0731194,0.029746924,0.022177963,0.04553997,0.073779985,0.07470588,0.038581744,-0.016134175,-0.05694867
-0.035928976,-0.11141543,-0.16399206,-0.14943507,-0.082307905,-0.007670106,0.020848965,-0.007536983,-0.065822,-0.1009743,-0.07223464,0.005840578,0.08393414,0.11686516,0.08357586,0.019447612,-0.023495078,-0.008212477,0.054750443,0.11644981,0.12862659,0.0767768,-0.0071337954,-0.068380125
-0.032858524,-0.089132234,-0.12716143,-0.11676698,-0.07117429,-0.022139914,-0.0059753717,-0.030349046,-0.07250709,-0.09651746,-0.07611151,-0.019918663,0.036814038,0.061079234,0.038746994,-0.0032966924,-0.030440161,-0.01640566,0.030314252,0.07704766,0.08780246,0.05290995,-0.0051012617,-0.04746916
0.1361105,0.11170102,0.0670142,0.038353853,0.05738645,0.10887004,0.15452823,0.1563431,0.114679076,0.051689245,0.007222201,0.008883739,0.046310753,0.084012695,0.08193944,0.03624057,-0.03316597,-0.074893266,-0.067237005,-0.018630624,0.029705485,0.04242819,0.012972376,-0.035295803
0.0103632845,-0.03921775,-0.12026869,-0.17461298,-0.16260017,-0.09200735,-0.015821395,0.015798438,-0.012813147,-0.07445942,-0.11306578,-0.08591613,-0.0052589998,0.08005297,0.11759239,0.08723471,0.019370995,-0.026619995,-0.013339028,0.052437183,0.11920861,0.1340518,0.08229725,-0.0055655167
0.077781,0.08117012,0.022249006,-0.07151266,-0.1364538,-0.13981456,-0.09024835,-0.03617474,-0.028563516,-0.08361467,-0.16600683,-0.21553443,-0.1970759,-0.123569235,-0.04463867,-0.0153158195,-0.049526814,-0.10931076,-0.13932046,-0.10525264,-0.018448435,0.06711069,0.099582046,0.0658115
0.066993326,0.049590778,0.0070686406,-0.01390165,0.01429252,0.08668432,0.16589475,0.2032805,0.18543541,0.13730195,0.10016035,0.11308442,0.1637506,0.21797639,0.22918642,0.18403484,0.10684426,0.045956276,0.032124348,0.06427447,0.10126969,0.10013838,0.048198786,-0.027613504
0.026917232,-0.032559507,-0.077150434,-0.07772794,-0.042063843,0.0003082743,0.0059358533,-0.03361161,-0.091543026,-0.13104287,-0.12344325,-0.07870286,-0.029150492,-0.0069490974,-0.03429686,-0.080233626,-0.10917645,-0.09160691,-0.037127018,0.022551255,0.048296645,0.025537157,-0.020110091,-0.050027575
-0.0523849,0.0023947053,0.02155617,-0.010094753,-0.056083113,-0.07957115,-0.047741465,0.026195457,0.09538629,0.119845875,0.091134354,0.044601217,0.020807855,0.03925853,0.10281369,0.15552561,0.16263613,0.11366796,0.045920417,-0.00012202121,0.0021309548,0.04191639,0.0780878,0.07239772
-0.058833003,-0.022963999,0.06219526,0.14236094,0.1713739,0.12961936,0.059600722,0.022043772,0.04512869,0.11410691,0.17898384,0.18562499,0.12688494,0.03808066,-0.018234361,-0.011065222,0.043495405,0.093892746,0.094270825,0.030567592,-0.05625121,-0.10807678,-0.09303565,-0.027304132
-0.15276806,-0.16437884,-0.13653459,-0.102263995,-0.10114923,-0.14213002,-0.2057527,-0.24548826,-0.23435247,-0.18225488,-0.121088706,-0.0928726,-0.1061071,-0.14207031,-0.15832612,-0.12894712,-0.060342275,0.0086674765,0.041819274,0.026076024,-0.01626757,-0.046277333,-0.03564445,0.0092780255
-0.1613584,-0.14130169,-0.072073154,2.5702564e-05,0.025371544,-0.0038634932,-0.055455722,-0.076910615,-0.04183527,0.036445014,0.112839594,0.13971479,0.10761116,0.046717517,0.010891556,0.028821103,0.08951475,0.14267522,0.14714172,0.09233795,0.009263077,-0.051273804,-0.05369556,-0.008746534
-0.10431996,-0.05290116,0.00017967944,0.01602594,-0.008519832,-0.05043047,-0.06188148,-0.026373211,0.038956065,0.09560038,0.11215705,0.08718616,0.047015656,0.021729356,0.04497774,0.095078565,0.13483861,0.13184224,0.08813349,0.02631649,-0.016458182,-0.014298189,0.018866956,0.047941983
0.05655473,0.033786602,-0.008605765,-0.024860937,0.008578009,0.078119956,0.1431869,0.16792797,0.14547242,0.10322346,0.077312805,0.09720908,0.14603248,0.19107103,0.19654134,0.1509921,0.085375234,0.03811396,0.032934297,0.06346761,0.094945244,0.08890828,0.03756143,-0.032195117
-0.13412063,-0.08296815,-0.029573726,-0.02205472,-0.0712542,-0.15041745,-0.20070918,-0.18373185,-0.11709988,-0.04717966,-0.02273234,-0.054597687,-0.11161002,-0.14885864,-0.118544534,-0.041121244,0.037297003,0.06579399,0.034921438,-0.028239522,-0.07101318,-0.053324003,0.010698826,0.07173062
-0.082825854,-0.054746814,-0.050868474,-0.08458838,-0.13369815,-0.16680188,-0.1572242,-0.11065829,-0.060118202,-0.038259633,-0.05202868,-0.08136451,-0.09484254,-0.07618595,-0.019829957,0.035456907,0.061093047,0.04549703,0.011301216,-0.01402408,-0.0074714054,0.029004594,0.06549286,0.07207482
0.06586484,-0.0029384643,-0.04656419,-0.011868659,0.08498051,0.18711744,0.23128626,0.19545464,0.11919766,0.067692116,0.0850071,0.16140126,0.23671271,0.25681695,0.19358158,0.092360705,0.0137085505,0.007951206,0.062202577,0.12330581,0.12950227,0.06343819,-0.03884434,-0.11205622
-0.060098737,-0.009887246,-0.0057993517,-0.06448768,-0.14564016,-0.19667426,-0.17881286,-0.106095605,-0.033950463,-0.013338545,-0.05179927,-0.11340176,-0.14344274,-0.11649504,-0.03066088,0.04821803,0.07872516,0.043681998,-0.01838095,-0.05958305,-0.038544916,0.031154267,0.09538108,0.10792164
-0.044342894,0.01954011,0.04089538,0.004358834,-0.05013252,-0.074708946,-0.035466723,0.049449194,0.12784131,0.15448026,0.11921724,0.06251644,0.032086957,0.052520398,0.12383428,0.18143111,0.1896723,0.13217646,0.050882433,-0.004730357,-0.00088332064,0.04586014,0.08783363,0.08284381
0.07585773,0.04172374,-0.02197974,-0.054442335,-0.019820899,0.069232136,0.1608904,0.19956213,0.16908829,0.104704015,0.06379276,0.086600535,0.15597963,0.2252189,0.24005277,0.18381347,0.09394429,0.028850583,0.025442315,0.07342359,0.12466159,0.1250266,0.0599535,-0.033517484
0.058101065,0.056017525,0.011849121,-0.055941977,-0.10628334,-0.11345283,-0.081493884,-0.04750883,-0.046781737,-0.08840638,-0.14603865,-0.18088554,-0.16803648,-0.116653994,-0.062964596,-0.040874485,-0.06148949,-0.09850483,-0.11336885,-0.08455417,-0.021490026,0.041071013,0.0668013,0.04786074
-0.11188258,-0.14040774,-0.13275959,-0.089910656,-0.04794542,-0.032631706,-0.05086164,-0.07802832,-0.08812704,-0.062030554,-0.0060797054,0.04703496,0.06735403,0.051416326,0.018952243,0.0020237288,0.020211857,0.061482415,0.09727116,0.09872216,0.06195475,0.008491229,-0.02974326,-0.032639846
0.0068169013,-0.045615822,-0.031258408,0.040166233,0.10729492,0.11651726,0.04576947,-0.05838904,-0.12744361,-0.12257683,-0.053637434,0.00954471,0.017419254,-0.041507274,-0.13855231,-0.19365978,-0.17446901,-0.08885306,-0.0023107505,0.026787914,-0.01708005,-0.0916246,-0.12946975,-0.09426605
0.14095928,0.10933257,0.0517541,0.013452912,0.026584478,0.079370365,0.13327736,0.1409957,0.096251026,0.024215754,-0.028347252,-0.027189478,0.017033784,0.06784178,0.0742853,0.029089136,-0.04382635,-0.09050527,-0.08323265,-0.027882537,0.034874823,0.05811141,0.02681483,-0.029241156
0.057098843,0.11821553,0.12799947,0.06782006,-0.016469521,-0.077470206,-0.07267178,-0.017812088,0.036592375,0.03704817,-0.027408227,-0.11286051,-0.1621808,-0.14855544,-0.07689571,-0.008996511,0.0064819385,-0.037340514,-0.103985466,-0.13930325,-0.10480056,-0.01754168,0.06405955,0.09102551
-0.086464696,-0.12444123,-0.11354956,-0.05602071,0.004599629,0.029024802,0.003627601,-0.044006787,-0.07084633,-0.04886856,0.014080479,0.07805085,0.100449435,0.07510671,0.021533351,-0.01341336,-0.0018471461,0.04472435,0.09139678,0.10142808,0.0616739,-0.005726877,-0.05607488,-0.059053756
-0.011666744,-0.04212775,-0.0013675742,0.101565935,0.20404479,0.24788474,0.21486363,0.1418625,0.095991395,0.118409306,0.19728136,0.27027988,0.27967,0.21535149,0.10763346,0.03182346,0.023998698,0.07603335,0.12965903,0.1283879,0.0538592,-0.052723397,-0.12312641,-0.11607774
-0.13595752,-0.13307634,-0.08700991,-0.038632832,-0.036250185,-0.08588777,-0.16026714,-0.2044042,-0.19008465,-0.12741856,-0.060545098,-0.03917585,-0.07087003,-0.12719034,-0.15695278,-0.12783203,-0.051592927,0.022564143,0.050473772,0.020170148,-0.039931193,-0.0767341,-0.057588268,0.0036861585
0.17817244,0.21577388,0.17804298,0.09731664,0.04842588,0.07016742,0.15521656,0.23549525,0.25328434,0.19093382,0.0837073,0.011272494,0.014265336,0.0791404,0.14783098,0.15367919,0.07996486,-0.026932262,-0.09952166,-0.09027258,-0.012999048,0.069804266,0.09441954,0.04428174
-0.09138549,-0.13415186,-0.11136151,-0.031841237,0.044438735,0.06876999,0.024540283,-0.044455953,-0.08071664,-0.050417386,0.03308487,0.108939804,0.1270735,0.080807075,0.002713952,-0.042961296,-0.022366961,0.046266854,0.10889226,0.11529853,0.055628084,-0.033448454,-0.09012518,-0.07968038
-0.091969304,-0.10933849,-0.090435125,-0.04747821,-0.009769239,-0.0036885429,-0.029009458,-0.058669753,-0.064435676,-0.036837537,0.013269841,0.054931175,0.06439865,0.04008943,0.0070750955,-0.004918825,0.012534872,0.050005138,0.07991811,0.07707321,0.037999425,-0.010678506,-0.037567526,-0.031051274
-0.16464858,-0.091977686,-0.012788454,0.0084684165,-0.036718972,-0.112690754,-0.15285955,-0.11700707,-0.022672439,0.06839128,0.099271305,0.060409337,-0.00774337,-0.051778797,-0.016936837,0.06601467,0.14609204,0.15966782,0.10157836,0.010116577,-0.04989043,-0.04287967,0.018007116,0.07757716
0.071384184,0.0013201191,-0.09875633,-0.1666785,-0.1665466,-0.10768845,-0.050633352,-0.047496255,-0.107299104,-0.19410239,-0.24279347,-0.21912977,-0.13779375,-0.0513097,-0.023990966,-0.060661685,-0.1263875,-0.1538962,-0.112786844,-0.01857545,0.0711692,0.10062668,0.05993544,-0.011560324
-0.115657434,-0.065755345,-0.00990984,0.011559569,-0.011771422,-0.062436946,-0.08990891,-0.063413,-0.000105302344,0.06343234,0.09097706,0.069706686,0.02353925,-0.012588728,0.0048400434,0.057292674,0.110907,0.12370361,0.088145845,0.020987915,-0.029667892,-0.030660788,0.007051236,0.047245536
0.08379515,0.03785756,0.0061229523,0.015377125,0.051668342,0.08295103,0.07709389,0.030784562,-0.03018369,-0.06971557,-0.067782834,-0.03653183,-0.008107259,-0.004967813,-0.045095988,-0.0953234,-0.12303371,-0.10585522,-0.059461407,-0.012844831,0.00692279,-0.01009648,-0.043805618,-0.058529086
-0.047790814,-0.12930135,-0.18223418,-0.15564196,-0.06809182,0.026235921,0.061218534,0.028867561,-0.034460872,-0.067306876,-0.028121985,0.0654566,0.15482542,0.18579632,0.14170527,0.06310916,0.011835603,0.028129917,0.095905885,0.15890086,0.16051841,0.08940072,-0.013240802,-0.08717027
0.04005915,-0.03803096,-0.07875063,-0.036409684,0.06443146,0.15856047,0.18387182,0.13101207,0.048844956,0.004357287,0.037735183,0.124788806,0.19923116,0.21011165,0.13767953,0.037843883,-0.026580926,-0.012144492,0.058547344,0.123253495,0.122560315,0.047631845,-0.054537106,-0.11606415
0.06516391,0.0339901,-0.020834891,-0.052001286,-0.028432278,0.039497774,0.10426951,0.12335662,0.09324849,0.040529575,0.006011915,0.02393804,0.079439685,0.13437499,0.14640442,0.10448079,0.03681883,-0.009045464,-0.005697189,0.04154161,0.0869425,0.090118214,0.043976113,-0.025753032
0.038637534,-0.0062757106,-0.08086086,-0.12970681,-0.116443865,-0.0485342,0.022240974,0.048710477,0.015457641,-0.04624,-0.083695844,-0.060919393,0.0096502565,0.08361454,0.110898174,0.07572789,0.0097990865,-0.03441021,-0.021375546,0.040129695,0.10146888,0.11429086,0.06653989,-0.01260585
0.022155588,-0.02562238,-0.011019691,0.06333417,0.1420221,0.1666848,0.113078885,0.020815266,-0.046415564,-0.043326132,0.021881644,0.087185614,0.09697933,0.041670475,-0.055985916,-0.12168942,-0.116726294,-0.04979261,0.024057424,0.048735313,0.005028101,-0.07302347,-0.12218684,-0.10259251
0.13849297,0.098514006,0.07527464,0.095521666,0.1419803,0.17808054,0.172498,0.11843085,0.048173588,0.0016352078,-0.0015961827,0.025534023,0.046163507,0.03782141,-0.020416234,-0.085792616,-0.12714328,-0.11442933,-0.068936564,-0.022882866,-0.008837708,-0.03152032,-0.06719471,-0.07731367
-0.031136991,-0.0351489,-0.08957195,-0.16428314,-0.20964424,-0.19431019,-0.13301441,-0.06834745,-0.04400345,-0.07235386,-0.121900804,-0.14202327,-0.10682296,-0.031653047,0.04752243,0.07698722,0.053987134,0.0039987303,-0.024833577,-0.0051919394,0.054632932,0.108813785,0.11501602,0.065423094
0.011998563,0.03186578,0.012896789,-0.026942693,-0.052286733,-0.033844583,0.026081,0.088400275,0.116768934,0.1009857,0.059649996,0.033832625,0.04602914,0.0889359,0.13693689,0.15009737,0.11915532,0.06287671,0.019781563,0.014674304,0.04145639,0.073101655,0.0755317,0.038090877
0.21336223,0.17436492,0.09922885,0.04432893,0.053974133,0.116609104,0.17948407,0.18280931,0.11812502,0.019333526,-0.054511353,-0.0611248,-0.011169624,0.050601847,0.05579568,-0.0027631891,-0.09531489,-0.15359558,-0.14155392,-0.06542945,0.020460995,0.056350198,0.02530755,-0.037869036
-0.20919234,-0.19465746,-0.11974483,-0.04240155,-0.018223958,-0.061271373,-0.13479714,-0.17049102,-0.13342999,-0.041671984,0.052219532,0.087629355,0.053802893,-0.016682198,-0.05458956,-0.025489984,0.055740986,0.13090046,0.14940643,0.09440423,0.0012707855,-0.06591937,-0.06265443,-0.0039931135
0.03250984,-0.008441337,-0.0007300626,0.054101888,0.11098893,0.12578134,0.08019237,0.0024683245,-0.055714685,-0.060376603,-0.01464144,0.033356637,0.041688696,1.7947064e-05,-0.07746642,-0.12885639,-0.12650856,-0.070262104,-0.0068118013,0.018967003,-0.009293927,-0.065091155,-0.09971491,-0.079988785
0.04387777,0.10304655,0.11220907,0.047358137,-0.04724091,-0.119054735,-0.1228915,-0.071612194,-0.016859762,-0.013267897,-0.07605354,-0.16381186,-0.2166389,-0.20260529,-0.12667969,-0.049452282,-0.022076024,-0.059568338,-0.12319024,-0.15553682,-0.117031746,-0.024491603,0.06514224,0.09981904
-0.04803245,-0.015392483,-0.019532388,-0.06680853,-0.12466543,-0.15268044,-0.13048615,-0.0737589,-0.02340056,-0.013281597,-0.046373017,-0.088312976,-0.10036358,-0.06967469,-0.0026219364,0.052128047,0.066309996,0.03375602,-0.01242155,-0.03372482,-0.010969777,0.039366443,0.079174936,0.07652539
-0.030046094,-0.012351122,0.05386905,0.12521595,0.14798889,0.106323086,0.027429165,-0.03207473,-0.03320534,0.021377653,0.08306318,0.094592035,0.042053957,-0.043475244,-0.10848889,-0.10752614,-0.04984473,0.01742887,0.04004778,-5.2340125e-05,-0.07522464,-0.12368027,-0.10577684,-0.032740932
0.015341371,-0.027505968,-0.0051616943,0.07648218,0.14968161,0.16749129,0.10883343,0.013776408,-0.049959153,-0.038493372,0.030412313,0.092606306,0.09474893,0.03251097,-0.06955116,-0.13060339,-0.11576653,-0.041672237,0.029637868,0.047761913,-0.004495771,-0.085701145,-0.12975897,-0.10009732
0.058789227,0.122204974,0.14135502,0.105676115,0.048687916,0.015349748,0.03840387,0.09882399,0.15059245,0.15758847,0.10771023,0.037742935,-0.007294688,-0.0027595155,0.04706042,0.09095009,0.09356003,0.04275644,-0.028386608,-0.0736223,-0.062218804,-0.004884524,0.05070496,0.06382868
0.06078783,-0.008399539,-0.056578353,-0.04783077,0.0031941207,0.051715825,0.0513289,-0.0029280304,-0.07924477,-0.12746897,-0.115422636,-0.061747238,-0.010118238,0.00332973,-0.04190658,-0.104670264,-0.13961445,-0.115895934,-0.04866375,0.017696813,0.041991197,0.012491271,-0.041693132,-0.07238645
-0.010286702,-0.073116064,-0.12292748,-0.13052905,-0.10649678,-0.07611786,-0.07705428,-0.113829724,-0.16656323,-0.20093808,-0.18891925,-0.14271164,-0.092031084,-0.06541225,-0.082772225,-0.11496316,-0.13005483,-0.1017252,-0.041514225,0.018593613,0.045562748,0.028919822,-0.009195569,-0.03335079
0.10760649,0.029658707,-0.027990833,-0.018034883,0.04238227,0.10524328,0.10921334,0.04254597,-0.05307854,-0.117095776,-0.11211745,-0.05412377,0.0046250024,0.020298928,-0.038932405,-0.12046088,-0.1716964,-0.1478778,-0.07070765,0.011238644,0.041607723,0.0069281445,-0.056251235,-0.091513745
0.03870869,0.08283305,0.0851015,0.026429212,-0.053992238,-0.111755595,-0.11604148,-0.07791247,-0.037446626,-0.03889713,-0.09214222,-0.16374516,-0.20332941,-0.1886041,-0.12535362,-0.062101435,-0.040193785,-0.06814796,-0.11458587,-0.13364889,-0.097683474,-0.020723533,0.053725984,0.082543336
-0.13401404,-0.07885173,-0.02163687,-0.019796347,-0.08266216,-0.17264293,-0.22847016,-0.21091221,-0.13936245,-0.067035556,-0.04636384,-0.08851426,-0.1534009,-0.18991439,-0.15298147,-0.065900445,0.021919295,0.050300613,0.014023295,-0.051245466,-0.087574676,-0.061578184,0.012883642,0.082658984
0.030809034,-0.014726826,-0.0072556343,0.047228158,0.092160515,0.08937836,0.025135176,-0.06620231,-0.12904327,-0.12991862,-0.07756935,-0.03207229,-0.03307661,-0.08445455,-0.16591868,-0.20873362,-0.18575612,-0.10908213,-0.03479245,-0.009821808,-0.040212102,-0.0910104,-0.11224138,-0.07226667
0.103978954,0.060570627,-0.01234241,-0.049820013,-0.014887748,0.076617315,0.16517855,0.19210812,0.14633492,0.07066485,0.025656791,0.05027237,0.12363351,0.19382858,0.20269993,0.1398703,0.045996945,-0.015789932,-0.008048877,0.054589566,0.11385054,0.116461456,0.05138295,-0.04162965
0.05955408,0.13276224,0.1565606,0.112581626,0.040448867,-0.0073895482,0.011913751,0.07926315,0.14175586,0.15105915,0.09174603,0.007252351,-0.046789166,-0.040196374,0.022403136,0.080520496,0.088812515,0.032650553,-0.049387626,-0.10059845,-0.082314245,-0.0100842165,0.06008832,0.0798899
0.13430908,0.15929808,0.1400037,0.095842086,0.069714196,0.084358126,0.13649875,0.18322061,0.18975644,0.14854556,0.08132836,0.034525838,0.03218053,0.066398144,0.10071521,0.09767228,0.04868487,-0.019311879,-0.06524126,-0.06140333,-0.015555446,0.033673376,0.04757753,0.018474024
0.030102085,-0.0025472462,0.009714345,0.06416265,0.11567634,0.1275723,0.084279455,0.012756918,-0.038560875,-0.036546193,0.00836539,0.05117694,0.052051593,0.00802011,-0.06627103,-0.11230566,-0.104976565,-0.052863542,0.0011426237,0.01944909,-0.0126047265,-0.06637597,-0.095602736,-0.07318804
-0.0001520739,0.012250238,0.058766704,0.10139335,0.09729699,0.042086437,-0.037700366,-0.09519544,-0.102213524,-0.06570541,-0.026961152,-0.031741604,-0.083032876,-0.15136677,-0.19688867,-0.18322875,-0.12416079,-0.060408603,-0.03628107,-0.060656097,-0.106015,-0.123994686,-0.08794469,-0.012030803
0.021210903,0.09010727,0.15783212,0.18325251,0.15956174,0.111522324,0.08756628,0.10724764,0.15720624,0.2016711,0.20223,0.15277681,0.08310455,0.031309217,0.029298615,0.06201008,0.09371492,0.086465,0.033884864,-0.03788304,-0.08257851,-0.07360053,-0.02485561,0.026195431
-0.12863158,-0.111124955,-0.09285092,-0.10069357,-0.13938646,-0.18971239,-0.21959986,-0.20703192,-0.16495794,-0.12369865,-0.10757168,-0.119663484,-0.13977973,-0.14446512,-0.11040177,-0.052989867,0.0012815709,0.02405994,0.0132963145,-0.012936649,-0.02540177,-0.008848574,0.027660167,0.057589456
0.050741956,0.10730348,0.113972425,0.055190533,-0.029342202,-0.09031769,-0.08644791,-0.033115685,0.016035534,0.01703932,-0.042705912,-0.123096295,-0.17173412,-0.15762228,-0.08973141,-0.023534097,-0.0036410894,-0.04336977,-0.104949415,-0.13606012,-0.1017527,-0.017625984,0.06150568,0.08909513
0.036598265,-0.017121209,-0.04372005,-0.008821537,0.07363351,0.15480448,0.18879764,0.16177562,0.10504076,0.06971247,0.091341145,0.15587789,0.21395804,0.22670478,0.17294924,0.09106669,0.030003678,0.025159098,0.06760564,0.111757495,0.11147538,0.0515558,-0.034546785,-0.091863126
-0.07036167,-0.12399363,-0.123945996,-0.07261595,-0.023998125,-0.017783161,-0.071680784,-0.14653333,-0.19414808,-0.18130033,-0.113371104,-0.048667435,-0.02845838,-0.06261607,-0.12618154,-0.15798306,-0.12870312,-0.04958189,0.02756815,0.053161472,0.017740155,-0.04398675,-0.0798206,-0.058833007
-0.047542907,0.010493636,0.034283582,0.0045618834,-0.049819414,-0.08566379,-0.061952613,0.0073876283,0.07708788,0.10572721,0.076754816,0.024603331,-0.008544548,0.0033751659,0.06521883,0.12493557,0.14209762,0.098384455,0.029454334,-0.019575777,-0.019366067,0.025532952,0.07167763,0.077195056
-0.021876013,0.04131125,0.06758274,0.04090786,-0.006209653,-0.030432075,0.001878257,0.07486741,0.14375354,0.16784967,0.13593364,0.08163622,0.048286416,0.057605997,0.11300697,0.16182266,0.16685092,0.1172427,0.04496859,-0.008065754,-0.012996316,0.025461646,0.066358685,0.06885591
0.018827526,0.03145864,0.006671111,-0.031319823,-0.043866467,-0.012722421,0.053884156,0.116085604,0.1374702,0.115034476,0.074258976,0.05694361,0.07839293,0.12624659,0.17087519,0.17235917,0.13032757,0.068108015,0.027848478,0.028677562,0.060103554,0.08684879,0.07619342,0.025814565
-0.10628634,-0.077613875,-0.049092297,-0.04949754,-0.0899988,-0.14042236,-0.16685148,-0.15013926,-0.10469296,-0.05875032,-0.041350108,-0.060501616,-0.094101265,-0.10938174,-0.08440487,-0.030714637,0.025361592,0.046628974,0.027715994,-0.010973302,-0.034905553,-0.02311469,0.017050587,0.05678311
0.076782584,0.019891554,-0.013813757,0.0076245666,0.06777055,0.12713315,0.13497035,0.08436564,0.0127835935,-0.029583914,-0.016744897,0.03419962,0.07885443,0.08472601,0.029035522,-0.043254327,-0.086771734,-0.07272352,-0.017741155,0.03900917,0.05122646,0.008475261,-0.051950023,-0.083523534
0.19403492,0.2327923,0.20814134,0.14734569,0.11114502,0.12639324,0.19063476,0.249992,0.25886157,0.20489846,0.1114127,0.04459846,0.03453283,0.07581177,0.1217949,0.119624235,0.05523741,-0.035637703,-0.09988538,-0.09708692,-0.03604578,0.034653194,0.060600538,0.026528412
-0.12523656,-0.18154535,-0.16613905,-0.08189698,0.0074696634,0.046095286,0.007755446,-0.064232275,-0.10586311,-0.073314674,0.023448791,0.11849161,0.1514764,0.10966016,0.027219083,-0.025973016,-0.0065765404,0.06729326,0.14087476,0.1548371,0.0901924,-0.0136160385,-0.08702015,-0.08820056
-0.13214341,-0.08464055,-0.032383118,-0.025352143,-0.073465824,-0.14790687,-0.19607307,-0.1816019,-0.11782311,-0.050725702,-0.02740559,-0.057938013,-0.11158939,-0.1443229,-0.11498046,-0.041250527,0.03387295,0.06033687,0.030291798,-0.027197443,-0.06463072,-0.049491175,0.009979135,0.06832832
-0.092181586,-0.043073293,0.012086914,0.034333702,0.015181183,-0.028536242,-0.056223042,-0.036600307,0.019154027,0.07911205,0.10527548,0.08414351,0.03700696,-0.0019606284,0.008458858,0.052932594,0.102501154,0.114118956,0.07998378,0.017226288,-0.03264125,-0.037631914,-0.0020507278,0.038047437
0.0024395261,0.02935088,0.055888426,0.054468177,0.014790922,-0.044399712,-0.089809805,-0.100723885,-0.08293067,-0.059378028,-0.059311885,-0.0921548,-0.13890365,-0.16885592,-0.16329147,-0.124068126,-0.07751648,-0.05349,-0.06263392,-0.08796626,-0.09845477,-0.07316465,-0.019914757,0.034907576
0.013838868,-0.058196597,-0.107191116,-0.10032477,-0.05550649,-0.011189019,-0.014507033,-0.06669137,-0.13483304,-0.17421934,-0.15532345,-0.09753359,-0.041531123,-0.022611545,-0.05937255,-0.11157057,-0.13554725,-0.10376231,-0.0345001,0.031043107,0.053853348,0.022406347,-0.031179106,-0.060641915
-0.15123606,-0.118931994,-0.07876556,-0.0734692,-0.11534965,-0.18107702,-0.22481778,-0.21373838,-0.15816419,-0.09672894,-0.06849573,-0.0855084,-0.123711586,-0.1474339,-0.11871407,-0.050281305,0.02113107,0.052574504,0.03544681,-0.009497619,-0.042735945,-0.032842014,0.014963249,0.06356888
0.04141846,0.057270195,0.034565825,-0.004460314,-0.023575144,0.0033271108,0.067186944,0.12551989,0.14478773,0.12010437,0.07379236,0.04874895,0.063487224,0.10881248,0.15097344,0.15285997,0.11219982,0.050528448,0.007968909,0.008947697,0.042963244,0.07374408,0.06960161,0.0268126
-0.0507495,-0.11259888,-0.15363322,-0.14038788,-0.08569289,-0.02840401,-0.011046869,-0.035769053,-0.079901405,-0.102678604,-0.07411317,-0.008098419,0.056321688,0.08134384,0.056748837,0.009665174,-0.018556902,-0.0010463299,0.051747426,0.09973507,0.10639359,0.062671125,-0.0045001567,-0.053400915
0.11495643,0.13912612,0.10922268,0.048306786,0.0065211384,0.014265228,0.07048441,0.12687427,0.1400034,0.097219065,0.021576967,-0.030251453,-0.028917994,0.019175425,0.072324544,0.08338116,0.038759936,-0.032555185,-0.081893094,-0.073708884,-0.015605009,0.048686992,0.07106418,0.0389849
-0.039433725,0.033484925,0.05053127,-0.004315281,-0.08571508,-0.13053253,-0.09516306,-0.00060573674,0.086328425,0.11240273,0.06393023,-0.011185918,-0.052069284,-0.02712376,0.06224023,0.14041184,0.16064328,0.10201534,0.012825502,-0.046129216,-0.032396507,0.038088746,0.10357324,0.10944289
0.029024597,0.048965164,0.014078445,-0.042131584,-0.06514649,-0.028114526,0.05867165,0.14156151,0.17196132,0.14202325,0.08256754,0.054614905,0.08067142,0.14535056,0.2097562,0.2172732,0.16306837,0.080201395,0.024410801,0.025784709,0.0700228,0.112273306,0.10541918,0.04113884
-0.05112784,-0.12718004,-0.1759776,-0.1562498,-0.08218197,-0.0012953256,0.029238481,0.00071576296,-0.054490138,-0.08515207,-0.051501017,0.03131259,0.11298101,0.14588031,0.11162747,0.045153,0.00085275114,0.014575582,0.07562103,0.1352307,0.14371559,0.084249474,-0.006667647,-0.07288972
-0.054054927,-0.016504157,0.07513943,0.16137704,0.18991399,0.14579652,0.07042679,0.025450211,0.047206376,0.120387904,0.18965442,0.19540022,0.13091576,0.03370754,-0.030473115,-0.023988167,0.03581858,0.09255395,0.09481003,0.028778907,-0.06539176,-0.12268721,-0.10506024,-0.030307326
0.1130595,0.041236345,-0.00036926445,0.026937457,0.10004174,0.16503628,0.16611116,0.09415345,-0.0001806912,-0.057349242,-0.04505359,0.015515333,0.0683072,0.0705713,-0.0028693755,-0.09156095,-0.14626782,-0.12287622,-0.048034754,0.02630634,0.04205933,-0.0058232686,-0.07418623,-0.10575254
-0.026516521,-0.067540966,-0.12351085,-0.15417585,-0.14154516,-0.091034986,-0.040859744,-0.023244353,-0.043571193,-0.07863777,-0.09381714,-0.06378695,-0.0034190023,0.05575387,0.07817806,0.0573876,0.017747175,-0.0054012327,0.00992836,0.05732381,0.09785551,0.09833997,0.055575244,-0.005806029
-0.11911977,-0.07368739,-0.015033011,0.015497499,0.007289722,-0.024961276,-0.0414797,-0.017129708,0.04321142,0.10606834,0.1376973,0.12627485,0.089591324,0.056519676,0.065592,0.10475087,0.14557023,0.15164727,0.116052136,0.05389097,-5.68383e-05,-0.017012343,0.0032409686,0.03182391
-0.13633457,-0.11058529,-0.08073103,-0.08019909,-0.11925471,-0.1753132,-0.2116398,-0.20102519,-0.1528204,-0.1002342,-0.07698086,-0.09106131,-0.12157745,-0.13797626,-0.109155014,-0.048014116,0.015268693,0.04329312,0.028795008,-0.00827931,-0.033929463,-0.022958813,0.018757831,0.058999248
-0.057725217,-0.10534629,-0.099913076,-0.04478691,0.009201893,0.018559285,-0.031208394,-0.10194253,-0.14732932,-0.13414678,-0.06872567,-0.0061601847,0.0107379025,-0.025725072,-0.09130638,-0.12700489,-0.104346335,-0.034201093,0.03552861,0.05671766,0.019545589,-0.04324202,-0.081250735,-0.063717596
-0.06386221,-0.12017849,-0.12983006,-0.086243734,-0.03772144,-0.022158183,-0.06370771,-0.13095334,-0.18000488,-0.17341992,-0.11263387,-0.047074746,-0.020471474,-0.04308461,-0.100196294,-0.13551483,-0.11443571,-0.04556059,0.02700988,0.057813574,0.03223369,-0.025383258,-0.06652624,-0.05714739
0.04578118,0.064840704,0.030909594,-0.024510516,-0.04928417,-0.01652395,0.06111028,0.13350897,0.1582574,0.12716576,0.067129694,0.036584444,0.05777819,0.116850264,0.17612219,0.18276753,0.13256271,0.055851307,0.0037551457,0.007291773,0.052550107,0.09610094,0.09430277,0.03798368
0.048387665,-0.020922748,-0.059271805,-0.0236819,0.0628181,0.14696175,0.16942546,0.122022495,0.045736246,0.0043036337,0.03099253,0.10552601,0.16881205,0.18010145,0.115440935,0.024980078,-0.03067719,-0.019748313,0.040412832,0.09935156,0.10423235,0.040238015,-0.0495476,-0.10381557
0.13293059,0.08049585,0.04622154,0.065912314,0.12410313,0.18117277,0.18896843,0.13549696,0.056318358,0.0020261589,0.0029282959,0.043275863,0.0810828,0.08160395,0.01934377,-0.05957655,-0.11237678,-0.10168074,-0.047307257,0.009642506,0.02506911,-0.009599519,-0.063269705,-0.08909105
-0.015826626,-0.07675502,-0.12164396,-0.11066924,-0.05652919,0.006988669,0.03154825,0.0056216195,-0.045026533,-0.07450477,-0.05310126,0.00949188,0.07149255,0.09658622,0.06709597,0.012820789,-0.022412071,-0.010098751,0.04038785,0.09166688,0.100840494,0.058757886,-0.008186579,-0.05729786
0.038344063,-0.03047291,-0.07037041,-0.03597083,0.05628029,0.14888564,0.18121599,0.14086528,0.06875789,0.025517602,0.05043201,0.12815496,0.2001135,0.21665992,0.15596858,0.063779,-0.0023606084,0.0019074379,0.06060781,0.120234646,0.12299275,0.055990137,-0.04016115,-0.10464411
-0.096715495,-0.06631096,-0.061476886,-0.09942028,-0.15742326,-0.19824809,-0.19334333,-0.146326,-0.090509616,-0.06337446,-0.07809886,-0.111689165,-0.12864931,-0.10856379,-0.044690616,0.02050567,0.055338226,0.041104496,0.0029020677,-0.024127932,-0.014615037,0.027680228,0.07146204,0.08180536
0.08024362,0.13470235,0.15901086,0.13809511,0.09827044,0.07013129,0.08713156,0.13116065,0.16966343,0.17165107,0.12734947,0.066268876,0.023576893,0.020425681,0.052197643,0.080648035,0.0755262,0.027491389,-0.0345455,-0.07324852,-0.06287102,-0.016084965,0.027765121,0.04022245
0.004213319,-0.066228785,-0.11473007,-0.1079943,-0.06339824,-0.016423197,-0.012008137,-0.056695495,-0.12025305,-0.1588652,-0.14017943,-0.08163503,-0.023344046,-0.00079307146,-0.03507857,-0.08663767,-0.11411213,-0.086355366,-0.019834988,0.0440639,0.06487353,0.031902395,-0.024416633,-0.05722387
0.01468452,0.023276301,-0.02574003,-0.10210972,-0.14706412,-0.12725942,-0.056077015,0.016833857,0.042658266,0.0068844096,-0.059069958,-0.09245359,-0.06305072,0.013173408,0.0931122,0.117318854,0.07829953,0.007875333,-0.036717556,-0.019500239,0.04619685,0.10703315,0.11527311,0.05971863
-0.069301456,-0.000677537,0.026847381,-0.0049505914,-0.05971667,-0.087604344,-0.049075067,0.041063305,0.12851605,0.1643773,0.13539442,0.07964681,0.046955496,0.06388218,0.13713948,0.20034592,0.21465276,0.15999962,0.075413026,0.010388259,0.00481504,0.04797433,0.09083928,0.08803592
-0.049679585,-0.094899625,-0.070443735,0.018036753,0.105378784,0.13365346,0.08457265,0.0020505632,-0.048612103,-0.02636518,0.055429112,0.13377795,0.14933331,0.0949514,-0.00047241664,-0.06083087,-0.050003998,0.021014644,0.090917334,0.10370923,0.042610288,-0.051941372,-0.11260226,-0.09874627
0.16260651,0.15127395,0.12744087,0.118034944,0.13779679,0.17189978,0.19946514,0.19228692,0.15163983,0.09924183,0.06081833,0.05391069,0.06697419,0.08024848,0.061236985,0.015412637,-0.041457657,-0.07465811,-0.07256431,-0.04193013,-0.008510544,0.0021774215,-0.016348828,-0.042585015
-0.10907851,-0.080282055,-0.051434822,-0.052788705,-0.08924978,-0.14071128,-0.1721128,-0.15914841,-0.114430204,-0.06887467,-0.052364103,-0.07010809,-0.10109554,-0.11748645,-0.09096043,-0.035824846,0.017533598,0.038315542,0.02175233,-0.013681412,-0.037240263,-0.024526438,0.016647303,0.053752642
-0.092345655,-0.123424344,-0.10857121,-0.05454486,-0.0034155152,0.011144707,-0.019421088,-0.06327494,-0.08272641,-0.055906136,0.007188452,0.06349787,0.07863709,0.048756614,0.00043812767,-0.024813514,-0.004306448,0.045926128,0.08961545,0.09148792,0.047723647,-0.014291215,-0.05378497,-0.048020795
0.07714694,0.08195879,0.036817376,-0.03574327,-0.08776578,-0.087039486,-0.043088287,-0.00020070383,0.0056318,-0.038112473,-0.106247626,-0.14842466,-0.13745429,-0.07973254,-0.019737849,0.00015769096,-0.02857099,-0.08004898,-0.1097741,-0.08510114,-0.0156127615,0.05194415,0.07694327,0.0507859
-0.1329377,-0.088949636,-0.048397057,-0.056174792,-0.11433238,-0.1869098,-0.22536078,-0.20231354,-0.137125,-0.07743532,-0.06160838,-0.09563453,-0.14264603,-0.16396159,-0.12278476,-0.044283133,0.028284753,0.050706193,0.020993978,-0.031372737,-0.059591416,-0.03504718,0.02719867,0.0806482
-0.079492986,-0.13416745,-0.13696161,-0.0893068,-0.04481268,-0.040665433,-0.0954657,-0.17072359,-0.21699566,-0.20262963,-0.13574302,-0.071125664,-0.04999138,-0.080987535,-0.14001743,-0.1672766,-0.13459328,-0.054209147,0.022625336,0.050164767,0.01745589,-0.04124071,-0.07456076,-0.053474966
-0.047755316,-0.044141714,0.008685702,0.06990284,0.08545866,0.03910752,-0.043562576,-0.106433205,-0.112685084,-0.06406606,-0.003226665,0.012393072,-0.030844036,-0.10435072,-0.16021016,-0.15395491,-0.09026435,-0.016998943,0.014760402,-0.013774126,-0.0733279,-0.11299759,-0.095420726,-0.025433596
-0.031400442,0.044418126,0.06849142,0.02228593,-0.04725226,-0.085974075,-0.05229361,0.0384857,0.1250418,0.15275095,0.10743846,0.034692604,-0.006614973,0.011326568,0.09337867,0.16414,0.17849919,0.11823504,0.02788023,-0.035318337,-0.028430516,0.03393151,0.093929395,0.09757213
0.081583194,0.013207466,-0.084295504,-0.14823855,-0.14539519,-0.089730084,-0.03982146,-0.042182725,-0.10418021,-0.18828769,-0.2349339,-0.2117085,-0.13635089,-0.05716971,-0.03409616,-0.071892805,-0.13324264,-0.15778202,-0.11744354,-0.027305903,0.059956502,0.089992225,0.052033525,-0.015391704
0.020580634,-0.05971697,-0.1217277,-0.12311737,-0.07855003,-0.025047237,-0.0169992,-0.06595171,-0.14057054,-0.1904288,-0.17693709,-0.1151338,-0.04858153,-0.018239927,-0.052294694,-0.10968742,-0.14311594,-0.115083344,-0.040688355,0.035989076,0.06722684,0.037716616,-0.02197093,-0.060423236
-0.0474627,-0.003971386,0.0072547956,-0.019706206,-0.056924,-0.07133506,-0.039295215,0.024632506,0.081329614,0.1001495,0.07601657,0.04025995,0.02562828,0.044115096,0.097277254,0.13931562,0.14245884,0.102561444,0.04791306,0.010997783,0.01111046,0.042209327,0.068898074,0.060033508
-0.023471685,-0.05131556,-0.022183502,0.05979267,0.13776857,0.16889153,0.14057755,0.08255664,0.04509431,0.064938866,0.13018963,0.19133945,0.19917552,0.15145943,0.06691748,0.00926004,0.009198149,0.055232245,0.100163095,0.10118739,0.04443915,-0.039336465,-0.09554403,-0.08857911
0.06361468,0.12706164,0.15010464,0.119164385,0.06921196,0.039453585,0.063566744,0.12225619,0.17375132,0.17886321,0.12828867,0.059761714,0.016842885,0.021141153,0.06752793,0.10641152,0.10139283,0.04730844,-0.02420676,-0.068756364,-0.057501137,-0.0038904746,0.0465803,0.05679737
0.1299989,0.16014978,0.13257283,0.07195665,0.0333105,0.048003837,0.11248476,0.1745843,0.18977423,0.14584734,0.06631166,0.011589902,0.011383486,0.05901917,0.11125357,0.11793952,0.06545264,-0.014908166,-0.07128085,-0.06636511,-0.01056947,0.052039105,0.07246022,0.03626003
0.02159934,0.060602773,0.0736464,0.04441785,-0.003109254,-0.042658012,-0.04678947,-0.018068584,0.017013434,0.025857568,-0.0048235026,-0.053542864,-0.08801258,-0.08752755,-0.048722442,-0.006431011,0.0102126,-0.010970894,-0.050956246,-0.077452734,-0.06473814,-0.018231167,0.031478375,0.0528079
-0.13364013,-0.11639951,-0.06316242,-0.0075095263,0.016899785,0.001639622,-0.027487878,-0.03364808,-0.0019008192,0.05835676,0.116920024,0.14021964,0.1203646,0.07827087,0.054138705,0.06577644,0.10497684,0.13697648,0.13560438,0.0912162,0.025980333,-0.023262043,-0.03190974,-0.007072507
0.10923547,0.06883388,-0.004054191,-0.043362975,-0.0073038745,0.08671907,0.1792775,0.21113715,0.16853428,0.09038286,0.039394327,0.060908943,0.13559048,0.2105349,0.2238386,0.16010447,0.059604414,-0.009590081,-0.007983015,0.053481553,0.11775154,0.12358471,0.056990404,-0.041402414
-0.002090888,-0.06092891,-0.10142972,-0.099043235,-0.06517139,-0.035072874,-0.041278798,-0.08234073,-0.13547432,-0.16629328,-0.15044063,-0.1030569,-0.056883805,-0.04012233,-0.06518817,-0.10168737,-0.11853127,-0.0916788,-0.033447422,0.021276265,0.04124991,0.019484095,-0.020682212,-0.044111155
0.04729196,-0.0046359394,-0.038415994,-0.015117903,0.055426225,0.13165987,0.16310872,0.1365612,0.07821361,0.03864812,0.052015185,0.109031685,0.16543376,0.18220347,0.13539125,0.059662994,0.0016622574,-0.0015158023,0.041381422,0.0899664,0.09673992,0.04671959,-0.029235903,-0.08287005
0.15540735,0.111087844,0.04138848,0.0046360726,0.029959487,0.09670935,0.15432616,0.15352766,0.092381254,0.008514136,-0.04421896,-0.031263817,0.026629139,0.08243722,0.07932041,0.019132428,-0.0662789,-0.10957706,-0.08840664,-0.017689869,0.048618387,0.0643003,0.020026488,-0.04603472
0.031524617,-0.038332544,-0.09328177,-0.094304346,-0.051156722,-0.0011758921,0.0075909947,-0.035320383,-0.10243746,-0.14869408,-0.14015372,-0.08686499,-0.028126702,-0.0017231355,-0.031559613,-0.085133515,-0.11886888,-0.10006755,-0.038397633,0.028435241,0.05872248,0.034965117,-0.019195663,-0.05787029
-0.03981667,-0.012466237,0.04992786,0.105155855,0.122480124,0.09128772,0.040309317,0.012180871,0.02928957,0.07841186,0.124853045,0.12705547,0.08382669,0.01772615,-0.023303224,-0.016255718,0.023464045,0.062201977,0.06509386,0.02005129,-0.045572713,-0.08356561,-0.0688401,-0.016963994
-0.053470958,-0.01850758,-0.015007046,-0.05365,-0.10510433,-0.13395903,-0.118398756,-0.06735501,-0.01655925,-0.0002534491,-0.024860244,-0.063224256,-0.07919557,-0.058781385,-3.964526e-05,0.052665886,0.07006547,0.044384714,0.0018171334,-0.02440165,-0.013358142,0.028215941,0.06759838,0.07109969
-0.06761501,-0.021412205,-0.0047033615,-0.030796397,-0.064347975,-0.075304486,-0.038086638,0.033302255,0.09859613,0.12183397,0.099902555,0.065140575,0.053486526,0.07480428,0.13377155,0.17810683,0.17855847,0.13010526,0.0688321,0.028024059,0.027318416,0.05553012,0.07750087,0.06130609
-0.014387532,-0.0012139388,0.054135397,0.1073524,0.11260211,0.058361992,-0.025407275,-0.08642236,-0.09138648,-0.047817696,-0.00015230897,0.000836768,-0.051459566,-0.12667732,-0.17854923,-0.16730218,-0.106832065,-0.041071966,-0.016344592,-0.045046967,-0.09915594,-0.1266158,-0.09576727,-0.019488826
-0.011865708,-0.05404612,-0.115416594,-0.15404442,-0.1434336,-0.09136214,-0.036797684,-0.0137104755,-0.035036687,-0.07849509,-0.10017392,-0.07440994,-0.01094228,0.053130183,0.08124714,0.05944742,0.0140164755,-0.0153634,-0.00088862085,0.048084103,0.09673213,0.104531534,0.062283754,-0.0040695816
-0.11972709,-0.12252673,-0.0887199,-0.050712798,-0.04785986,-0.08549248,-0.14487131,-0.1814962,-0.17205557,-0.12352981,-0.06829217,-0.047105286,-0.06698106,-0.107570164,-0.13090327,-0.10860955,-0.048368897,0.013315688,0.040329188,0.02130662,-0.023989264,-0.05583381,-0.044525024,0.0019965298
0.16563715,0.14034283,0.093190655,0.06532799,0.08271485,0.13268009,0.17646393,0.17328694,0.1240638,0.055491928,0.005842313,0.0040911557,0.03710266,0.07328097,0.06560125,0.014991457,-0.055649363,-0.096567556,-0.088577524,-0.037642535,0.015412343,0.032097407,0.0047481107,-0.03967813
0.034766816,0.09729992,0.106265165,0.039796427,-0.059852235,-0.13483472,-0.13631383,-0.079300135,-0.018048784,-0.010534042,-0.07428895,-0.16477303,-0.21981217,-0.20459554,-0.12311842,-0.040161736,-0.008610852,-0.046360657,-0.115377754,-0.15403187,-0.11697911,-0.020422399,0.07277376,0.10839144
-0.06685381,-0.113732524,-0.10963879,-0.05941713,-0.016497383,-0.014036733,-0.064473756,-0.132946,-0.17442137,-0.15877555,-0.09485775,-0.036803506,-0.022406949,-0.056616258,-0.11616514,-0.14329308,-0.1125762,-0.039738104,0.028152984,0.048120093,0.012937338,-0.044031326,-0.07515231,-0.052663416
0.021147164,-0.013975914,-0.0063641192,0.04103703,0.087647215,0.09469355,0.047675293,-0.022389788,-0.07238818,-0.07201027,-0.027427837,0.013971089,0.017316926,-0.024440384,-0.09152729,-0.13163674,-0.119997814,-0.064625494,-0.007223949,0.011600054,-0.016662803,-0.06419607,-0.08911644,-0.06642663
0.100107275,0.059779774,-0.008409523,-0.03831042,0.008571711,0.110401966,0.20727874,0.2398786,0.1983439,0.124667294,0.08081083,0.10939474,0.18655463,0.2575045,0.2644885,0.19476993,0.091043346,0.020478392,0.021367619,0.07883596,0.13373499,0.12892032,0.053366166,-0.04994591
-0.037479896,-0.019079441,0.043303836,0.11346254,0.14406012,0.119522884,0.064819716,0.025334282,0.031159587,0.08286296,0.14235306,0.15780951,0.11503511,0.040621545,-0.017931823,-0.023949254,0.019450376,0.06886057,0.08083998,0.03602044,-0.038122557,-0.08997051,-0.086650014,-0.033343174
0.045842104,0.0929529,0.10328238,0.057564568,-0.012650247,-0.06561495,-0.069382675,-0.032882035,0.006885479,0.010236598,-0.035964493,-0.10385109,-0.14826801,-0.14276852,-0.09102763,-0.036295883,-0.0152424015,-0.04266762,-0.09149416,-0.11867217,-0.09326532,-0.026541092,0.041624922,0.071810015
0.10204167,0.06502149,-0.004513046,-0.045948137,-0.013126094,0.07765479,0.16889744,0.20247932,0.16549626,0.09040759,0.040034126,0.058299605,0.1311072,0.20388597,0.22098511,0.16263546,0.064885885,-0.004049645,-0.004221057,0.053308032,0.114619024,0.12183091,0.05970416,-0.03574237
0.01240901,-0.06694433,-0.12848818,-0.13056046,-0.09001983,-0.04106295,-0.037317704,-0.08823289,-0.16138543,-0.20715784,-0.19205068,-0.13075504,-0.06727036,-0.038209185,-0.07099191,-0.123821564,-0.15074776,-0.118570745,-0.04406566,0.031780224,0.061893173,0.033553958,-0.021871107,-0.055780422
0.08870435,0.092628434,0.040005095,-0.044365507,-0.10543472,-0.11199946,-0.0705919,-0.026166635,-0.02163861,-0.072659545,-0.1504712,-0.19954745,-0.18803212,-0.124671414,-0.055189595,-0.028971812,-0.05785086,-0.11150683,-0.14092053,-0.11152108,-0.030328803,0.051568497,0.08502514,0.05878142
-0.13602734,-0.07134255,-0.002716686,0.014638504,-0.023814779,-0.08514772,-0.1122897,-0.0765578,0.005912525,0.08194678,0.10473845,0.06967769,0.012767797,-0.0223427,0.00858814,0.0783276,0.14074232,0.14544837,0.09186933,0.014056329,-0.037053473,-0.031262945,0.019045576,0.06602793
-0.018810635,-0.014346247,0.021278266,0.055267207,0.04856843,-0.0032016193,-0.07747708,-0.13086547,-0.13718392,-0.10477956,-0.06694918,-0.06731859,-0.10820571,-0.16537268,-0.20199107,-0.18591714,-0.12830384,-0.06337355,-0.03462879,-0.05331141,-0.091646954,-0.10631023,-0.0736882,-0.004540804
-0.103030264,-0.10173575,-0.06900456,-0.035138305,-0.0334392,-0.069561034,-0.12056908,-0.15034625,-0.13849917,-0.095406465,-0.051302798,-0.035917155,-0.055046216,-0.089776404,-0.10756753,-0.08527469,-0.03526304,0.013682161,0.032144073,0.014017459,-0.024227072,-0.048305582,-0.036379635,0.003404494
0.06627467,0.0652223,0.026633723,-0.029812604,-0.06752339,-0.072276875,-0.047569986,-0.022089705,-0.024622463,-0.061765295,-0.11364346,-0.1435643,-0.13458133,-0.09309456,-0.049095545,-0.034112904,-0.054458145,-0.08858884,-0.10376738,-0.08023258,-0.023945464,0.032019038,0.053642794,0.03520617
-0.017476156,0.055027176,0.13000445,0.15707889,0.12372831,0.06018492,0.024262287,0.04368328,0.103895195,0.16187419,0.17080356,0.120079964,0.04286845,-0.012920859,-0.009705621,0.03774421,0.08759643,0.09119616,0.038304288,-0.040986862,-0.091414735,-0.081194036,-0.022991829,0.040379364
0.045486063,-0.005352536,-0.03653873,-0.0077097695,0.07098928,0.15259738,0.18988688,0.16723058,0.112044506,0.0742507,0.08987819,0.15009974,0.20832688,0.22322239,0.17490268,0.09535353,0.032569632,0.024812592,0.06375409,0.10624914,0.10797013,0.05441843,-0.02762227,-0.08713854
0.011001042,0.017414471,-0.040283974,-0.126393,-0.17835476,-0.15776338,-0.082006924,-0.005698121,0.019973418,-0.018525999,-0.088850744,-0.12293489,-0.09032205,-0.0064716185,0.08067163,0.108764835,0.07012177,-0.001332835,-0.045377765,-0.022913061,0.048629258,0.11508833,0.1261387,0.068428375
0.07116576,0.07278551,0.031530917,-0.031382114,-0.07239146,-0.07003442,-0.033476587,0.00062787195,0.0021725383,-0.038705535,-0.09818393,-0.1323664,-0.119884275,-0.06985252,-0.019241493,-0.004694619,-0.03300087,-0.07719391,-0.09947681,-0.0747897,-0.01328614,0.04498653,0.064753495,0.03962777
-0.048443187,0.012370469,0.02337372,-0.033406984,-0.11453865,-0.16602173,-0.14470343,-0.065781064,0.010487186,0.032786965,-0.011989878,-0.079914145,-0.11546634,-0.08977764,-0.0033472443,0.07616446,0.10111622,0.05526608,-0.017321482,-0.061845493,-0.042068176,0.029138485,0.09583109,0.10621859
0.087790385,0.024808712,-0.066731244,-0.12640826,-0.11949148,-0.059668064,-0.0038097329,-0.0006936118,-0.059030104,-0.14197545,-0.18859749,-0.16713516,-0.09358735,-0.017340261,0.0033125514,-0.03776738,-0.10430007,-0.13532157,-0.1006677,-0.01635783,0.065538794,0.09172727,0.05089165,-0.018904995
0.055697486,0.028654741,0.04051161,0.085692786,0.12936184,0.13457254,0.0928377,0.027222482,-0.021543758,-0.028125826,0.0036901934,0.034058426,0.031935897,-0.009305815,-0.07588062,-0.11758948,-0.11701388,-0.073707744,-0.02486092,-0.0067368755,-0.029933594,-0.06987423,-0.09014493,-0.06691394
-0.011207324,-0.06396435,-0.14106861,-0.18533367,-0.16649665,-0.09639646,-0.025831198,0.00038177863,-0.02929824,-0.08280328,-0.10959694,-0.07307906,0.007000972,0.08659777,0.116815604,0.08486479,0.024015456,-0.013712256,0.004364888,0.06809659,0.12617102,0.13139783,0.074718855,-0.010664006
0.079133786,0.04704273,-0.010647693,-0.040234562,-0.0074655074,0.07048539,0.1479041,0.17646773,0.14388488,0.081973925,0.04345548,0.0640433,0.12690437,0.18679081,0.19669306,0.14459783,0.060709346,0.004551095,0.0073201447,0.05598669,0.10280234,0.10381646,0.0473045,-0.034423638
-0.07189278,-0.022820776,-0.007066854,-0.035861053,-0.07903484,-0.10045845,-0.06657919,0.0067009567,0.07545779,0.10130199,0.07710074,0.0380715,0.020784652,0.042049434,0.10489062,0.15739736,0.16501135,0.12114687,0.058604185,0.014789011,0.014149701,0.049896196,0.080831565,0.07233533
0.0041760006,-0.06182628,-0.10991041,-0.10849862,-0.07615785,-0.042152017,-0.04647432,-0.09307633,-0.15348373,-0.18919636,-0.17455225,-0.1241795,-0.07293118,-0.052620236,-0.081115775,-0.12144578,-0.13900468,-0.10617554,-0.04140062,0.020366024,0.04288824,0.019808358,-0.02301196,-0.046348397
-0.042492416,-0.09224783,-0.12729967,-0.11531341,-0.07153414,-0.023496788,-0.0077942186,-0.027043488,-0.06379621,-0.08031685,-0.055182043,0.0003412526,0.051003408,0.070822254,0.048365515,0.008823279,-0.011887609,0.005149949,0.048382852,0.08630436,0.088467546,0.050547834,-0.004360244,-0.04231643
0.10225991,0.048355646,-0.036659747,-0.09332242,-0.08291235,-0.015446504,0.05106703,0.06087461,0.006772669,-0.07581049,-0.12947747,-0.11245617,-0.04109654,0.036917027,0.056799892,0.011522269,-0.06626607,-0.11193885,-0.0897938,-0.007670159,0.07341396,0.09698179,0.052748404,-0.023319632
0.031066833,0.06798015,0.065547064,0.010850148,-0.06756601,-0.1254996,-0.13225722,-0.09863601,-0.06389841,-0.06517319,-0.113045506,-0.17748879,-0.21455577,-0.1996373,-0.1413019,-0.080843784,-0.054589897,-0.07406094,-0.113345996,-0.12962107,-0.09458075,-0.020683773,0.04985461,0.07973708
-0.044157505,-0.09962342,-0.13769472,-0.12489606,-0.07028255,-0.00807112,0.017756222,0.0013130713,-0.037066817,-0.056746647,-0.029215647,0.03315699,0.09315558,0.11721756,0.09468402,0.046655998,0.017306242,0.02610732,0.06842747,0.1082166,0.11227881,0.06832264,0.0007021689,-0.050775845
0.0005886444,-0.026033714,-0.008230633,0.050144587,0.116152644,0.14813133,0.12881713,0.081267394,0.04551502,0.051377706,0.10041575,0.1491049,0.16135168,0.124684736,0.057418462,0.0054955035,-0.0033622058,0.029410316,0.0707599,0.077737,0.037101917,-0.02880975,-0.07614535,-0.07570455
0.013310009,-0.02654627,-0.0883826,-0.12857327,-0.11609753,-0.05933481,-0.0015479233,0.019804263,-0.0046691843,-0.053629458,-0.08258985,-0.06054354,0.002410733,0.06715712,0.093260095,0.06639083,0.012275626,-0.023020435,-0.011316384,0.04057745,0.09260509,0.10179053,0.05945302,-0.008800195
-0.13468643,-0.065390326,0.012176193,0.036919706,-0.0015280361,-0.07499845,-0.11855986,-0.092826664,-0.01096148,0.07217509,0.10083807,0.06438756,-0.0034976176,-0.052030962,-0.028691607,0.044586122,0.11686801,0.13246349,0.082598396,-0.00025581822,-0.060061507,-0.055719938,0.003243795,0.06441704
0.1087282,0.05592434,0.02167992,0.039679967,0.095235065,0.14566046,0.14918074,0.09830128,0.024754327,-0.024412543,-0.019856503,0.0220586,0.059658103,0.061388995,0.0055947877,-0.06571008,-0.111530535,-0.097760275,-0.043338273,0.010493434,0.026044589,-0.005406421,-0.056317896,-0.08107668
-0.006455981,0.02298055,0.050006267,0.044327453,0.0037638624,-0.053357184,-0.09362513,-0.09789641,-0.07344738,-0.050573148,-0.055612426,-0.091318846,-0.13378412,-0.15695645,-0.14252965,-0.09982598,-0.058678586,-0.042927124,-0.058255523,-0.08383219,-0.08955851,-0.061028507,-0.0088628,0.038854342
-0.13508785,-0.06243455,0.014782121,0.03497727,-0.010334201,-0.08781676,-0.13008976,-0.09861618,-0.012735449,0.07224587,0.100595914,0.059179094,-0.012202832,-0.06282018,-0.03456799,0.044608433,0.122777835,0.1375959,0.084393956,-0.0041448385,-0.065869235,-0.05647324,0.008653429,0.07207043
-0.050811335,0.020300744,0.04890573,0.008792959,-0.06000433,-0.106639214,-0.082508266,0.000414834,0.084937595,0.116813734,0.07972497,0.012483187,-0.029342068,-0.015336763,0.061594777,0.13518746,0.15647699,0.105448656,0.023755137,-0.0358084,-0.032386098,0.025479825,0.08552194,0.095981754
-0.15972763,-0.15869822,-0.10568234,-0.050316647,-0.043439414,-0.09657422,-0.17867582,-0.22811432,-0.21079244,-0.14104633,-0.06506228,-0.038483348,-0.07038141,-0.13094626,-0.16334793,-0.1322046,-0.0504607,0.029877095,0.06130114,0.028860316,-0.036401503,-0.0797154,-0.06285074,0.0019341917
0.15540175,0.18121628,0.13797247,0.059989195,0.01787473,0.041791204,0.11913677,0.18972285,0.20108224,0.14178719,0.04743863,-0.012213285,-0.0029954822,0.059282847,0.123890534,0.12759814,0.062432844,-0.031743288,-0.091565005,-0.07835914,-0.004242626,0.07142655,0.09022942,0.039658543
-0.044663765,-0.11055255,-0.15533239,-0.14032172,-0.07699675,-0.003965443,0.02696662,0.0055643474,-0.04196588,-0.06939037,-0.040868588,0.031279307,0.10351521,0.13414454,0.10560496,0.04740015,0.0076146745,0.018069299,0.07048394,0.12245412,0.12947166,0.07761205,-0.0021318856,-0.06147166
-0.0713508,-0.11282788,-0.11372073,-0.07699425,-0.044443168,-0.04584112,-0.08931229,-0.14394921,-0.17555873,-0.16278991,-0.11025607,-0.06126459,-0.045387678,-0.068969645,-0.1109621,-0.12795012,-0.100191265,-0.0376524,0.0205805,0.038208064,0.012849096,-0.02965995,-0.05383716,-0.03699346
0.16523576,0.19100943,0.15787679,0.09099229,0.04552393,0.056520894,0.1185986,0.1753172,0.18167861,0.12664749,0.037216417,-0.02483418,-0.027534872,0.024013124,0.07607963,0.07990017,0.025626648,-0.056914236,-0.112558715,-0.10034832,-0.02919463,0.04392533,0.068292454,0.03503521
-0.15690874,-0.14411217,-0.084043644,-0.023496851,-0.006004166,-0.041412447,-0.10095176,-0.13013123,-0.10158663,-0.030859297,0.04110126,0.06599515,0.037991464,-0.018876897,-0.04939846,-0.026396012,0.037145436,0.0967033,0.111307904,0.067837946,-0.0051202173,-0.056778368,-0.052019607,-0.0037767019
0.15880084,0.111467086,0.030025974,-0.023268783,-0.010268473,0.058280997,0.12405095,0.13093881,0.070144586,-0.019727517,-0.08089816,-0.07304648,-0.0126555525,0.05657042,0.066361636,0.01060853,-0.0738715,-0.12426018,-0.107175775,-0.030286197,0.05154427,0.07831155,0.037437297,-0.033048257
0.04109417,-0.02962623,-0.06528043,-0.023770992,0.075087965,0.16796261,0.19928782,0.15656115,0.08151405,0.037662793,0.06620726,0.1475041,0.21953464,0.23254254,0.16509691,0.06809399,-0.0008150777,0.0030469354,0.06436413,0.12447201,0.12469969,0.0531378,-0.04783348,-0.11274247
0.17158936,0.21142097,0.18095087,0.10605343,0.054977253,0.0657208,0.13926107,0.2147008,0.23469019,0.17949358,0.079837166,0.0062002046,0.00038931394,0.05458571,0.119155616,0.12978387,0.06805655,-0.029160094,-0.099477515,-0.09817953,-0.028535387,0.053731676,0.08486064,0.046606593
0.14192405,0.17090444,0.13719897,0.069089204,0.024332762,0.034957316,0.096377835,0.15825982,0.17156416,0.123310864,0.03885585,-0.020781767,-0.022040611,0.027188268,0.0846415,0.09434063,0.04497133,-0.034146976,-0.09031811,-0.08518246,-0.022459446,0.049560376,0.07595742,0.04107289
0.17542498,0.12971166,0.05104511,0.0036932586,0.027011527,0.10278183,0.17178643,0.17706755,0.114038505,0.021184402,-0.04115364,-0.03185895,0.030841932,0.09573139,0.09927983,0.035517905,-0.05897371,-0.113117516,-0.096579805,-0.021471549,0.055305365,0.07729791,0.031061515,-0.044180963
0.09698315,0.01442163,-0.04674076,-0.037033703,0.026021661,0.093900055,0.10484131,0.043555498,-0.051465757,-0.11742369,-0.111112446,-0.048830185,0.016206454,0.0382606,-0.01852112,-0.102487184,-0.15687592,-0.13641177,-0.05924931,0.023911137,0.057498533,0.02138493,-0.04917657,-0.09185515
-0.00970311,-0.07430099,-0.11677985,-0.09874763,-0.037737593,0.027216434,0.048554342,0.014656866,-0.0427446,-0.07483685,-0.05213657,0.015064592,0.07918563,0.102644585,0.064330705,0.0036638312,-0.036683485,-0.022253815,0.03402973,0.09193622,0.10074497,0.052899018,-0.019198293,-0.068140395
-0.13221814,-0.05858241,0.019601693,0.041860737,0.0023982844,-0.067416884,-0.103902236,-0.06831552,0.018992329,0.102272496,0.13070662,0.09050292,0.021987932,-0.027158508,-6.996761e-05,0.07330954,0.14458925,0.15517932,0.09974956,0.008678822,-0.054278046,-0.049295932,0.00955093,0.0677752
-0.09027082,-0.13990863,-0.14571172,-0.10765015,-0.07251279,-0.07054578,-0.116306156,-0.17784584,-0.21487568,-0.19969761,-0.14087158,-0.08235516,-0.060775682,-0.08165067,-0.12623164,-0.14439142,-0.11240364,-0.043193914,0.022558443,0.04835329,0.023102337,-0.025483351,-0.054738656,-0.039838385
-0.0125892,0.03901905,0.089727364,0.103951745,0.07942982,0.032232508,0.0015491259,0.0121210925,0.053571884,0.093888685,0.09890144,0.062349197,0.008487563,-0.031958416,-0.026733909,0.010076876,0.046245668,0.050678838,0.016371999,-0.03662712,-0.07136592,-0.06115002,-0.015382876,0.03001946
0.07887025,0.038836677,-0.024873825,-0.053274985,-0.013535961,0.07678054,0.16091847,0.18740322,0.14918025,0.08422681,0.048045874,0.07613936,0.14688693,0.21201892,0.2190386,0.1582189,0.06996051,0.012203932,0.017210485,0.07114184,0.12135244,0.11602973,0.048420083,-0.042026434
0.099618725,0.11509055,0.068930216,-0.009925388,-0.060433194,-0.0500635,0.010472364,0.07011317,0.08208071,0.032882676,-0.048343357,-0.09862499,-0.0866114,-0.022584626,0.045461457,0.062495664,0.018111596,-0.05418966,-0.099278316,-0.0791869,-0.0059927935,0.067440145,0.090943,0.051351275
-0.06837447,-0.13530996,-0.17956503,-0.16776025,-0.11178106,-0.045478385,-0.023021456,-0.048215155,-0.09221743,-0.11314232,-0.08103953,-0.009284282,0.061284486,0.0932762,0.070160456,0.020763868,-0.0073638223,0.010098267,0.063731596,0.11653723,0.12568125,0.075143516,0.0006681394,-0.053034626
0.16880119,0.20062043,0.18405235,0.13154665,0.09737071,0.10594579,0.15400194,0.19782738,0.20471168,0.15744814,0.076910354,0.016005266,0.0059043965,0.04003578,0.07878769,0.07882423,0.025819773,-0.049657397,-0.10232103,-0.09668507,-0.040408637,0.02056522,0.045637466,0.022112662
0.07646458,0.042589776,-0.018575339,-0.053080134,-0.026232,0.048113674,0.12276271,0.1502204,0.117343895,0.05479346,0.013773935,0.032118753,0.094991766,0.15851934,0.17326425,0.1253758,0.0457946,-0.00908794,-0.0065329215,0.044694934,0.09787396,0.10423372,0.051230717,-0.029520908
0.023118358,0.046143997,0.012288963,-0.04725993,-0.07553172,-0.039947666,0.050981678,0.14125897,0.1775017,0.1480935,0.084782965,0.05246812,0.07769692,0.14818124,0.2192536,0.23055162,0.17595652,0.087269366,0.02477094,0.024210168,0.07343634,0.11960088,0.11378236,0.04776864
-0.019749979,-0.11057675,-0.17063718,-0.15404223,-0.0795437,-0.00014479572,0.019686565,-0.028553966,-0.10479924,-0.14851078,-0.11649413,-0.029594114,0.055531304,0.08750268,0.0430866,-0.03151869,-0.07570739,-0.050526895,0.02856153,0.105783686,0.124513164,0.06767582,-0.022754138,-0.08357423
-0.035041127,0.035639845,0.059022084,0.015022548,-0.05712448,-0.10133357,-0.07552066,0.006347336,0.087022796,0.11470948,0.07446785,0.0048909886,-0.03727679,-0.023094065,0.052436575,0.123680696,0.14422138,0.0960234,0.016558459,-0.041583274,-0.03767346,0.021681929,0.08411929,0.096954666
-0.07012843,-0.005469644,0.011349684,-0.035038784,-0.10392176,-0.14139816,-0.107005484,-0.017043056,0.06885726,0.09964777,0.062955655,0.0016822871,-0.029350476,-0.004865315,0.080396,0.15431437,0.17501396,0.12274797,0.04097185,-0.016803086,-0.009781995,0.048637774,0.10204825,0.10106721
0.04255697,0.090298004,0.09797898,0.051706433,-0.016961487,-0.065939166,-0.060052738,-0.013906125,0.028353088,0.028484644,-0.01975023,-0.08661486,-0.12569849,-0.11610941,-0.062057834,-0.008707503,0.0052840626,-0.026551282,-0.07629589,-0.1049666,-0.0816423,-0.014970587,0.049169227,0.07271684
-0.20827004,-0.19328311,-0.12050216,-0.04468558,-0.022750624,-0.0661544,-0.13693622,-0.17061087,-0.13349053,-0.041589525,0.050528415,0.085562974,0.051273648,-0.017711874,-0.054189615,-0.023732636,0.057934195,0.131477,0.14819555,0.09366459,0.0011847367,-0.06371596,-0.059298873,-0.0015100244
0.14563796,0.17275228,0.13172588,0.054313987,0.00605897,0.021319158,0.09352558,0.16247126,0.17552662,0.119395986,0.023446128,-0.038150135,-0.032251563,0.031920806,0.09853819,0.108510785,0.04835592,-0.043662135,-0.1046515,-0.089303635,-0.012181233,0.06701584,0.090438895,0.044541776
0.13747318,0.111524634,0.05959684,0.025006833,0.03723773,0.08442593,0.13087486,0.13503051,0.092340305,0.026786886,-0.023934055,-0.02456339,0.013685276,0.05767813,0.062105272,0.02103961,-0.04629867,-0.08924016,-0.083553545,-0.031821255,0.024587156,0.046840888,0.021224935,-0.02909319
0.10059915,0.053494338,-0.02622465,-0.067579016,-0.025875194,0.078158796,0.17874296,0.21349011,0.16866626,0.087020904,0.03817149,0.066827156,0.15122214,0.23227178,0.24689464,0.17820005,0.07218366,0.0008209847,0.005961298,0.071641505,0.13755408,0.13941167,0.063782,-0.044252153
0.0044205636,0.043499075,0.07554653,0.06996523,0.02481549,-0.036234193,-0.07793521,-0.07990738,-0.051624987,-0.024723142,-0.031234493,-0.07386419,-0.12510814,-0.15589333,-0.14254387,-0.0963114,-0.051796235,-0.03572028,-0.055925597,-0.08902089,-0.10269374,-0.07281793,-0.0121056205,0.04272562
-0.0039202725,-0.08509189,-0.1394709,-0.118216075,-0.036669623,0.04991543,0.07812168,0.03741122,-0.0359557,-0.07959493,-0.051883943,0.03252382,0.11536678,0.1450023,0.09746743,0.017068412,-0.038281437,-0.024483152,0.045476664,0.11763184,0.13068858,0.07019708,-0.02356051,-0.09044794
0.05329825,-0.02177356,-0.06333661,-0.021742983,0.086111076,0.1921969,0.23145065,0.18863021,0.107991554,0.057889145,0.08508851,0.17148258,0.2511404,0.26761907,0.19692698,0.08960583,0.010309669,0.010155452,0.07340507,0.13759723,0.13929662,0.0629855,-0.04742035,-0.12187522
0.048490833,0.012480954,0.010204599,0.04055733,0.06784913,0.06288561,0.010735489,-0.061675906,-0.116147436,-0.12724625,-0.098831244,-0.071012154,-0.07113218,-0.104401864,-0.16179393,-0.19377069,-0.18027551,-0.12406479,-0.06533655,-0.03679362,-0.04638332,-0.074176066,-0.08390718,-0.05328374
-0.11486098,-0.14721426,-0.13606972,-0.08832029,-0.041635804,-0.02634103,-0.054603852,-0.094223194,-0.10870698,-0.08048392,-0.017659774,0.03958101,0.059762184,0.037468858,-0.0024059066,-0.022178749,-0.00035620588,0.05041524,0.09437906,0.09849987,0.057759944,-0.00317076,-0.042513218,-0.03940392
-0.15096799,-0.1535633,-0.11353853,-0.06833257,-0.06869313,-0.11845383,-0.19151914,-0.23523168,-0.22076169,-0.15790637,-0.09065293,-0.065838955,-0.093274914,-0.14268404,-0.16768754,-0.13599412,-0.05678753,0.019457093,0.04878101,0.021867232,-0.03282597,-0.067274615,-0.049926437,0.008780309
0.12983821,0.15073562,0.12501732,0.074266225,0.04398657,0.055531316,0.1042809,0.14805692,0.15282872,0.10921835,0.04117349,-0.004792627,-0.0047545047,0.032201454,0.07028453,0.070778936,0.024312306,-0.038107872,-0.07799293,-0.06964291,-0.020294072,0.033300545,0.05107044,0.024430443
-0.05503674,-0.052561197,-0.012619487,0.03056096,0.03174346,-0.017065588,-0.091097936,-0.14502794,-0.14832753,-0.10685305,-0.058777567,-0.048373774,-0.08389476,-0.14215828,-0.1817276,-0.16488022,-0.105109416,-0.036876928,-0.0054442068,-0.024072567,-0.07221419,-0.09824661,-0.07345489,-0.008674411
-0.12492315,-0.18368915,-0.17793493,-0.10782118,-0.028984861,0.008269907,-0.024763694,-0.09023917,-0.13039906,-0.106016025,-0.01936303,0.07006788,0.10909152,0.07971757,0.009859393,-0.03754564,-0.021586008,0.04806196,0.121363215,0.1419707,0.090141244,-0.0024364707,-0.07184224,-0.07714543
0.04257586,0.08956414,0.09600064,0.04589977,-0.027869046,-0.08069192,-0.07953431,-0.038123567,0.0032895987,0.004409569,-0.046736553,-0.11591642,-0.15726143,-0.14514174,-0.08775354,-0.030419951,-0.012113584,-0.043657433,-0.09495273,-0.11952939,-0.08931284,-0.018102638,0.050304264,0.076284304
-0.018606847,-0.06611544,-0.12867168,-0.16254564,-0.14670745,-0.09086256,-0.03494467,-0.014409297,-0.03905043,-0.08297347,-0.09932302,-0.06673285,0.0008238784,0.06458189,0.087179385,0.060600307,0.013899327,-0.011002379,0.009549099,0.060598277,0.10574156,0.10702701,0.058422655,-0.00884308
0.09684692,0.104494885,0.05831953,-0.013681941,-0.0627074,-0.058961257,-0.011273551,0.034060664,0.036433473,-0.013149983,-0.08615577,-0.13005267,-0.11824654,-0.06154273,-0.0051812143,0.0096727535,-0.02792498,-0.082750596,-0.11178699,-0.085851036,-0.018137129,0.049500003,0.073794425,0.04524505
0.17579977,0.15971358,0.12472909,0.10370708,0.12308462,0.16779695,0.20814368,0.20679782,0.16305515,0.09814112,0.048504572,0.040678196,0.06460632,0.0924013,0.08115786,0.030785494,-0.040662605,-0.08510003,-0.083764516,-0.04244893,0.004855668,0.020933516,-0.0030371046,-0.041935887
-0.18501827,-0.17467278,-0.11962922,-0.0597497,-0.033885855,-0.055067006,-0.0930702,-0.10355212,-0.0671672,0.004026371,0.07717626,0.11089385,0.09569209,0.051752906,0.030063141,0.050163694,0.102880344,0.1473451,0.15415615,0.10865158,0.03655035,-0.018739408,-0.029318476,-0.0023001966
0.06620743,0.03705488,-0.017904187,-0.04879864,-0.018381616,0.061594214,0.14578776,0.18122227,0.15694293,0.099706575,0.059052154,0.07720176,0.1404311,0.20562719,0.2235109,0.17586301,0.09260023,0.027078506,0.018633738,0.063401446,0.11372014,0.11677021,0.05862188,-0.029104833
-0.09535576,-0.071816094,-0.07788169,-0.121521875,-0.17605828,-0.20688908,-0.19213034,-0.14066984,-0.08976903,-0.07174442,-0.08911044,-0.11745921,-0.12270282,-0.093940936,-0.028146416,0.031237071,0.056098476,0.039453965,0.007367842,-0.011818616,0.0016622625,0.04304088,0.079306714,0.0794441
0.103327006,0.112246215,0.05981549,-0.022000672,-0.072028555,-0.05613259,0.009440759,0.069470115,0.07630968,0.02076899,-0.062079884,-0.109770775,-0.09135703,-0.020812452,0.047335137,0.059908558,0.011376197,-0.06262303,-0.10421309,-0.07722236,0.002517421,0.07555419,0.093498126,0.048582133
-0.0023825401,-0.045355402,-0.112046875,-0.1548581,-0.14605843,-0.09153733,-0.033075705,-0.009231713,-0.03246938,-0.080164544,-0.1074221,-0.08272934,-0.01739871,0.05132989,0.08134655,0.058289204,0.008525959,-0.022904353,-0.008953183,0.04361892,0.09672321,0.10797215,0.06607541,-0.0023447066
-0.13030916,-0.085512884,-0.04175646,-0.04175982,-0.091647424,-0.15915729,-0.19696853,-0.17603299,-0.11250955,-0.04984878,-0.032100316,-0.062383965,-0.10994798,-0.13332178,-0.09722196,-0.024343772,0.046001423,0.06504609,0.031243348,-0.02271339,-0.05279273,-0.03347621,0.02256174,0.0713607
-0.06334025,-0.029605478,-0.021650082,-0.053008895,-0.09910853,-0.12890615,-0.11653,-0.06823852,-0.017243445,0.0037083675,-0.014513503,-0.048228312,-0.065392435,-0.048982244,0.005403409,0.05675797,0.07709131,0.05368669,0.011932049,-0.016820192,-0.010017255,0.026702622,0.062607415,0.066794276
0.092409365,0.022666171,-0.024954583,-0.012516562,0.04843021,0.11059568,0.11972564,0.06258647,-0.019864073,-0.07687498,-0.071219414,-0.017074132,0.03896508,0.053833883,0.00046866486,-0.075953044,-0.12836602,-0.113433704,-0.0474504,0.024161456,0.049980365,0.014561741,-0.048674982,-0.08624369
