-0.058028363,-0.06805985,-0.10928324,-0.16417162,-0.1978132,-0.1909618,-0.1486159,-0.10333186,-0.08384544,-0.09737036,-0.12513222,-0.13314116,-0.10365419,-0.042249925,0.015311306,0.043660358,0.03292935,0.003926926,-0.011573773,0.007028902,0.04964038,0.086466745,0.08974739,0.053015474
-0.044271637,-0.008236669,-0.008094379,-0.04742084,-0.09824327,-0.123565674,-0.101138465,-0.046701416,0.0034276561,0.017023552,-0.01065151,-0.051285185,-0.06772109,-0.03854266,0.019483104,0.07086627,0.08079015,0.048406225,0.00034901808,-0.025868056,-0.008201023,0.03814294,0.07434377,0.07114203
0.01590446,0.092532486,0.16530068,0.19418381,0.17086229,0.123021916,0.095762,0.115579404,0.17207626,0.22208592,0.22672291,0.17480496,0.10048045,0.045532793,0.04312628,0.08024612,0.11323964,0.104460225,0.044600494,-0.03264025,-0.08295285,-0.07611769,-0.024339473,0.029390993
-0.0541808,-0.02375894,0.05408944,0.1320206,0.15951821,0.12355873,0.05763576,0.01610665,0.03387172,0.097289,0.15966164,0.16955738,0.11682225,0.032307606,-0.025617197,-0.021689776,0.031808533,0.08507958,0.090002455,0.03233549,-0.051627807,-0.10459499,-0.09215327,-0.027513053
-0.024034774,-0.010494303,0.045467418,0.09953708,0.1019012,0.04599395,-0.04091082,-0.102068834,-0.102007955,-0.056895822,-0.0073139966,-0.004315073,-0.058845297,-0.1381082,-0.18813896,-0.17292489,-0.106304854,-0.03513698,-0.009874984,-0.042735603,-0.09942613,-0.12946513,-0.096932344,-0.0155369835
0.07439605,0.05380878,0.0086966995,-0.019129505,0.004597643,0.070079386,0.14341217,0.17805088,0.15612197,0.106335215,0.0678272,0.075739235,0.12556408,0.18001382,0.19510356,0.15265386,0.0788642,0.020649014,0.009048272,0.044699803,0.08644525,0.09343987,0.04860807,-0.023238005
-0.016461877,-0.04917004,-0.009184694,0.08819546,0.18698154,0.22616172,0.19198523,0.12071232,0.075096324,0.09794188,0.17469548,0.24709183,0.26018938,0.19449393,0.092922926,0.019781794,0.018428024,0.0723446,0.1265388,0.12473522,0.050282005,-0.053325597,-0.11946234,-0.111309476
0.08269994,0.08690808,0.03393603,-0.043528818,-0.09555522,-0.090090334,-0.041298658,0.0076014907,0.011661597,-0.03851336,-0.110880345,-0.15383354,-0.13869022,-0.07501114,-0.009886756,0.009307668,-0.027429009,-0.08517092,-0.11534368,-0.085587144,-0.010381096,0.06210516,0.0848277,0.05010005
0.022730248,-0.020927422,-0.016558213,0.027136676,0.06508911,0.061584245,0.0004387974,-0.08294948,-0.13988014,-0.14448102,-0.10288139,-0.059528776,-0.05628905,-0.10366559,-0.1699877,-0.20697954,-0.18398039,-0.11583049,-0.044889793,-0.015310966,-0.03730733,-0.08299612,-0.100910135,-0.065376274
-0.039495166,-0.08221882,-0.05089527,0.040350016,0.1322885,0.1635678,0.12071259,0.04221667,-0.007623108,0.014307516,0.093405746,0.17118092,0.18749002,0.12675852,0.029700836,-0.036333784,-0.028111693,0.038506925,0.10544993,0.111991346,0.044732336,-0.05331096,-0.11638792,-0.103663735
-0.014311411,-0.0114290025,-0.049743116,-0.10890792,-0.14869802,-0.14242099,-0.09498918,-0.042956993,-0.022373112,-0.043362953,-0.085817516,-0.10903666,-0.08821679,-0.027625656,0.033426773,0.060642708,0.04035873,-0.0032391995,-0.03205212,-0.017264087,0.032010958,0.08065725,0.090530664,0.053867232
-0.06165968,-0.13636853,-0.17682965,-0.15618299,-0.08382041,-0.01146792,0.02058961,-0.0043200827,-0.055070713,-0.07599465,-0.04053352,0.040715154,0.11866176,0.14816703,0.11333229,0.050266877,0.012798403,0.029397056,0.087153286,0.13995633,0.14043155,0.07928734,-0.0071669263,-0.068258226
0.040870506,-0.007713216,0.009109634,0.08026654,0.14925092,0.16348812,0.10199486,0.0059703323,-0.06244594,-0.06442888,-0.00721915,0.051593315,0.05708547,-0.0075423745,-0.102446854,-0.16548811,-0.15333284,-0.08059573,-0.003962224,0.02212987,-0.020159809,-0.09409217,-0.13223958,-0.09988515
-0.1474257,-0.13974227,-0.08737147,-0.038698506,-0.042312257,-0.101316735,-0.18039344,-0.2249737,-0.20292439,-0.13490997,-0.06722075,-0.04885469,-0.08784191,-0.14730968,-0.17623433,-0.13851778,-0.053612795,0.025117436,0.051748466,0.013478314,-0.049551826,-0.083636165,-0.05791388,0.012217238
0.06680356,0.011865494,-0.06259959,-0.11261487,-0.11299984,-0.07317099,-0.03684722,-0.039766833,-0.089923106,-0.15589911,-0.19343153,-0.17619437,-0.11882471,-0.060382113,-0.04130761,-0.0710686,-0.11649883,-0.13518725,-0.10177457,-0.028700981,0.041026056,0.064556375,0.036269214,-0.014349034
-0.08673824,-0.05638003,-0.062247913,-0.1108018,-0.17258988,-0.20663774,-0.1885094,-0.13286933,-0.0769272,-0.057690036,-0.081262074,-0.118789725,-0.13095511,-0.09424291,-0.025467183,0.04043766,0.06378163,0.039564766,-0.0030098385,-0.025132723,-0.004566478,0.046570364,0.088173285,0.08769392
-0.010883848,-0.07749019,-0.12521197,-0.13117422,-0.10317346,-0.07204195,-0.0725649,-0.11152867,-0.16582859,-0.19911207,-0.18718359,-0.13678804,-0.08496165,-0.062219284,-0.0813657,-0.11623773,-0.13012828,-0.10143328,-0.038555197,0.022321409,0.0477693,0.027164295,-0.0135550015,-0.038792025
-0.020132149,0.025801707,0.043768004,0.024761764,-0.011344092,-0.03266352,-0.015029005,0.033292912,0.08223852,0.10154147,0.08096116,0.04005062,0.013798001,0.02382639,0.063739166,0.103012465,0.10922433,0.076105304,0.023332484,-0.014929878,-0.01445033,0.017792001,0.049905512,0.0522876
0.0030029581,-0.055125356,-0.043633338,0.025784757,0.092814945,0.10329789,0.03645338,-0.06463898,-0.13439274,-0.13244258,-0.06740628,0.0010623932,0.013086275,-0.04675091,-0.13889523,-0.19631179,-0.17473422,-0.09045994,-0.0027570152,0.029136065,-0.011637255,-0.08686396,-0.12756822,-0.09465273
0.022891492,-0.018056426,-0.016757105,0.022879275,0.06472178,0.07189543,0.029196003,-0.03776187,-0.087837376,-0.09361816,-0.057463154,-0.01546988,-0.0074082497,-0.044689845,-0.10366766,-0.14346835,-0.13282697,-0.07924884,-0.020412909,0.0052941046,-0.015442337,-0.059934776,-0.084648944,-0.06255487
-0.117619954,-0.11326602,-0.07107163,-0.031600356,-0.03389162,-0.08170694,-0.1463419,-0.18406641,-0.16682269,-0.111538135,-0.05578596,-0.039938048,-0.07183962,-0.12066083,-0.14619088,-0.11557626,-0.046468288,0.019481,0.04153902,0.011349782,-0.040613923,-0.06990431,-0.049171966,0.009407129
0.077165306,0.020139344,-0.06172863,-0.11801038,-0.11691603,-0.06903858,-0.021835165,-0.018864712,-0.07094356,-0.14426047,-0.18920913,-0.17188823,-0.107974045,-0.04061946,-0.017899713,-0.05147475,-0.10713716,-0.13466656,-0.10324569,-0.024965247,0.051582288,0.07821763,0.04497222,-0.0146832
0.09168305,0.050127465,0.019419197,0.024109976,0.059570428,0.09742849,0.10289741,0.068420716,0.011746057,-0.031928312,-0.037879426,-0.010044575,0.021718746,0.025865253,-0.006395803,-0.05896726,-0.0951488,-0.090930484,-0.050944027,-0.004432718,0.016412586,-0.001166489,-0.036651697,-0.058745623
-0.14006174,-0.13037609,-0.085280456,-0.03672509,-0.015462978,-0.032004,-0.06112828,-0.07307013,-0.045894686,0.012846404,0.07112346,0.097165346,0.08285094,0.048021846,0.024667572,0.03906706,0.081960715,0.12081187,0.12614076,0.08642752,0.02601821,-0.018710483,-0.02568309,-0.0018047751
0.01828943,-0.03513218,-0.07366289,-0.07695183,-0.05209428,-0.024812354,-0.025575396,-0.060226083,-0.109806925,-0.14230093,-0.1365566,-0.098666355,-0.058944378,-0.043809634,-0.063620955,-0.09848705,-0.114809915,-0.09379419,-0.04346376,0.007442089,0.030291507,0.014179969,-0.019032551,-0.03865915
0.07663515,0.03190443,-0.0328224,-0.06448855,-0.029263176,0.051790167,0.12967363,0.15228125,0.10906083,0.044154823,0.007630422,0.034165137,0.10660543,0.17210002,0.18151577,0.12308277,0.03959048,-0.013511585,-0.0032646225,0.056386244,0.11044142,0.1100171,0.046840936,-0.04019754
-0.16787565,-0.14626223,-0.07279512,-0.0007417726,0.020141978,-0.021191446,-0.08355744,-0.11390193,-0.077263474,0.007419491,0.08810414,0.1136974,0.07442092,0.0071263374,-0.033624977,-0.0069430503,0.06607181,0.1317154,0.14102031,0.080094054,-0.009417854,-0.067273825,-0.05912917,-0.0012237047
0.005989881,-0.042999245,-0.023042755,0.051670335,0.12350655,0.13812347,0.07891343,-0.013149021,-0.07460916,-0.0668428,-0.001133265,0.064007305,0.07206773,0.009116205,-0.08417427,-0.14321804,-0.12626627,-0.050592996,0.02474378,0.0459946,-0.0035436307,-0.083145596,-0.12627447,-0.09584196
-0.0051913946,0.06970672,0.14388461,0.17480348,0.14809948,0.09214934,0.054946557,0.06976973,0.1271816,0.18221603,0.19256403,0.14250508,0.06571082,0.007646024,0.0061976914,0.048774134,0.09247939,0.093768045,0.040543225,-0.038001526,-0.09059685,-0.083302274,-0.026859632,0.033755388
0.029055117,0.06524633,0.064707406,0.020725267,-0.045060385,-0.090782516,-0.09657341,-0.0668721,-0.033786062,-0.03414455,-0.07341769,-0.12990963,-0.16517358,-0.15451996,-0.105979,-0.053934768,-0.03394079,-0.05293934,-0.09014778,-0.10646161,-0.079059124,-0.018477725,0.041135818,0.06679539
0.052547824,0.09227531,0.09471397,0.05355894,-0.010223852,-0.054909814,-0.061955377,-0.034631986,-0.0047620176,-0.008668395,-0.051151738,-0.11106753,-0.1503694,-0.14443569,-0.100553386,-0.052818865,-0.03731763,-0.059118573,-0.09804143,-0.115417324,-0.08807408,-0.027015397,0.03368626,0.060717598
-0.023708224,-0.105136015,-0.1516148,-0.13234977,-0.06041833,0.010306426,0.03281582,-0.0068416856,-0.07354974,-0.1074876,-0.07815382,0.0025349539,0.07945197,0.104367435,0.06192644,-0.008859668,-0.048783727,-0.026895385,0.042646248,0.10786017,0.11730421,0.060597077,-0.02323626,-0.07811569
0.07486659,0.14959015,0.17717944,0.14849235,0.09442831,0.062517874,0.08184142,0.14221977,0.19814202,0.20617113,0.15649752,0.07850848,0.025733437,0.025595503,0.07237816,0.11537437,0.11133619,0.05350096,-0.027231622,-0.0779926,-0.0698052,-0.012759676,0.045177594,0.059961583
-0.023359869,0.06866408,0.1556919,0.18704572,0.15017888,0.081693515,0.041211486,0.06581631,0.14098248,0.2094668,0.22044511,0.15974958,0.069642715,0.0061427685,0.012178953,0.070621274,0.12428804,0.12235247,0.055457614,-0.04011782,-0.101348795,-0.088458866,-0.01956679,0.049638048
0.048060406,0.05466077,0.022035943,-0.032520417,-0.07609525,-0.08248735,-0.056447625,-0.024240194,-0.01644365,-0.045513738,-0.09385159,-0.12747538,-0.1238213,-0.08366919,-0.0365607,-0.014269717,-0.029944975,-0.064394146,-0.086343214,-0.069903985,-0.019912535,0.033310417,0.05763144,0.04293963
0.1476268,0.17129758,0.15587966,0.12561981,0.11375132,0.13498554,0.17832948,0.2140979,0.21224672,0.17148937,0.11371232,0.07317125,0.069148496,0.09071066,0.11161673,0.09636384,0.044172447,-0.017829547,-0.057814576,-0.05361576,-0.017685618,0.019737283,0.027266916,0.0013806229
-0.011029069,-0.007994772,-0.04416544,-0.09735722,-0.12916282,-0.11830551,-0.06906696,-0.018048579,0.00073041365,-0.019559208,-0.059494507,-0.078936465,-0.057295103,0.00040465881,0.056284837,0.07706413,0.052886024,0.008728474,-0.01895927,-0.0067177997,0.038317222,0.081217945,0.085097894,0.046096217
0.09388637,0.060848102,-0.00046699296,-0.03689798,-0.010366289,0.06538757,0.14488077,0.17547406,0.13921376,0.073141865,0.026833473,0.04011896,0.103771105,0.16885042,0.18502471,0.1324826,0.0475559,-0.014395166,-0.014746087,0.038119003,0.09479619,0.10476952,0.052226383,-0.031441882
0.057928286,-0.02037964,-0.06380854,-0.030407412,0.06646808,0.16104959,0.19519953,0.15130225,0.06668161,0.015365982,0.035772596,0.11637625,0.19518104,0.21055199,0.14771876,0.04372515,-0.02613269,-0.021550179,0.045384128,0.112871855,0.12003493,0.052811313,-0.047909025,-0.11491716
-0.030739373,-0.0018641639,0.06176002,0.12518448,0.15109429,0.12974826,0.08569464,0.057853207,0.07264533,0.12054597,0.16611435,0.1720151,0.13179977,0.06639222,0.019439368,0.017294763,0.050884638,0.08352269,0.08121314,0.033635262,-0.0329455,-0.076298915,-0.0709749,-0.026179384
0.02948544,-0.010650252,-0.006681404,0.033609197,0.06951484,0.066573545,0.010036101,-0.06689628,-0.12004694,-0.12581524,-0.088931486,-0.04992317,-0.04856427,-0.09386984,-0.15611948,-0.19143422,-0.17181122,-0.10982063,-0.0446603,-0.017470783,-0.038343,-0.07983089,-0.09510245,-0.06130732
0.076432735,0.03353521,-0.029628493,-0.074229695,-0.07503869,-0.037963264,-0.001376088,0.00018112708,-0.04210124,-0.1025201,-0.14142638,-0.13193433,-0.08483173,-0.033496123,-0.017093211,-0.044493683,-0.090228096,-0.113755725,-0.0918165,-0.029656637,0.032296382,0.05555749,0.03228655,-0.012240562
0.10628974,0.033219893,-0.01764305,-0.008053944,0.052050795,0.112645626,0.12120103,0.06633114,-0.021365391,-0.08341168,-0.08313471,-0.028287953,0.028533611,0.03815958,-0.011571746,-0.09287436,-0.1437749,-0.12959951,-0.059836604,0.014856178,0.042984474,0.009273956,-0.053739652,-0.09058778
0.09116304,0.030395793,-0.003942901,0.01331077,0.06327919,0.105128326,0.095714495,0.03607338,-0.041347645,-0.089161895,-0.08183236,-0.036099937,0.0033915967,-0.001708966,-0.053214252,-0.12093953,-0.15280096,-0.12794465,-0.062785,-0.0018134771,0.015319154,-0.017355109,-0.06389515,-0.08061849
-0.1581807,-0.105542436,-0.05087098,-0.04560397,-0.10393861,-0.18759538,-0.2380914,-0.2209039,-0.1454591,-0.06875974,-0.039693546,-0.07320008,-0.13527942,-0.16585223,-0.13443242,-0.045617756,0.040957917,0.0753548,0.04193394,-0.026581299,-0.06818648,-0.04896917,0.019077897,0.0856311
-0.13418458,-0.126417,-0.0841914,-0.0396611,-0.023521172,-0.04510745,-0.08045006,-0.0972444,-0.07311181,-0.017538134,0.038595084,0.06318594,0.04752048,0.0116392495,-0.010920788,0.006714844,0.05312974,0.09547588,0.10588155,0.0703939,0.01406154,-0.026248088,-0.027564138,0.00048674073
0.091685526,0.0330724,-0.053723425,-0.1165783,-0.120542906,-0.07365982,-0.02650772,-0.024297073,-0.07979349,-0.1590717,-0.2095857,-0.19571568,-0.13105518,-0.061074845,-0.035376057,-0.068109035,-0.1251959,-0.15483834,-0.12298477,-0.038993534,0.044355072,0.07701468,0.046659354,-0.013238442
0.06740552,0.072501265,0.02926262,-0.038688384,-0.0930089,-0.10214977,-0.07397045,-0.038486637,-0.034024287,-0.07383225,-0.13446014,-0.17594188,-0.17132926,-0.12253623,-0.06489291,-0.03958881,-0.05867104,-0.09826171,-0.12024846,-0.096879296,-0.031458497,0.036237225,0.06757197,0.050053015
0.029318377,0.04799898,0.029629825,-0.009596892,-0.034077384,-0.022672104,0.024202239,0.07494134,0.09708532,0.08101468,0.041035373,0.011643424,0.018705543,0.05797363,0.10128485,0.114031285,0.08570293,0.034694146,-0.005914385,-0.008562147,0.022240868,0.05752976,0.064852394,0.03379358
-0.022895725,0.0066216905,0.0721612,0.13798738,0.16544767,0.14397782,0.09768211,0.06905992,0.08303101,0.1301264,0.17576961,0.18022956,0.13716914,0.06800932,0.01909769,0.015132036,0.048165444,0.08087287,0.07847497,0.029739434,-0.039167907,-0.082527235,-0.074953265,-0.028484277
