0.019243216,0.07030832,0.114701144,0.1171299,0.074854515,0.011344167,-0.034504868,-0.035392903,-0.00021877231,0.031478345,0.024639787,-0.022055304,-0.08676887,-0.13019569,-0.12087664,-0.07578032,-0.0296825,-0.017726744,-0.04821574,-0.09330429,-0.1142455,-0.08690606,-0.022021787,0.03998222
0.06102372,0.03085588,0.04267318,0.081385225,0.12023353,0.11962759,0.078098595,0.010599223,-0.042427607,-0.049720578,-0.0220619,0.008603825,0.0057001854,-0.038952462,-0.10479837,-0.14718613,-0.13835087,-0.08821927,-0.037673812,-0.018654265,-0.040429555,-0.07935857,-0.094999984,-0.06460748
-0.00912542,-0.0026449854,-0.03310151,-0.07911195,-0.11155234,-0.10570556,-0.069541,-0.02620234,-0.0066615604,-0.022910442,-0.057503987,-0.07876966,-0.06388431,-0.017598571,0.033794656,0.056860857,0.040542655,0.0022052354,-0.023085104,-0.013789389,0.024518648,0.06394276,0.073237516,0.04387282
-0.007152859,0.005414772,-0.0331754,-0.08944005,-0.12143058,-0.09640113,-0.030556086,0.03789069,0.067954406,0.04731498,0.0035413934,-0.021033145,0.0021731274,0.065676354,0.1299944,0.15121248,0.118099846,0.05550913,0.011896484,0.01541152,0.058752656,0.10186276,0.103348926,0.052394606
-0.1475055,-0.07874249,-0.002852195,0.029008472,-0.0071861274,-0.071170695,-0.11427859,-0.089956835,-0.0036296323,0.08319284,0.120290354,0.08759357,0.022645272,-0.026582904,-0.0073111774,0.06567021,0.13910143,0.15901302,0.10923677,0.020486964,-0.046026662,-0.047514565,0.007738665,0.064930454
0.044034705,0.11337919,0.13723737,0.108696714,0.052862473,0.018685661,0.033015978,0.09169359,0.15090577,0.1639935,0.119731344,0.050234456,5.4030584e-06,0.0010346582,0.05018456,0.09808022,0.10281303,0.053475913,-0.01981637,-0.06910095,-0.06248686,-0.007875875,0.048812475,0.06505068
0.07386236,0.15727746,0.19509238,0.17560117,0.12339292,0.08905204,0.10513588,0.16754474,0.23122436,0.24661706,0.19771041,0.11770376,0.055960704,0.04763657,0.08980541,0.13280807,0.13113162,0.072327696,-0.012650076,-0.073132135,-0.073168956,-0.021408698,0.037105113,0.057061877
-0.026114212,-0.11362557,-0.16349545,-0.13910569,-0.055242043,0.02544867,0.05181238,0.00921452,-0.063847594,-0.10246228,-0.06464154,0.02502991,0.10937464,0.13627736,0.086323775,0.007842565,-0.039326042,-0.016681926,0.060038436,0.12842017,0.13440146,0.06858845,-0.026626583,-0.089497596
0.05530712,0.028668655,0.03872613,0.07234411,0.10524416,0.10385768,0.06779882,0.008862411,-0.03812712,-0.045101468,-0.021671725,0.0039638462,0.0012070695,-0.03704306,-0.09414031,-0.13127068,-0.12359561,-0.07957974,-0.03570799,-0.01874793,-0.036529023,-0.06948892,-0.083143786,-0.056601882
0.076388106,0.07916384,0.032364223,-0.039006118,-0.091165364,-0.097793445,-0.06613342,-0.031796373,-0.03253154,-0.07523539,-0.13854967,-0.17759582,-0.16835737,-0.119860165,-0.06448657,-0.04326665,-0.063138105,-0.1024821,-0.12262767,-0.09516222,-0.029938202,0.036402095,0.06567402,0.04770554
-0.006313777,0.068215184,0.14189854,0.17662375,0.1557889,0.112413794,0.088813804,0.11359516,0.17511426,0.23001659,0.23827393,0.1915842,0.11933487,0.06762385,0.0670323,0.102798715,0.13536207,0.12640299,0.06608302,-0.015096322,-0.06717359,-0.06366438,-0.018666789,0.02876969
0.057928495,0.11736111,0.13437174,0.10599226,0.05737128,0.033060133,0.051985182,0.10495321,0.15240507,0.15650438,0.11068413,0.04805497,0.0075791264,0.012725917,0.055695977,0.09196489,0.088463075,0.038679603,-0.026997149,-0.06518306,-0.053143248,-0.0029322095,0.044001,0.05339987
-0.023386534,0.073282905,0.16768338,0.21042956,0.18190897,0.11925772,0.081047356,0.11148368,0.19408414,0.26765844,0.28069884,0.22135858,0.12576601,0.058495782,0.061975237,0.115523286,0.1621949,0.1540952,0.080133304,-0.023764407,-0.09128396,-0.084877886,-0.022347927,0.04218944
-0.061951652,-0.11508014,-0.10949453,-0.06447818,-0.019727057,-0.021298327,-0.074291155,-0.1512739,-0.19913147,-0.18561794,-0.12406949,-0.0626099,-0.045039695,-0.0824061,-0.14340112,-0.17209059,-0.13941865,-0.06056526,0.013225913,0.038177505,0.0051495354,-0.052265957,-0.080754004,-0.05443008
0.16145681,0.19461814,0.15022333,0.070382796,0.022230994,0.046499886,0.12644857,0.2044005,0.21920982,0.15862994,0.058286354,-0.007789651,-0.0012646131,0.064385206,0.13142906,0.13700663,0.0689823,-0.033386275,-0.09829788,-0.083707735,-0.006431072,0.07181611,0.092813455,0.0433284
0.021163367,-0.024268884,-0.09151577,-0.13274509,-0.117126696,-0.055210624,0.0075027784,0.027543973,-0.0043681287,-0.056708187,-0.08266324,-0.055910926,0.010943587,0.07690798,0.09714671,0.06481998,0.009692772,-0.025402306,-0.009039484,0.046622325,0.09779748,0.10410208,0.057917297,-0.012016103
-0.075924926,-0.13998291,-0.13651532,-0.08318872,-0.026840832,-0.023516312,-0.07984135,-0.16633648,-0.22255373,-0.2089276,-0.1363889,-0.062082242,-0.03757927,-0.07579956,-0.14588945,-0.18252411,-0.1501087,-0.061376363,0.024816195,0.055837605,0.01851817,-0.05032519,-0.09024772,-0.06664848
0.029731797,0.053275935,0.11025521,0.15783413,0.1643921,0.117613874,0.050369527,0.0029015737,0.0015690079,0.035631854,0.06646271,0.05972933,0.0032766822,-0.07332191,-0.12259059,-0.119528934,-0.07327897,-0.023370113,-0.013646455,-0.050053064,-0.10237623,-0.12446002,-0.09199997,-0.020613503
0.042147256,0.08216417,0.08332949,0.040399257,-0.022689635,-0.0669808,-0.06910284,-0.03638051,-0.004118693,-0.0050231386,-0.050219897,-0.10999587,-0.1455554,-0.13485141,-0.08551704,-0.037649997,-0.023407396,-0.04907483,-0.090897374,-0.10775552,-0.07877473,-0.016843447,0.040446084,0.062395338
-0.12647684,-0.124696866,-0.072193295,-0.015995327,-0.006011597,-0.056019347,-0.13146104,-0.17931533,-0.16624226,-0.10533817,-0.0368168,-0.012617561,-0.04568909,-0.10785803,-0.1442923,-0.121193856,-0.05036105,0.026898652,0.057000548,0.02350554,-0.040624414,-0.081239484,-0.06579081,-0.0041599376
-0.023173112,-0.090202495,-0.12916268,-0.11161438,-0.04835535,0.014590089,0.036826417,0.0058333147,-0.049302325,-0.07798286,-0.050974444,0.015964614,0.08139837,0.10717342,0.072049804,0.013065376,-0.025431713,-0.012654401,0.04363278,0.09803532,0.10706244,0.058153268,-0.01658805,-0.06730738
0.12070814,0.14867797,0.1343421,0.10108577,0.08292744,0.1014763,0.1482966,0.19246149,0.2010375,0.16798754,0.11186,0.070956,0.064442955,0.09161063,0.11943748,0.11322882,0.06843067,0.004242047,-0.041792415,-0.044003874,-0.009355636,0.029306471,0.03866707,0.012014288
0.07534916,0.018899009,-0.06344249,-0.1215715,-0.1177277,-0.06982616,-0.023431122,-0.02348672,-0.07812156,-0.14995529,-0.1921099,-0.17288135,-0.108526476,-0.042379163,-0.022435525,-0.055476572,-0.108073086,-0.13399717,-0.10145461,-0.022915702,0.050546136,0.07492288,0.042754587,-0.014332232
0.0027323198,0.024905736,0.09298709,0.15651597,0.17079632,0.11776901,0.03670141,-0.020737316,-0.020922007,0.025257584,0.07229043,0.07313482,0.012759479,-0.076516405,-0.13640112,-0.13279082,-0.07595948,-0.010931943,0.006618071,-0.036115672,-0.10317776,-0.13757098,-0.10769957,-0.027826343
0.024712875,-0.051391315,-0.104444675,-0.11045805,-0.071573935,-0.033004094,-0.031689182,-0.08297929,-0.15707856,-0.20254295,-0.19143215,-0.13432819,-0.07582789,-0.05519453,-0.08750697,-0.13850948,-0.16074178,-0.12903811,-0.0566315,0.016035553,0.044297803,0.018955667,-0.029002352,-0.055319145
-0.029024513,-0.0675546,-0.069157496,-0.040833473,-0.0061495155,-0.001388885,-0.03493243,-0.0876914,-0.12443753,-0.12216253,-0.082742445,-0.03839175,-0.022994949,-0.047869474,-0.08994004,-0.11413117,-0.09723644,-0.046292078,0.0058022267,0.026050597,0.0053057047,-0.03317285,-0.05453658,-0.041989747
0.07586792,0.16404189,0.1875483,0.14319853,0.06873726,0.031836804,0.06303662,0.1454382,0.21874158,0.22671446,0.15967643,0.065389186,0.006666491,0.017956337,0.085817724,0.14306241,0.13936886,0.06586176,-0.03326601,-0.091866575,-0.073458105,0.0021783046,0.07168934,0.08338796
-0.045143858,-0.11533759,-0.15842728,-0.14615464,-0.08719463,-0.028252281,-0.012224297,-0.0462996,-0.09965197,-0.1272321,-0.099212885,-0.03001782,0.040137254,0.06876469,0.039337046,-0.012194565,-0.04440891,-0.02742643,0.034743447,0.0953535,0.10695923,0.060347997,-0.01107498,-0.060683224
-0.009315512,-0.054335233,-0.11166581,-0.14551933,-0.13591611,-0.09392811,-0.053131588,-0.04533045,-0.07392712,-0.11174411,-0.12461287,-0.09751575,-0.041377895,0.012281694,0.02967666,0.009670982,-0.02353468,-0.037784677,-0.014300499,0.03507444,0.07676433,0.08106819,0.045239206,-0.005797492
-0.056522142,-0.03817908,0.015262533,0.06741384,0.08801828,0.07124657,0.037154928,0.016267441,0.033649713,0.08008318,0.12449582,0.13624449,0.10794789,0.05589817,0.017518707,0.019211039,0.05205012,0.08513138,0.08665471,0.046082824,-0.012888889,-0.0550055,-0.05237417,-0.0152627975
-0.14275199,-0.09798079,-0.048500124,-0.028338077,-0.054579366,-0.09676545,-0.119778745,-0.094485536,-0.026775517,0.03950674,0.0716299,0.054166276,0.016653385,-0.008259463,0.01284385,0.06959566,0.12279468,0.13750972,0.10293854,0.039931323,-0.0075775567,-0.011473465,0.02146929,0.054016687
0.031621046,0.048693355,-0.0044225766,-0.0773519,-0.1124485,-0.0711071,0.020323338,0.1098303,0.14089718,0.10055337,0.03116724,-0.005280362,0.028154287,0.11417659,0.19452272,0.20994863,0.14908247,0.05385832,-0.004037604,0.009362931,0.074823074,0.13320976,0.12868418,0.053385098
-0.1499436,-0.13070953,-0.059992056,0.009650439,0.02644853,-0.017723694,-0.08741623,-0.122410044,-0.0895107,-0.012411784,0.062529124,0.08399746,0.043571733,-0.024230428,-0.06089072,-0.034575306,0.03417237,0.09844477,0.110739805,0.05777209,-0.022761669,-0.07368918,-0.06133034,-0.0026352308
-0.018968804,-0.06209377,-0.13265169,-0.18258452,-0.17886363,-0.12751602,-0.06675577,-0.037403025,-0.056710426,-0.10219795,-0.12609664,-0.102228664,-0.03580158,0.037397694,0.0744735,0.0599589,0.01481844,-0.017546581,-0.0036173933,0.04805581,0.10128045,0.11604015,0.077823296,0.007764706
-0.04762601,-0.112376146,-0.15173253,-0.14200678,-0.09343106,-0.044138715,-0.028270483,-0.0571797,-0.104165636,-0.12604563,-0.096277654,-0.0329448,0.028033035,0.05207981,0.026325714,-0.017227324,-0.038781613,-0.01552914,0.039774828,0.08812913,0.09498283,0.053936243,-0.0071946476,-0.048227664
0.14023319,0.16648868,0.1389682,0.09016223,0.063772656,0.08548936,0.14379439,0.19846518,0.2050758,0.15880321,0.086019196,0.03757332,0.03797457,0.0805143,0.12103068,0.115745366,0.05880774,-0.019087764,-0.06833603,-0.060397673,-0.007331555,0.04582542,0.05591971,0.018476155
0.08923503,0.095552,0.03953229,-0.041493878,-0.092734315,-0.08175761,-0.024264717,0.03071756,0.03509602,-0.018000307,-0.09456999,-0.13704933,-0.118020855,-0.051254377,0.015107624,0.030704206,-0.009931723,-0.07384458,-0.10714852,-0.077041805,-0.0015828456,0.06993254,0.08965551,0.050568562
-0.01554648,-0.0031478172,0.054951005,0.11055878,0.120693415,0.07066584,-0.0062813205,-0.06328206,-0.06668375,-0.024841929,0.020588951,0.0264467,-0.022325477,-0.09908812,-0.15119654,-0.14600116,-0.0894976,-0.024057591,-0.0012867079,-0.032684255,-0.0895053,-0.12126689,-0.09579371,-0.023176542
0.055644132,0.03196173,0.050722614,0.09963043,0.15079272,0.16424602,0.1358196,0.08021017,0.03506139,0.03177947,0.06269586,0.09632232,0.09555443,0.051413424,-0.017311532,-0.06694083,-0.070275396,-0.033266306,0.0072885556,0.016459055,-0.013978496,-0.06289227,-0.09022738,-0.07226343
-0.12886257,-0.08728857,-0.045836058,-0.04297081,-0.0919233,-0.16136095,-0.20918584,-0.19828957,-0.13767971,-0.07690688,-0.05597786,-0.08563534,-0.13285016,-0.15890355,-0.12642723,-0.052143354,0.017720249,0.04489954,0.020186353,-0.029973432,-0.05958322,-0.040203277,0.017253775,0.06931677
-0.008778832,0.007963578,0.06563516,0.11561458,0.118962854,0.06825717,-0.0026008398,-0.053008508,-0.052545305,-0.009329979,0.031017689,0.030067824,-0.021877857,-0.09549405,-0.14271496,-0.13372158,-0.07714017,-0.017159708,-0.0027696476,-0.038619,-0.0922088,-0.11804616,-0.08800834,-0.014767407
-0.031536326,-0.01318343,0.05009766,0.106356055,0.115021765,0.06646708,-0.0080327885,-0.059704,-0.054372445,-0.005854734,0.038928736,0.04213884,-0.006321055,-0.081049964,-0.12951736,-0.1195663,-0.06315503,-0.004790879,0.011570287,-0.023107175,-0.08148064,-0.11492437,-0.08923538,-0.017869594
0.07919432,0.03377382,-0.034329604,-0.08483603,-0.08537791,-0.049384806,-0.013757382,-0.016463643,-0.06440442,-0.12657723,-0.16544144,-0.15372257,-0.10411205,-0.052575205,-0.037091028,-0.064393006,-0.10625254,-0.12649897,-0.099986315,-0.034772456,0.02797186,0.05231027,0.031054547,-0.011466427
-0.17922993,-0.12035516,-0.05753308,-0.03850517,-0.083979875,-0.1486153,-0.18453066,-0.15294746,-0.06552427,0.018315416,0.05237022,0.022869779,-0.030068643,-0.05941729,-0.024752697,0.055829674,0.12849092,0.14698018,0.101386465,0.024372695,-0.027230516,-0.021360649,0.030209592,0.07838054
-0.08551017,-0.048137087,0.05242639,0.14973816,0.1810985,0.13664404,0.056986254,0.009339601,0.038392108,0.12303024,0.20177802,0.21425949,0.149488,0.047028787,-0.020835813,-0.011930532,0.056197003,0.12144365,0.12267098,0.047546238,-0.05702201,-0.12289271,-0.10680841,-0.029158454
-0.022620995,-0.07720763,-0.15644151,-0.20808548,-0.2018381,-0.1491273,-0.093423426,-0.073418446,-0.10261144,-0.15310901,-0.17524119,-0.14461358,-0.0707483,0.0064102183,0.042227622,0.024859713,-0.020023417,-0.04620998,-0.021007685,0.04286047,0.10253874,0.11759285,0.07497724,0.0025930374
0.18514074,0.15254708,0.086804666,0.046081934,0.073796295,0.15179676,0.22766493,0.24557531,0.18902548,0.0993643,0.034978054,0.04040522,0.09501423,0.15421,0.15518217,0.08625742,-0.012119846,-0.08190509,-0.07775444,-0.01109906,0.05781898,0.07394503,0.024968257,-0.049923833
0.005099587,-0.035609365,-0.055005103,-0.028045228,0.035784144,0.09829258,0.12708463,0.111218914,0.07322072,0.05203946,0.07411977,0.12488722,0.17194507,0.18360506,0.14496462,0.08632799,0.043255437,0.041125793,0.07354432,0.10251696,0.095521,0.0464021,-0.020452883,-0.06655238
-0.0462544,-0.12209104,-0.1678329,-0.15428734,-0.093695484,-0.034112055,-0.018086834,-0.054236043,-0.11178307,-0.1402688,-0.10713738,-0.031932827,0.03883479,0.06543049,0.033329226,-0.020897806,-0.050304636,-0.026100202,0.03981338,0.09907168,0.10834378,0.060240142,-0.012611846,-0.06183779
-0.06278858,-0.0064350823,0.002826377,-0.0340307,-0.09190751,-0.11749629,-0.0896095,-0.014830149,0.0602105,0.08568137,0.056998976,0.003866284,-0.021504154,0.0056915605,0.07787801,0.14233266,0.15373102,0.10667694,0.03712847,-0.008681658,-0.0002936237,0.049609162,0.09238471,0.086180545
0.00962296,0.054539666,0.089993924,0.0820169,0.02941205,-0.04083626,-0.089385666,-0.091570154,-0.058430042,-0.028606052,-0.037919674,-0.08597033,-0.14687166,-0.18475352,-0.1681077,-0.11529799,-0.06224111,-0.04386239,-0.06909008,-0.10797175,-0.12081718,-0.0844869,-0.013684196,0.05069469
-0.0993406,-0.10374309,-0.08058271,-0.059025258,-0.06422268,-0.10344423,-0.15805206,-0.19067314,-0.18192405,-0.1445833,-0.10416586,-0.0882965,-0.105633326,-0.13818121,-0.14866836,-0.12148726,-0.06767169,-0.014530087,0.0100328615,-0.0025862325,-0.03311589,-0.048290044,-0.029149018,0.012351395
0.04755971,0.08809239,0.089781635,0.046995163,-0.01599795,-0.062844776,-0.06735271,-0.035874624,-0.0044376627,-0.005508402,-0.049669307,-0.1093798,-0.14803033,-0.14139089,-0.093940474,-0.04586261,-0.029694423,-0.05206392,-0.09255951,-0.11181338,-0.08522275,-0.022992404,0.037173122,0.062454533
-0.0013284467,0.023285702,0.10396649,0.17821181,0.19315246,0.1330624,0.039875805,-0.029432256,-0.030512044,0.025301464,0.07951089,0.079361945,0.0119790435,-0.0892108,-0.15913942,-0.15529104,-0.0876868,-0.012877059,0.00616157,-0.041006725,-0.116648234,-0.15859516,-0.12569298,-0.0328843
-0.012627199,-0.01374734,-0.051278938,-0.100379765,-0.1296555,-0.11690246,-0.075618975,-0.033089757,-0.018564314,-0.03957016,-0.0733905,-0.08788517,-0.06441975,-0.012811807,0.038502388,0.05719757,0.037646957,-2.5301943e-05,-0.020303996,-0.0046001743,0.03686843,0.07370089,0.07712367,0.041443482
-0.008964011,-0.04239115,-0.08707833,-0.113944225,-0.10456449,-0.067280814,-0.030226791,-0.019112706,-0.03871248,-0.06956924,-0.08167396,-0.060104605,-0.013074692,0.031256683,0.046390615,0.029412642,-0.001522867,-0.018452162,-0.0023049351,0.03618735,0.06880582,0.07074391,0.040013246,-0.0049598897
-0.09212115,-0.04294481,0.009620345,0.025063572,-0.011896381,-0.072372295,-0.115195245,-0.10479997,-0.04694177,0.011894412,0.03153011,0.0008132989,-0.052457202,-0.089103274,-0.07229401,-0.01320988,0.045600947,0.06534189,0.03479406,-0.022052966,-0.06109447,-0.0514627,-0.0001284805,0.05289418
-0.06304851,-0.11796111,-0.11923913,-0.08050645,-0.038932975,-0.03635831,-0.08152292,-0.15170746,-0.19883554,-0.18884847,-0.13272353,-0.073611364,-0.0515737,-0.0779803,-0.12999797,-0.15723395,-0.13006252,-0.059466444,0.009688965,0.038023755,0.014337192,-0.036702275,-0.06776323,-0.050544284
0.09443328,0.10811911,0.06108962,-0.01225282,-0.060828608,-0.0555376,-0.006281453,0.046810374,0.05475325,0.005672954,-0.069199525,-0.11544332,-0.10504741,-0.047607694,0.014922385,0.031767946,-0.007488398,-0.07092165,-0.10608913,-0.08235494,-0.013561468,0.056519512,0.0798537,0.0464045
0.052779827,0.07324033,0.018186295,-0.06277711,-0.10508312,-0.06533056,0.031932995,0.12531652,0.15595931,0.111335404,0.03310453,-0.011363941,0.020153468,0.10815143,0.19055164,0.20657311,0.14399417,0.044792827,-0.017596103,-0.00439243,0.06605159,0.13047199,0.13149978,0.058653392
0.07556798,0.028411418,0.0035346881,0.018993204,0.06577349,0.10375682,0.10609929,0.063466065,0.0014149562,-0.035570744,-0.028927663,0.009093172,0.04209424,0.04109826,-0.0046104235,-0.06309286,-0.09456295,-0.07948098,-0.032449864,0.0125785805,0.02267443,-0.0066001993,-0.05014089,-0.06895229
0.020555165,0.05428628,0.053616304,0.011483086,-0.049942512,-0.09483808,-0.09964513,-0.07080385,-0.039587043,-0.03668978,-0.072462566,-0.12335795,-0.15567142,-0.14724965,-0.09998675,-0.05058185,-0.028458389,-0.043088708,-0.0779115,-0.095604494,-0.0722595,-0.015843026,0.04053144,0.06465391
0.058435883,0.10794703,0.12394529,0.10440183,0.06796742,0.048646107,0.064469814,0.10705745,0.14379658,0.14690715,0.10992589,0.057437174,0.021537028,0.022996513,0.05436879,0.08059229,0.07531875,0.034379788,-0.02028102,-0.05419739,-0.04589903,-0.0063832505,0.030540131,0.038341288
-0.19033146,-0.1774093,-0.113249004,-0.048876528,-0.035987828,-0.07778173,-0.14102161,-0.17000411,-0.13199238,-0.049662113,0.0308378,0.0574509,0.02699168,-0.030149374,-0.05737796,-0.023782158,0.050024025,0.117058836,0.13020176,0.0780303,-0.0004507681,-0.05186015,-0.043322057,0.007967985
-0.07842711,-0.061054774,-0.07080665,-0.11003926,-0.16109653,-0.18876989,-0.18132694,-0.14491406,-0.10472422,-0.089636974,-0.104954995,-0.1317889,-0.13537431,-0.10803138,-0.052088905,0.0015967791,0.025882782,0.015235807,-0.010274778,-0.021938547,-0.003534021,0.03531543,0.06862797,0.06988092
0.025946474,0.009279911,-0.020359844,-0.02789769,0.0030305071,0.0663065,0.12641299,0.15403982,0.14222631,0.11189718,0.09702239,0.11574717,0.1590988,0.19986731,0.20315324,0.16542405,0.10784265,0.0621414,0.05502277,0.07709155,0.09667157,0.08474619,0.03588633,-0.026227307
0.014041754,0.035547074,-0.00425475,-0.06607572,-0.09916165,-0.061685685,0.02558596,0.11253961,0.14927703,0.121689476,0.06363733,0.0296127,0.05723023,0.13154043,0.20301025,0.21953946,0.16898441,0.083265655,0.023859497,0.024982085,0.075026914,0.122545175,0.119108036,0.05349251
-0.06801631,-0.12669463,-0.13058674,-0.091352575,-0.045511052,-0.041322153,-0.08780771,-0.16054547,-0.2100632,-0.20256346,-0.14325912,-0.0781767,-0.051899485,-0.07988909,-0.13510703,-0.16482264,-0.13795964,-0.06269476,0.013820062,0.045412276,0.018676221,-0.03642086,-0.07005964,-0.053694602
-0.044150237,-0.020186644,0.039229482,0.098847866,0.12422712,0.10842248,0.07398712,0.054519266,0.073458605,0.12072297,0.16588686,0.1750151,0.14076488,0.08352252,0.0414708,0.039485075,0.068832785,0.09860841,0.09496187,0.04789557,-0.016103143,-0.059914153,-0.05865829,-0.022054566
-0.0023729117,0.005672284,-0.025518866,-0.0642544,-0.08012925,-0.050299194,0.010467578,0.06841164,0.090410315,0.07144734,0.039252244,0.024333075,0.04754267,0.09995738,0.14671662,0.1545542,0.119330615,0.06572918,0.030410439,0.03218782,0.06361273,0.091321066,0.08175167,0.031876054
-0.026979705,-0.030517964,-0.07090979,-0.12283582,-0.15509634,-0.14673465,-0.1046309,-0.059598092,-0.0435483,-0.06253638,-0.09435855,-0.10909557,-0.084515885,-0.0282162,0.02703572,0.05031495,0.033021793,-0.00091909716,-0.018596342,-0.0024697348,0.041013088,0.07923285,0.08244584,0.04665007
-0.051290046,-0.13158196,-0.18248618,-0.1716287,-0.10864915,-0.041449387,-0.016879637,-0.049898893,-0.10927108,-0.14135738,-0.11035223,-0.03229109,0.047757484,0.083146214,0.05243984,-0.005630785,-0.041941274,-0.022538397,0.04505528,0.11093213,0.12507692,0.074638225,-0.006063882,-0.063680634
0.043843422,-0.028699353,-0.07962808,-0.078854814,-0.0271996,0.026502887,0.03911737,-0.006924419,-0.08188067,-0.13170801,-0.12460144,-0.06772806,-0.004859623,0.018224722,-0.019692881,-0.08292941,-0.122367814,-0.10583029,-0.03915954,0.033770833,0.061201688,0.02909406,-0.031082692,-0.069864936
-0.06692731,-0.14876501,-0.19743676,-0.1822238,-0.11730873,-0.04931278,-0.022317838,-0.053948972,-0.11141683,-0.13877308,-0.10153505,-0.020620722,0.06161494,0.09686175,0.064082436,0.005668168,-0.02815859,-0.0043823128,0.06387408,0.12603405,0.13518347,0.07940928,-0.005469211,-0.06414909
-0.031478703,-0.011506583,0.04951665,0.10220192,0.105080284,0.05098599,-0.024832005,-0.07411284,-0.06649144,-0.015987383,0.029266672,0.028578412,-0.025777193,-0.10017604,-0.14327812,-0.12722993,-0.06550096,-0.004696548,0.0076299384,-0.03233093,-0.089890435,-0.1161465,-0.08437783,-0.010376585
0.040969923,0.062554955,0.0132647725,-0.06179427,-0.104401484,-0.070888326,0.016719837,0.10516855,0.1378577,0.09870546,0.02682869,-0.015199702,0.011772154,0.09212965,0.17148973,0.19046429,0.1359978,0.044729296,-0.015044772,-0.005294476,0.058241673,0.120473355,0.124768615,0.059264544
0.063615955,0.13733248,0.17509258,0.16238996,0.11920517,0.08903743,0.0980457,0.14706345,0.20238806,0.21942793,0.18115894,0.11461436,0.058873057,0.04277656,0.07229783,0.10847987,0.112074606,0.06613551,-0.0055832625,-0.061106455,-0.0689943,-0.028943866,0.024203358,0.048161127
-0.20212433,-0.14420061,-0.07902584,-0.055393543,-0.09904249,-0.16760975,-0.20926158,-0.17794035,-0.086846165,0.0022831557,0.043522727,0.018603051,-0.03515116,-0.06653521,-0.030983465,0.053577118,0.1304693,0.15428476,0.11222833,0.03281443,-0.023477823,-0.020119146,0.030681888,0.07986652
0.059958242,0.12230063,0.1334676,0.081954256,-0.00097294647,-0.059833825,-0.062074266,-0.014581028,0.035401274,0.03993468,-0.017578948,-0.09875577,-0.15381576,-0.1493019,-0.08749027,-0.023616407,-0.0019965153,-0.037552815,-0.10123035,-0.13632163,-0.108760715,-0.02966002,0.050684832,0.08461537
-0.13066828,-0.12824327,-0.07987955,-0.023224052,-0.0028176163,-0.02671998,-0.07451615,-0.1060421,-0.08837619,-0.029765913,0.03545479,0.06280904,0.044319335,-0.0023200253,-0.035611745,-0.023109037,0.02847305,0.083671585,0.100844674,0.066585265,0.004586248,-0.043677974,-0.046970278,-0.009766141
-0.0009599966,0.043359786,0.092001155,0.12044694,0.116105214,0.09647599,0.08354293,0.09499419,0.12953743,0.16408038,0.17196845,0.14681238,0.1058479,0.071672656,0.06333591,0.077781975,0.09355719,0.086848035,0.051417742,0.0026123566,-0.032976743,-0.039434895,-0.019188879,0.007269878
-0.046962325,-0.07804599,-0.05027627,0.01601463,0.075771175,0.08619473,0.04821038,-0.010256718,-0.042133432,-0.019531697,0.043993883,0.09897659,0.104196124,0.058794044,-0.010358145,-0.049256172,-0.033237267,0.024329642,0.07426406,0.07476248,0.023544684,-0.04618884,-0.08504431,-0.06663699
0.15002841,0.18239911,0.15666297,0.105840206,0.07932461,0.1053084,0.17076847,0.23142913,0.24229999,0.19656603,0.120857984,0.0688954,0.06763294,0.108642824,0.14884134,0.14292198,0.083517246,-0.00040458332,-0.056857973,-0.055070452,-0.0054321876,0.047369927,0.059412844,0.02109593
0.0043014176,-0.04987202,-0.08930185,-0.09866122,-0.07934648,-0.0637554,-0.07419702,-0.11464731,-0.16500992,-0.19449435,-0.18531626,-0.14666662,-0.10958291,-0.09659475,-0.11312188,-0.13836941,-0.14311746,-0.11280597,-0.057935923,-0.0055639977,0.01615188,0.0052062017,-0.018733285,-0.029566946
-0.04623023,-0.02908661,0.04369667,0.11116435,0.11819224,0.04690991,-0.056858797,-0.12833329,-0.12555595,-0.06387731,-0.00079538446,0.0053165853,-0.059941944,-0.15731956,-0.21610266,-0.19702159,-0.11430387,-0.025468668,0.0025758066,-0.04235556,-0.11687223,-0.15306443,-0.11381195,-0.017670978
-0.1386295,-0.19974974,-0.19009554,-0.124565944,-0.054571014,-0.031540073,-0.06979192,-0.13819207,-0.1763142,-0.14692521,-0.05928688,0.027490355,0.06292672,0.033933505,-0.031231696,-0.06783027,-0.041730467,0.034907617,0.109247744,0.12744321,0.076694846,-0.008905481,-0.06816306,-0.06531971
0.0034334534,0.02524463,0.08583457,0.14198448,0.15274984,0.11031034,0.04773443,0.004116573,0.0069323536,0.049357224,0.088985436,0.0858681,0.032603115,-0.04067369,-0.08954542,-0.08683519,-0.03971113,0.010740493,0.016629476,-0.025649782,-0.08245606,-0.11089668,-0.087435596,-0.022733327
-0.035396878,-0.06396722,-0.026341574,0.058687627,0.14151813,0.17468944,0.14742486,0.08921214,0.055615854,0.0801585,0.14983809,0.21328504,0.22408237,0.17193025,0.08571172,0.027295442,0.028118698,0.07472434,0.11976778,0.114640705,0.0502253,-0.03955628,-0.09700089,-0.09042355
-0.0036963564,0.05532797,0.114206895,0.13952453,0.121044286,0.085823126,0.066320255,0.084074326,0.13207816,0.17440136,0.17800221,0.1396636,0.08498784,0.04392001,0.042570785,0.07112173,0.09723511,0.09012903,0.04465161,-0.01589756,-0.055480618,-0.053336345,-0.01633609,0.023167564
0.06956059,0.036325,-0.026336174,-0.06336949,-0.038528305,0.040149458,0.12270577,0.15690999,0.12659541,0.063057974,0.02063528,0.036560003,0.10468517,0.17598502,0.19321814,0.14521006,0.062530875,-0.0009917017,-0.00025592337,0.05444449,0.10991636,0.115298174,0.058103207,-0.027536914
0.04696475,0.08358186,0.08432946,0.043773193,-0.01501524,-0.05770066,-0.06297665,-0.035905194,-0.0082225,-0.010354557,-0.051389605,-0.105539866,-0.1404771,-0.13637902,-0.0936479,-0.04978006,-0.033114795,-0.052188966,-0.08855093,-0.10564712,-0.081749834,-0.023982812,0.03323603,0.05785014
0.025645217,0.042016562,0.07712875,0.10229973,0.097904496,0.059919108,0.012255834,-0.019761238,-0.02110265,0.00031832504,0.014809613,0.0026522693,-0.037728775,-0.08479386,-0.11083257,-0.10274284,-0.06918925,-0.03698021,-0.032663807,-0.05422603,-0.080514655,-0.085865214,-0.05785646,-0.0077302996
-0.0956332,-0.0955019,-0.0675411,-0.043067325,-0.048679266,-0.08956092,-0.14432994,-0.17481072,-0.16308545,-0.12273316,-0.08206182,-0.06975965,-0.09201764,-0.12782063,-0.13827704,-0.110017374,-0.055353682,-0.003823103,0.015434558,-0.0036850006,-0.03684613,-0.05180507,-0.030540792,0.012240095
0.0016321124,-0.06766298,-0.10571535,-0.09688923,-0.05443841,-0.02337566,-0.03303635,-0.08677695,-0.15262394,-0.18477899,-0.16284136,-0.105329975,-0.055203646,-0.045784455,-0.08292822,-0.12972116,-0.1438077,-0.10590803,-0.03527065,0.026229922,0.041125998,0.008195335,-0.038858995,-0.057933144
0.17407922,0.1593848,0.11689543,0.08858136,0.10594513,0.15813531,0.21005814,0.22138979,0.17890596,0.11169563,0.058618553,0.05191385,0.07872829,0.11234156,0.10858897,0.056574948,-0.014945264,-0.06833733,-0.073256664,-0.03203775,0.01625294,0.034169305,0.0073901187,-0.03877389
-0.031480275,-0.063529916,-0.029121712,0.055722028,0.13871615,0.16982698,0.13948509,0.07805167,0.04036615,0.06176148,0.1317545,0.1964885,0.20744254,0.15567192,0.068716206,0.00909151,0.010061184,0.06033769,0.109740056,0.10828735,0.045923345,-0.041810326,-0.09975495,-0.09252292
-0.10663181,-0.05578744,-0.008538745,-0.0049980097,-0.057103362,-0.12901148,-0.17488134,-0.1591999,-0.09453735,-0.032165118,-0.01323426,-0.048845787,-0.10804731,-0.14204738,-0.11126975,-0.036681633,0.034895062,0.059731524,0.02472614,-0.03789108,-0.07348048,-0.050477773,0.014867123,0.07342649
-0.05302768,-0.011153212,-0.011597598,-0.05861663,-0.1280378,-0.17126578,-0.16244888,-0.10751772,-0.04917533,-0.031293254,-0.062202055,-0.11366346,-0.14016998,-0.11395295,-0.042591926,0.026182545,0.050503142,0.023679148,-0.02609595,-0.054503255,-0.032936964,0.026423637,0.07992263,0.08982569
-0.039624907,-0.09516777,-0.086600244,-0.032280017,0.023698013,0.0301494,-0.020657813,-0.10295003,-0.15922414,-0.14941959,-0.08663202,-0.021444345,-0.003650473,-0.04441942,-0.11717136,-0.159373,-0.1355622,-0.058749087,0.016889885,0.043853424,0.0086960085,-0.05665631,-0.09457515,-0.0706826
0.008273612,0.07333518,0.12918772,0.13115059,0.07387517,-0.009878183,-0.06750107,-0.06385375,-0.014663148,0.02854157,0.020118102,-0.04036259,-0.12168366,-0.17219019,-0.15475458,-0.09228417,-0.03299984,-0.018758263,-0.058423433,-0.11598068,-0.14026567,-0.102607846,-0.02036823,0.05672425
-0.0873342,-0.089836285,-0.06511371,-0.040638518,-0.042116996,-0.07273882,-0.1155313,-0.14258477,-0.1342693,-0.10014231,-0.06416259,-0.052111767,-0.06348135,-0.09231307,-0.10618107,-0.08701443,-0.042918887,0.0022868097,0.02221549,0.009583844,-0.020369599,-0.03954896,-0.028735174,0.0045607565
0.03114851,-0.04283805,-0.07691766,-0.038173825,0.05683339,0.14882782,0.18424731,0.14303091,0.06791675,0.028284589,0.06119729,0.14319669,0.21633588,0.22921242,0.1610812,0.0647113,0.004926577,0.014767913,0.07639854,0.13148688,0.12665784,0.052081045,-0.04712086,-0.10780885
-0.0013572302,0.020681923,0.1003819,0.17666091,0.19583152,0.13879591,0.044445757,-0.0278049,-0.031154618,0.025021784,0.08418656,0.090292715,0.022573212,-0.08277571,-0.15686308,-0.15577991,-0.08633137,-0.0074605024,0.014055094,-0.034859747,-0.11543775,-0.16064659,-0.12859541,-0.034739073
-0.1013968,-0.101745225,-0.06501684,-0.027588552,-0.025778791,-0.066730745,-0.124265,-0.16021997,-0.15009196,-0.10365097,-0.05364015,-0.03703375,-0.061452076,-0.104250275,-0.12687366,-0.10493167,-0.04835197,0.010786274,0.033505544,0.010647939,-0.032809917,-0.059129115,-0.04462047,0.003079005
0.021461265,-0.06280865,-0.10970371,-0.07630232,0.023216404,0.1227304,0.16195427,0.120499685,0.039958727,-0.005907961,0.02796441,0.118201554,0.20192933,0.22445355,0.16065319,0.062146522,-0.0027950304,0.006381582,0.07518548,0.14003418,0.14202765,0.06834454,-0.03809687,-0.10960549
-0.022385228,-0.059147205,-0.11117113,-0.14619681,-0.14604451,-0.11300318,-0.07320275,-0.055789728,-0.073130965,-0.10591747,-0.12073067,-0.09998169,-0.051209994,0.003600374,0.030427217,0.020255372,-0.009075703,-0.026494741,-0.011426475,0.030385753,0.07184551,0.08339318,0.054543894,0.0065651652
-0.15622872,-0.08418023,-0.01328065,0.008468356,-0.03746749,-0.10620136,-0.14473598,-0.10904412,-0.015342054,0.07037275,0.100412965,0.061942317,-0.0045131794,-0.042837847,-0.009311249,0.073118694,0.14428468,0.15627356,0.100783594,0.012850515,-0.044442516,-0.034650505,0.025128124,0.079181194
-0.019400699,-0.005472894,0.04298517,0.08462645,0.08880793,0.046324503,-0.015864851,-0.059833314,-0.05754332,-0.019656578,0.016261218,0.017822655,-0.023470158,-0.085529655,-0.124392375,-0.114550576,-0.06516117,-0.013731336,0.0010556142,-0.027315812,-0.07412864,-0.09839724,-0.07311039,-0.011732968
-0.045463227,-0.09345147,-0.06251565,0.030912519,0.12859868,0.16724136,0.13428023,0.059629306,0.008931089,0.028094921,0.11137087,0.19483376,0.2171444,0.16299501,0.061937634,-0.010130391,-0.009428573,0.05543317,0.12362701,0.13165821,0.06342759,-0.041092556,-0.113288835,-0.10826927
0.060071375,0.02005207,-0.043920998,-0.09238118,-0.09352291,-0.056267735,-0.014659991,-0.0070303236,-0.044944797,-0.10142569,-0.13838466,-0.1268473,-0.078460194,-0.022921693,-0.0023422486,-0.025990289,-0.069741,-0.09607737,-0.0768265,-0.017942376,0.041626286,0.06468789,0.04098743,-0.0051549734
-0.084152125,-0.043719914,-0.0012211677,0.017997732,0.0006737176,-0.031195957,-0.04936716,-0.029094156,0.022219067,0.07119265,0.09129185,0.07243276,0.035937212,0.012993531,0.02678405,0.066639155,0.10128997,0.105206735,0.07246505,0.020361768,-0.015614039,-0.016496263,0.009997511,0.03548097
-0.02511399,-0.097098775,-0.1395797,-0.12465283,-0.062021405,0.0027501956,0.027451666,-0.0053191013,-0.063744865,-0.09503334,-0.065694086,0.0065805637,0.07694512,0.10147204,0.06298565,0.0013594497,-0.033994336,-0.014200465,0.04752423,0.10382792,0.11020944,0.058539152,-0.01669752,-0.06599167
-0.051124584,-0.096917704,-0.0982884,-0.07035995,-0.042712513,-0.04610799,-0.08551247,-0.14563192,-0.18540485,-0.17835653,-0.13494584,-0.08924549,-0.07012047,-0.09212325,-0.13495655,-0.15496644,-0.12817885,-0.065521374,-0.005425004,0.021321295,0.0038231378,-0.035932004,-0.057253934,-0.037491728
-0.13713613,-0.06790131,-0.0018468811,0.014729001,-0.03660636,-0.11012266,-0.15182959,-0.12041313,-0.033317216,0.0459906,0.07005591,0.026811164,-0.040567428,-0.07790023,-0.04330235,0.038981207,0.11087182,0.12533005,0.07258987,-0.009772698,-0.059455603,-0.04212124,0.021946441,0.07878975
-0.00010085276,-0.053703222,-0.08790335,-0.08486744,-0.051708028,-0.023763113,-0.02579353,-0.06236826,-0.11154447,-0.13792747,-0.12185219,-0.076426424,-0.036693502,-0.024200717,-0.048523042,-0.084048994,-0.09809086,-0.07324449,-0.02164862,0.025621861,0.039005782,0.016076123,-0.02172773,-0.041356813
-0.03920792,0.024057927,0.08917331,0.11571358,0.08717983,0.03253992,-0.0030565888,0.013208494,0.071570225,0.12657744,0.14039011,0.10141073,0.034597103,-0.01358847,-0.0079752365,0.0377683,0.08368514,0.09118172,0.046498552,-0.02402766,-0.07156314,-0.0649729,-0.01478878,0.038893133
0.060508672,0.008898523,-0.074715145,-0.12915248,-0.11357141,-0.040852576,0.0351879,0.060640994,0.018124113,-0.054037068,-0.0967088,-0.07296801,0.0037823105,0.08315246,0.10898632,0.06765138,-0.0056689754,-0.054725386,-0.037738506,0.03199693,0.10151678,0.11830666,0.06739687,-0.016980197
0.06878692,0.13579589,0.16676427,0.15551476,0.12108474,0.10337483,0.12178039,0.17348224,0.22312394,0.23404415,0.19542913,0.13481703,0.08742572,0.0789622,0.107975654,0.13506457,0.12715252,0.07458511,0.0036433414,-0.046920314,-0.05012462,-0.012731799,0.028508486,0.038937133
0.1515607,0.119662315,0.05989285,0.022474749,0.04220539,0.103839554,0.16352506,0.17465457,0.124098465,0.048447058,-0.0049956786,-0.0011018852,0.047468044,0.09698607,0.098831564,0.044181388,-0.03312941,-0.084961385,-0.076414526,-0.017680654,0.04255095,0.05958286,0.02133255,-0.039839
-0.12235969,-0.07568916,-0.029146941,-0.009928164,-0.035343897,-0.07306165,-0.08975985,-0.058670834,0.0075746463,0.06760932,0.091810785,0.06864964,0.03075405,0.012026687,0.03748664,0.090523966,0.13306575,0.13622263,0.09475617,0.033024482,-0.006405961,-0.0038732572,0.025795016,0.04956073
0.05391425,0.13685398,0.16789995,0.13593036,0.07065269,0.031923853,0.050258562,0.11958775,0.18971069,0.20562105,0.1523482,0.06902532,0.011576103,0.011165393,0.067227826,0.122109324,0.1269021,0.067407124,-0.020113904,-0.079091616,-0.07226393,-0.010337777,0.05575265,0.07419111
0.026243316,-0.016302655,0.0020798312,0.063962154,0.12462382,0.13345201,0.084158204,0.0017233476,-0.058452595,-0.05558283,-0.0030080418,0.05003959,0.053513728,-0.00025933995,-0.08448902,-0.13888903,-0.12567492,-0.059415616,0.004562515,0.022788685,-0.016250059,-0.07919973,-0.11339189,-0.08487204
-0.06715557,-0.03083408,0.06056405,0.1494439,0.18058066,0.14659013,0.0833298,0.04707392,0.07452267,0.14694153,0.21395119,0.22418423,0.16805848,0.078299314,0.016438225,0.019038178,0.07156823,0.12253392,0.11968016,0.051347937,-0.042626824,-0.10330098,-0.09369187,-0.029799115
0.08738333,0.09762689,0.060681414,0.003973277,-0.032949444,-0.031034924,0.0017864436,0.03704618,0.038743064,-0.00034118383,-0.05965826,-0.09785166,-0.09368509,-0.052210353,-0.006092845,0.0063477056,-0.023360891,-0.0713874,-0.09745841,-0.077754304,-0.022433423,0.03410502,0.054986842,0.032494072
-0.17266665,-0.16430981,-0.108029954,-0.047684256,-0.031640824,-0.062421925,-0.11027233,-0.13246979,-0.10001695,-0.026670221,0.04760816,0.07475261,0.05151106,0.0051782685,-0.02107334,0.0034014352,0.06392473,0.1217874,0.13251904,0.08536873,0.0152149275,-0.03533838,-0.036271077,0.003205872
0.039281387,0.06643877,0.027951289,-0.0382389,-0.08073735,-0.057618298,0.017891472,0.09975054,0.13476856,0.10354588,0.03739295,-0.00825937,0.008199148,0.077310696,0.15083481,0.17308398,0.1271027,0.043832768,-0.015672786,-0.013183374,0.041886847,0.10109629,0.11075329,0.056712486
0.16218053,0.20485802,0.18149394,0.12375778,0.08569909,0.10548955,0.17130725,0.23862854,0.25673094,0.2095009,0.12237494,0.057855133,0.04995947,0.093918785,0.14337005,0.1446495,0.08489264,-0.008909059,-0.07595406,-0.07546084,-0.019587943,0.044707958,0.06631039,0.031125447
-0.01963694,-0.009483804,0.035350703,0.07999873,0.092165984,0.060735863,0.008533559,-0.030412227,-0.030188683,0.004797821,0.041535888,0.04757484,0.012495034,-0.04236422,-0.0810872,-0.07851206,-0.039534103,0.004662915,0.017480094,-0.009428,-0.053870358,-0.081717774,-0.06788043,-0.01898664
-0.01214983,-0.014860261,-0.07825713,-0.16052447,-0.20995836,-0.19259271,-0.12666209,-0.057486746,-0.036222402,-0.07497797,-0.13417582,-0.15990108,-0.12139243,-0.035976395,0.047780942,0.07772161,0.04296264,-0.018204164,-0.04742793,-0.017248968,0.05435126,0.117754616,0.1240993,0.06696018
-0.07289681,-0.13244973,-0.17013805,-0.16504589,-0.1261993,-0.08290199,-0.06649034,-0.08671623,-0.12248603,-0.13850048,-0.11154345,-0.054547977,0.0069628158,0.036875606,0.023040963,-0.008480256,-0.026009409,-0.0070753675,0.04229016,0.088080205,0.09816984,0.06331963,0.0071294364,-0.035057064
-0.12005473,-0.11436534,-0.06703399,-0.022146713,-0.021790981,-0.07232772,-0.14126016,-0.18060824,-0.16298687,-0.10386813,-0.043910146,-0.027830891,-0.061969686,-0.117589206,-0.14285688,-0.11277148,-0.04218977,0.02694981,0.047924597,0.012267235,-0.044164777,-0.07383827,-0.051207703,0.0075956252
-0.15114427,-0.14438087,-0.09852437,-0.049944192,-0.039611712,-0.069204666,-0.11515132,-0.13551074,-0.10730501,-0.04603496,0.014652112,0.03661108,0.017273381,-0.020713817,-0.038703665,-0.013749322,0.03920818,0.087857604,0.098726295,0.06282256,0.007214133,-0.030891674,-0.028502483,0.0056388667
0.108775936,0.12301495,0.06417564,-0.026026228,-0.086025394,-0.07603632,-0.008666862,0.058757808,0.06823206,0.012081218,-0.07756043,-0.13454466,-0.12028364,-0.043684755,0.034476276,0.054956958,0.0067517487,-0.07245572,-0.11977709,-0.09265238,-0.0058005517,0.078632675,0.102927685,0.058626648
0.15492846,0.14079395,0.1045636,0.082897484,0.102375954,0.14975505,0.19514282,0.20406987,0.16495794,0.105534635,0.06049825,0.056922767,0.081466384,0.108647004,0.10141836,0.052521937,-0.01264144,-0.05857614,-0.06009819,-0.023920214,0.016461125,0.028766975,0.00256066,-0.03870888
-0.09660149,-0.04547794,0.005123221,0.0124547,-0.03730813,-0.10785013,-0.15266137,-0.13905315,-0.07749506,-0.016415473,-0.00066796405,-0.03940394,-0.09714918,-0.13036664,-0.10389246,-0.034212697,0.03211625,0.0536634,0.019009069,-0.040121157,-0.07300872,-0.05282942,0.008183173,0.06587228
0.00029931706,0.066686966,0.13517034,0.16793819,0.15182132,0.11600459,0.097482614,0.11661035,0.16916452,0.21981242,0.2283328,0.1866211,0.12310305,0.07425068,0.06738624,0.095478535,0.124860905,0.11830942,0.06476219,-0.008769435,-0.058243815,-0.061057143,-0.022586789,0.021957766
-0.18986657,-0.18587641,-0.13139193,-0.071166605,-0.055613216,-0.092542514,-0.15294169,-0.18427531,-0.1533997,-0.07823959,0.0016732898,0.034006428,0.012075439,-0.03871884,-0.06547185,-0.036052432,0.03375365,0.10245063,0.12312152,0.080414236,0.0076721525,-0.043501876,-0.04052027,0.004578297
-0.006762211,-0.06046957,-0.14069521,-0.19006877,-0.17546254,-0.1088667,-0.03852893,-0.011986816,-0.042647652,-0.097945645,-0.122690946,-0.091208495,-0.011523612,0.068876155,0.100536235,0.072462864,0.0152973,-0.020515159,-0.00039345864,0.06191433,0.12019884,0.1293865,0.07692485,-0.006458808
0.026405506,-0.013262505,0.0063545792,0.06261855,0.11476898,0.1140137,0.05912043,-0.024693362,-0.08302124,-0.08030538,-0.033324294,0.012908603,0.013984786,-0.0393486,-0.119536765,-0.16707326,-0.14985786,-0.08251309,-0.017004563,0.0046751,-0.029575637,-0.08734214,-0.11371715,-0.07844475
0.09497271,0.099390276,0.05718497,-0.008882989,-0.05808627,-0.064686805,-0.037050903,-0.008711797,-0.013912231,-0.05719975,-0.12274095,-0.16483283,-0.15993814,-0.11487954,-0.06530297,-0.04893972,-0.07175126,-0.11362141,-0.13492127,-0.10581825,-0.039234813,0.026032554,0.054277673,0.039360493
-0.06247334,-0.11835954,-0.1010557,-0.034390137,0.027519127,0.03078858,-0.027994353,-0.11549441,-0.16936913,-0.15014288,-0.07441407,-0.002970982,0.011988558,-0.037427872,-0.116713956,-0.15864752,-0.12702398,-0.039955404,0.039089426,0.059214797,0.012032739,-0.0631119,-0.10382172,-0.075552836
0.027940096,0.049300566,0.018950349,-0.027963337,-0.049107164,-0.014754561,0.057238508,0.12852174,0.15786012,0.13304985,0.083856456,0.054395027,0.0745351,0.13159999,0.18635508,0.19527169,0.14811237,0.0730626,0.022063721,0.020794746,0.059234858,0.0964656,0.09214658,0.036323167
0.15303956,0.1881914,0.152915,0.08593489,0.045202255,0.065960646,0.13691324,0.20820625,0.22402197,0.17249347,0.084515296,0.022127489,0.02138516,0.07447735,0.13199817,0.13660724,0.07606374,-0.016034834,-0.07903826,-0.07427421,-0.010994247,0.058494613,0.07903382,0.03645211
-0.03855014,0.04770009,0.13741225,0.17586848,0.1394804,0.06796255,0.019541347,0.038065925,0.11357287,0.18805295,0.20475154,0.14852546,0.057257384,-0.010089592,-0.006564664,0.051913965,0.11197988,0.11972801,0.057268593,-0.03823146,-0.101447955,-0.09302259,-0.026017016,0.046631027
0.00887736,0.017658217,0.050347306,0.07288531,0.06527003,0.020783061,-0.038509298,-0.081896976,-0.08767196,-0.06503716,-0.04527217,-0.05030729,-0.08764401,-0.13875674,-0.16685723,-0.15474916,-0.109585814,-0.063474074,-0.046826687,-0.061460767,-0.08866167,-0.09573491,-0.06299508,-0.0041631674
0.012928255,-0.035670705,-0.014996812,0.04991669,0.1099695,0.10977045,0.047158983,-0.04809342,-0.11343512,-0.10686782,-0.047678962,0.010282362,0.012935556,-0.046052586,-0.13620768,-0.18855509,-0.16568182,-0.0853146,-0.00910252,0.014786325,-0.026101759,-0.09345339,-0.12558262,-0.08614134
0.07835349,0.15305483,0.18191767,0.1598635,0.11219157,0.08684348,0.10805997,0.16808416,0.22403777,0.23253381,0.18348537,0.11021463,0.057193484,0.054467246,0.09547234,0.13165136,0.12493358,0.065753095,-0.014431931,-0.06697899,-0.062484365,-0.011900392,0.0394912,0.05175162
-0.12893258,-0.17367987,-0.14542274,-0.06203518,0.019659199,0.048200965,0.016598422,-0.03995357,-0.06631819,-0.029850604,0.06086752,0.14405821,0.16952437,0.12956195,0.055745516,0.011971019,0.027835356,0.093005866,0.15356031,0.15281382,0.08540321,-0.010611001,-0.0756458,-0.07545453
0.11084592,0.122114524,0.064592995,-0.02653013,-0.089880176,-0.09176868,-0.044393677,0.0067664604,0.010316434,-0.046141405,-0.13364378,-0.18880384,-0.17859314,-0.113512576,-0.039786007,-0.014808514,-0.050399885,-0.11554914,-0.15087853,-0.11809731,-0.032830816,0.05278033,0.08809327,0.058160752
0.016151112,-0.05872767,-0.117026456,-0.12989628,-0.09726105,-0.06373056,-0.06197288,-0.10728238,-0.17696723,-0.22297226,-0.21486901,-0.16238777,-0.10453744,-0.0774666,-0.099346906,-0.1421762,-0.16349563,-0.13376513,-0.06341177,0.009297114,0.043023866,0.02631223,-0.017692676,-0.046676397
0.05697474,0.029350359,-0.021801088,-0.050350986,-0.025212448,0.04241201,0.110431,0.13815969,0.113130465,0.061251834,0.03012638,0.048068024,0.10366895,0.15816733,0.16896842,0.12727945,0.05926651,0.008840305,0.010973023,0.05305281,0.09318692,0.09364693,0.04588811,-0.024489993
-0.05525862,-0.10194586,-0.09710795,-0.054906335,-0.012393105,-0.011236959,-0.0549291,-0.12004317,-0.161788,-0.15187916,-0.09802628,-0.043724917,-0.02556367,-0.05610464,-0.109851226,-0.13793014,-0.11401368,-0.047194842,0.017795991,0.040766064,0.011715343,-0.04036976,-0.07035193,-0.052239627
0.01703831,-0.059182197,-0.10962776,-0.1116982,-0.070996545,-0.03548529,-0.041023668,-0.09797302,-0.17206259,-0.21273729,-0.1958308,-0.13758622,-0.081495896,-0.066309296,-0.10166166,-0.15060195,-0.16644639,-0.12822121,-0.05346906,0.016515,0.039532904,0.011370058,-0.034913562,-0.057011705
0.11246391,0.05432414,-0.03612574,-0.10123118,-0.09707807,-0.044357434,0.008858369,0.011397356,-0.051097605,-0.1383166,-0.19343232,-0.17813532,-0.10980906,-0.038556892,-0.017958289,-0.05905038,-0.12494498,-0.15960835,-0.1258075,-0.03819241,0.045902167,0.07706108,0.04317211,-0.02060492
-0.16283485,-0.15602314,-0.10979697,-0.055734802,-0.035149645,-0.051225185,-0.083897434,-0.09588345,-0.064073585,-0.0014914124,0.063536726,0.091104,0.078753725,0.046249628,0.027139157,0.045383215,0.088999905,0.1299244,0.13629197,0.09682757,0.036395587,-0.011041627,-0.021597108,-0.00054840697
-0.105298415,-0.13637266,-0.12689844,-0.086949944,-0.04628884,-0.033918533,-0.054674644,-0.087135226,-0.09949257,-0.07652406,-0.022136787,0.028576484,0.05020761,0.03394262,0.0008126208,-0.0146771595,0.0020165062,0.044917222,0.08524916,0.090019636,0.055337116,0.003029025,-0.031725403,-0.033021443
-0.027538193,-0.055039857,-0.025683401,0.046544146,0.11724684,0.1424078,0.116830386,0.06558429,0.03359326,0.051634133,0.11132403,0.16614835,0.17516766,0.13150275,0.058045942,0.0076569477,0.007884207,0.051184297,0.09392813,0.09220477,0.039551325,-0.03517831,-0.08468487,-0.07888189
-0.06809112,-0.022473834,-0.019462323,-0.06594782,-0.13959719,-0.18705742,-0.18124603,-0.12470056,-0.06018773,-0.0361543,-0.06580252,-0.12092601,-0.14976878,-0.12327867,-0.047089767,0.02870724,0.05830874,0.031147365,-0.0228685,-0.055001836,-0.03431249,0.026991349,0.083889894,0.095328905
0.08084509,0.047541607,-0.009501705,-0.03812038,-0.008482329,0.06797549,0.14367512,0.17025633,0.13571638,0.07594757,0.04067014,0.059377152,0.119078174,0.1790939,0.18662189,0.13464075,0.05699711,0.0015566048,0.00333104,0.0511575,0.09839757,0.099515215,0.04387295,-0.033840727
-0.05017606,-0.13424096,-0.18711348,-0.17143092,-0.10020807,-0.025265034,0.0028299168,-0.029150384,-0.09133775,-0.12579644,-0.09087723,-0.006192411,0.07774606,0.111991666,0.07807093,0.013474837,-0.02770725,-0.00869601,0.060351886,0.12483009,0.13581154,0.08124257,-0.0063308827,-0.071410716
0.005966328,-0.06272962,-0.16081434,-0.22378641,-0.21016167,-0.13800175,-0.06580994,-0.045561157,-0.09071998,-0.16163135,-0.19564964,-0.15796423,-0.064844154,0.028379831,0.063749515,0.0306805,-0.03468079,-0.07234675,-0.039041318,0.046022117,0.122954205,0.13836095,0.081891224,-0.008487942
0.02632465,-0.012311343,-0.06757886,-0.09639596,-0.07588566,-0.014835175,0.046850692,0.06664756,0.037803456,-0.007014763,-0.027058084,-0.0026959495,0.055168014,0.11236165,0.124629244,0.08878863,0.035011932,0.0009897684,0.010684462,0.054598,0.09530073,0.09493794,0.04698983,-0.018546907
0.04059074,-0.0018747908,0.011007735,0.06119459,0.1131857,0.11626032,0.06450164,-0.019085256,-0.081620745,-0.08584308,-0.04346979,0.0037980045,0.0081618475,-0.043515332,-0.12305251,-0.1732222,-0.15960208,-0.094330154,-0.026915224,-0.0010261291,-0.031214358,-0.08555162,-0.111027576,-0.07844438
0.010880697,-0.030169614,-0.0542841,-0.036696296,0.019282317,0.08274473,0.118335396,0.10869357,0.07131331,0.044700205,0.057866838,0.104945034,0.15570673,0.17491585,0.14425536,0.087621786,0.041463647,0.032707095,0.06145935,0.09429059,0.09666445,0.054667804,-0.009523158,-0.05941983
-0.04354039,0.015306431,0.037690107,0.015808092,-0.034835204,-0.06236021,-0.041462503,0.024124041,0.09398884,0.123050205,0.09901392,0.045907326,0.012980431,0.02599251,0.08194962,0.13708322,0.14916024,0.10782983,0.039801423,-0.011289306,-0.012243036,0.028312514,0.06895481,0.07194202
-0.11726309,-0.071814835,-0.024840556,-0.005872758,-0.029789208,-0.06968255,-0.09052057,-0.06426274,-0.0010007368,0.058049172,0.08408941,0.06416588,0.023897959,0.0005617283,0.021650132,0.07339069,0.11818403,0.1263601,0.089875095,0.02920983,-0.012877314,-0.012868126,0.01914618,0.048622333
0.19252396,0.15439239,0.08397349,0.0401104,0.06669609,0.14239419,0.2138074,0.22436334,0.16085322,0.06831468,0.003571994,0.009885265,0.06671752,0.123896405,0.12136571,0.05166955,-0.043468714,-0.10623882,-0.09449105,-0.022417696,0.048847716,0.06639342,0.01967619,-0.051248528
-0.00012915481,-0.03809266,-0.09812276,-0.13781075,-0.1306473,-0.080068484,-0.023048868,0.00047562335,-0.0208192,-0.06274426,-0.085073546,-0.065054424,-0.0060806316,0.0570707,0.083330944,0.062892765,0.018825661,-0.012221885,-0.0020838163,0.043787334,0.09010786,0.09985389,0.0616604,-0.0012948472
0.00021750694,0.018440682,0.07405077,0.1225977,0.12904808,0.08088255,0.009921102,-0.040220585,-0.040378064,-0.0020943463,0.034576163,0.03298508,-0.017234726,-0.090769336,-0.13754083,-0.13038135,-0.0789513,-0.02334372,-0.0077882763,-0.040449418,-0.09287178,-0.11803869,-0.0884488,-0.01866233
-0.117566414,-0.14843391,-0.14045694,-0.10141399,-0.062958285,-0.048825897,-0.065225,-0.09346073,-0.102297865,-0.076409966,-0.021786494,0.027195184,0.051097997,0.041338824,0.012953881,0.00019108546,0.016674813,0.05629115,0.092387035,0.09676514,0.06435358,0.013815626,-0.023635956,-0.02911031
0.11782806,0.12733357,0.06468792,-0.031393226,-0.09921006,-0.100457475,-0.046428964,0.009694944,0.01176291,-0.048885178,-0.14218691,-0.20153224,-0.18877411,-0.115562215,-0.037056454,-0.012372426,-0.05248784,-0.1219219,-0.1596823,-0.123674996,-0.030200131,0.061514378,0.09517911,0.060728148
0.012424587,-0.07798231,-0.14150998,-0.1492131,-0.10609783,-0.067061976,-0.07228375,-0.13377252,-0.21813552,-0.26756006,-0.24942207,-0.18017773,-0.11456383,-0.09163485,-0.12589805,-0.17894523,-0.19774422,-0.15410623,-0.06663563,0.016645519,0.04781235,0.02075713,-0.031466305,-0.058841523
-0.010645633,0.0075103543,0.07778636,0.13994984,0.14750825,0.087425716,-0.001779521,-0.06812473,-0.07061475,-0.019488126,0.030219777,0.032084104,-0.028299484,-0.1192011,-0.18003663,-0.17170355,-0.10372977,-0.029558152,-0.007234098,-0.046129636,-0.11154986,-0.14674266,-0.1121741,-0.022763362
-0.059255473,-0.069135204,-0.11636593,-0.17324479,-0.20866549,-0.19851707,-0.15798815,-0.11312061,-0.09475821,-0.111360215,-0.14032222,-0.14917918,-0.11637259,-0.051667284,0.0128534995,0.043026343,0.030320803,-0.0029336107,-0.01789351,0.004553045,0.053066995,0.09378708,0.09564321,0.05437709
-0.04717651,-0.071886934,-0.052415702,-0.00085000694,0.049370702,0.06533003,0.04149655,0.0008647118,-0.02082339,-0.0019844212,0.04916752,0.0958758,0.104366705,0.07238438,0.021414299,-0.009287234,-7.674519e-05,0.039340943,0.0750217,0.073752806,0.03286286,-0.023284888,-0.05768913,-0.051133
-0.007179985,0.010414371,0.07347247,0.13028018,0.13901043,0.0894272,0.014449011,-0.041554186,-0.042467255,0.0038830633,0.04861334,0.05011451,-0.00362511,-0.08424496,-0.13924254,-0.13374767,-0.07556567,-0.012436075,0.0038097564,-0.034031764,-0.094194055,-0.12660816,-0.09805268,-0.02112467
-0.037457235,-0.015267083,0.059719075,0.13088742,0.14649393,0.09544576,0.016775806,-0.037883367,-0.030108333,0.028612012,0.08576436,0.09128741,0.03386968,-0.05224048,-0.11115963,-0.104147576,-0.04200001,0.024767555,0.0389243,-0.008864429,-0.08229979,-0.12549739,-0.10241266,-0.024468701
-0.034670692,-0.06287074,-0.024571734,0.05438017,0.12262745,0.13803673,0.098589234,0.033816114,-0.0009138081,0.024794605,0.090929404,0.14634833,0.14950219,0.096471824,0.014642702,-0.033845216,-0.02109075,0.034924854,0.083218135,0.08176878,0.02376499,-0.05608189,-0.101139605,-0.08023747
0.0055372594,-0.03257984,-0.049570944,-0.024717351,0.033005413,0.09106417,0.1168565,0.10054675,0.06459703,0.04552465,0.065165594,0.11213055,0.1557361,0.16626829,0.13025826,0.075909466,0.03713065,0.034728,0.06405733,0.091829576,0.08664242,0.041398432,-0.019700103,-0.06113016
-0.114663266,-0.1176738,-0.08002802,-0.04335955,-0.043642286,-0.08920623,-0.15521531,-0.19895872,-0.1895474,-0.13900074,-0.08323191,-0.06246861,-0.08720524,-0.13611408,-0.16068575,-0.13443068,-0.06664292,0.002952704,0.03131973,0.008262145,-0.039805178,-0.06876819,-0.048740752,0.006638862
-0.037928406,-0.036965232,-0.08298748,-0.1467479,-0.18922639,-0.18248637,-0.13836001,-0.08504039,-0.06014206,-0.07923712,-0.11692071,-0.1362527,-0.110951364,-0.049216248,0.020136002,0.05479149,0.041238073,0.0010773218,-0.023524234,-0.0087225875,0.039226793,0.08847751,0.10081638,0.062474098
0.09957176,0.036242414,0.0014609002,0.01913278,0.08207359,0.1348493,0.13959019,0.08325639,0.000703915,-0.049685895,-0.041452784,0.011623289,0.056778073,0.056947935,-0.0031288965,-0.08114386,-0.12417465,-0.10574983,-0.042391136,0.019375412,0.03346741,-0.006596745,-0.06452278,-0.09004473
-0.2110698,-0.13986246,-0.0619434,-0.036066905,-0.090016775,-0.1717375,-0.22128688,-0.18897682,-0.08588753,0.01700754,0.06033096,0.023414059,-0.044012763,-0.08491795,-0.047160275,0.05018167,0.1416817,0.16909605,0.11633396,0.022109626,-0.042759243,-0.036357474,0.028270865,0.09138266
0.049959913,0.12877882,0.15762809,0.12537037,0.058594543,0.01829746,0.03719464,0.105433896,0.17288648,0.1899623,0.13867924,0.05629681,-0.0013309944,0.0018417357,0.05850861,0.113652006,0.11988729,0.063483186,-0.022815682,-0.080550425,-0.07065364,-0.0077124466,0.056538943,0.07547194
0.03193738,0.05095187,0.0048597963,-0.06277559,-0.100104004,-0.065475665,0.021390183,0.10771837,0.13915691,0.104141355,0.03914582,0.0013366273,0.028026126,0.10693733,0.18186647,0.19790761,0.14395502,0.05647812,-0.0016164093,0.005745311,0.06526594,0.121386476,0.12004913,0.05402767
-0.10586466,-0.03257805,0.038422745,0.061753996,0.020174509,-0.044620242,-0.08131864,-0.050501514,0.032300908,0.10686678,0.12598124,0.079855785,0.011597488,-0.028925141,-0.0030213657,0.06747616,0.12677076,0.13125017,0.07469584,-0.0077772285,-0.058213025,-0.046491105,0.01109165,0.06351128
-0.028173808,-0.079493195,-0.11071135,-0.10169929,-0.06112074,-0.021724395,-0.008826158,-0.03175567,-0.07111912,-0.090703495,-0.068229005,-0.018542215,0.028168295,0.046905294,0.025105394,-0.0120865945,-0.032561477,-0.015465358,0.028455112,0.06696767,0.07343258,0.041222133,-0.008473677,-0.041805387
0.07988978,0.081219584,0.039918803,-0.020789163,-0.06204485,-0.0623409,-0.03096918,-0.0020069245,-0.006659503,-0.047028102,-0.10404282,-0.13750294,-0.1281292,-0.08484849,-0.04003738,-0.0277259,-0.05074542,-0.08882915,-0.10716584,-0.081280366,-0.022837317,0.03271059,0.053934406,0.035183534
-0.16020957,-0.1481129,-0.09049255,-0.029299429,-0.009496516,-0.03609919,-0.084693156,-0.10768475,-0.074886166,-0.0033920628,0.06817171,0.09465509,0.070653886,0.02006938,-0.00887419,0.013086726,0.07010147,0.12283547,0.13178232,0.08417852,0.011738009,-0.03949745,-0.039289974,-0.00048192625
0.02157365,-0.03578033,-0.074755974,-0.077542126,-0.047834806,-0.019368356,-0.017143691,-0.054371696,-0.110568926,-0.14462264,-0.13562463,-0.09307293,-0.050032813,-0.035649255,-0.061378513,-0.101021506,-0.11844955,-0.09356946,-0.039410017,0.012908645,0.03318921,0.013871668,-0.022932848,-0.04274527
0.015094483,-0.06141704,-0.116002455,-0.11835682,-0.071524456,-0.024907945,-0.017291578,-0.062728874,-0.13440478,-0.18001899,-0.1675229,-0.107533626,-0.043898914,-0.017263072,-0.047601283,-0.10161682,-0.13304916,-0.10917025,-0.038396552,0.034807768,0.06340808,0.03452238,-0.02295345,-0.060754154
0.035452798,0.048467763,0.09097505,0.12735464,0.13150522,0.09345436,0.038531426,-0.0060619954,-0.015446491,0.008691507,0.03200031,0.026270175,-0.017181559,-0.07765675,-0.12011936,-0.120907426,-0.08286425,-0.038726564,-0.026878724,-0.05090054,-0.08765886,-0.10478242,-0.07928815,-0.020306624
0.014958329,-0.041100014,-0.124809526,-0.17705464,-0.15989736,-0.08768988,-0.014110483,0.010729931,-0.026524786,-0.090382725,-0.123082444,-0.09169164,-0.008151455,0.075912766,0.10555158,0.07044694,0.0035567384,-0.03961806,-0.017443692,0.053980418,0.12006226,0.13011602,0.07426797,-0.012786621
-0.1242317,-0.10779548,-0.05239922,0.0018951128,0.01642602,-0.012990135,-0.061937317,-0.0844721,-0.054905783,0.007472067,0.06781751,0.08609129,0.05707571,0.0039431546,-0.023437558,-0.0025595373,0.05111724,0.09903863,0.10474008,0.05835066,-0.008378915,-0.05038306,-0.04178719,-0.00014038107
-0.06183692,-0.116360985,-0.1531042,-0.14938948,-0.11164078,-0.07193,-0.05977554,-0.07966381,-0.11326747,-0.12892084,-0.10238489,-0.047213178,0.0049862512,0.029828269,0.017251328,-0.0112710055,-0.026620641,-0.008362334,0.03733045,0.07770139,0.085170925,0.054800075,0.0058247233,-0.03134451
0.030916734,-0.0103517175,-0.072943605,-0.10778234,-0.08624476,-0.019330692,0.048643224,0.07273521,0.042111073,-0.011022104,-0.038711946,-0.013906374,0.05240697,0.118625306,0.1350278,0.096441984,0.032299977,-0.010339824,0.0018648147,0.055602163,0.10486926,0.10734332,0.054668996,-0.019737389
0.06041454,0.1287602,0.13805784,0.08057253,-0.007248401,-0.064720795,-0.05841911,0.001188161,0.05856416,0.061880432,-0.003296037,-0.09206762,-0.14691867,-0.13431555,-0.062069755,0.00647766,0.02212351,-0.02546502,-0.0987526,-0.13636492,-0.10295005,-0.016709197,0.0649602,0.091613
-0.12889877,-0.08270186,-0.036004443,-0.021088539,-0.051785942,-0.09721571,-0.122955956,-0.09745124,-0.03123045,0.030454298,0.053725883,0.029736973,-0.010151964,-0.030678287,-0.003061579,0.056515325,0.10575721,0.11327646,0.07641577,0.01861852,-0.018261546,-0.013119947,0.023847697,0.055247787
0.030277066,0.0439603,0.095646456,0.14460625,0.15624475,0.11319509,0.04347599,-0.012670409,-0.023548571,0.007916519,0.042774033,0.042751867,-0.008024786,-0.08434182,-0.13815056,-0.14018072,-0.0933033,-0.037032608,-0.019168308,-0.049265034,-0.09942485,-0.124934115,-0.09745493,-0.028303355
0.056351203,0.01362925,0.02506904,0.0764134,0.1325091,0.14023301,0.09365842,0.011927193,-0.05373574,-0.062114146,-0.021725636,0.025431246,0.030010747,-0.02083146,-0.10327149,-0.15951246,-0.15267901,-0.090993665,-0.024732066,0.0011345923,-0.028356638,-0.083447546,-0.1128831,-0.08400247
0.023297278,0.06566509,0.100158125,0.095856674,0.04997023,-0.016951056,-0.06522222,-0.07040094,-0.042945374,-0.016898809,-0.024873784,-0.07013712,-0.13122943,-0.1713607,-0.16006711,-0.114046976,-0.065488614,-0.0462175,-0.06860315,-0.10666014,-0.12058486,-0.08733113,-0.020698097,0.041605998
-0.04755029,0.0086401235,0.066324785,0.08959862,0.064345635,0.017869772,-0.01288994,0.0026576708,0.057399873,0.10947183,0.122813135,0.08885805,0.033056043,-0.008146035,-0.001827311,0.041147932,0.08280678,0.088129364,0.04816271,-0.014124404,-0.05701409,-0.05241225,-0.008935546,0.03684061
0.033078454,0.003277672,-0.042932168,-0.06540694,-0.041789133,0.017149275,0.073603876,0.093556225,0.069697596,0.026611915,0.0056277993,0.027022118,0.07951337,0.12766409,0.13557309,0.099211305,0.044018537,0.0070019737,0.01454902,0.05391732,0.08721016,0.08415035,0.03904004,-0.02250126
0.11800541,0.13113952,0.08093192,0.0014537786,-0.053296637,-0.04978156,0.0011957049,0.052809417,0.055619173,0.0014015101,-0.08096,-0.13257518,-0.12504584,-0.065102845,-0.0016615362,0.013879923,-0.026440285,-0.091997944,-0.12951408,-0.10230196,-0.025638295,0.051347535,0.078758486,0.048632916
0.08425444,0.04882506,-0.022990823,-0.062377457,-0.02826902,0.06993478,0.17553084,0.22474429,0.19325688,0.120608896,0.073023155,0.09247683,0.16926673,0.25392526,0.27426565,0.21485136,0.1116244,0.030761182,0.023816165,0.07915413,0.14014173,0.14487877,0.073095776,-0.03331364
-0.00935412,0.011578496,0.084292546,0.14807011,0.15596083,0.0917003,-0.002726148,-0.07150011,-0.07287996,-0.020354595,0.0305984,0.030523082,-0.033763856,-0.1289015,-0.19081968,-0.18046254,-0.10972344,-0.032928728,-0.009833483,-0.050776593,-0.119268835,-0.15454203,-0.11681057,-0.023662264
0.022642735,-0.033990327,-0.06373569,-0.035597537,0.03932823,0.11713712,0.1563489,0.13560371,0.080724016,0.04756126,0.07011311,0.13338277,0.19331281,0.21216059,0.1650564,0.08861012,0.033105735,0.031160345,0.07300966,0.11436949,0.114398025,0.058341596,-0.024561336,-0.08203577
-0.026895486,0.07052663,0.1697385,0.21420786,0.18217134,0.11380631,0.06714465,0.090895936,0.17348377,0.25081116,0.26635677,0.20699894,0.10877783,0.03341064,0.033356912,0.08974743,0.14577067,0.1453201,0.073861115,-0.031606283,-0.10353809,-0.09831691,-0.029506424,0.044086978
0.017857289,-0.042087294,-0.12711532,-0.17844573,-0.15989581,-0.08911287,-0.02032188,-0.0015158824,-0.04342125,-0.10718124,-0.13652878,-0.10169433,-0.019446354,0.060651414,0.08648634,0.05027019,-0.012943642,-0.049712494,-0.022920119,0.049212128,0.113926,0.123174496,0.06862276,-0.014577897
0.12524459,0.093263455,0.043623827,0.015906198,0.036866024,0.09019001,0.13988174,0.1444117,0.09683761,0.032283816,-0.008781556,0.00079040724,0.044362664,0.085470065,0.080348425,0.028679654,-0.037267428,-0.075776234,-0.061735593,-0.008006361,0.04099011,0.04858493,0.010836797,-0.03897821
0.018214729,-0.0361867,-0.06778404,-0.06165178,-0.025907634,0.0032873978,0.0015144541,-0.039530195,-0.0944158,-0.12195615,-0.106784865,-0.06285015,-0.024962738,-0.016138166,-0.04728947,-0.08861217,-0.104381524,-0.078666575,-0.026831964,0.02013156,0.03351562,0.007724594,-0.03127821,-0.048449058
-0.039585546,-0.016591096,0.05312484,0.11259264,0.11781076,0.05702634,-0.03139399,-0.0899959,-0.08091253,-0.023477443,0.029310036,0.030857125,-0.029312912,-0.11644802,-0.16720805,-0.14877002,-0.077056125,-0.006180955,0.01089055,-0.033251576,-0.101816244,-0.13494204,-0.09799317,-0.012517597
-0.0047465106,0.023682661,0.083622,0.13104407,0.13107474,0.0784425,0.011892856,-0.026103562,-0.014657816,0.02873859,0.06330954,0.053502683,-0.0043785837,-0.07655132,-0.115468405,-0.10073422,-0.048456952,0.0009388583,0.0044715405,-0.03927556,-0.09396652,-0.113027595,-0.07827492,-0.008284629
-0.046590578,-0.102316596,-0.1372065,-0.12713076,-0.07666816,-0.023903886,-0.0046481253,-0.026178671,-0.064887196,-0.08499302,-0.058614034,0.0017082558,0.060085345,0.083236,0.0600863,0.018199343,-0.008514566,0.0039280956,0.051573973,0.09500234,0.09881412,0.05738741,-0.0024128612,-0.04614319
0.029910525,0.0045843846,0.033050854,0.095285006,0.15114465,0.15370172,0.103517495,0.031822793,-0.013861625,-0.006463861,0.0388815,0.07894692,0.07250486,0.015218827,-0.06256294,-0.10854867,-0.09765739,-0.04344932,0.008010949,0.016328191,-0.02587971,-0.08353312,-0.10908511,-0.078071006
0.006377397,0.020404875,-0.014683537,-0.070702665,-0.10917138,-0.097876824,-0.0463244,0.013284371,0.03984084,0.0175433,-0.028406508,-0.05804848,-0.04266967,0.01185983,0.07365146,0.09832262,0.07320888,0.019881697,-0.018425714,-0.01338106,0.030368963,0.078965925,0.09076126,0.052510213
-0.07079402,0.013305163,0.09665304,0.123664856,0.07619801,-0.0031997175,-0.055248365,-0.03523235,0.046423104,0.12488419,0.14298889,0.08679833,-0.0009779438,-0.06283972,-0.047775175,0.025031209,0.09687108,0.11110004,0.051933598,-0.041193474,-0.101523764,-0.08708853,-0.0117984805,0.06392136
-0.049790535,-0.086098224,-0.051718168,0.037381645,0.12646593,0.16301815,0.1371743,0.07648702,0.038975433,0.06426174,0.14208364,0.21408135,0.2297757,0.18018508,0.09059074,0.028206602,0.02889676,0.08202223,0.13361518,0.1306914,0.06386818,-0.03219821,-0.09809235,-0.09520865
-0.046205796,-0.08055762,-0.08190747,-0.061549116,-0.042180058,-0.049670614,-0.085881814,-0.1342851,-0.16305283,-0.1540073,-0.11760054,-0.08299633,-0.072754234,-0.09195913,-0.12221623,-0.13180456,-0.10504608,-0.05306368,-0.006895224,0.010729559,-0.004201112,-0.03227798,-0.04358484,-0.024650501
0.17650701,0.14573355,0.09255664,0.063457295,0.08961526,0.1495059,0.20294493,0.20527314,0.1480972,0.07276213,0.02347088,0.028910808,0.06814454,0.105079465,0.094141744,0.031981498,-0.04388112,-0.08929405,-0.078708425,-0.025004013,0.027565595,0.03903062,0.0021178517,-0.049968854
0.03678088,0.083294645,0.11943285,0.11478412,0.066816814,0.001901318,-0.042826895,-0.044552628,-0.016059024,0.007684267,-0.007765535,-0.05968318,-0.12136389,-0.15834722,-0.14491211,-0.100364745,-0.057769816,-0.047959764,-0.076880276,-0.113782726,-0.1224808,-0.085214235,-0.019073887,0.040226016
-0.061651483,-0.016672853,-0.00899079,-0.048088484,-0.11436713,-0.15887657,-0.15503612,-0.10317582,-0.041900855,-0.017261308,-0.042512827,-0.09249674,-0.1223956,-0.1032209,-0.03697313,0.0318924,0.06025694,0.03637042,-0.014107565,-0.047621883,-0.0339679,0.019433124,0.072836325,0.087143466
-0.09917343,-0.10415612,-0.07028773,-0.03215408,-0.025809921,-0.06347363,-0.120724015,-0.16042893,-0.1552245,-0.1120918,-0.060770992,-0.040361755,-0.05927346,-0.10282432,-0.12986262,-0.112439655,-0.057750195,0.0046350537,0.033804294,0.015242653,-0.02887524,-0.05922302,-0.048578724,-0.00305389
-0.06499935,-0.11908281,-0.1140104,-0.065328315,-0.014463016,-0.011810855,-0.062256366,-0.13754673,-0.18557775,-0.17316242,-0.10937551,-0.044429276,-0.024963584,-0.06018316,-0.12234454,-0.15476969,-0.12743844,-0.050934795,0.02374447,0.049481753,0.015117246,-0.04580102,-0.08068038,-0.059579495
-0.007815693,0.028337505,0.058919817,0.05302487,0.00622638,-0.05908889,-0.10769253,-0.112888046,-0.08377127,-0.055479713,-0.05999696,-0.099297516,-0.15099747,-0.18410298,-0.16767304,-0.117875315,-0.06690426,-0.04568119,-0.06310932,-0.09480526,-0.10581959,-0.074179694,-0.011904904,0.045330197
-0.05390302,-0.11015315,-0.14223841,-0.12889859,-0.07905919,-0.026403345,-0.0057594064,-0.027689258,-0.06585969,-0.082502104,-0.053322725,0.0071460055,0.065505624,0.09000604,0.065571375,0.023022432,-0.0017173816,0.012423658,0.05845858,0.10066437,0.10329354,0.059206307,-0.003426989,-0.046367507
0.040783554,-0.0035547002,0.00595289,0.05530797,0.1081626,0.116400704,0.07400565,-0.0037908363,-0.06671487,-0.07358887,-0.0326069,0.014729882,0.023120597,-0.020887593,-0.098074,-0.15161978,-0.14394411,-0.08307448,-0.018509662,0.008416278,-0.018379945,-0.07259555,-0.1045659,-0.07946258
0.07415019,0.03419295,-0.025640456,-0.06853087,-0.06703411,-0.03502804,-0.0025845573,-0.0029366259,-0.045823105,-0.103572786,-0.13970974,-0.1292502,-0.084936924,-0.03830008,-0.025281725,-0.051986836,-0.09414041,-0.114409715,-0.08966713,-0.030196466,0.026521888,0.048001945,0.02642849,-0.013273147
-0.032186788,0.0007982626,0.069321126,0.13475038,0.16155574,0.14310412,0.105422795,0.08629811,0.10921029,0.15943894,0.2034486,0.20719565,0.16434097,0.10005596,0.054477587,0.052037336,0.08056755,0.106642894,0.09709734,0.043529812,-0.025793865,-0.070815384,-0.0664626,-0.025011284
-0.01186739,-0.05108586,-0.10349515,-0.13749985,-0.1348243,-0.10080636,-0.06475901,-0.05583767,-0.079266585,-0.1126042,-0.12712875,-0.10712004,-0.057398554,-0.0060451957,0.015184525,0.002099397,-0.025513692,-0.03963647,-0.021158308,0.023611754,0.06524932,0.074383296,0.04563807,0.00017771273
-0.052065745,-0.0973181,-0.09192434,-0.049951214,-0.008563246,-0.0064693233,-0.049776882,-0.1146926,-0.1557824,-0.14455497,-0.09159283,-0.03904321,-0.022678208,-0.053261597,-0.10612691,-0.13351117,-0.1089957,-0.044492453,0.016741445,0.038032193,0.009660149,-0.040673606,-0.069350876,-0.051015902
-0.03276043,0.023508966,0.0880552,0.12019798,0.09788467,0.046230584,0.008384113,0.015787054,0.0650832,0.11942564,0.13758199,0.10292757,0.038897127,-0.011922724,-0.015082025,0.023392525,0.06913729,0.08280055,0.044445574,-0.022580678,-0.07085691,-0.06998082,-0.025640164,0.028392868
-0.17442928,-0.16735531,-0.120221734,-0.07014216,-0.056597665,-0.08045525,-0.12102154,-0.1375418,-0.103670724,-0.037074946,0.029393647,0.056200393,0.042144444,0.0056591267,-0.011885009,0.014120464,0.06859524,0.117041044,0.12657072,0.08716292,0.02519655,-0.020150587,-0.022023747,0.007948711
0.018677011,-0.04340316,-0.08501008,-0.08707154,-0.054528076,-0.027019152,-0.03274117,-0.078914985,-0.14009829,-0.17484447,-0.16236848,-0.11527129,-0.07164041,-0.059034716,-0.08673418,-0.12662275,-0.14062582,-0.11030136,-0.049598824,0.007916165,0.028592408,0.008059864,-0.02870263,-0.046385586
0.008505333,0.021974236,0.06345162,0.09993282,0.103691444,0.06754086,0.01535244,-0.02341956,-0.025548214,0.0034043672,0.031153975,0.028447868,-0.011674317,-0.06775101,-0.10443978,-0.10030563,-0.06022397,-0.017086359,-0.007548535,-0.034131955,-0.073617555,-0.091371365,-0.06830943,-0.014119669
0.11426577,0.12197206,0.08520768,0.026610691,-0.013657953,-0.016702056,0.011684007,0.037703983,0.030038303,-0.013472103,-0.07534438,-0.11541871,-0.11630524,-0.08020111,-0.041027334,-0.032794625,-0.058729947,-0.09953609,-0.12174256,-0.09913989,-0.04179002,0.016017321,0.041978773,0.02972029
0.035319827,-0.042089555,-0.092252284,-0.085693866,-0.028011376,0.027699027,0.04031011,-0.0081543485,-0.085825026,-0.13360633,-0.117564216,-0.05247981,0.011603369,0.030698415,-0.013247025,-0.08063689,-0.117748424,-0.092987865,-0.0214215,0.04830347,0.06868253,0.029214948,-0.03564367,-0.07435161
0.14632866,0.11638871,0.058367692,0.020139204,0.039126206,0.10148076,0.16391222,0.17663972,0.12876014,0.055675894,0.0028270793,0.0064834566,0.054418247,0.10566202,0.1078604,0.054188807,-0.02252332,-0.07580444,-0.069586374,-0.012021651,0.046968263,0.0616852,0.023096634,-0.036895454
-0.05256538,-0.018116137,-0.016331477,-0.05372153,-0.11090952,-0.14484785,-0.13653822,-0.091596216,-0.04195724,-0.023450943,-0.046635915,-0.08820198,-0.10853167,-0.08706697,-0.02860653,0.028814286,0.05133173,0.029595919,-0.013059328,-0.038246494,-0.02226255,0.023662284,0.066847384,0.0747921
-0.119173914,-0.076624304,-0.034888215,-0.021397488,-0.046266265,-0.081745476,-0.09915148,-0.07240553,-0.010258911,0.046035163,0.07006323,0.052686203,0.01798608,-0.001906693,0.021055529,0.07260553,0.11658344,0.123166874,0.08814814,0.031730093,-0.007677934,-0.006853656,0.024819044,0.051506262
-0.118279204,-0.17038846,-0.1526305,-0.08114968,-0.0092060175,0.01068928,-0.030933484,-0.09769686,-0.13298355,-0.10324489,-0.017803425,0.06327067,0.08902036,0.050762475,-0.018308751,-0.056549564,-0.032794103,0.040470105,0.10928819,0.11941771,0.06312852,-0.021507844,-0.07657077,-0.06963512
0.05609848,0.092379645,0.090540886,0.049004685,-0.00907128,-0.050094236,-0.053738743,-0.025619004,6.757732e-05,-0.0054524364,-0.050519228,-0.10698861,-0.14181177,-0.13324025,-0.08835792,-0.046160847,-0.035138946,-0.059709307,-0.09760392,-0.11126005,-0.081602484,-0.020431856,0.034555875,0.05530819
0.1404748,0.16485603,0.13469324,0.08502885,0.061153192,0.088971406,0.15078372,0.20436065,0.20931861,0.16131987,0.08891619,0.043550864,0.04778955,0.09279827,0.13213621,0.12357725,0.064878866,-0.014744639,-0.06398667,-0.05311927,-0.00015010202,0.05060118,0.05715297,0.016712533
-0.20105198,-0.18972522,-0.12826289,-0.062263463,-0.044836532,-0.0816015,-0.14095408,-0.16622093,-0.12652528,-0.04433712,0.03943306,0.07008097,0.042930063,-0.010269343,-0.034862284,-0.0023409876,0.0682307,0.13300839,0.14533727,0.092431396,0.012851625,-0.040415645,-0.037481412,0.006173647
-0.16423473,-0.16323535,-0.12951845,-0.08815449,-0.074095026,-0.08923964,-0.117329895,-0.12485991,-0.0950296,-0.040735237,0.01762172,0.045972854,0.041136533,0.018495705,0.009225243,0.030786864,0.07209829,0.11078534,0.120258555,0.08920123,0.039505746,0.0013357712,-0.0073765106,0.007563976
0.10406727,0.032138035,-0.011008782,0.0053901523,0.073921725,0.13727966,0.15094875,0.09477122,0.004663294,-0.053537514,-0.047224402,0.010992792,0.067528546,0.07671714,0.015272744,-0.07167872,-0.124239214,-0.10926302,-0.041512977,0.029884007,0.05039609,0.007850727,-0.06139395,-0.09798811
0.02652791,-0.013774263,-0.0016221688,0.046773914,0.09751294,0.10328347,0.05840272,-0.017221445,-0.07345849,-0.07434697,-0.030975917,0.015783755,0.021215288,-0.024740169,-0.09818433,-0.14490433,-0.13218318,-0.071581334,-0.010238986,0.011493811,-0.01885751,-0.07273569,-0.10000244,-0.07257888
0.0016531921,0.025803188,0.07928539,0.12006949,0.11909321,0.07284469,0.012590034,-0.025146464,-0.018166877,0.018634299,0.045496713,0.03518167,-0.014502032,-0.07641091,-0.11173399,-0.1001145,-0.05526514,-0.013859592,-0.009638973,-0.042415105,-0.08591327,-0.10300408,-0.072665736,-0.009588017
-0.08802388,-0.08797022,-0.06231832,-0.037899826,-0.039119836,-0.07051687,-0.113114685,-0.1370682,-0.12590271,-0.08962922,-0.052959792,-0.04128081,-0.05742799,-0.08604414,-0.09719593,-0.075723544,-0.03222222,0.010151338,0.02626454,0.009507564,-0.020780424,-0.038332812,-0.0259177,0.007403933
0.0056395046,-0.057061616,-0.093773045,-0.07498813,-0.009554916,0.05582602,0.08037211,0.049546707,-0.00805048,-0.04192621,-0.019372588,0.044211365,0.10597258,0.1259528,0.08544798,0.020206243,-0.022720369,-0.013038306,0.040153574,0.091750585,0.09822102,0.049424063,-0.023684151,-0.07306941
0.027459653,0.048958547,0.090588376,0.12159531,0.12237264,0.08909696,0.045555368,0.017397314,0.020130798,0.043678712,0.06012336,0.049500555,0.008163581,-0.04407314,-0.075442865,-0.071566984,-0.041202404,-0.012085575,-0.011282835,-0.039142035,-0.07390759,-0.08591503,-0.060598183,-0.01112456
0.030766089,-0.015656328,0.0006535929,0.062010817,0.12529136,0.13556798,0.08529298,-0.0011032552,-0.066025086,-0.06697688,-0.0142058125,0.04295419,0.049424864,-0.00531525,-0.09332151,-0.15158255,-0.13968897,-0.07053183,-0.00043913277,0.022676285,-0.016073313,-0.08182263,-0.11775063,-0.0885847
-0.048110142,-0.09674815,-0.09436826,-0.05604738,-0.016982459,-0.01978395,-0.06792917,-0.13746,-0.1826679,-0.1746582,-0.122376755,-0.068511285,-0.052209273,-0.084457025,-0.1385087,-0.165034,-0.13760762,-0.066871166,0.001428747,0.02721731,0.00066290476,-0.047970355,-0.07305356,-0.049734145
0.05216768,0.06949327,0.025348553,-0.04132853,-0.08061244,-0.05384532,0.021915076,0.09599178,0.11939755,0.08213846,0.017095696,-0.022039693,-0.00094630895,0.06797516,0.13447736,0.14857501,0.101399936,0.024505125,-0.026492747,-0.01665006,0.04131352,0.09806759,0.10357807,0.050049108
-0.13573822,-0.12185862,-0.067906655,-0.012440774,0.0044856262,-0.01988705,-0.062356982,-0.08116384,-0.050679445,0.012561703,0.07475726,0.09582314,0.072269745,0.024844665,-0.0016148142,0.017289566,0.06754755,0.1132598,0.11853945,0.07320598,0.0071280496,-0.038150024,-0.036431074,-0.0009962631
0.061007097,0.08213371,0.13406132,0.1761695,0.18156113,0.13848403,0.07604099,0.026658744,0.016921662,0.040738955,0.062127657,0.05177205,-0.0019297742,-0.075622566,-0.12681033,-0.13067396,-0.091430165,-0.045973852,-0.035617173,-0.064754866,-0.10869941,-0.12710942,-0.09512127,-0.025694598
-0.05379932,-0.09008452,-0.050377335,0.039703038,0.123604216,0.14857902,0.10943464,0.037890453,-0.0014563266,0.027910285,0.10793932,0.17773671,0.18933798,0.13166268,0.037876707,-0.019650372,-0.0074101733,0.057161264,0.11545681,0.114235364,0.044993322,-0.05216343,-0.11004062,-0.093689956
-0.014020961,-0.100375175,-0.15387355,-0.1372223,-0.06285032,0.011504269,0.03582825,-0.006119638,-0.08001798,-0.1219095,-0.09179108,-0.009511624,0.070995845,0.101517834,0.058362287,-0.015013731,-0.060638,-0.040235993,0.033625487,0.10480291,0.119839914,0.06514511,-0.022640388,-0.08242348
-0.0011992728,0.01708021,0.081370644,0.1382805,0.14724517,0.08907792,-0.0023272831,-0.07010719,-0.074276075,-0.030207423,0.014397992,0.015628876,-0.041605946,-0.13163094,-0.18984018,-0.18140666,-0.117126375,-0.04645838,-0.020985296,-0.05366787,-0.11580692,-0.14720483,-0.110684685,-0.024710141
0.013585737,-0.044237465,-0.06898293,-0.03597484,0.039334822,0.10876543,0.13216576,0.0996796,0.043015562,0.014110802,0.042549618,0.1087277,0.16556484,0.17368926,0.121113226,0.047938373,0.002756483,0.012394737,0.06277819,0.105121404,0.09933232,0.040159248,-0.037182484,-0.08426729
-0.057072576,-0.015008619,0.08306129,0.17615873,0.20780402,0.16972165,0.10157399,0.06206373,0.09078969,0.16799064,0.23685989,0.24283943,0.17755653,0.079980895,0.013642548,0.017172579,0.073625185,0.12640691,0.11979179,0.044402234,-0.055118546,-0.116896875,-0.102578744,-0.031133637
0.11473991,0.09389107,0.058215555,0.038213972,0.055107392,0.09685648,0.1347589,0.13726966,0.09952356,0.049135458,0.01411594,0.016193768,0.04613154,0.07391937,0.06774894,0.026141185,-0.026428519,-0.059593882,-0.0530427,-0.014670027,0.023040907,0.030334055,0.003602464,-0.033962544
-0.02585313,0.011587259,0.094279684,0.1772344,0.21772337,0.20617807,0.1652222,0.13981733,0.16230401,0.21948254,0.2717096,0.2803396,0.23307432,0.15520085,0.09390131,0.08132071,0.10798576,0.13395289,0.12232646,0.060804587,-0.02281109,-0.082687415,-0.08481069,-0.040345307
0.0005718391,-0.03863027,-0.050890666,-0.017918505,0.046364646,0.1037216,0.12386217,0.101802535,0.064140156,0.049107872,0.07610967,0.12724166,0.16869412,0.17261842,0.12980753,0.072963744,0.036754586,0.040350243,0.073494226,0.09845905,0.086407036,0.034078307,-0.029528473,-0.06815945
-0.03189231,-0.02427133,-0.05716337,-0.1091599,-0.15086892,-0.15201548,-0.11523287,-0.064310074,-0.0372209,-0.050460685,-0.08569149,-0.10988759,-0.09522257,-0.041951705,0.021233644,0.054867316,0.04316158,0.005010162,-0.02293502,-0.015120232,0.027150204,0.07372887,0.08721724,0.05698497
0.07431839,0.07974483,0.050408717,0.005715807,-0.02560203,-0.024418807,0.0026975155,0.029068565,0.026954534,-0.006906812,-0.054962076,-0.084051505,-0.07945051,-0.045779917,-0.011321862,-0.0048879148,-0.028375555,-0.06409157,-0.08306967,-0.06440971,-0.018818893,0.025858961,0.04100747,0.02470091
-0.16565199,-0.08923869,-0.010879404,0.014103031,-0.034253422,-0.107606575,-0.14882243,-0.11295058,-0.014169304,0.0796306,0.11357544,0.07277642,0.0017324844,-0.04269018,-0.010799581,0.07599673,0.15434067,0.1701752,0.11158646,0.015414777,-0.04839127,-0.04147403,0.022711847,0.0830007
-0.013515121,0.015187049,0.08689389,0.14419098,0.14590111,0.083469056,0.00036565002,-0.05210335,-0.042543504,0.010133065,0.054410137,0.047674146,-0.016627116,-0.10483885,-0.15582058,-0.13969502,-0.07384235,-0.008869181,0.0027940746,-0.044516485,-0.11059307,-0.13893193,-0.098746896,-0.0124787465
0.079321094,0.07906091,0.035070743,-0.02615646,-0.065408364,-0.062248975,-0.025883798,0.006250626,0.0010885205,-0.041093115,-0.09868962,-0.13084175,-0.11880468,-0.07085436,-0.025327645,-0.015309314,-0.04315756,-0.08416854,-0.10248464,-0.074766174,-0.014337315,0.040751524,0.05743746,0.034226306
-0.11308807,-0.16734065,-0.1568002,-0.09518489,-0.028318677,-0.0067832395,-0.04314122,-0.10777626,-0.14489433,-0.12117407,-0.043845583,0.03434574,0.06598597,0.03653414,-0.027515067,-0.0648555,-0.045058068,0.023292806,0.09326008,0.11217669,0.06531211,-0.01436528,-0.06906226,-0.06507998
0.118424885,0.14217013,0.11100341,0.05865495,0.028926829,0.05102973,0.110216334,0.16698566,0.17695253,0.13267039,0.061738167,0.016180903,0.021252718,0.06937274,0.115864694,0.115443386,0.061860032,-0.015258254,-0.0638243,-0.053385045,0.0013277157,0.055970624,0.065526284,0.025507137
-0.047870785,-0.13124958,-0.1826902,-0.16800246,-0.09842441,-0.024955882,0.0023792114,-0.032904986,-0.09599577,-0.12897,-0.09406599,-0.010476601,0.07171646,0.10563132,0.06911396,0.0045323893,-0.034160342,-0.013370314,0.056057084,0.12186035,0.1323706,0.076161586,-0.0101278415,-0.07001178
-0.05369151,-0.09316275,-0.095404506,-0.07010827,-0.042998154,-0.044757057,-0.0791718,-0.12910579,-0.16094963,-0.15419373,-0.11351658,-0.07046602,-0.05320805,-0.072355576,-0.10845236,-0.12489547,-0.102496095,-0.048047513,0.005354755,0.027339604,0.008961171,-0.02677119,-0.04679306,-0.032071892
0.076507956,0.010873272,-0.08272159,-0.14682865,-0.1430191,-0.09211483,-0.042701975,-0.042816807,-0.1044292,-0.18581557,-0.23240884,-0.20972577,-0.13641645,-0.05941402,-0.03477531,-0.070729636,-0.13026942,-0.1579154,-0.11834814,-0.026977241,0.058000844,0.08699583,0.04899209,-0.016413113
-0.052826818,0.009393637,0.028489487,-0.0030899667,-0.06137094,-0.08885068,-0.06314635,0.008757759,0.08528403,0.11660666,0.08933872,0.03256766,0.00013825076,0.017941572,0.08321448,0.14661032,0.16255344,0.11698552,0.042378824,-0.011522542,-0.010029427,0.03575727,0.08272176,0.08482242
0.10959109,0.07580964,0.021672346,-0.009992599,0.010694332,0.06673175,0.11757204,0.122825496,0.07761348,0.015361418,-0.022882884,-0.010797443,0.036073204,0.08081357,0.08091307,0.033625625,-0.028958214,-0.06734031,-0.05407635,-0.00049678923,0.04862595,0.056543645,0.019100836,-0.03436353
0.04003585,0.011215687,0.018829696,0.052175757,0.08685076,0.088184305,0.052673724,-0.004829748,-0.04986207,-0.055775885,-0.02934165,0.0013868379,0.0018966867,-0.033434793,-0.087999724,-0.123844475,-0.1162244,-0.072573796,-0.027248126,-0.008779114,-0.027194398,-0.061277635,-0.077584654,-0.05445365
0.02461873,-0.02639372,-0.01403576,0.04004796,0.09521121,0.09743158,0.040506087,-0.051556163,-0.11952596,-0.11984457,-0.06863998,-0.013293199,-0.0062744524,-0.05927981,-0.14339904,-0.19471195,-0.17497914,-0.09921744,-0.02369285,0.004861733,-0.027141709,-0.08768102,-0.1167783,-0.08148452
-0.04109581,-0.12388311,-0.17485873,-0.16039772,-0.09292174,-0.02578849,-0.003989317,-0.04154653,-0.10614164,-0.1407257,-0.107757024,-0.02776918,0.05157039,0.08291767,0.046703886,-0.01599648,-0.05338049,-0.029825913,0.04215667,0.1087267,0.12100245,0.06816236,-0.014371201,-0.0711053
0.017110797,-0.033824667,-0.018127931,0.044471707,0.10805803,0.11431066,0.058432765,-0.03237826,-0.09914852,-0.09793072,-0.040910956,0.019399406,0.027525635,-0.027546266,-0.11586087,-0.17182864,-0.1558064,-0.07988178,-0.0033079255,0.022412894,-0.016103271,-0.08360615,-0.120015,-0.089014225
-0.20156752,-0.18185347,-0.09959934,-0.014760372,0.011002796,-0.032445192,-0.10593525,-0.14140916,-0.09886645,-0.0044325087,0.09020917,0.12247224,0.08324004,0.008384049,-0.03394641,-0.004589164,0.07372316,0.14798823,0.16231635,0.09796935,-0.0010294464,-0.068934135,-0.063677594,-0.0039363555
-0.027803203,0.08101583,0.18329082,0.21739486,0.16855168,0.089471914,0.043453082,0.07651262,0.17064114,0.2521362,0.25809315,0.18394381,0.077609584,0.0053539346,0.018297506,0.0889483,0.15098743,0.14377685,0.059982445,-0.051642362,-0.11825317,-0.10030016,-0.01713136,0.06273142
-0.07149782,-0.0050834143,0.015546902,-0.020072652,-0.090386614,-0.13065855,-0.10947803,-0.03184906,0.05325618,0.09013634,0.06196213,-0.0018180185,-0.03951749,-0.019506972,0.056106556,0.13252343,0.15672506,0.113854766,0.03575166,-0.022605937,-0.018795358,0.036191177,0.091889285,0.098894864
-0.0073365713,0.032187607,0.07321243,0.08302604,0.052822478,-0.00014774906,-0.044038493,-0.049216688,-0.018993698,0.01401098,0.016512401,-0.015952341,-0.06741605,-0.10605005,-0.10222878,-0.0644137,-0.02282564,-0.007814793,-0.027983906,-0.06492468,-0.087385535,-0.07179637,-0.022494836,0.029999405
-0.054727275,-0.037893094,0.018843105,0.0816476,0.10886427,0.09070477,0.05107942,0.025015976,0.03878654,0.0866624,0.1367828,0.14943866,0.118006825,0.06286213,0.01933192,0.016684668,0.0487423,0.085878484,0.08930686,0.04749239,-0.014526312,-0.05968682,-0.062762685,-0.026436813
-0.112164274,-0.16203038,-0.15810265,-0.10434712,-0.041788347,-0.012116188,-0.029868152,-0.0753876,-0.10463486,-0.08443224,-0.015578781,0.055298254,0.09099898,0.07614195,0.026674097,-0.008208964,0.0011613929,0.052725043,0.107849754,0.12222882,0.083634965,0.012890182,-0.04520317,-0.057650145
-0.05163551,-0.09414031,-0.09002233,-0.053703334,-0.01865318,-0.023643274,-0.07204694,-0.13594392,-0.17427021,-0.16357844,-0.114056975,-0.0652279,-0.05355873,-0.08424446,-0.13054611,-0.15071611,-0.12273445,-0.058536354,0.0016866453,0.022754868,-0.0022216938,-0.045159668,-0.06556754,-0.043459743
0.015008453,0.09000958,0.15454763,0.16046485,0.09875326,0.0076500317,-0.0530168,-0.04563109,0.010410253,0.05829106,0.04926616,-0.019157266,-0.11148804,-0.16858058,-0.15055259,-0.08403457,-0.020908924,-0.0074086166,-0.055625614,-0.12380651,-0.15351316,-0.112453304,-0.023361504,0.060229085
-0.04293981,0.028565316,0.05179528,0.01789315,-0.047236327,-0.07924541,-0.05059957,0.030973569,0.11472326,0.14579302,0.10983239,0.042663604,0.004001906,0.02405721,0.09627748,0.16413122,0.17584997,0.12011999,0.035622016,-0.022753794,-0.017035564,0.036812536,0.088865,0.09086551
0.09128861,0.10776195,0.056118287,-0.026998267,-0.08257179,-0.07358346,-0.013979541,0.04890769,0.062420975,0.011727156,-0.07070444,-0.12171901,-0.10693851,-0.040070448,0.03164156,0.052728772,0.010242512,-0.062780164,-0.10508899,-0.080279395,-0.0051298607,0.070809945,0.09570117,0.056717593
0.13335238,0.17084315,0.16768159,0.13957319,0.12066729,0.13582379,0.1806168,0.22481829,0.23780903,0.20955227,0.15308306,0.10673106,0.09212797,0.107933104,0.12840617,0.12166592,0.07990134,0.01610181,-0.035020508,-0.046573143,-0.021323208,0.013880838,0.028997373,0.011722231
0.034866747,-0.054383334,-0.11673658,-0.12064391,-0.0705263,-0.019890592,-0.013556453,-0.070760086,-0.1585454,-0.21466076,-0.20253839,-0.13435875,-0.06445142,-0.037347093,-0.07590307,-0.14097607,-0.17420875,-0.14247856,-0.05990435,0.025919242,0.06001214,0.028855061,-0.03347885,-0.0703883
0.013213896,0.03741463,0.0024957308,-0.05761002,-0.09604342,-0.072320566,-0.00063194754,0.07936778,0.11667945,0.092187025,0.0335944,-0.0052795447,0.01439159,0.081999026,0.15388802,0.1776094,0.13452601,0.054836743,-0.0006663623,0.0012899445,0.052161142,0.10479189,0.11043728,0.05569874
0.14622177,0.12712348,0.08520729,0.057686843,0.07442917,0.11993099,0.16376095,0.1702014,0.12879859,0.06713791,0.021777093,0.020046962,0.049561184,0.08041888,0.07654399,0.030607397,-0.031714875,-0.07360697,-0.06925359,-0.027109848,0.01737475,0.03106888,0.0060442467,-0.035688274
0.033442486,-0.04033421,-0.075616136,-0.036890313,0.062193483,0.15376537,0.18434994,0.14110258,0.06497711,0.02177494,0.052577153,0.13588043,0.20908818,0.22264907,0.15565528,0.05901326,-0.0056921286,0.0006930084,0.06638118,0.12699877,0.124895744,0.050590284,-0.04940581,-0.11200532
-0.11384051,-0.11004947,-0.061704993,-0.016368525,-0.018223764,-0.07344536,-0.14764777,-0.19402878,-0.18090226,-0.1217836,-0.0619112,-0.04771639,-0.08330912,-0.1415421,-0.17063816,-0.14094456,-0.066308394,0.008628602,0.033487763,0.00081548694,-0.054504853,-0.0841748,-0.059364665,0.005686766
-0.03597984,-0.09990896,-0.14227422,-0.13437116,-0.08369709,-0.030396376,-0.009378702,-0.034231987,-0.08197836,-0.108801246,-0.08333104,-0.021413486,0.041233316,0.06817763,0.043390922,-0.0033017085,-0.03210858,-0.014789941,0.039016094,0.08877483,0.09829356,0.05907437,-0.004432063,-0.05071905
0.07246801,0.11485992,0.115224734,0.06850534,0.0039597317,-0.042112287,-0.047994226,-0.019750318,0.0078060967,0.002386814,-0.048486855,-0.112640515,-0.15386362,-0.1500163,-0.1039538,-0.057532825,-0.043073546,-0.06918095,-0.11151633,-0.12889719,-0.098599434,-0.0320509,0.03318176,0.06101236
-0.024809387,0.05782587,0.14482458,0.18435894,0.15695208,0.09710908,0.0549284,0.07208263,0.14164777,0.2101454,0.22489108,0.1742423,0.08964888,0.023411507,0.020978676,0.06931875,0.119568266,0.12159542,0.061778285,-0.028340843,-0.0905839,-0.0882077,-0.028988747,0.036915146
0.08653017,0.096172445,0.048615474,-0.022941612,-0.07052856,-0.06553489,-0.019694017,0.029166298,0.034741435,-0.012233598,-0.08285329,-0.124702625,-0.114040464,-0.057144117,0.004128631,0.020990118,-0.014857546,-0.073960185,-0.10622338,-0.081248984,-0.012819685,0.055697218,0.07797688,0.04603892
