-0.12714534,-0.119915254,-0.06335482,-0.011599201,-0.0070026144,-0.06233835,-0.14216115,-0.19757637,-0.18430166,-0.12001966,-0.050647207,-0.027125545,-0.069994874,-0.13951883,-0.1808255,-0.14236993,-0.05243468,0.03306027,0.058495335,0.021654468,-0.04747975,-0.08550884,-0.061741322,0.008760897
0.054619376,0.026185963,-0.01761123,-0.03764924,-0.015765607,0.046338633,0.102236204,0.12073064,0.09187054,0.04839513,0.019047929,0.03481351,0.085754454,0.13316806,0.13209794,0.08067329,0.01548077,-0.027142059,-0.021075075,0.01936602,0.055301856,0.049652893,0.012255205,-0.04869933
-0.08793031,-0.12575534,-0.12368858,-0.08013884,-0.025113214,-0.000953347,-0.019468462,-0.060927305,-0.086903356,-0.07780505,-0.024326144,0.039323963,0.06600265,0.046828352,-0.005172371,-0.047060307,-0.048361145,-0.006035644,0.043776296,0.05436527,0.021280168,-0.036607042,-0.09136875,-0.1030269
0.006806907,0.04354149,0.079020314,0.081055135,0.03976074,-0.026712475,-0.07717396,-0.08546387,-0.055854775,-0.021624865,-0.015153047,-0.053900737,-0.11010654,-0.1479749,-0.13076584,-0.06908688,-0.005427396,0.019040186,0.001770453,-0.034494758,-0.052057177,-0.022845587,0.035773654,0.09990365
0.0004028239,0.0028787178,-0.053414576,-0.13204831,-0.1817084,-0.17237374,-0.10217618,-0.032238968,-0.009249879,-0.053549837,-0.12174705,-0.15742663,-0.12548952,-0.03950799,0.048905935,0.078263886,0.03071283,-0.042209335,-0.08596493,-0.06449447,0.0058305166,0.06974223,0.076679505,0.020168923
-0.07619955,-0.012868508,0.057131954,0.08349466,0.07025954,0.022264777,-0.00046323915,0.019004727,0.08375729,0.13517733,0.1519462,0.12012304,0.052155595,0.0044768667,0.0097258,0.056140225,0.102676906,0.10133466,0.051263873,-0.023232594,-0.07596174,-0.07356144,-0.034264565,0.006578318
-0.03174434,0.021627538,0.04741608,0.023697127,-0.018911282,-0.054263074,-0.03703483,0.016832208,0.079790995,0.09426368,0.06384921,0.0105152875,-0.026258176,-0.01796227,0.037840094,0.08953976,0.09988639,0.057041228,-0.0097395,-0.054950144,-0.054106522,-0.011164245,0.029135602,0.0332071
0.05654077,0.074258424,0.047272183,0.0005489645,-0.024034103,-0.0016172803,0.066212185,0.12774122,0.14967549,0.11795373,0.06255241,0.0248735,0.037840825,0.09044541,0.14324297,0.1455314,0.085480854,0.010578844,-0.03735917,-0.033920724,0.011005064,0.05162816,0.05525732,0.010416711
0.12634648,0.061082423,0.011194788,0.023138678,0.07173669,0.13141137,0.13390537,0.0826235,-0.004405823,-0.045964144,-0.0344781,0.015293213,0.06999791,0.0779619,0.01961698,-0.06339305,-0.11367592,-0.08804439,-0.0110025145,0.0580778,0.08587232,0.04948708,-0.0056961235,-0.026551459
0.108577214,0.18628071,0.21922928,0.19449617,0.14346485,0.10402225,0.12226153,0.18184936,0.2408093,0.24757239,0.19599743,0.10744665,0.041922558,0.032685034,0.083568476,0.13580169,0.13612358,0.07082956,-0.007716915,-0.061088428,-0.051540937,0.012168608,0.07790213,0.104702614
0.040783327,0.00090612966,-0.000864871,0.03591289,0.06434227,0.06994476,0.021910142,-0.04334457,-0.09384129,-0.08808839,-0.04654553,-0.009158349,0.002096395,-0.03141468,-0.08555717,-0.11620637,-0.09745713,-0.035558842,0.024361111,0.050424103,0.034761414,-0.0026764548,-0.018741803,0.011204399
0.045942314,-0.011339622,-0.096344024,-0.14546925,-0.13007335,-0.058353156,0.008561162,0.027519125,-0.018891722,-0.083536014,-0.12199491,-0.09194372,-0.0069276486,0.073847644,0.09765211,0.047261942,-0.033522535,-0.079699405,-0.058878504,0.015378513,0.0820905,0.09117173,0.03717249,-0.04819505
0.08880802,0.045640808,-0.03238033,-0.08704495,-0.10117345,-0.06651637,-0.032477573,-0.025934832,-0.07444331,-0.13398243,-0.1782293,-0.17439911,-0.11819729,-0.052803576,-0.025965594,-0.04222945,-0.08483868,-0.10940166,-0.08277343,-0.012982047,0.057962194,0.08844879,0.07156062,0.030324677
-0.017861808,0.0018257168,0.06241861,0.12215197,0.15244323,0.13719574,0.093181714,0.058916748,0.06628749,0.11077923,0.1581643,0.1694453,0.13023898,0.06084646,0.005619305,-0.005819034,0.027312268,0.06944707,0.07627897,0.038451057,-0.023319518,-0.06648591,-0.06308572,-0.019188913
0.15452112,0.17840485,0.13977708,0.07464708,0.030680358,0.04267699,0.10056808,0.15967934,0.16767678,0.122779034,0.042847395,-0.018147862,-0.014850415,0.037892975,0.097432286,0.10864792,0.058834046,-0.02322471,-0.067894824,-0.051856834,0.01482342,0.08303395,0.11274131,0.083560705
-0.00024707898,0.04612511,0.091670066,0.09637511,0.053523745,-0.011803357,-0.058599465,-0.060495593,-0.022844642,0.016289573,0.01876415,-0.026194464,-0.08860756,-0.12883012,-0.113720015,-0.04859465,0.020351648,0.03877072,0.009977863,-0.03402921,-0.058957066,-0.031955287,0.03526776,0.09983718
0.018075017,0.024505276,-0.021123696,-0.09004898,-0.13717325,-0.1311648,-0.07171428,-0.012297027,0.003896138,-0.03403297,-0.09816517,-0.13524221,-0.11341383,-0.04409702,0.027533466,0.05793742,0.023240624,-0.03711199,-0.07641089,-0.0563129,0.0032927832,0.059810143,0.07588567,0.03548753
0.031449992,-0.023714302,-0.110584,-0.16178532,-0.14349015,-0.06425606,0.017950835,0.04863096,0.012386256,-0.053796485,-0.0943874,-0.063709944,0.0256305,0.11591724,0.14619373,0.09176739,-0.0027718635,-0.065604635,-0.052805558,0.015627831,0.08378134,0.092879206,0.032704744,-0.06735659
0.05776634,0.029937638,-0.010812711,-0.022450145,0.015398176,0.08458366,0.14802684,0.17069905,0.14190167,0.09481558,0.068537705,0.091041,0.1435164,0.18454334,0.17698254,0.10893434,0.027789012,-0.02015322,-0.01263439,0.023348127,0.055286035,0.04349078,-0.0123266885,-0.08223293
0.0712421,0.014081565,-0.076306045,-0.13815701,-0.15344967,-0.11735745,-0.077745505,-0.07038668,-0.12004091,-0.18253988,-0.22619535,-0.2133083,-0.14242114,-0.06809658,-0.028867673,-0.042361904,-0.08829339,-0.11459273,-0.08567002,-0.007297534,0.06961659,0.10416486,0.08170495,0.029332455
-0.003889665,-0.04372454,-0.013285272,0.07120711,0.15358168,0.1896051,0.14412335,0.06559378,0.013248205,0.037101302,0.11373149,0.18592598,0.19693731,0.13164347,0.025630431,-0.05327308,-0.049812898,0.022737378,0.09003832,0.098216414,0.038791444,-0.053058892,-0.10677677,-0.08828872
0.022740109,0.031253684,-0.010194672,-0.07683107,-0.122791305,-0.119512066,-0.06560479,-0.005941877,0.015837405,-0.018188355,-0.07981002,-0.117936864,-0.09822788,-0.03247291,0.04516502,0.07265401,0.038307015,-0.025501193,-0.07007462,-0.05544528,0.0027005994,0.06255367,0.078058854,0.03653986
0.030637318,-0.053889964,-0.123058766,-0.1259694,-0.08453685,-0.028511476,-0.027822558,-0.0766265,-0.15811522,-0.20187064,-0.18800715,-0.11983756,-0.041593384,-0.008747668,-0.04297194,-0.10590882,-0.13635562,-0.10866267,-0.02806593,0.052765884,0.0854552,0.05493403,-0.0054771737,-0.046281345
0.07494489,0.036089756,0.048720345,0.11073384,0.16432352,0.18025285,0.1254301,0.044764508,-0.017101722,-0.006805511,0.04781662,0.09588134,0.09968829,0.041113943,-0.049288824,-0.10693185,-0.0913783,-0.022086678,0.052989036,0.07332126,0.04028856,-0.01895547,-0.044370126,-0.0075439424
0.21328986,0.25350726,0.21173199,0.13451992,0.07993564,0.09987639,0.1785075,0.26348203,0.2762469,0.21145837,0.10229963,0.013641019,0.010458708,0.07941647,0.1541074,0.15859514,0.084185824,-0.02583067,-0.09271468,-0.07982906,0.008028628,0.09414307,0.12719375,0.0907385
0.05111877,-0.0139949275,-0.11340483,-0.16917521,-0.15082933,-0.06734146,0.009935981,0.032970835,-0.019947853,-0.09779818,-0.14273532,-0.1084627,-0.011810287,0.08486231,0.11128405,0.051356055,-0.04208777,-0.09788961,-0.07175364,0.011718509,0.090797104,0.101427756,0.03764572,-0.0617708
-0.121330954,-0.05607619,0.019071916,0.042804815,0.009896114,-0.061436657,-0.09268044,-0.07419597,0.0042994586,0.066966675,0.09025605,0.05208182,-0.02333821,-0.07012264,-0.053482313,0.019052666,0.08389156,0.097429596,0.046133567,-0.037811883,-0.09319804,-0.085746765,-0.031559635,0.024452822
0.08074856,0.10130876,0.06143988,-0.0034701838,-0.03537854,-0.007673829,0.06663199,0.13937446,0.15843076,0.11379426,0.039795298,-0.0062271305,0.010982206,0.079257414,0.14792888,0.15041417,0.08512555,-0.0060766675,-0.062261023,-0.049611293,0.012858001,0.069957845,0.07584234,0.020342026
0.018340757,-0.05416387,-0.113396935,-0.11661197,-0.07985945,-0.032641258,-0.031641744,-0.074727096,-0.14257358,-0.17489973,-0.15767847,-0.09630064,-0.02935465,-0.003942089,-0.031696633,-0.08102509,-0.10875306,-0.08454483,-0.016341321,0.052409086,0.07674585,0.049693126,-0.0031711846,-0.037843604
0.07263772,0.032405637,-0.034904435,-0.08122238,-0.08964754,-0.058813583,-0.03009936,-0.026178014,-0.066530205,-0.1138858,-0.14734536,-0.138221,-0.088093445,-0.034389693,-0.009070151,-0.026234543,-0.06366909,-0.08614145,-0.06369361,-0.0049764547,0.054126527,0.07969568,0.06282979,0.023956764
0.0995938,0.054077733,-0.02110259,-0.060086437,-0.031268407,0.057918034,0.13586335,0.16476303,0.11557221,0.040684137,-0.011143334,0.009392174,0.08916301,0.16517058,0.1752125,0.09911114,0.0015342943,-0.062919766,-0.052209232,0.016794719,0.0826518,0.087000474,0.02747785,-0.06528871
0.017793274,-0.024967043,-0.004691069,0.068566,0.13355298,0.15055424,0.08842167,-0.00023446456,-0.060252313,-0.039331272,0.03134304,0.09539786,0.10302145,0.037273213,-0.06403722,-0.12020919,-0.09364244,-0.011201044,0.06957041,0.08785499,0.03700506,-0.03864817,-0.07319117,-0.03794252
0.081211336,0.056814656,0.008698658,-0.014191349,0.0069557573,0.07033411,0.1326122,0.15944089,0.13187525,0.079424985,0.04247485,0.04990754,0.0987536,0.14977434,0.15592225,0.10424802,0.02703932,-0.027874831,-0.026735593,0.012475396,0.055891797,0.059223708,0.018508945,-0.04500009
0.074441545,0.026811577,-0.047951754,-0.09799117,-0.107633635,-0.07145844,-0.04488546,-0.04581479,-0.09454592,-0.14662,-0.18281919,-0.16977426,-0.112432025,-0.051058292,-0.027944155,-0.048606154,-0.08161528,-0.10148551,-0.072633766,-0.0044235024,0.06034694,0.08475222,0.06931011,0.027396059
-0.09694132,-0.053020213,-0.009040993,-0.013320434,-0.06339383,-0.13769971,-0.1809029,-0.1736695,-0.11799806,-0.06919229,-0.05811425,-0.093160324,-0.14893292,-0.17605351,-0.13989797,-0.057605945,0.018311657,0.041305847,0.00430731,-0.045899205,-0.073745534,-0.046106946,0.014950592,0.06894075
-0.026156329,0.01447245,0.02110393,-0.015621259,-0.07271224,-0.11771088,-0.10422504,-0.059167683,-0.0059775086,0.0029380019,-0.025398316,-0.07824736,-0.109930724,-0.091056235,-0.026634743,0.040117703,0.051313676,0.020134345,-0.030577138,-0.0628842,-0.046459496,0.005849485,0.05057068,0.06389795
-0.13979211,-0.0843777,-0.024925746,-0.024892453,-0.08255871,-0.17539436,-0.22501676,-0.21378699,-0.13819838,-0.074548505,-0.058501102,-0.09854512,-0.16596672,-0.20192249,-0.16214885,-0.062310085,0.032938693,0.058948345,0.014596617,-0.053351663,-0.09498728,-0.06581811,0.0074625025,0.06932916
0.0013832919,-0.089106224,-0.15741995,-0.15986541,-0.12083515,-0.07271682,-0.08305068,-0.1441747,-0.2278965,-0.26048246,-0.2334294,-0.15610069,-0.07750724,-0.0501913,-0.08746936,-0.14144997,-0.15949072,-0.11339517,-0.023966681,0.05944342,0.085697375,0.04939259,-0.008273752,-0.04019218
0.015312975,0.063323766,0.112935476,0.12808636,0.1036425,0.06223635,0.03591784,0.043196883,0.080617,0.1145004,0.11812991,0.07687411,0.01885277,-0.019632159,-0.013206114,0.025530154,0.061485313,0.06533063,0.02757182,-0.02064921,-0.04796544,-0.0347772,0.012151968,0.061204012
-0.054049335,-0.003928945,-0.0027738498,-0.06386446,-0.14298879,-0.19983451,-0.17643331,-0.107978374,-0.037786316,-0.031984642,-0.08072236,-0.14787748,-0.18069619,-0.14468947,-0.04598995,0.043482896,0.062542096,0.01606191,-0.0580214,-0.09335022,-0.063840754,0.012996798,0.07120952,0.07614256
-0.03471734,-0.09136979,-0.12830058,-0.1175642,-0.068476,-0.011014315,0.009559631,-0.0137772905,-0.05910348,-0.08245472,-0.061763514,-4.580612e-05,0.06095097,0.08405579,0.052086163,-0.007835141,-0.049342003,-0.037539974,0.0075677624,0.053002488,0.059390664,0.015965777,-0.048521906,-0.09674361
0.021989768,-0.0245408,-0.095454186,-0.13855465,-0.12370432,-0.058028072,0.0057490272,0.029399857,-0.0063228854,-0.06200958,-0.09553086,-0.06924212,0.0040845987,0.07714765,0.10300687,0.05762566,-0.018857531,-0.060832843,-0.052000403,0.008897574,0.06610589,0.072153084,0.019355409,-0.05921905
0.115970336,0.06536494,-0.025621267,-0.08420366,-0.08838227,-0.029486975,0.02916038,0.045778353,-0.010095032,-0.08668468,-0.14210916,-0.13554324,-0.062106043,0.020460095,0.045278765,0.004276479,-0.07055441,-0.114582844,-0.08743994,-0.00736566,0.07689818,0.10388331,0.06981964,0.0046203304
-0.055198044,-0.11903006,-0.11490269,-0.049362443,0.012285261,0.028592398,-0.031172108,-0.12343672,-0.18453513,-0.16559882,-0.085036,-0.0022788187,0.026538763,-0.0192119,-0.10944344,-0.1616777,-0.13496868,-0.038936675,0.05473415,0.08372462,0.040256374,-0.040146634,-0.08903092,-0.0665176
0.061852943,0.033161115,0.037100546,0.07215244,0.093719035,0.09088199,0.035114124,-0.032233123,-0.08119778,-0.07121807,-0.032209896,-0.0050667496,-0.007276417,-0.047648966,-0.105319,-0.12804195,-0.099956825,-0.037063867,0.022063214,0.0432899,0.026434835,-0.0058216685,-0.008436799,0.034537084
0.019671706,-0.057188805,-0.10744957,-0.08451246,-0.010447223,0.069071926,0.093865156,0.05494574,-0.015847689,-0.053275496,-0.025320575,0.054580465,0.13117774,0.15071054,0.09491982,-0.0004020471,-0.06643975,-0.05418061,0.017374447,0.07821225,0.08970076,0.03212291,-0.05651388,-0.114518985
0.04488104,0.066050775,0.04811974,0.018625123,0.017098108,0.051859193,0.12130683,0.18210933,0.20191407,0.16905048,0.1212805,0.09431393,0.1058189,0.14843749,0.18141355,0.1667276,0.100824766,0.023689084,-0.020312034,-0.022880478,0.007659119,0.031840213,0.017484495,-0.033949196
0.08777828,0.059368644,0.005631702,-0.023370061,-0.0033457724,0.062008534,0.12584192,0.15254991,0.121092744,0.06591501,0.025110153,0.03386203,0.08933453,0.14408737,0.15378134,0.099888474,0.020114502,-0.035562996,-0.033011094,0.013645146,0.062191717,0.068649106,0.0264754,-0.041884914
-0.025476253,0.032857202,0.08703644,0.085505515,0.021655964,-0.07403665,-0.1400907,-0.1430955,-0.08907176,-0.03470159,-0.02738853,-0.0849155,-0.16491428,-0.21284124,-0.1806129,-0.082216315,0.012646016,0.041334722,0.005338055,-0.0513671,-0.08070814,-0.03838689,0.049794763,0.13558818
0.0038751883,0.017937044,0.05497617,0.08475298,0.08351449,0.05036362,-0.0046906737,-0.04150096,-0.03986152,-0.002435662,0.031167874,0.0293241,-0.009025812,-0.06042749,-0.087384395,-0.067345776,-0.016093258,0.027602268,0.03746947,0.015770007,-0.020571576,-0.033469036,-0.005293605,0.04965807
-0.11141277,-0.045463875,0.024913283,0.03295854,-0.02219334,-0.11844631,-0.17392328,-0.16632003,-0.0913883,-0.021927658,-0.00077768863,-0.04758284,-0.13115366,-0.18257491,-0.15138295,-0.05137683,0.04204195,0.07242115,0.025041876,-0.05131654,-0.099776745,-0.073049895,0.0039385576,0.081376545
0.04236521,-0.0033222851,-0.03564511,-0.017820548,0.031275462,0.08606781,0.102752075,0.07774895,0.026279084,-0.005570327,0.0066296537,0.05141481,0.09686816,0.10912884,0.06467968,-0.0020425746,-0.04871745,-0.043327905,0.0060492717,0.04645215,0.057015244,0.01960399,-0.037120372,-0.07060648
0.09365471,0.103669666,0.056432627,-0.013760766,-0.06533555,-0.06717623,-0.027501537,0.019270992,0.025066411,-0.015162478,-0.081839226,-0.12997586,-0.11803504,-0.05859208,0.010524907,0.036884207,0.00595795,-0.052124105,-0.08298174,-0.058947273,0.009288068,0.07780722,0.10353323,0.07885265
0.18404905,0.14703174,0.06832407,0.021833153,0.027556742,0.09047583,0.14595701,0.16331278,0.101891786,0.019067364,-0.045773227,-0.050979376,0.008174346,0.0741543,0.08129563,0.022966439,-0.055147167,-0.107532114,-0.081832185,-0.008640603,0.07210729,0.098862074,0.06732565,0.009706993
-0.040632114,-0.02581624,0.044411354,0.1126567,0.12258733,0.07041464,-0.02071614,-0.087006316,-0.08284978,-0.017894441,0.051171195,0.061701965,0.004546625,-0.08460716,-0.14481317,-0.12321123,-0.037497967,0.04912191,0.07519457,0.03350029,-0.03954469,-0.08148789,-0.04898562,0.03916683
-0.085715346,-0.09135901,-0.06445945,-0.03368609,-0.025145393,-0.05434592,-0.100087486,-0.13486597,-0.130322,-0.09669223,-0.053926256,-0.030514592,-0.044331085,-0.08077121,-0.10513795,-0.09201355,-0.043026835,0.008192172,0.031638265,0.0153285675,-0.022361306,-0.04707264,-0.043923,-0.012646575
-0.026514307,-0.08838361,-0.13796827,-0.13783824,-0.09627008,-0.040822785,-0.021316962,-0.04510517,-0.09310889,-0.12212217,-0.10526008,-0.045127798,0.021132084,0.05491264,0.033632297,-0.020198269,-0.062396154,-0.054349933,-0.0054497574,0.047463402,0.0653984,0.032047737,-0.030320587,-0.08099505
-0.05823246,0.009920915,0.039699264,0.0055817463,-0.04421901,-0.08153079,-0.05031999,0.022427639,0.10061595,0.11849825,0.08068103,0.018936677,-0.02658623,-0.012607081,0.057814475,0.12277039,0.1292439,0.07348295,-0.014108746,-0.06959654,-0.068861045,-0.018589374,0.02624883,0.02615041
-0.12831303,-0.10806396,-0.04893996,0.004532638,0.020180352,-0.015444849,-0.066737175,-0.09699788,-0.0668862,-0.009822638,0.051642787,0.069468744,0.027030528,-0.029212499,-0.0645728,-0.041332413,0.016214147,0.0657691,0.07075857,0.0195671,-0.0481386,-0.08761271,-0.0787,-0.032982703
0.10354651,0.014834605,-0.045154285,-0.024528598,0.043659825,0.11924469,0.12370159,0.059981044,-0.041519664,-0.087607615,-0.06481267,0.011324867,0.08916313,0.09977934,0.027521098,-0.07604486,-0.13226299,-0.098528154,-0.0015065282,0.08187568,0.10619658,0.052444838,-0.024507768,-0.061814055
-0.14065841,-0.13083173,-0.07372736,-0.018780919,0.0030818153,-0.03016504,-0.08140855,-0.11737341,-0.095154166,-0.03808459,0.027078653,0.055752087,0.024557957,-0.034729708,-0.075023055,-0.059970282,-0.004726352,0.05679595,0.07000159,0.028110359,-0.041424125,-0.08805823,-0.089435495,-0.04821779
-0.040147576,0.012576394,0.020178817,-0.035310447,-0.11087526,-0.16879949,-0.1547274,-0.09435022,-0.027162578,-0.015824895,-0.061477546,-0.12855376,-0.16462368,-0.13885713,-0.050512686,0.037188094,0.06438875,0.022153158,-0.04817079,-0.08313776,-0.061277907,0.011669368,0.07459864,0.08538333
0.056562606,0.016351955,-0.0022365162,0.024356436,0.08073622,0.14210251,0.15902367,0.13520938,0.08810196,0.06445203,0.07989516,0.12363117,0.1649676,0.16731131,0.1201783,0.039195977,-0.014663286,-0.011908666,0.024514623,0.056998875,0.059784178,0.015744308,-0.04273052,-0.07763064
0.074458964,0.035410967,-0.0288257,-0.0718314,-0.084135816,-0.05829241,-0.033717997,-0.03168728,-0.071708195,-0.11924525,-0.15296224,-0.14864327,-0.100871876,-0.04885275,-0.0259055,-0.03892869,-0.071999684,-0.08933225,-0.065144755,-0.007509312,0.050342984,0.07564394,0.06246015,0.030138953
0.14686605,0.16972877,0.13607012,0.082055405,0.045695785,0.05967552,0.11186236,0.16571616,0.17024915,0.12506326,0.05356085,-0.0035661517,-0.0021860607,0.045716256,0.09623676,0.10102007,0.048621036,-0.023768604,-0.063639306,-0.04981171,0.011500526,0.070115276,0.089858726,0.0652244
0.09593606,0.096618704,0.03450858,-0.052461553,-0.12148677,-0.13197227,-0.09378599,-0.047019824,-0.04842387,-0.09758635,-0.17546353,-0.22807778,-0.20809172,-0.13533996,-0.051796146,-0.013762669,-0.037235543,-0.08784045,-0.11375307,-0.07558493,0.009850785,0.09200988,0.12598053,0.10362974
0.024686323,-0.034443557,-0.116596825,-0.16070041,-0.14566977,-0.07472287,-0.009496827,0.010079234,-0.032790177,-0.09785557,-0.13428321,-0.102696516,-0.016790228,0.06755358,0.09115023,0.03884777,-0.03769134,-0.08085046,-0.060004357,0.0099687865,0.0753489,0.08057854,0.025125386,-0.06129896
0.11482219,0.07761099,0.009739947,-0.024351038,0.0015693249,0.08257115,0.15424271,0.18040898,0.13482092,0.06545613,0.01955229,0.03288732,0.098568104,0.16545995,0.17314284,0.10178623,0.003842077,-0.056541532,-0.04674635,0.012608069,0.075498454,0.08090081,0.026138287,-0.052333627
-0.08613386,-0.12439639,-0.11274007,-0.06629514,-0.015645647,0.00079117256,-0.03001508,-0.08163623,-0.108785,-0.08535772,-0.024795024,0.03954901,0.060426157,0.026795845,-0.026746374,-0.061247613,-0.047352076,0.009653756,0.05574199,0.06574965,0.023355402,-0.03703996,-0.078809395,-0.07667049
0.010097019,0.09202834,0.18094225,0.2144276,0.18664433,0.119638234,0.08188252,0.09526838,0.15955372,0.21662204,0.22442937,0.16334547,0.069502525,-0.002211087,-0.0075603807,0.045281045,0.10261034,0.10824242,0.05438745,-0.029882155,-0.08508919,-0.07313606,-0.0052040587,0.06870614
-0.025580235,0.017082756,0.11343732,0.1977024,0.22541952,0.18214299,0.110892504,0.065699145,0.08986283,0.16254161,0.2305498,0.23094447,0.15362498,0.045220613,-0.023995463,-0.01467297,0.048068732,0.10990131,0.10966348,0.039934427,-0.052470513,-0.10205915,-0.077380985,0.005910636
-0.012319304,-0.026638648,0.004935218,0.064939134,0.12306434,0.1454344,0.12052791,0.0788516,0.05459294,0.07484315,0.12418756,0.1670838,0.16583574,0.11463434,0.04655259,-0.002382523,-0.0024916946,0.038899776,0.06929172,0.063628934,0.015122874,-0.04577145,-0.08266627,-0.07076726
0.18834011,0.21989238,0.17340429,0.09250213,0.037758008,0.059426583,0.1290806,0.20609738,0.21476527,0.15560076,0.053066093,-0.025774231,-0.020968946,0.050272,0.1301714,0.14209126,0.07893807,-0.023583775,-0.08992409,-0.06794022,0.016862001,0.10120584,0.13500318,0.09659328
-0.009417087,-0.061250567,-0.09404658,-0.0835881,-0.03942924,0.007979392,0.021242712,-0.0051025855,-0.050544593,-0.07131532,-0.05252139,0.0020990495,0.054824952,0.06869,0.036061734,-0.020608831,-0.056336235,-0.040911436,0.005598277,0.048285086,0.05506279,0.01787989,-0.038209986,-0.07581509
-0.10982939,-0.16081806,-0.14308566,-0.07192313,0.004087091,0.036382783,-0.0021637154,-0.072011426,-0.10858798,-0.07960987,0.0047232118,0.09298446,0.12084634,0.078120776,-0.0026487904,-0.060494177,-0.048800856,0.021224555,0.08434203,0.093567096,0.034473605,-0.054694064,-0.11582215,-0.11717421
0.02122052,0.06964538,0.11345193,0.111903526,0.05884087,-0.01700706,-0.07235389,-0.07562946,-0.040869046,-0.004832072,-0.008207238,-0.062487435,-0.12883757,-0.16966847,-0.14741367,-0.07706003,-0.0039343513,0.020932347,-0.0069991867,-0.04772343,-0.06421279,-0.026610661,0.046313092,0.12010997
-0.12684141,-0.117807336,-0.06941661,-0.026342543,-0.0062469677,-0.025287509,-0.058731038,-0.0794745,-0.05815081,-0.012812562,0.033899195,0.05801104,0.037170045,-0.006827018,-0.035123255,-0.025801837,0.017862327,0.059914313,0.058866244,0.02505784,-0.033179145,-0.07225779,-0.07438799,-0.051145624
-0.018275125,-0.09158174,-0.13543971,-0.11138115,-0.041733894,0.0322119,0.053292572,0.015357129,-0.049953103,-0.08065153,-0.04893882,0.030687964,0.10381355,0.12221919,0.06845426,-0.013726792,-0.06864385,-0.047637485,0.018199012,0.07566644,0.0793887,0.018400265,-0.06641849,-0.118968144
-0.025670186,-0.0077094673,0.05158384,0.11106115,0.13775696,0.11771955,0.072226256,0.037701715,0.04522643,0.08795572,0.1348005,0.14556584,0.105787806,0.03788173,-0.01627998,-0.023782473,0.0140496865,0.060079727,0.07003739,0.031714007,-0.028345842,-0.07001766,-0.06482788,-0.017993525
-0.099473216,-0.14736591,-0.13090186,-0.056900218,0.024162544,0.05716268,0.024217194,-0.042128734,-0.07980072,-0.058510404,0.023341965,0.10977891,0.13623278,0.09362426,0.0059109377,-0.058997855,-0.05769764,0.0087321,0.07900696,0.0861205,0.029611602,-0.06033218,-0.1304571,-0.13368966
0.028880218,-0.03954645,-0.090253994,-0.09079491,-0.059988916,-0.016843673,-0.01919313,-0.06097477,-0.12653443,-0.15676354,-0.14369886,-0.09027171,-0.029050725,-0.007275916,-0.03403432,-0.08507486,-0.10779584,-0.07939635,-0.018558318,0.045616455,0.06989286,0.043814294,-0.0008009341,-0.028651001
-0.04135674,0.018838266,0.036369625,-0.011016292,-0.082681514,-0.14088012,-0.12087895,-0.05674884,0.017801262,0.03340316,-0.009128541,-0.07854842,-0.12248249,-0.10297015,-0.022496501,0.059580747,0.08079509,0.03580315,-0.03696961,-0.08407943,-0.068696216,-0.0019186392,0.0601856,0.072927274
-0.06271753,-0.012492478,-0.008364566,-0.067550085,-0.14486898,-0.20161156,-0.18354186,-0.12053718,-0.049324494,-0.03703534,-0.08208509,-0.14535204,-0.17750461,-0.14449382,-0.051705312,0.03864111,0.06745245,0.021879345,-0.049183875,-0.08466524,-0.06166108,0.011277049,0.07452561,0.07910341
-0.028983468,0.03874611,0.06878374,0.039690517,-0.010029037,-0.0460689,-0.014368876,0.05689843,0.13157217,0.14382505,0.10182433,0.034754574,-0.012219239,0.0005091001,0.064204335,0.12402307,0.12870774,0.070094384,-0.013431823,-0.06921888,-0.06617531,-0.015781397,0.032414995,0.03553991
0.09231094,0.16247809,0.19328739,0.16927904,0.12114219,0.085634016,0.1001008,0.15204892,0.2013376,0.20594569,0.154713,0.07469859,0.017832944,0.011594769,0.05101073,0.09499294,0.102598555,0.049683567,-0.016757268,-0.060527224,-0.05104098,0.003552367,0.06585502,0.09011641
0.033118673,-0.008383129,-0.011108911,0.021362893,0.050302085,0.05515231,0.005673082,-0.061529454,-0.11666762,-0.10979993,-0.07094176,-0.029595884,-0.014817434,-0.051005792,-0.10755652,-0.13626692,-0.11006998,-0.042860765,0.019598987,0.052501827,0.0349476,-0.0028919138,-0.017660754,0.01125513
-0.023863604,0.050025575,0.12649763,0.14473277,0.10505636,0.029786885,-0.007954378,0.007225964,0.073991425,0.13092071,0.13745907,0.07986875,-0.0047210674,-0.06389951,-0.05112676,0.01758153,0.0813966,0.09060032,0.0381221,-0.038246423,-0.0848917,-0.06305967,0.00699161,0.07641905
0.014211697,-0.08498296,-0.1660346,-0.17268194,-0.13356437,-0.078913644,-0.081003696,-0.13826732,-0.22599998,-0.2703027,-0.24790236,-0.17012496,-0.08130822,-0.04204229,-0.0712614,-0.12917772,-0.16103683,-0.12321222,-0.031727526,0.058873165,0.096478194,0.06511509,-0.0007887983,-0.0420106
0.18994465,0.15485097,0.082084075,0.038745537,0.050180197,0.118505314,0.17327583,0.18865208,0.12534004,0.049650166,-0.00976017,-0.011738551,0.04327184,0.10015654,0.10607503,0.04509257,-0.03585826,-0.08596981,-0.06880583,0.0031077093,0.07716588,0.09912504,0.06667095,0.01192504
-0.037217893,-0.025022639,0.04218659,0.103628404,0.11539078,0.06367783,-0.030750334,-0.09853007,-0.10042582,-0.03556158,0.030860724,0.04582585,-0.006974444,-0.09865436,-0.15469602,-0.1361111,-0.04874103,0.04185834,0.067475185,0.034033593,-0.036533404,-0.0750191,-0.045996584,0.03896156
0.03444802,-0.051600106,-0.12233949,-0.12856825,-0.08829366,-0.031354584,-0.028890004,-0.07884453,-0.16235654,-0.20515656,-0.19198701,-0.12341778,-0.0416495,-0.007983782,-0.042440362,-0.10697966,-0.1408651,-0.11132068,-0.029357826,0.055717666,0.0900935,0.059188895,-0.0015958159,-0.043785658
0.11863949,0.037330415,-0.027534056,-0.022764495,0.023143064,0.0882418,0.08779166,0.031185253,-0.06760212,-0.11818647,-0.11168312,-0.054392833,0.016962878,0.037414625,-0.01594993,-0.09638657,-0.13811132,-0.10900385,-0.024473473,0.06253772,0.09845699,0.064521104,0.009104957,-0.019312985
0.020122834,0.02473811,-0.016529536,-0.07563836,-0.11456333,-0.105993636,-0.061414447,-0.014022526,-0.0018015219,-0.03371256,-0.08471978,-0.11494386,-0.09681073,-0.035053205,0.029628702,0.054074917,0.023994582,-0.029001113,-0.06406017,-0.045959525,0.006870023,0.056023873,0.06812064,0.033455364
0.0048667956,0.0046342784,-0.04243645,-0.10108867,-0.13097633,-0.113822944,-0.055973385,-0.002313916,0.013290883,-0.023912417,-0.075658515,-0.097184874,-0.069291726,0.00029049692,0.06350686,0.07677188,0.03563122,-0.029823132,-0.06060467,-0.043562323,0.0108013395,0.056574736,0.05697903,0.0047882935
0.103594914,0.024169704,-0.037357192,-0.027509194,0.027878152,0.095943,0.10082982,0.04644126,-0.042739287,-0.0867901,-0.07043927,-0.0055805934,0.06473028,0.082862444,0.028340422,-0.060645472,-0.112379625,-0.09189686,-0.007593249,0.068540245,0.09889638,0.06001016,-0.004450319,-0.041282415
-0.035472035,-0.08991634,-0.12848112,-0.12188044,-0.0810245,-0.033630736,-0.01809605,-0.041138276,-0.083609775,-0.10710083,-0.087984495,-0.03141756,0.024843134,0.04886477,0.023144774,-0.02669324,-0.06109236,-0.047372557,-0.0011670148,0.042192556,0.052165277,0.016582431,-0.04152461,-0.0833263
-0.14994621,-0.15080856,-0.1011049,-0.05690519,-0.057740215,-0.115829326,-0.20028818,-0.2560503,-0.24441528,-0.18304472,-0.116947405,-0.08992244,-0.1216412,-0.1820604,-0.21240427,-0.17012799,-0.072804265,0.01798525,0.044242855,0.016587107,-0.04681982,-0.08014312,-0.05827953,0.0059601725
-0.038299885,-0.115330264,-0.16336635,-0.14736117,-0.08180906,-0.00797414,0.010820572,-0.028412545,-0.09241516,-0.11968428,-0.08611126,-0.0018020094,0.07703765,0.103441834,0.057463083,-0.02577856,-0.078915544,-0.05500074,0.0107232975,0.07180694,0.08039378,0.02074092,-0.0647791,-0.12285181
0.15465826,0.1184175,0.04727627,0.0023294834,0.007485337,0.06781838,0.11981009,0.13567732,0.08410281,0.016943429,-0.035779152,-0.03581502,0.020692166,0.08176299,0.097112015,0.044501327,-0.030526204,-0.0793023,-0.06442144,0.0011534609,0.07292705,0.09621953,0.06681068,0.010277468
0.09130392,0.04846334,0.0159429,0.020558402,0.03937338,0.068025805,0.059437625,0.021026915,-0.036469612,-0.061844397,-0.05788962,-0.033263665,-0.0010807974,0.0040401975,-0.030546414,-0.0719317,-0.08845616,-0.065337494,-0.014088237,0.03303197,0.053571608,0.03665729,0.016978431,0.01466111
-0.019938968,0.050424922,0.116491176,0.12052594,0.05312403,-0.04748878,-0.112604305,-0.10924607,-0.04851016,0.0063752336,0.0077196327,-0.06177225,-0.15219192,-0.20524886,-0.17760433,-0.076796174,0.021560632,0.048950013,0.00561729,-0.060742,-0.09476738,-0.052653357,0.04248893,0.1353494
-0.041294686,-0.091344,-0.09405175,-0.051536404,-0.012949773,-0.0056402725,-0.0493127,-0.117771804,-0.16337366,-0.15010314,-0.09050798,-0.030752454,-0.009325705,-0.039333154,-0.099021785,-0.12999818,-0.11058806,-0.03717419,0.03346357,0.057081215,0.030629292,-0.023543725,-0.056677986,-0.03667916
0.092663415,0.008917043,-0.059775308,-0.054577127,-0.0013543875,0.066354066,0.066325344,0.009659059,-0.085391395,-0.13373248,-0.11837815,-0.05106169,0.022942366,0.045963112,-0.0043977485,-0.085194044,-0.13026801,-0.105156146,-0.018192934,0.066159815,0.09948988,0.06342212,-0.002161838,-0.038183097
0.108370066,0.065026306,0.026404344,0.030655134,0.05931681,0.09380792,0.0827825,0.04365776,-0.021061145,-0.05347696,-0.05162276,-0.022614349,0.010467241,0.013085847,-0.023261227,-0.06781209,-0.08519464,-0.069615684,-0.015095618,0.037106827,0.058250695,0.044733256,0.01775788,0.0108768325
0.010915686,-0.06145212,-0.11513881,-0.11252423,-0.07293496,-0.025370266,-0.022924371,-0.06622925,-0.13332133,-0.16469494,-0.14548908,-0.08270632,-0.015990883,0.006861391,-0.027337732,-0.0842083,-0.114180915,-0.0847787,-0.014710055,0.050671976,0.0721404,0.038460582,-0.018184852,-0.052538432
0.08294494,0.17569679,0.21589203,0.17583436,0.10120228,0.04116537,0.05653803,0.12895319,0.20505247,0.21884897,0.15579373,0.050220974,-0.026581744,-0.03092207,0.040752113,0.114025064,0.13037804,0.06616708,-0.029138198,-0.091912545,-0.077330835,0.0028408777,0.08772511,0.121836774
0.037534546,-0.010623287,-0.002797076,0.06107126,0.11932214,0.14150701,0.090526566,0.008457001,-0.052891456,-0.04341453,0.016220735,0.07504377,0.09196605,0.042606976,-0.04983985,-0.110151105,-0.09553608,-0.025088623,0.056163535,0.08091759,0.045605313,-0.02195157,-0.056267116,-0.030981561
-0.014312904,0.03711597,0.059074577,0.037305314,-0.0038799767,-0.03287085,-0.0049797185,0.05175089,0.11190352,0.119355276,0.08594438,0.030238563,-0.004735667,0.007990109,0.05910647,0.105169885,0.102796115,0.054481715,-0.009508272,-0.054037355,-0.048733372,-0.0081279455,0.029288199,0.031305093
-0.015577998,0.043262627,0.06378724,0.03050049,-0.019794993,-0.05462991,-0.02443548,0.040040165,0.107195474,0.11758077,0.07720987,0.014412884,-0.025415633,-0.010707511,0.05363029,0.1147203,0.11793858,0.0610227,-0.014081361,-0.06023522,-0.052715342,-0.00016348872,0.04794477,0.05034798
-0.0065692468,-0.04902715,-0.104468614,-0.13331044,-0.122238874,-0.08093444,-0.04161626,-0.03281635,-0.05936141,-0.097934105,-0.11471834,-0.08638592,-0.028987125,0.0247082,0.039677817,0.008440147,-0.03626006,-0.05907604,-0.03811476,0.0064754793,0.046708796,0.0485811,0.009980499,-0.046500884
0.005301203,0.012251712,0.048329946,0.08273078,0.08303727,0.049577966,-0.0033733083,-0.04248444,-0.044256557,-0.010718217,0.022177707,0.022529723,-0.009039769,-0.06087094,-0.09307514,-0.078170024,-0.028505497,0.019943485,0.037193354,0.018798681,-0.017317912,-0.033874076,-0.009073762,0.04444614
0.019544296,-0.05109726,-0.109053314,-0.1117741,-0.07689428,-0.031717684,-0.02987932,-0.072346315,-0.13958819,-0.17312072,-0.1572272,-0.09825369,-0.033405524,-0.007134532,-0.037836242,-0.08933738,-0.11775088,-0.0918592,-0.02098745,0.045684405,0.07177317,0.044081558,-0.008057523,-0.040805954
0.04997998,0.0005514794,-0.003161551,0.048004687,0.09085595,0.09658989,0.033859614,-0.055054065,-0.1196669,-0.11059338,-0.05060474,0.0023973435,0.013594114,-0.033469982,-0.11532227,-0.15371285,-0.12790543,-0.050988954,0.03943068,0.06952015,0.044169024,-0.0077889585,-0.030028764,0.009624061
0.122585416,0.14295766,0.112098165,0.059338722,0.025386993,0.034227446,0.07749098,0.12711082,0.13544013,0.09814535,0.033090863,-0.016015772,-0.013661274,0.028976291,0.08239783,0.09037312,0.05114982,-0.01750268,-0.056898464,-0.04535532,0.009155942,0.0675888,0.08834322,0.06232464
0.032642953,0.0067546205,-0.03909228,-0.06706556,-0.058432784,-0.0100433845,0.038114082,0.06068074,0.042220213,0.0021866164,-0.025585858,-0.015655672,0.030207722,0.08343242,0.10408098,0.07040295,0.012946069,-0.028587738,-0.031159626,0.0037280219,0.044890303,0.05221931,0.020424932,-0.03548668
0.20813142,0.1707091,0.0958583,0.05734416,0.07039927,0.14325182,0.20298085,0.21549493,0.15034239,0.0731174,0.017226566,0.013737042,0.06947729,0.12738825,0.12675641,0.06327753,-0.02813672,-0.08127814,-0.059219707,0.0124645205,0.08690705,0.10463142,0.07135598,0.018341472
0.08197645,0.09791169,0.040336736,-0.038891703,-0.0789123,-0.044473168,0.049493723,0.13367313,0.1533735,0.09599079,0.012057603,-0.03780644,-0.011176177,0.07972706,0.16063337,0.16697942,0.08381916,-0.022082813,-0.078622505,-0.05934361,0.02019366,0.08546739,0.088496335,0.020962814
0.08083912,0.0559501,0.008966659,-0.014487176,0.005915367,0.06082249,0.11314096,0.13415115,0.10368857,0.05348055,0.019809263,0.029055808,0.07558985,0.12035316,0.12578346,0.07414872,0.002759606,-0.041318383,-0.033567693,0.006878345,0.05051946,0.055696793,0.013411358,-0.04386641
-0.12735112,-0.12471529,-0.07290087,-0.02394376,-0.025247391,-0.08079378,-0.16181941,-0.21830875,-0.20455632,-0.14188804,-0.07243702,-0.050286613,-0.089709304,-0.15101899,-0.18579108,-0.14631523,-0.057127148,0.028213354,0.05384367,0.018742407,-0.04399021,-0.07931628,-0.053285696,0.016442426
-0.11319014,-0.08277244,-0.0456114,-0.04827564,-0.08721308,-0.1497071,-0.18792929,-0.18748452,-0.14263318,-0.095136754,-0.07605649,-0.09408671,-0.13680883,-0.16145466,-0.13318887,-0.064624384,0.0016185408,0.033198323,0.0065962397,-0.033367578,-0.06130675,-0.046080023,-0.00039634894,0.044654936
-0.031609856,0.014431083,0.03408721,0.010800262,-0.0307046,-0.0647889,-0.050096158,-0.005829497,0.044570748,0.055987038,0.03022989,-0.016804848,-0.051756896,-0.043471117,0.0017237088,0.052707963,0.06401076,0.034930162,-0.017339146,-0.054105956,-0.05100989,-0.014510109,0.023037538,0.034063175
0.12365629,0.07253435,0.03441814,0.048115347,0.09205431,0.14752473,0.14981838,0.10707366,0.030034998,-0.007976799,-0.0061930134,0.03226694,0.07650826,0.07961679,0.020551976,-0.051518705,-0.08584583,-0.06947777,-0.00604263,0.05363998,0.072697006,0.04003015,0.00081048737,-0.016553758
-0.09562945,-0.09259347,-0.0590305,-0.032869563,-0.038402643,-0.07998769,-0.14087734,-0.17877501,-0.16901681,-0.124382384,-0.07958374,-0.0649757,-0.09233347,-0.13300198,-0.14800051,-0.11247429,-0.04211601,0.017154265,0.02971671,0.008931119,-0.032667078,-0.050326396,-0.02792767,0.020266563
0.009916664,-0.06444946,-0.12390419,-0.12969573,-0.10164092,-0.06423699,-0.07358751,-0.122898184,-0.19303636,-0.22416309,-0.20577228,-0.14582476,-0.08084007,-0.053934403,-0.08149251,-0.12754504,-0.14449377,-0.10640855,-0.030783577,0.039569598,0.06820192,0.0427502,-0.0048716795,-0.03078266
-0.081740364,-0.11623943,-0.09979386,-0.04236562,0.01774098,0.044744167,0.018742543,-0.030163605,-0.058254033,-0.04033626,0.021719003,0.08557605,0.10317004,0.07073134,0.0064005954,-0.041092318,-0.037975483,0.015095104,0.06053781,0.064750396,0.019947642,-0.050225135,-0.10149527,-0.101409964
0.14977467,0.12758116,0.086992264,0.06840657,0.077677034,0.11678721,0.14632861,0.15005986,0.10744265,0.059962735,0.021706939,0.01683363,0.04873134,0.07350599,0.06645308,0.024977734,-0.020945175,-0.051149886,-0.033841047,0.009966771,0.051824402,0.06461493,0.050242405,0.0226549
-0.1257814,-0.11055426,-0.05863161,-0.01022092,0.0108343335,-0.012337597,-0.04548672,-0.06606737,-0.04081343,0.0054440256,0.057205107,0.07803487,0.048133306,0.00078326644,-0.0333083,-0.022090938,0.01733928,0.059504244,0.062372144,0.019809226,-0.040850617,-0.08202023,-0.085693575,-0.055603843
0.022053596,0.07501845,0.13104352,0.15026778,0.13341688,0.091975465,0.06758449,0.07838761,0.11885503,0.15356651,0.1541515,0.11318703,0.054200854,0.0069799656,0.008438577,0.040635325,0.076228514,0.0742265,0.034890372,-0.017155485,-0.050739005,-0.037993558,0.0058038253,0.050141174
0.073792,0.0017310284,-0.043389004,-0.009904591,0.08882873,0.19279855,0.22419818,0.18487601,0.101334766,0.055303734,0.07677376,0.16098988,0.23945266,0.250735,0.17056577,0.038325958,-0.04493791,-0.04629442,0.028115258,0.0923067,0.100608766,0.031133937,-0.07177517,-0.14261091
-0.04452358,0.0044359774,0.008318844,-0.045720853,-0.117394164,-0.17018564,-0.15424408,-0.09482772,-0.030022206,-0.02197077,-0.065843366,-0.128068,-0.16133776,-0.13124394,-0.045489967,0.036505446,0.060938496,0.017074076,-0.04908864,-0.083262965,-0.059429143,0.010370214,0.068558045,0.07519731
0.119036876,0.20311545,0.23731658,0.20301834,0.1393347,0.09492185,0.11771972,0.18632098,0.24822833,0.2519072,0.18676643,0.086111546,0.01652102,0.01235997,0.072131425,0.12792046,0.13018869,0.06295193,-0.025271423,-0.07924889,-0.061024122,0.011919526,0.08812254,0.11733266
0.030917648,-0.0336833,-0.08247017,-0.07930179,-0.046228927,-0.0015666642,-0.0019577697,-0.043840263,-0.1091157,-0.14005421,-0.12628959,-0.07448174,-0.016691718,0.004033743,-0.030930322,-0.08171783,-0.10550706,-0.079033226,-0.0149429245,0.04657095,0.06777175,0.037949283,-0.0063229287,-0.032147873
-0.036592245,-0.08068254,-0.14161305,-0.1775395,-0.16853866,-0.12334318,-0.07734294,-0.06059901,-0.08338861,-0.124383055,-0.14501911,-0.114858456,-0.04984961,0.014414603,0.04043844,0.018217908,-0.026578134,-0.055431347,-0.042559486,0.0062877415,0.047630742,0.052181777,0.010691199,-0.055764236
-0.03396984,-0.08421478,-0.115031995,-0.09944304,-0.050120723,0.0061610127,0.02838298,0.010190743,-0.03050935,-0.055040095,-0.03718355,0.018680653,0.073925965,0.09456423,0.06121594,0.0031781527,-0.03749322,-0.029368758,0.010113959,0.04889922,0.051761106,0.008267718,-0.054566,-0.100472175
0.13606063,0.081255056,0.039306883,0.051728796,0.097421765,0.15210329,0.15430383,0.11181438,0.031286005,-0.011239367,-0.010816936,0.028463976,0.075878695,0.078097485,0.023194905,-0.052852064,-0.0932985,-0.07630097,-0.011080335,0.052089732,0.07573339,0.046959158,0.0012568728,-0.017819433
0.06799289,0.030725349,0.030971467,0.06848201,0.10095607,0.11123322,0.061270446,-0.00765447,-0.06625334,-0.062092256,-0.025952416,0.010932831,0.019584795,-0.019938251,-0.08566061,-0.124228776,-0.10089573,-0.039596755,0.02376051,0.053650048,0.036913898,-0.0025071537,-0.013688646,0.018209882
-0.09523268,-0.008453265,0.09135207,0.124067366,0.08641963,-0.0037438667,-0.05222238,-0.03609941,0.05428009,0.13456847,0.1587441,0.10534513,0.0037718788,-0.071360596,-0.059837982,0.026072325,0.11415692,0.1293658,0.06579689,-0.036752217,-0.10984268,-0.09662606,-0.018799303,0.05987257
-0.12397636,-0.0780847,-0.024937857,-0.021100614,-0.06633215,-0.1497447,-0.19975138,-0.19766289,-0.13772644,-0.07896804,-0.057659928,-0.08589602,-0.14760219,-0.18836817,-0.16037647,-0.07328042,0.014366298,0.04754704,0.015786564,-0.042095266,-0.083292134,-0.062038183,-0.0010640217,0.05967817
-0.07037591,-0.12415259,-0.14127359,-0.12112741,-0.10209696,-0.10919946,-0.14983174,-0.20883748,-0.24603169,-0.23640081,-0.18819986,-0.13265191,-0.10315338,-0.11605198,-0.14948314,-0.15891053,-0.12912634,-0.06093178,0.007408458,0.036836825,0.024487976,-0.0092039425,-0.033024717,-0.020111931
7.294499e-05,-0.047036856,-0.10878973,-0.14204115,-0.12891078,-0.07228071,-0.02875662,-0.01717293,-0.0500271,-0.094516784,-0.11692873,-0.08681194,-0.021272998,0.042942014,0.06391183,0.027036255,-0.022850297,-0.052845493,-0.04114267,0.012610604,0.05835634,0.05981306,0.018698083,-0.047417488
0.072355784,0.02531125,0.03414849,0.09490372,0.15150085,0.1731916,0.11575533,0.029067552,-0.043185487,-0.034176182,0.022986379,0.07779605,0.089880176,0.03226973,-0.05959946,-0.12260412,-0.11003833,-0.029871946,0.048485167,0.080132395,0.048778173,-0.015610897,-0.04836231,-0.012782865
0.114890695,0.057704344,0.013833739,0.019559698,0.051342487,0.08992439,0.07312785,0.020716287,-0.057278298,-0.088938326,-0.08046686,-0.041374862,0.0014047212,0.0022035125,-0.04057879,-0.09292148,-0.110360116,-0.08038511,-0.01438092,0.050061952,0.072625585,0.052012935,0.021056142,0.015829474
-0.014711148,0.037574917,0.09016721,0.096235864,0.04728882,-0.035855137,-0.09475577,-0.1006772,-0.05831111,-0.011975399,-0.0054186946,-0.05367277,-0.12600635,-0.17669088,-0.1625852,-0.084041566,0.0009142934,0.031304967,0.0069351047,-0.04324629,-0.07426682,-0.04384546,0.030606663,0.10887143
0.058160245,0.013842281,0.01427286,0.06497564,0.11397683,0.13618374,0.089831814,0.015036376,-0.049763974,-0.047276244,0.00024656902,0.04959609,0.06435572,0.021702971,-0.05919138,-0.110517584,-0.09870936,-0.033926994,0.03900325,0.07025167,0.04568613,-0.00978303,-0.038088605,-0.011164171
0.107232176,0.06345838,0.033746902,0.047170512,0.08219117,0.12378475,0.11552116,0.07489687,0.0103056505,-0.018314768,-0.013264135,0.018490216,0.05306229,0.051643297,0.0056114695,-0.052752167,-0.074882366,-0.056150973,-0.0037369689,0.04523835,0.060281318,0.03524733,0.0049832826,-0.004147346
-0.0634941,-0.13019644,-0.13671151,-0.08934459,-0.042234905,-0.030709926,-0.08788531,-0.17264505,-0.22986051,-0.21261844,-0.14145699,-0.06291728,-0.028908528,-0.06191999,-0.12798873,-0.16557574,-0.13392842,-0.044334076,0.03873565,0.07394641,0.042188413,-0.022054018,-0.06185737,-0.044502854
0.0067080404,0.012987588,0.04806375,0.081190325,0.07516628,0.029943421,-0.04825489,-0.101732396,-0.10925944,-0.06986636,-0.029248796,-0.028005145,-0.06901276,-0.12739068,-0.15713038,-0.12800856,-0.05418663,0.008227708,0.031454343,0.015090771,-0.022078661,-0.032827776,0.003164989,0.07402346
0.1381835,0.08348701,0.03658357,0.04499462,0.08854948,0.14639673,0.15180258,0.111378096,0.034321897,-0.008089529,-0.007818628,0.030124718,0.07925679,0.0881858,0.039030377,-0.03236546,-0.07598529,-0.06905076,-0.006839693,0.056376357,0.0824576,0.057270437,0.014260638,-0.009200259
0.026041051,0.030693186,-0.028992804,-0.10973839,-0.1567301,-0.1408925,-0.061659813,0.012621373,0.03117579,-0.020091726,-0.09573011,-0.13477045,-0.102885336,-0.015811644,0.06868059,0.09330592,0.03656079,-0.044672653,-0.08854363,-0.06412971,0.010087086,0.07547686,0.08127435,0.021851135
-0.06064228,-0.017982144,-0.011353655,-0.055300575,-0.124330506,-0.17855921,-0.16707715,-0.119024254,-0.05830182,-0.045236114,-0.076196715,-0.13177511,-0.1643546,-0.13891436,-0.06677234,0.015825566,0.04242614,0.014205315,-0.039458487,-0.07350646,-0.05705239,-0.00031051203,0.055583905,0.07086789
0.11628886,0.029493563,-0.03713669,-0.025649436,0.02966343,0.098556116,0.10274539,0.04227102,-0.060945947,-0.11558144,-0.10623649,-0.040961795,0.03660686,0.05585038,-0.01268307,-0.105480105,-0.15258096,-0.12163651,-0.021555692,0.06704185,0.10091181,0.05794784,-0.0069190315,-0.040734667
0.19561903,0.23028491,0.19356512,0.12659308,0.080015145,0.096487455,0.16371313,0.23498869,0.24296124,0.1871703,0.09262542,0.015444467,0.01219807,0.06776702,0.12999673,0.13604598,0.07179538,-0.02219482,-0.07806954,-0.064266056,0.010540486,0.08570763,0.115539774,0.08683268
0.15254296,0.13825151,0.09492911,0.07042312,0.07917828,0.12684634,0.1662528,0.17993683,0.14052059,0.08873669,0.046391677,0.03621708,0.064396575,0.09934775,0.098230824,0.054732848,-0.0057554645,-0.04751963,-0.040046465,0.001027033,0.049387667,0.064288825,0.045472596,0.012574978
0.07543903,0.09262288,0.051742543,-0.0084982235,-0.0383187,-0.01071588,0.066922076,0.13575163,0.15499267,0.11215507,0.045031305,0.0028390305,0.020504117,0.08791051,0.14900562,0.15142058,0.082440145,-0.0065139113,-0.054125194,-0.043700162,0.016062384,0.067151845,0.071530126,0.01792796
-0.12180303,-0.07859691,-0.020559616,0.00060084905,-0.012474119,-0.05775266,-0.07335091,-0.05830688,0.00043190146,0.050776675,0.07492886,0.059302203,0.013187454,-0.023435373,-0.014041794,0.03039101,0.068795696,0.082673654,0.043975864,-0.01624996,-0.064601064,-0.070141464,-0.045692276,-0.015551303
0.024683008,-0.054478835,-0.121873684,-0.13043052,-0.10118453,-0.055668287,-0.052056428,-0.09494458,-0.16869639,-0.21050031,-0.20068777,-0.14243363,-0.06856199,-0.033389024,-0.059227057,-0.10982456,-0.1394922,-0.11069303,-0.0352332,0.04158927,0.07719856,0.05357549,0.0009279604,-0.034217358
-0.041899823,0.012569315,0.03129124,-0.009938253,-0.07997399,-0.13667075,-0.12750703,-0.07240544,-0.0059040543,0.00888272,-0.029694118,-0.095976956,-0.13799061,-0.12037401,-0.04536611,0.03411818,0.06311442,0.029963149,-0.0382057,-0.08027486,-0.06677655,-0.0056265634,0.055649024,0.07406642
-0.023023084,0.062498733,0.155459,0.18593538,0.144918,0.061141804,0.01294073,0.02698214,0.103825025,0.17046311,0.18107036,0.1153291,0.014728895,-0.05788979,-0.049914483,0.027688723,0.107304424,0.116298646,0.055448018,-0.036560725,-0.09690719,-0.0764202,0.0069296756,0.08961283
-0.08735655,-0.078711115,-0.038818378,-0.0021763118,0.0029264959,-0.034734774,-0.08699118,-0.12048526,-0.10985953,-0.06989971,-0.025922006,-0.012078995,-0.04309106,-0.08998211,-0.11958086,-0.09543762,-0.035863806,0.01912598,0.03603005,0.00830814,-0.03860076,-0.063915424,-0.05092448,-0.004655709
-0.04229479,-0.09271019,-0.08838672,-0.039714374,0.0076889684,0.017749626,-0.03385927,-0.10830847,-0.1577227,-0.13902797,-0.07617908,-0.009927229,0.012201993,-0.028879672,-0.0964908,-0.13332205,-0.10496307,-0.026618872,0.0438973,0.06927724,0.032897446,-0.027355177,-0.061642468,-0.04185663
-0.031275954,0.021040509,0.030655768,-0.016616283,-0.086012654,-0.13929705,-0.12270146,-0.06487898,4.097403e-05,0.009583006,-0.032034297,-0.09731062,-0.13559942,-0.11200072,-0.034499615,0.04429701,0.064930014,0.022796309,-0.04169036,-0.08025597,-0.060325023,0.0051833526,0.06375142,0.07597608
0.05583156,0.07651153,0.036555026,-0.03054593,-0.0670936,-0.04403029,0.035280123,0.1152881,0.14293288,0.099465735,0.023983382,-0.023429194,-0.004819814,0.06676261,0.14547773,0.15970063,0.09746356,0.0024493437,-0.060966946,-0.051929537,0.008657597,0.06972813,0.07782324,0.019470338
0.023199264,0.101247154,0.18471144,0.22420512,0.20995189,0.15206829,0.11307314,0.12130478,0.18003397,0.2321502,0.24574897,0.19328575,0.102421425,0.030579126,0.01624671,0.056551024,0.10623143,0.10488743,0.06177338,-0.021347793,-0.076766096,-0.069283195,-0.013096597,0.05412189
-0.025860894,0.014494548,0.022583982,-0.013489249,-0.06614569,-0.101018734,-0.083816946,-0.035802983,0.014134798,0.019865118,-0.015956696,-0.06712434,-0.09403697,-0.07284595,-0.012693828,0.047403496,0.0626561,0.025997056,-0.029846221,-0.058016874,-0.043748386,0.004895022,0.051035263,0.05644405
0.01310167,0.08877785,0.16649169,0.19220456,0.1676453,0.10899216,0.07691883,0.09280216,0.14816701,0.19626653,0.1977224,0.14162245,0.05689007,-0.0078406185,-0.009232817,0.04225687,0.09514465,0.09686449,0.043937106,-0.028268827,-0.07697194,-0.062033776,-0.00070430886,0.064364254
-0.0038901216,0.0009854236,-0.045628894,-0.116169766,-0.16138615,-0.15630654,-0.10141632,-0.044012237,-0.021366887,-0.053184252,-0.110551454,-0.14048304,-0.11613793,-0.043559313,0.032818187,0.060995433,0.029916655,-0.033709083,-0.07166502,-0.055305492,0.0031833984,0.059889097,0.07379589,0.026421007
-0.0103390915,-0.04942117,-0.014952158,0.07445272,0.15847531,0.19325387,0.14603958,0.063913606,0.012602101,0.04137794,0.12344615,0.19785005,0.20504777,0.1346852,0.022340102,-0.054477975,-0.046700645,0.029243601,0.098800346,0.103135414,0.037554972,-0.05926883,-0.11005638,-0.08690902
0.053295195,-0.01023672,-0.051143758,-0.029343968,0.041745175,0.11946798,0.1442677,0.110283755,0.04038091,0.004639067,0.023405222,0.09071216,0.1554084,0.16557993,0.108068,0.0135680875,-0.051120766,-0.04299667,0.01726441,0.07405289,0.083766796,0.031074764,-0.047471303,-0.0976479
-0.053758543,-0.102891885,-0.10167825,-0.053236607,-0.0067540235,0.0052874996,-0.043095175,-0.1143859,-0.16224074,-0.14736995,-0.084467664,-0.01931474,0.0017259662,-0.03248755,-0.09930197,-0.13177067,-0.105464466,-0.030354109,0.040262543,0.064082906,0.029417891,-0.031297155,-0.06744963,-0.048424706
-0.06564004,-0.11943093,-0.12469237,-0.086500406,-0.052191775,-0.049030893,-0.096492365,-0.16577616,-0.20756368,-0.19086635,-0.1302117,-0.067022175,-0.04063618,-0.06641581,-0.1188329,-0.14217845,-0.112748675,-0.03829619,0.032012068,0.05743346,0.030423306,-0.020870676,-0.05043002,-0.033896573
-0.02585216,0.045654763,0.122745216,0.1486989,0.11672875,0.043580778,0.0006523825,0.012728089,0.07640906,0.12941428,0.13980228,0.08661904,0.0024307747,-0.058695663,-0.051043976,0.010436914,0.07424139,0.0858025,0.038719174,-0.038752567,-0.08719503,-0.06933573,-0.008063191,0.06067
-0.0902516,-0.12513536,-0.11592109,-0.0723101,-0.024641331,-0.0043228916,-0.022723995,-0.064468674,-0.08406612,-0.06456817,-0.0078077964,0.05145575,0.07290809,0.050220355,0.0020342625,-0.03369238,-0.032496635,0.012865854,0.053571373,0.05847931,0.02165904,-0.03705148,-0.08095178,-0.085838236
0.06954527,0.12452833,0.13346809,0.08589716,0.012715364,-0.034968127,-0.026487386,0.022293001,0.068568386,0.0702647,0.01483479,-0.065850794,-0.11105585,-0.096253805,-0.02905399,0.041362643,0.06288434,0.01831397,-0.04529249,-0.07288587,-0.04460223,0.027936166,0.1034996,0.1299405
0.018017508,-0.05823584,-0.11454732,-0.112818815,-0.07839886,-0.038802143,-0.049409,-0.101692416,-0.17354664,-0.20360364,-0.18295683,-0.12000979,-0.055424444,-0.036214005,-0.07008777,-0.118011594,-0.13167423,-0.09490065,-0.018236397,0.05082371,0.072646625,0.043654684,-0.003387525,-0.028432067
0.063156426,0.11053857,0.115942575,0.07483822,0.00650343,-0.047133878,-0.056672893,-0.023986155,0.014708742,0.018362293,-0.021955647,-0.09286713,-0.1389798,-0.12944444,-0.06881399,0.0012250248,0.02984658,0.00059176935,-0.045186616,-0.070475794,-0.04391811,0.024588054,0.09298131,0.12842831
-0.040018544,-0.0055393977,0.08870121,0.17976254,0.21368235,0.17611665,0.10305728,0.050410204,0.06965848,0.14085227,0.21534285,0.22478823,0.1547859,0.04984058,-0.030367069,-0.029808136,0.033373903,0.10110355,0.11282281,0.046346206,-0.048105847,-0.10837809,-0.09030163,-0.010588433
-0.13315596,-0.14619264,-0.11768272,-0.085207075,-0.08513072,-0.1299253,-0.1950648,-0.2461569,-0.24159786,-0.19325356,-0.13184144,-0.09942051,-0.11661989,-0.15820421,-0.18192132,-0.1493113,-0.07729678,0.0005156401,0.033867694,0.01740077,-0.028070668,-0.05775153,-0.046747275,0.0016095613
0.03476015,-0.0064340304,-0.06757478,-0.1024412,-0.090722755,-0.03512366,0.014612055,0.029468326,-0.003958787,-0.051484853,-0.08006162,-0.05895895,0.003123365,0.06389082,0.08149937,0.04265354,-0.017812574,-0.05360614,-0.041458674,0.012069933,0.06085649,0.06626848,0.026906028,-0.03669729
-0.14781623,-0.13593568,-0.06451716,0.006826584,0.03266299,-0.009504958,-0.07306781,-0.119486235,-0.09476642,-0.026661435,0.052087314,0.083071336,0.04124391,-0.035498492,-0.08913909,-0.07318485,-0.006668172,0.069265045,0.08791674,0.035000958,-0.049062535,-0.105704814,-0.103463195,-0.046964727
0.028684586,0.12662505,0.23150925,0.27111223,0.25006533,0.18529558,0.1419366,0.1598235,0.22872673,0.29150483,0.29480955,0.22729357,0.11966472,0.033767093,0.023899134,0.07177691,0.13681951,0.134583,0.06538604,-0.028909795,-0.094678685,-0.08252459,-0.008668517,0.06821593
-0.019411733,-0.01529077,-0.05923596,-0.12055236,-0.16001122,-0.15674214,-0.10540337,-0.051454127,-0.02801186,-0.059312146,-0.10788059,-0.13413544,-0.11128351,-0.042485375,0.027570702,0.056867737,0.02482674,-0.03320744,-0.06500234,-0.052453928,-0.0003131959,0.049916096,0.055769246,0.011742683
0.115272656,0.06757857,0.025397144,0.021629177,0.039016478,0.0704218,0.05824721,0.018796511,-0.04423706,-0.07589888,-0.079124026,-0.054741237,-0.015352481,-0.0042759655,-0.03066092,-0.07548204,-0.09155671,-0.07565414,-0.02336155,0.0331909,0.063308455,0.056114383,0.037071165,0.027862124
0.048576243,-0.03920339,-0.11109115,-0.11100664,-0.060610514,0.0050737034,0.018903492,-0.028563788,-0.11568229,-0.16447611,-0.1511706,-0.07900563,0.003907873,0.03569089,-0.0085465675,-0.0851496,-0.1333357,-0.10948421,-0.023081603,0.06046965,0.09442772,0.05721819,-0.013001817,-0.059923925
-0.018561043,0.057386097,0.088792756,0.049540263,-0.014118611,-0.059800103,-0.028672533,0.04931687,0.13256897,0.14952493,0.10107973,0.021456182,-0.033295278,-0.020247158,0.059819695,0.13598546,0.14528605,0.08068579,-0.016982311,-0.07665557,-0.069981344,-0.0055712564,0.05729506,0.06651214
0.023609456,0.023300279,-0.025125539,-0.08672465,-0.12196243,-0.10651333,-0.05061264,0.00087000907,0.010555301,-0.027991958,-0.080699086,-0.10777187,-0.082121015,-0.013693702,0.052205667,0.068813846,0.022744942,-0.035059642,-0.067460544,-0.045369834,0.013640748,0.061777003,0.06343956,0.019862566
0.10052066,0.04757464,0.017448276,0.042750746,0.097408034,0.1490709,0.1416369,0.092038676,0.020437608,-0.006631903,0.012377119,0.06231569,0.10287967,0.09354553,0.032345682,-0.043556802,-0.074666396,-0.051941004,0.013446772,0.06321276,0.07022392,0.030500267,-0.017411232,-0.03302396
0.046266455,0.08174445,0.07733342,0.03097805,-0.03156278,-0.072809465,-0.06441155,-0.027235381,0.00859638,0.007989157,-0.033111148,-0.09277456,-0.12100277,-0.10072636,-0.03806094,0.02088717,0.031718027,-0.0017819145,-0.045017064,-0.06117588,-0.029718446,0.032995556,0.08790937,0.10491095
0.0585733,0.10508958,0.113883846,0.077931814,0.017123027,-0.03357171,-0.036265563,-0.0011042757,0.035885993,0.03626922,-0.007001447,-0.07449357,-0.11599216,-0.110339746,-0.059777293,0.0008781511,0.025658531,-0.0025491563,-0.043801565,-0.068313204,-0.045942504,0.016014485,0.07699942,0.10680535
-0.004113923,-0.09137913,-0.1491629,-0.13138473,-0.056991708,0.020941423,0.03557563,-0.012267981,-0.09301116,-0.13134527,-0.10062263,-0.009689439,0.07632036,0.09841985,0.043088403,-0.04987491,-0.103597075,-0.07710924,0.004651901,0.07848453,0.09163494,0.03283585,-0.059794314,-0.11897967
0.07863832,0.05177269,0.06370291,0.110672444,0.14784172,0.15103894,0.10158096,0.034930855,-0.014510495,-0.003454344,0.03936456,0.07098266,0.067983896,0.013867928,-0.056027234,-0.09399297,-0.07867706,-0.019473968,0.040680338,0.05679771,0.03067042,-0.010015115,-0.024081133,0.015052783
-0.11560569,-0.12513985,-0.08762897,-0.047667243,-0.044220086,-0.087977014,-0.15304853,-0.20342448,-0.19963528,-0.151183,-0.09454268,-0.06620588,-0.08602979,-0.13674279,-0.16873127,-0.1416037,-0.066219844,0.01115065,0.04114429,0.02231654,-0.029352456,-0.06214609,-0.0472303,0.0034824228
-0.12895998,-0.1227564,-0.06810811,-0.021206755,-0.023934009,-0.08180421,-0.15915123,-0.21110596,-0.19417986,-0.12967019,-0.061926525,-0.042604245,-0.08367758,-0.14751732,-0.1784123,-0.13660514,-0.051291786,0.033900216,0.053756334,0.016972993,-0.046636727,-0.0800655,-0.054764237,0.015236092
-0.009216262,-0.009929574,-0.054925315,-0.11498064,-0.1515409,-0.14260213,-0.08919098,-0.03809525,-0.021480655,-0.053936016,-0.10269728,-0.12570664,-0.09954182,-0.03249698,0.033703674,0.057305377,0.022505488,-0.032171596,-0.06314942,-0.045499355,0.006900754,0.053192746,0.057833143,0.013593188
0.04075455,-0.03243535,-0.085911,-0.07881624,-0.03465141,0.018901933,0.022397457,-0.025452878,-0.09983554,-0.1341462,-0.11665994,-0.054683544,0.0121326335,0.031207547,-0.0149628,-0.08020547,-0.11361452,-0.085598335,-0.009641927,0.058952566,0.0799062,0.041998833,-0.013408163,-0.046066385
0.1119107,0.034409553,-0.020993795,-0.0053105718,0.051517405,0.1196631,0.12261296,0.067619,-0.025763202,-0.07145628,-0.057641555,0.0034567274,0.071589574,0.082967,0.022442965,-0.06665538,-0.11634593,-0.08917162,-0.007128896,0.0705232,0.096433006,0.053968284,-0.010347006,-0.041071314
0.055978023,0.13028423,0.15968893,0.12149041,0.05775414,0.012226946,0.031335007,0.09754359,0.161645,0.1690356,0.10991135,0.022539565,-0.033263035,-0.028603893,0.03715646,0.1000453,0.113606974,0.055073164,-0.029293487,-0.076468624,-0.061851982,0.006645985,0.076459095,0.09575427
0.020680783,0.008283171,0.038647022,0.10258395,0.16658245,0.19511776,0.17512845,0.1329973,0.105151705,0.12150231,0.17046851,0.21171662,0.20648907,0.15230761,0.07639887,0.019438852,0.009059564,0.0424045,0.07599188,0.06826701,0.021120032,-0.04102879,-0.07955582,-0.06695809
-0.1348918,-0.18131231,-0.17567083,-0.12627362,-0.06694929,-0.04481291,-0.0671821,-0.115951754,-0.14110413,-0.12326282,-0.057604,0.02064244,0.052594963,0.030233454,-0.027473701,-0.07107663,-0.062983245,-0.005939322,0.05102594,0.060536895,0.018581703,-0.0511396,-0.11022388,-0.12289961
0.04898408,0.07714832,0.073164806,0.0334608,-0.026364049,-0.0749109,-0.0911987,-0.07330904,-0.054524142,-0.056272063,-0.091990694,-0.14438877,-0.17410812,-0.16477561,-0.116768494,-0.057820793,-0.022713127,-0.031365246,-0.055664685,-0.062007554,-0.034290437,0.02365511,0.08039177,0.1125367
0.0995605,0.036154944,-0.06211263,-0.12152578,-0.12130148,-0.059219323,-0.006026175,0.0005337118,-0.059740122,-0.13124116,-0.17539616,-0.15365742,-0.07232584,0.011617579,0.038289893,-0.005080444,-0.07594835,-0.11498316,-0.08029308,0.0049693016,0.088712856,0.11200694,0.07442916,0.0050223726
-0.055720538,-0.1114115,-0.15057115,-0.14456329,-0.10711759,-0.056945562,-0.03181708,-0.050850198,-0.08780301,-0.10934671,-0.089156196,-0.032719225,0.027016684,0.058235217,0.033722363,-0.011520336,-0.050146397,-0.03928409,0.003937856,0.04545235,0.054268934,0.014672139,-0.041645944,-0.08713653
-0.06318793,-0.032511014,0.06564423,0.15538241,0.18960957,0.14706786,0.060711537,0.0024424873,0.017745772,0.0952073,0.17250663,0.18937835,0.12088056,0.008500731,-0.06717047,-0.063162744,0.01748119,0.10001143,0.10851272,0.04696849,-0.052714337,-0.11326134,-0.09429158,-0.011348026
0.040874474,0.06746201,0.059412245,0.0133313015,-0.0502955,-0.09717125,-0.10667153,-0.08273662,-0.059840407,-0.062198278,-0.101119116,-0.15411657,-0.17946345,-0.1628908,-0.10451569,-0.04246233,-0.011622488,-0.026686627,-0.057727642,-0.063094445,-0.031263933,0.031000534,0.08813638,0.11359294
0.103396356,0.07821719,0.026372947,-0.0006440185,0.018011292,0.08413282,0.14468478,0.17030226,0.1385926,0.08339292,0.041944627,0.04629587,0.09614407,0.14983088,0.15852597,0.10509235,0.02749114,-0.030817157,-0.030885063,0.0130186975,0.061888654,0.06960822,0.032841045,-0.030842002
0.026486577,0.09788083,0.16914158,0.19566463,0.17709465,0.12482032,0.096024774,0.11002459,0.16350274,0.20848942,0.21254472,0.16036409,0.0811848,0.019654097,0.016570074,0.061635595,0.10455734,0.0979173,0.050675094,-0.01905723,-0.06537546,-0.05094235,0.0038979058,0.061830547
0.088462554,0.032926615,-0.010136814,-0.0048833173,0.02309856,0.05889043,0.048689526,0.004150968,-0.06328473,-0.09457968,-0.08591841,-0.048870508,-0.0050860676,0.002826296,-0.03250277,-0.08009811,-0.1009618,-0.075624175,-0.014617946,0.043048706,0.0659713,0.046369165,0.01362429,0.0036693825
0.085904315,0.03245584,-0.05031968,-0.10204531,-0.112512864,-0.0744059,-0.034448825,-0.029963082,-0.079029575,-0.13975725,-0.17834671,-0.16735074,-0.1024472,-0.033673797,-0.0063960613,-0.03146796,-0.08538021,-0.10964005,-0.076997414,-0.0061633824,0.06755342,0.09397257,0.068629995,0.020932598
0.024067555,-0.015589303,-0.016736148,0.026291125,0.061988156,0.075138316,0.029010857,-0.03854459,-0.09009461,-0.08377994,-0.035959993,0.0075224554,0.017726354,-0.014357301,-0.07891883,-0.11115116,-0.092323616,-0.031338517,0.03265573,0.05647601,0.034734607,-0.012589995,-0.032454174,-0.0038446567
0.15209486,0.12137192,0.06213172,0.030473419,0.038789984,0.09418819,0.13866055,0.15001845,0.10513839,0.04573727,0.0006965303,-0.0013728532,0.046597652,0.09698182,0.10257705,0.052194703,-0.014366748,-0.06167748,-0.04591939,0.0083245495,0.067659646,0.084905766,0.06070855,0.012204196
0.14055699,0.08289586,0.038388755,0.054411855,0.10483232,0.16770263,0.17305128,0.12801906,0.047635205,0.0063830856,0.015595901,0.05843048,0.107236855,0.11340511,0.057757244,-0.025119347,-0.07979716,-0.06641656,-0.00052589696,0.06075496,0.085547395,0.051339727,-0.0016411296,-0.023475245
0.003514379,0.06987054,0.13318923,0.13743225,0.076726526,-0.01888378,-0.08425102,-0.08437228,-0.030566204,0.02176335,0.022053361,-0.042959303,-0.129586,-0.1862998,-0.16259183,-0.0736772,0.019988788,0.045619268,0.006871021,-0.054640777,-0.08640483,-0.04452315,0.046091862,0.13484931
0.18022028,0.15876183,0.112025574,0.08525819,0.09013052,0.13122039,0.16346137,0.16758914,0.11891419,0.06650268,0.020798568,0.010519443,0.04297012,0.071331196,0.06564397,0.022431815,-0.02922312,-0.062644534,-0.04404635,0.0066128145,0.057536907,0.076319784,0.06541515,0.038487133
0.018294921,-0.023409313,-0.0801471,-0.11012894,-0.09560706,-0.04198621,0.0047820243,0.017398698,-0.014182065,-0.057346378,-0.07899726,-0.053621642,0.006226549,0.06288292,0.07862425,0.038505685,-0.020422313,-0.04967118,-0.036960207,0.012279213,0.05639603,0.05692729,0.014015928,-0.04707294
-0.15159628,-0.10004049,-0.03870169,-0.03322066,-0.08923098,-0.1828279,-0.2384211,-0.23262382,-0.15882464,-0.092736095,-0.0705629,-0.10627772,-0.17383565,-0.21238068,-0.17544588,-0.074464254,0.026991744,0.060520135,0.018746996,-0.049639724,-0.09538722,-0.07096302,0.0019107552,0.067709394
0.03719055,-0.06006493,-0.13727146,-0.14345062,-0.10047438,-0.03915659,-0.03604613,-0.0932441,-0.18792051,-0.23298314,-0.21526153,-0.13812451,-0.050327487,-0.01648572,-0.054530345,-0.124410525,-0.16245325,-0.12239664,-0.032311134,0.061433334,0.09918657,0.063089035,-0.0031150556,-0.043839846
0.12425013,0.05710309,0.0012549977,0.001266015,0.032504134,0.07770328,0.062171478,0.0049444265,-0.0804927,-0.11786873,-0.10892782,-0.06460705,-0.012070597,0.00035245492,-0.041129787,-0.10308478,-0.1286188,-0.09897122,-0.023566054,0.04990846,0.08394955,0.063457444,0.027541963,0.015589508
0.06043111,0.03426267,0.050543074,0.10472555,0.14609282,0.15177561,0.10061203,0.03464028,-0.011717039,-0.0010765933,0.044398524,0.077776626,0.075653434,0.023005303,-0.050625674,-0.09183613,-0.074622676,-0.015156784,0.04452766,0.056759574,0.025896568,-0.020712184,-0.03940267,-0.0030040334
0.083151124,0.05584506,0.06387283,0.108511604,0.14827806,0.15928642,0.11805149,0.057089422,0.009486297,0.016085595,0.05530647,0.08757021,0.08819495,0.04191196,-0.024967834,-0.07117596,-0.065395355,-0.017412813,0.039760504,0.055125993,0.034152534,-0.0056268806,-0.023903498,0.00519612
0.059633717,0.014816767,0.025029046,0.08538282,0.13715021,0.15085638,0.08480478,-0.003998407,-0.070559435,-0.057792585,0.001054727,0.054503683,0.06293817,0.0057955487,-0.08332171,-0.13810825,-0.11190056,-0.031900242,0.048006874,0.07512273,0.04193598,-0.018521348,-0.04357981,-0.0048301653
-0.13189574,-0.12418782,-0.06251145,0.0049524037,0.032033563,0.0022481498,-0.04856609,-0.089986704,-0.069363475,-0.010823853,0.061882056,0.09223128,0.057271924,-0.0075124414,-0.059716273,-0.04952553,0.0028781064,0.066995904,0.084836654,0.037503194,-0.03794648,-0.09412647,-0.095548466,-0.048299827
0.17546332,0.19988172,0.15638524,0.0900091,0.047666878,0.06979009,0.14451219,0.21554303,0.22349748,0.16542138,0.07469349,0.007434457,0.015286185,0.07868941,0.14070715,0.14046873,0.06987713,-0.026028212,-0.07536374,-0.058961753,0.017715503,0.0878329,0.109466694,0.06985405
0.118949294,0.20468338,0.2408361,0.21424998,0.16028456,0.12096944,0.13972123,0.2039382,0.26399273,0.2669833,0.20697293,0.110481754,0.040398866,0.033864185,0.08224872,0.13092114,0.13243988,0.06341779,-0.017728174,-0.07322165,-0.060391527,0.0055839173,0.07499286,0.102209225
0.07739226,0.051320497,0.0060493983,-0.014387873,0.014115147,0.084001504,0.14759977,0.17240693,0.1404378,0.08927335,0.05328532,0.06722327,0.11961014,0.16739123,0.16585006,0.10322467,0.024518782,-0.026825976,-0.024134262,0.017959159,0.057932757,0.053767882,0.007652717,-0.06028364
-0.063885845,-0.041143116,0.04637066,0.1316826,0.16480127,0.124431826,0.047375605,-0.010460464,0.002514935,0.0740525,0.14933534,0.16969618,0.11050629,0.00692571,-0.06959471,-0.06645663,0.0072642243,0.08571429,0.10424949,0.04843702,-0.04476247,-0.10464914,-0.08835035,-0.012497358
0.0393445,-0.050832443,-0.1202012,-0.116739385,-0.06649667,-0.004532247,-0.002487091,-0.05836734,-0.14661704,-0.18912818,-0.16813771,-0.092999704,-0.0100995675,0.017027164,-0.02789819,-0.09905825,-0.13793135,-0.10527118,-0.016713643,0.06839034,0.09671491,0.057111565,-0.011231773,-0.052439846
0.059810136,0.111723475,0.11505567,0.064213835,-0.012192684,-0.0724649,-0.073946126,-0.031888515,0.012082566,0.013944017,-0.03618779,-0.11310069,-0.16075979,-0.148382,-0.079860725,-0.0010154413,0.029392343,-0.0054494627,-0.055793103,-0.08210264,-0.05119429,0.026537402,0.10147714,0.13528225
0.09158439,0.15607502,0.18263261,0.15774098,0.11144723,0.07950387,0.09482813,0.1447356,0.19321625,0.19862896,0.15233383,0.07712938,0.02480859,0.021787044,0.0657209,0.10568225,0.10613824,0.05260962,-0.01339136,-0.05537677,-0.04304485,0.010852033,0.067939274,0.0882583
0.006017611,-0.05971966,-0.11848425,-0.13567194,-0.1251678,-0.10311089,-0.11432062,-0.15670432,-0.21173571,-0.23422928,-0.21886948,-0.17052999,-0.1161983,-0.08758921,-0.0946891,-0.11733669,-0.12375768,-0.09396969,-0.03173672,0.029026857,0.060492758,0.05188089,0.023834838,0.0050414414
0.09494893,0.13021138,0.08852436,0.012272351,-0.033817,-0.011212372,0.07906055,0.1736774,0.20684929,0.15267253,0.059646092,-0.008047669,0.0026515117,0.08409597,0.16858913,0.18136254,0.10547145,-0.007336959,-0.078531116,-0.07411342,0.00020339516,0.07406704,0.08762099,0.028013185
-0.004435945,-0.093193606,-0.16242965,-0.17556694,-0.15332799,-0.11624342,-0.12943639,-0.1863888,-0.26179212,-0.29027095,-0.26819465,-0.19994153,-0.12282322,-0.08915216,-0.10825266,-0.14902368,-0.1597857,-0.11363937,-0.03382202,0.048047274,0.08125711,0.057125363,0.012477338,-0.0160328
0.11926563,0.078472614,0.0031274809,-0.034785192,-0.00057191425,0.09831168,0.18626504,0.21939123,0.17012203,0.09502742,0.04453486,0.06324858,0.13837577,0.21312311,0.22164428,0.14324047,0.030254235,-0.044522714,-0.040856954,0.025304586,0.09018287,0.0924799,0.029923689,-0.0638903
-0.00293576,0.025334671,0.0912215,0.15401135,0.18603404,0.17212802,0.1292176,0.09928452,0.109070234,0.15321702,0.19738188,0.2025587,0.15431361,0.07999539,0.023009524,0.013499073,0.047138643,0.082052656,0.08135508,0.037437864,-0.027753023,-0.069253296,-0.06180395,-0.014303855
0.104932755,0.11799303,0.08933664,0.047261193,0.021726448,0.034432225,0.071707934,0.10977583,0.110971846,0.077032946,0.024676261,-0.013454265,-0.008200612,0.029633466,0.068844974,0.071604796,0.034624282,-0.019652048,-0.047709584,-0.033682775,0.01279254,0.05660322,0.06990556,0.047911827
0.09855718,0.068493575,0.0783847,0.12987128,0.17203422,0.18708453,0.13998537,0.07174869,0.015421415,0.020228641,0.061149593,0.09309947,0.09301523,0.04286519,-0.03303412,-0.08177167,-0.07298672,-0.01767828,0.04274083,0.06239884,0.038916845,-0.006725948,-0.023668325,0.012503514
-0.08661459,-0.055233896,-0.01981619,-0.016912254,-0.04642024,-0.09704625,-0.12496364,-0.12118468,-0.077935606,-0.038105067,-0.023094585,-0.04205935,-0.081533,-0.10368837,-0.08545355,-0.03060346,0.021553142,0.038292497,0.014973889,-0.0257007,-0.05282013,-0.04154606,-0.0020499916,0.033774164
0.015928999,-0.00046005976,0.039740276,0.12187499,0.19658823,0.22836798,0.19712465,0.14109819,0.108205095,0.12944801,0.19024487,0.2393985,0.23410548,0.17015854,0.07260545,0.0027095191,-0.00041901603,0.04571914,0.09158068,0.08121597,0.022102099,-0.057193212,-0.099379614,-0.081395164
0.023674158,-0.019267572,-0.07930082,-0.106926635,-0.090912074,-0.041705787,0.004388193,0.0143023925,-0.020131538,-0.06848932,-0.090405814,-0.0650505,-0.004569569,0.05092923,0.05878344,0.01921848,-0.039539758,-0.067027256,-0.04127989,0.009269698,0.054210395,0.054812096,0.00904692,-0.04991139
0.023151066,0.08331906,0.14622264,0.1671592,0.1512025,0.10890441,0.082229055,0.09347431,0.13788149,0.17885393,0.18347022,0.14038357,0.073469624,0.021188425,0.022382565,0.053292654,0.0867545,0.08543591,0.040316015,-0.01834077,-0.05538432,-0.044178434,0.00011178356,0.048592225
-0.13002823,-0.12236825,-0.070295714,-0.019156922,0.010967571,-0.006549023,-0.043343928,-0.06844099,-0.048606463,-0.00094578497,0.05359301,0.08483605,0.06340812,0.011520665,-0.02399112,-0.022613091,0.018624365,0.06431222,0.06812212,0.031583924,-0.032847486,-0.078384876,-0.08948941,-0.06655589
0.04542055,0.10862451,0.11427545,0.051243033,-0.04230204,-0.11327364,-0.11121011,-0.051868003,0.009555733,0.012074016,-0.05129888,-0.14423266,-0.19732808,-0.17561822,-0.08175995,0.015700413,0.053054933,0.005012711,-0.06745466,-0.101968765,-0.06546274,0.030110452,0.11832636,0.14994755
0.051875483,0.0033723258,0.013623886,0.08196691,0.14067575,0.15587291,0.091408834,-0.0039770612,-0.0727164,-0.056234628,0.014567479,0.07491811,0.08324381,0.020160796,-0.079218596,-0.1317305,-0.11086684,-0.02556193,0.06321079,0.0893633,0.048332926,-0.021524837,-0.05250146,-0.009642667
0.08692273,-0.0074580265,-0.06996137,-0.04865679,0.021790763,0.09795337,0.094254255,0.024243379,-0.08157753,-0.12593515,-0.09707578,-0.01309069,0.06695917,0.07753485,0.006158604,-0.09537435,-0.14353758,-0.10236849,-0.0022865057,0.08482515,0.1073928,0.051212743,-0.028067876,-0.064240694
-0.02156214,-0.01115608,0.035237,0.078068994,0.07566848,0.023399899,-0.05230899,-0.10382372,-0.10410137,-0.059310436,-0.013560247,-0.01106402,-0.055396147,-0.12300863,-0.16167627,-0.13131852,-0.055921074,0.014364226,0.039800264,0.014460725,-0.03428537,-0.05350555,-0.021736344,0.05235301
0.02136607,0.07188975,0.076924205,0.023486396,-0.060286775,-0.12720513,-0.13709182,-0.096364655,-0.04876597,-0.0436549,-0.09311481,-0.16894203,-0.21384615,-0.19567394,-0.12205589,-0.03542032,0.010227897,-0.014935457,-0.065771244,-0.091111325,-0.06110293,0.016402557,0.09515884,0.12979273
0.0843013,0.031318676,-0.010338579,-0.004038546,0.028447017,0.066543534,0.062268727,0.020636922,-0.044956945,-0.07658125,-0.068820015,-0.030003175,0.014343301,0.021386102,-0.019499717,-0.071557105,-0.096434884,-0.07509727,-0.011972102,0.04365553,0.06417606,0.04154221,0.0052087926,-0.009445966
-0.16580787,-0.1432628,-0.05273166,0.03205185,0.06730053,0.023650799,-0.052600056,-0.10228796,-0.07294646,0.0075449822,0.094174616,0.12769732,0.07323206,-0.021929601,-0.08515116,-0.0678127,0.015477021,0.09748662,0.10686833,0.04296806,-0.06112763,-0.12681812,-0.121734,-0.05715425
-0.03284155,0.027608793,0.05464632,0.025545694,-0.027887128,-0.07364302,-0.05354956,0.0034572035,0.071384646,0.089420855,0.057899546,-0.0036349152,-0.050690845,-0.0437943,0.015005912,0.081383415,0.09414523,0.053722292,-0.014805096,-0.06544499,-0.063235246,-0.014984638,0.0357914,0.050971534
-0.01567495,0.07083687,0.16312058,0.19776437,0.16314846,0.08524026,0.03910314,0.051665626,0.124443814,0.18810083,0.20336409,0.13917482,0.0368413,-0.035794828,-0.034393042,0.035785902,0.10308958,0.113406055,0.056504447,-0.035757765,-0.09542643,-0.080671236,-0.0073720436,0.0761893
-0.01782901,-0.058880508,-0.038597986,0.029428901,0.1019523,0.13468756,0.101204686,0.033496346,-0.015106848,0.003942698,0.06847236,0.1382592,0.15624212,0.10267647,0.0104269,-0.057975277,-0.0543344,0.009985335,0.07363052,0.0875379,0.037383012,-0.04312504,-0.092332296,-0.083092004
-0.072849475,-0.023733022,0.02490008,0.030677477,-0.013289507,-0.08744571,-0.12619862,-0.11893476,-0.063744195,-0.019747507,-0.010215226,-0.04971729,-0.110968396,-0.14438097,-0.12518331,-0.05133734,0.01832426,0.037227985,0.009924121,-0.04654755,-0.07750523,-0.054740503,0.004410557,0.061604746
0.09498618,0.09568674,0.044876937,-0.024480192,-0.077002,-0.08165057,-0.051678866,-0.018649846,-0.023570362,-0.062145,-0.122820355,-0.16390213,-0.14854683,-0.09169457,-0.03126102,-0.00727983,-0.029903349,-0.0717915,-0.08764497,-0.055544715,0.013844429,0.0774382,0.10494842,0.087480314
0.090378754,0.09443843,0.042923678,-0.029485613,-0.08154318,-0.078237586,-0.039792664,0.0019359558,-0.0005081937,-0.042174004,-0.10853432,-0.15183415,-0.13599694,-0.072622485,-0.0070785014,0.01698326,-0.010472142,-0.061938252,-0.0887419,-0.057254948,0.013613071,0.077999406,0.104871325,0.08071756
-0.033480443,-0.03350945,-0.078266114,-0.14436813,-0.18716918,-0.18513761,-0.13484733,-0.08182485,-0.057563372,-0.08419209,-0.1317688,-0.15418729,-0.12706992,-0.056806017,0.019892382,0.05076725,0.02288092,-0.031081209,-0.06616804,-0.050782185,0.0020016239,0.0531079,0.06132046,0.014941021
0.046557628,0.0030527117,-0.004272639,0.029408935,0.056744404,0.057201363,0.004600373,-0.0666636,-0.12318322,-0.11942839,-0.07773019,-0.037821785,-0.024927985,-0.060162243,-0.11832159,-0.14616121,-0.12222854,-0.054761153,0.017192058,0.049106102,0.035875883,0.00082565733,-0.014323827,0.01901594
0.021233432,0.05476574,0.08494996,0.08383774,0.040663246,-0.019527866,-0.06130505,-0.06663592,-0.040373396,-0.013247265,-0.015168144,-0.056851197,-0.10571333,-0.13560452,-0.120350115,-0.063441634,-0.0059759333,0.01230721,-0.003158442,-0.03328092,-0.044781525,-0.015181074,0.044631626,0.10234661
0.09097719,0.17243376,0.20719784,0.17131563,0.106342606,0.05984583,0.07923157,0.14705303,0.2113511,0.21966125,0.15825072,0.061895937,-0.0039186063,-0.0070948116,0.058338277,0.120723404,0.12913589,0.06720581,-0.024172906,-0.07632751,-0.061743166,0.010147989,0.085317835,0.112950146
0.07253738,0.02700106,-0.052986175,-0.113163605,-0.12596813,-0.08666588,-0.049255688,-0.038758487,-0.08214458,-0.1378397,-0.18119116,-0.17181246,-0.10956371,-0.038725898,-0.0012412922,-0.021244034,-0.06695177,-0.09819433,-0.07965398,-0.009854151,0.06248229,0.094654165,0.074590065,0.021836422
0.07930655,0.050338984,0.05455243,0.09507439,0.1270512,0.1339441,0.088264786,0.027312437,-0.023289662,-0.021802677,0.010949695,0.038949374,0.04091317,1.7512179e-05,-0.06305538,-0.1000899,-0.083476156,-0.03183548,0.026153253,0.046845775,0.030069035,-0.004655713,-0.016465768,0.016142566
0.10899032,0.042016663,-0.064637505,-0.12979376,-0.13028808,-0.06739404,-0.018170293,-0.012913384,-0.08128645,-0.1615667,-0.21243554,-0.19084531,-0.1036819,-0.014784321,0.0139408335,-0.028595181,-0.096398845,-0.13511315,-0.09507242,0.00076719903,0.091202416,0.12008712,0.07997976,0.007952818
-0.04075088,-0.0028841556,0.09029925,0.17268799,0.19944984,0.1592606,0.0881264,0.0416751,0.061210964,0.1304223,0.19591862,0.19995631,0.12861481,0.02652916,-0.04506218,-0.037737045,0.029702479,0.096745454,0.10027088,0.036595196,-0.053481888,-0.10648282,-0.08273925,-0.0025041546
0.037566543,-0.012407825,0.0016319128,0.07024085,0.1295935,0.15080136,0.09040284,-0.00075115036,-0.066121645,-0.046679035,0.023718823,0.08606688,0.098415494,0.03845054,-0.055101275,-0.11295165,-0.09494366,-0.010576512,0.06701453,0.0921613,0.04993137,-0.023336345,-0.05610508,-0.019765
0.105054595,0.061312176,-0.013431662,-0.058072425,-0.052460425,0.0010720842,0.046979878,0.057766348,0.008382041,-0.054859787,-0.0989725,-0.087504186,-0.025198948,0.037665576,0.053778786,0.011877361,-0.048982285,-0.08889091,-0.064540714,0.0025040703,0.068634324,0.08892583,0.056850065,-0.0013318429
0.06200181,0.021673432,-0.043753847,-0.08816028,-0.10058033,-0.07605665,-0.053530898,-0.0518646,-0.091211766,-0.13913134,-0.17390384,-0.1666652,-0.11684451,-0.06254464,-0.0398226,-0.052968085,-0.079160005,-0.09637684,-0.069224805,-0.011103051,0.046877407,0.072605446,0.06025305,0.02492641
0.053751644,0.021057991,0.03248202,0.08135756,0.12073883,0.1258253,0.072052784,-0.00049446354,-0.05654338,-0.045663595,0.0002519131,0.039750785,0.04178579,-0.010939553,-0.08815829,-0.12802114,-0.1046096,-0.032711755,0.034789544,0.056988247,0.028315438,-0.020619458,-0.038022902,0.0014981694
0.013283005,-0.05245435,-0.05806994,-0.0012339636,0.05321146,0.067176186,-0.0009579544,-0.10005042,-0.17781343,-0.16868244,-0.10058266,-0.027677383,-0.0010815344,-0.050101794,-0.13988753,-0.18831263,-0.15649523,-0.060077395,0.03915034,0.08258497,0.050998922,-0.015672337,-0.052546225,-0.019142538
-0.03018256,-0.11677022,-0.17195942,-0.15128979,-0.08127226,-0.0018799304,0.016698766,-0.02701094,-0.09873518,-0.1343416,-0.102580346,-0.013790051,0.07301156,0.10254923,0.050155222,-0.034724843,-0.083892435,-0.062484805,0.0125054475,0.080601096,0.08972182,0.027887175,-0.058657836,-0.12022506
-0.067661464,-0.10772147,-0.09372536,-0.03470758,0.03023216,0.061283216,0.03816673,-0.0131325,-0.04594891,-0.029970327,0.031797636,0.09993132,0.12248619,0.08763088,0.019571787,-0.035758007,-0.0369168,0.015028789,0.064636394,0.07257647,0.028413083,-0.043540247,-0.09779625,-0.101404056
0.021566432,-0.029477851,-0.07223933,-0.07714185,-0.057087436,-0.027009608,-0.028766276,-0.060557567,-0.11069588,-0.13471621,-0.12551261,-0.08608764,-0.041189753,-0.022070114,-0.04092651,-0.073351756,-0.088983744,-0.068380386,-0.019168952,0.030748777,0.05191393,0.03565367,0.0043578455,-0.014846898
0.201893,0.23991412,0.19871078,0.12447563,0.07648871,0.096890666,0.17063217,0.24967302,0.26016843,0.20121664,0.10183544,0.021187317,0.01803583,0.07975292,0.15207668,0.16008864,0.08713827,-0.017467512,-0.08202727,-0.06766432,0.012664708,0.094441675,0.12231048,0.08787577
0.10788943,0.07878877,0.02133865,-0.009389908,0.018611679,0.09832804,0.16951908,0.19957156,0.16039357,0.09819777,0.052599493,0.06400134,0.12237048,0.18059546,0.1883144,0.119683586,0.027080355,-0.035395246,-0.036560044,0.01512808,0.06892819,0.07308758,0.022484364,-0.05392877
0.012525103,0.05309456,0.08827244,0.08520336,0.036021527,-0.031142537,-0.08297242,-0.09008943,-0.06049934,-0.026338506,-0.026177017,-0.07205248,-0.13045439,-0.16442066,-0.14513348,-0.07510263,-0.0040146047,0.018496547,-0.0033275986,-0.0371027,-0.052823406,-0.019750945,0.050004166,0.117545925
-0.06891017,-0.13366923,-0.1318444,-0.07142672,-0.0144133065,-0.0038939982,-0.06720155,-0.15709683,-0.21315657,-0.19229603,-0.11223031,-0.029207751,0.00029950705,-0.043184202,-0.121110395,-0.16477044,-0.13104087,-0.037116904,0.051689953,0.07971854,0.03770532,-0.035072062,-0.08098369,-0.060161997
-0.09755869,-0.14206876,-0.13094153,-0.07214443,-0.01046957,0.01156326,-0.021563217,-0.081340805,-0.116330035,-0.09826227,-0.029627113,0.04427489,0.06805727,0.034337677,-0.037919823,-0.08497456,-0.07298714,-0.006993376,0.05649798,0.06714257,0.021488933,-0.05301774,-0.10702171,-0.10469015
0.13669272,0.05872953,0.0053458153,0.021944819,0.07714547,0.1413519,0.13547261,0.07046063,-0.029748168,-0.06949273,-0.04998536,0.010697194,0.07214086,0.0730582,0.008357677,-0.07927337,-0.12587246,-0.08849737,-0.0029861066,0.07653567,0.101232834,0.058494013,0.00029609355,-0.017281188
0.059177443,0.092947215,0.09064079,0.048928555,-0.014686633,-0.061833005,-0.062285192,-0.034439117,-0.0046217493,-0.0040095537,-0.0423363,-0.10193628,-0.13461916,-0.12198364,-0.06934559,-0.0100895,0.010235917,-0.012851891,-0.045724224,-0.061183818,-0.03166455,0.028795183,0.089554965,0.11760916
-0.021545183,0.038878176,0.061024,0.025843,-0.028881187,-0.06747224,-0.03716522,0.027903546,0.094022624,0.10376577,0.061230563,-0.004376851,-0.045390096,-0.029794555,0.03306768,0.09487582,0.098845124,0.049563847,-0.02395479,-0.0691389,-0.059564963,-0.007843735,0.04091845,0.04721908
0.0688742,-0.008512054,-0.04887255,-0.006377495,0.09034255,0.18937072,0.21121578,0.16301169,0.07560458,0.033400983,0.062547885,0.14738536,0.2241177,0.22815451,0.1442851,0.0186337,-0.056198522,-0.042014994,0.034648765,0.09951074,0.10158677,0.026521621,-0.07315301,-0.13136984
-0.051383935,-0.093559444,-0.087151125,-0.0432837,-0.005205952,0.0011299502,-0.044906516,-0.10902496,-0.14733866,-0.1282457,-0.07232233,-0.015978975,0.000976053,-0.033296615,-0.09168441,-0.11790449,-0.08669223,-0.018531278,0.040800124,0.058798946,0.024190644,-0.02920602,-0.053889584,-0.034784287
-0.010660789,-0.0004637817,0.054981437,0.106070295,0.10421376,0.044746753,-0.043441467,-0.10576932,-0.104887076,-0.04894332,0.0060023004,0.009704693,-0.040638775,-0.12200091,-0.16681819,-0.13739797,-0.05211821,0.02663671,0.05529006,0.024462515,-0.032557115,-0.05500147,-0.015483335,0.06903376
-0.04670687,-0.0005173704,0.017081326,-0.009092876,-0.049654808,-0.079364605,-0.048899807,0.0073403646,0.0703118,0.08149145,0.052578658,0.0064813117,-0.022434164,-0.005237031,0.048653133,0.09658561,0.09715926,0.050104327,-0.0096934,-0.05314475,-0.048505772,-0.009685161,0.02496169,0.01994986
-0.1232831,-0.08896902,-0.042305116,-0.036436126,-0.07549457,-0.14667948,-0.19197705,-0.19400041,-0.14302291,-0.09002242,-0.06682106,-0.087543085,-0.13457403,-0.1675476,-0.14429608,-0.07121711,0.0036098384,0.04030256,0.015271842,-0.031730197,-0.06884441,-0.056305286,-0.0077421786,0.04353529
-0.00704871,0.05274686,0.11055035,0.117174566,0.06627957,-0.013973961,-0.07046407,-0.069645815,-0.019889215,0.027545294,0.030184243,-0.025293386,-0.102768086,-0.15093032,-0.13189884,-0.05534876,0.027236344,0.047257945,0.010780188,-0.046852008,-0.077508464,-0.044533204,0.034408826,0.11055173
0.18903498,0.1518496,0.08104288,0.045116838,0.060648605,0.13228285,0.18909211,0.20069537,0.13852797,0.06368923,0.009175456,0.009641533,0.06737028,0.1253284,0.12056473,0.05092315,-0.034881327,-0.08531929,-0.059945866,0.009098692,0.08049673,0.09408576,0.058664758,0.0016200003
0.004586268,-0.06930784,-0.12169006,-0.106377274,-0.04106574,0.034981612,0.0574255,0.0221045,-0.046259418,-0.08535081,-0.06519193,0.009795615,0.08722614,0.114594795,0.064680345,-0.019721765,-0.073443115,-0.06282184,0.0052217734,0.069022715,0.08311737,0.03134359,-0.048566423,-0.10736353
0.10714736,0.19773467,0.232818,0.19141017,0.12193199,0.072427966,0.09501088,0.16931327,0.24134593,0.2509873,0.18461466,0.07954598,0.0074873506,0.005089734,0.07704903,0.14550634,0.15144373,0.07614388,-0.022201365,-0.07988147,-0.063217774,0.017791007,0.09996459,0.1270694
0.15922663,0.1834862,0.14612563,0.08588222,0.046589043,0.06533951,0.12643386,0.18921386,0.19555908,0.14408457,0.060851615,-0.0015054087,0.0033875224,0.058895808,0.115932845,0.118941315,0.062986076,-0.022320671,-0.0695897,-0.053899027,0.0137405135,0.07883282,0.10198432,0.06881707
0.0154324155,-0.00045912428,0.022535514,0.08072614,0.14150786,0.17466603,0.15885492,0.11895617,0.08891471,0.09979864,0.14300762,0.18422568,0.18577476,0.14222908,0.06894075,0.01454029,0.00521071,0.03393229,0.06829937,0.06709449,0.025131784,-0.035198413,-0.07194665,-0.06548961
-0.019746745,0.030328264,0.07384397,0.06784899,0.009779855,-0.07516684,-0.12757166,-0.1256324,-0.08049663,-0.04003616,-0.0428386,-0.09462887,-0.16160646,-0.19974752,-0.17163633,-0.0874117,-0.0033751442,0.019779632,-0.008476766,-0.054834034,-0.07494985,-0.034101564,0.043528337,0.11483502
0.003589987,0.03780897,0.06681379,0.062810324,0.015266327,-0.049743097,-0.1001596,-0.110791154,-0.08476909,-0.053017996,-0.048274767,-0.08784423,-0.14131902,-0.16954683,-0.15243217,-0.08798262,-0.022740448,0.003981865,-0.008514499,-0.039208945,-0.05030447,-0.02079473,0.04172151,0.10643588
0.19614133,0.22956666,0.18452929,0.10443004,0.05472297,0.074181736,0.14929602,0.22947367,0.23919897,0.17899777,0.07501172,-0.002337711,0.0013887706,0.06628315,0.14296688,0.14868824,0.07928855,-0.025768938,-0.08898855,-0.069921546,0.014099754,0.09930001,0.12776126,0.0867231
0.033255607,-0.025384916,-0.029860782,0.020324161,0.061571818,0.06288803,-0.011607846,-0.10978737,-0.18189402,-0.16984142,-0.10528728,-0.045020703,-0.027178459,-0.076837674,-0.15689147,-0.19508497,-0.15934479,-0.063689455,0.031780213,0.070998296,0.04534412,-0.009058969,-0.03380102,0.009472297
0.02412916,0.07873843,0.13767502,0.1607757,0.14198145,0.100440085,0.07028741,0.076578684,0.115021884,0.15250517,0.15796867,0.11449438,0.049788956,0.0002943083,-0.00065884617,0.03710202,0.0756819,0.0797541,0.038702715,-0.01442431,-0.050902426,-0.041318554,0.006168111,0.06004393
-0.0011799237,-0.058263842,-0.05033158,0.018882908,0.08219598,0.09845465,0.031294722,-0.06671119,-0.1363351,-0.1180818,-0.039235424,0.03542101,0.052059807,-0.006609151,-0.10474427,-0.15774597,-0.13087824,-0.03439853,0.0589629,0.08821929,0.0438149,-0.03372839,-0.07561329,-0.039019376
0.008169761,-0.04704001,-0.043067623,0.012260555,0.06168315,0.07015606,0.004710599,-0.085408054,-0.15152855,-0.1357281,-0.07013595,-0.0053912336,0.0128085185,-0.040064298,-0.12088368,-0.16424571,-0.13293177,-0.040862497,0.042833656,0.0760102,0.04131771,-0.020846846,-0.052314095,-0.016833723
0.02413509,0.06851589,0.0726064,0.0273462,-0.0461777,-0.10721861,-0.118160956,-0.08325538,-0.041990682,-0.038357582,-0.081011385,-0.14889818,-0.19020838,-0.17687409,-0.111480825,-0.031279728,0.010137066,-0.011812232,-0.056079626,-0.07871385,-0.053350102,0.016629543,0.086285554,0.11999712
0.014321765,0.079639904,0.15008219,0.17719099,0.15347034,0.09995071,0.06739581,0.07627237,0.12891284,0.17659086,0.18579784,0.1362257,0.05852735,0.0017090766,0.00019940983,0.043973587,0.08989658,0.09234016,0.047606666,-0.022112811,-0.065352865,-0.054344222,0.0030787524,0.064502224
-0.034743305,-0.022718273,0.037574507,0.09807375,0.108688146,0.05697798,-0.030071532,-0.094128504,-0.09237775,-0.032480076,0.034198064,0.04689159,-0.005787281,-0.09071606,-0.14481163,-0.12094381,-0.041797157,0.03901311,0.0685914,0.032466285,-0.03427132,-0.06947797,-0.04222053,0.04036568
0.16702701,0.19784422,0.17052719,0.11602348,0.08171231,0.10063269,0.15540923,0.21745421,0.22304001,0.17435186,0.09142718,0.027082957,0.02612668,0.07211006,0.12427522,0.120325565,0.06605754,-0.014847354,-0.06696264,-0.054538224,0.007518498,0.0694062,0.090122744,0.060777713
0.13711601,0.11419236,0.06775949,0.04130673,0.046051256,0.084016874,0.113877274,0.120640285,0.07808031,0.027459245,-0.011340421,-0.015979256,0.016976392,0.05089489,0.053549338,0.012453154,-0.03825826,-0.066064514,-0.049778618,-0.0040898435,0.046766542,0.06378506,0.044138607,0.014531364
0.08746076,0.03850218,-0.044404484,-0.09738954,-0.1008207,-0.052772354,-0.0057021505,0.0055800863,-0.04582568,-0.113029554,-0.16006777,-0.14882416,-0.08118984,-0.009240973,0.013101641,-0.01962003,-0.077393755,-0.11060333,-0.08114481,-0.007353171,0.066061795,0.090433665,0.05954404,0.002067736
