0.02196299,0.034819257,0.07092051,0.09938572,0.097764835,0.056887884,0.0012732797,-0.04087392,-0.043487933,-0.022744136,-0.0028960935,-0.009873254,-0.049122263,-0.103013344,-0.13500106,-0.12825829,-0.08915664,-0.04682977,-0.03407887,-0.054034747,-0.08541506,-0.09435244,-0.06637411,-0.012460999
-0.17765813,-0.16817525,-0.105502926,-0.038262777,-0.017405454,-0.052036714,-0.10928407,-0.13176866,-0.10490207,-0.02576265,0.051230107,0.0795782,0.055370238,0.0019580796,-0.028450644,-0.007315168,0.059943944,0.121926375,0.13385816,0.08567323,0.008505083,-0.047654595,-0.047689408,-0.002084719
0.023338575,-0.025718966,-0.017030707,0.039048873,0.09962296,0.1158561,0.06821051,-0.020326542,-0.07637788,-0.081415094,-0.032559372,0.025827758,0.038016606,-0.009571774,-0.08954218,-0.14522016,-0.1368549,-0.07136666,-0.0020525448,0.026903624,-0.0036727295,-0.066437565,-0.105439134,-0.086229846
0.1471272,0.069900654,0.025859954,0.04894272,0.123159535,0.1913541,0.19435467,0.10912167,0.016235938,-0.053450868,-0.047884513,0.015895735,0.06787695,0.061927263,-0.01592896,-0.11305175,-0.1702241,-0.1447995,-0.06659099,0.012286586,0.033084854,-0.01445013,-0.08422852,-0.11566011
0.041537542,0.10678907,0.11465784,0.053398296,-0.036884148,-0.10112138,-0.09668778,-0.03846635,0.01568928,0.020087963,-0.039742403,-0.12636869,-0.17870249,-0.16362113,-0.09197612,-0.017769689,0.0043729073,-0.035314243,-0.10027807,-0.13580927,-0.1061187,-0.019371986,0.06552003,0.09822066
-0.004764808,0.005641124,0.055702236,0.10084582,0.10691948,0.059541192,-0.011506427,-0.06646901,-0.06944941,-0.036822535,0.00018460996,0.0017198245,-0.041367635,-0.10899977,-0.154758,-0.14937045,-0.098764025,-0.03898256,-0.016229888,-0.040397245,-0.087575525,-0.11233222,-0.08693709,-0.020380773
-0.045864932,0.016329905,0.042022996,0.023918005,-0.015005813,-0.03508925,-0.0040411456,0.07845971,0.14298907,0.17530365,0.15557434,0.10453733,0.074833505,0.08813897,0.14066851,0.18912396,0.1935413,0.14254026,0.07132949,0.0131465625,0.0033137072,0.036330476,0.06968575,0.06782885
-0.026183045,0.07854985,0.1798322,0.21378171,0.16710302,0.08074436,0.032373615,0.06441888,0.1431415,0.22463402,0.2329918,0.15811099,0.054837503,-0.01663219,-0.009884615,0.058520254,0.12231099,0.123247944,0.048129916,-0.055953026,-0.12580857,-0.110127114,-0.027541198,0.058234017
0.19989772,0.2323185,0.18530889,0.10615138,0.06221446,0.08952833,0.16982116,0.23715658,0.24302599,0.17293635,0.073037505,0.0060573937,0.008488735,0.06630396,0.12067499,0.12012197,0.04465907,-0.054067794,-0.1117998,-0.09492513,-0.020912796,0.056750935,0.0784522,0.033374395
0.05363716,0.02223457,-0.035281207,-0.07084815,-0.050602954,0.021590065,0.09230402,0.12047109,0.096440166,0.044296995,0.011724727,0.028193373,0.08569941,0.1473699,0.16650562,0.12813932,0.059191663,0.0053166896,0.004906591,0.04953049,0.100141756,0.10484178,0.056128476,-0.019604838
0.007569016,0.016593046,0.05605788,0.09640395,0.107964925,0.076273926,0.021023987,-0.025653392,-0.031581167,-0.0054733157,0.026041808,0.030469751,-0.0038410323,-0.06347316,-0.10705001,-0.1087906,-0.07121234,-0.021731779,-0.002097001,-0.023100588,-0.06800079,-0.093496,-0.07615422,-0.024283707
-0.078468904,-0.050563294,0.025354913,0.09530882,0.110956304,0.06302841,-0.006266164,-0.040583313,-0.019649558,0.048357584,0.10884677,0.1146886,0.06289919,-0.0147407865,-0.061055012,-0.046487764,0.016690124,0.07417816,0.07816616,0.022631561,-0.0555632,-0.10013261,-0.08081256,-0.01401671
-0.14149873,-0.1826248,-0.1591016,-0.08551903,-0.013808641,0.011751412,-0.019199613,-0.06561317,-0.08587067,-0.04565238,0.03604941,0.11257755,0.14076534,0.10819211,0.050525755,0.015727509,0.036325965,0.09463279,0.14530408,0.14522378,0.08603492,-0.00024200583,-0.058842532,-0.06280768
0.011093049,0.059518177,0.064345226,0.0145254005,-0.060707238,-0.11563496,-0.11382195,-0.06529945,-0.019703126,-0.013298964,-0.057938967,-0.12501357,-0.16431943,-0.1475941,-0.08499136,-0.021074865,0.0025125914,-0.026895206,-0.078220844,-0.10642398,-0.0791949,-0.008071467,0.05902726,0.0841267
-0.12920716,-0.1177982,-0.06821926,-0.014021456,0.0036306214,-0.017318964,-0.051556904,-0.058294334,-0.034246657,0.02562664,0.08237054,0.10090722,0.08181877,0.04434712,0.021487512,0.033902664,0.07905039,0.117068894,0.11746449,0.07514232,0.016529726,-0.026933586,-0.031787395,-0.0023371866
-0.03409571,0.009545649,0.10974203,0.20426597,0.24128167,0.2033482,0.13544054,0.09939636,0.121488534,0.19422439,0.25966066,0.26170382,0.19722444,0.09581925,0.02500937,0.021495571,0.07104555,0.11925567,0.11313168,0.040423732,-0.059393734,-0.12238364,-0.110981904,-0.04057753
0.0844129,0.03747184,-0.036615975,-0.07468166,-0.043076813,0.043612063,0.12606722,0.14953078,0.10745895,0.03306583,-0.0072997883,0.019881079,0.09419157,0.16649954,0.17741686,0.121353924,0.030173486,-0.027899783,-0.014014711,0.052091807,0.11404061,0.11728909,0.05341132,-0.03735116
-0.13109493,-0.066126674,0.0019697899,0.026939204,-0.006133406,-0.067633145,-0.10067452,-0.06362117,0.0061851256,0.0849107,0.11136848,0.07520614,0.018747501,-0.016074346,0.0066122226,0.07130729,0.13196217,0.14241034,0.09318027,0.015240233,-0.041182064,-0.03862055,0.010892305,0.061053306
-0.026982209,-0.067887686,-0.12804914,-0.16368665,-0.15383883,-0.10262775,-0.04838118,-0.023863502,-0.042717747,-0.07926702,-0.09599835,-0.067814596,-0.0069920947,0.057565484,0.08567662,0.06784072,0.024944883,-0.0037687193,0.010302876,0.056741346,0.10082563,0.10659419,0.065515496,0.00060803164
-0.058397073,0.012455517,0.03392502,-0.0017745584,-0.062942736,-0.09654621,-0.06354807,0.030178659,0.10490163,0.13748533,0.1028865,0.037266698,0.004316701,0.031727653,0.105922066,0.17427994,0.1825881,0.123758025,0.041871496,-0.0131463595,-0.009828001,0.0429896,0.0927172,0.09255273
0.0779608,0.04473134,-0.014713165,-0.044952266,-0.013191663,0.06789839,0.14441873,0.17011762,0.1391618,0.07759812,0.040468592,0.05998795,0.12368049,0.18564741,0.19628248,0.14610285,0.060870882,0.0023251018,0.004742835,0.05502172,0.1053762,0.10606744,0.048790697,-0.034541115
-0.03672052,-0.0892618,-0.11963999,-0.10802971,-0.063333616,-0.014908334,-0.0009834609,-0.026507068,-0.062470473,-0.08059221,-0.05703872,-0.0027965487,0.049841292,0.06772995,0.045089453,0.0047069774,-0.018447293,-0.0024462403,0.04207289,0.082094796,0.0862876,0.04694137,-0.00772366,-0.045508653
0.05668676,0.014683959,-0.04731422,-0.09712787,-0.10317584,-0.07389322,-0.045034766,-0.050735526,-0.084534705,-0.1430123,-0.17762174,-0.16746771,-0.12188078,-0.072465934,-0.05164156,-0.06917348,-0.10642447,-0.121454686,-0.093803875,-0.0347681,0.025363738,0.051409017,0.035196215,-0.003218774
0.08867407,0.034322757,-0.0071217264,-0.013867325,0.012960572,0.04286338,0.041641876,-0.011169263,-0.06944019,-0.12112929,-0.12810639,-0.094729625,-0.06022843,-0.05226908,-0.083207205,-0.1298305,-0.1571881,-0.139531,-0.087198794,-0.028306281,0.0038319323,-0.0050029885,-0.03560148,-0.052663367
0.15106153,0.17930718,0.14774229,0.086636975,0.04701471,0.057979688,0.11165828,0.16169342,0.16900145,0.11941832,0.043377616,-0.011769366,-0.018204847,0.022128517,0.065745056,0.071522355,0.022051131,-0.051365912,-0.097640954,-0.08805443,-0.030640261,0.033683907,0.058057677,0.031374987
0.107054904,0.055758152,0.024776706,0.035347916,0.078647286,0.119294874,0.121518366,0.06504846,0.0036406408,-0.046890587,-0.048927568,-0.011853205,0.022046408,0.020225251,-0.027574448,-0.088895746,-0.12661925,-0.111759,-0.06145825,-0.0074414467,0.01291526,-0.011246824,-0.05347902,-0.07295941
0.10291197,0.05992024,0.026621552,0.025358757,0.056214556,0.08584322,0.0830108,0.031287406,-0.024005415,-0.07278954,-0.082994916,-0.054916885,-0.026811017,-0.025583694,-0.06051635,-0.10815042,-0.1411147,-0.12773275,-0.08194876,-0.02873986,-0.004449765,-0.0151187265,-0.042303383,-0.057729304
0.01341081,-0.06089941,-0.11466239,-0.11655708,-0.07533218,-0.030160272,-0.027089968,-0.07971782,-0.14046049,-0.18388072,-0.1720294,-0.112163946,-0.053438656,-0.031288933,-0.058470145,-0.10812393,-0.13282399,-0.10428748,-0.038284186,0.028560711,0.057174075,0.031950824,-0.019878605,-0.055032756
-0.025450308,0.009778576,0.08215874,0.14709087,0.17152378,0.14656872,0.10236684,0.08130283,0.10039683,0.15303583,0.19506988,0.19317688,0.14693993,0.08010298,0.034278765,0.033592284,0.064615175,0.09131362,0.080394454,0.02964248,-0.03796337,-0.081042714,-0.07255206,-0.02590498
0.13668652,0.16783266,0.13321805,0.06696819,0.026169723,0.04343969,0.11093343,0.17627268,0.19143538,0.14130427,0.060367666,0.0024385073,0.0035305792,0.055933278,0.11026447,0.11923664,0.060637046,-0.024722995,-0.0793894,-0.071604125,-0.01065203,0.05667794,0.07708469,0.03925296
0.018429887,0.063783,0.06090483,0.002780217,-0.076221235,-0.12883088,-0.12495713,-0.077831686,-0.036060303,-0.03583428,-0.08720081,-0.15488394,-0.19080536,-0.1662846,-0.0988769,-0.03491308,-0.014846262,-0.047355417,-0.09743768,-0.11643642,-0.07943591,-0.003171399,0.064801395,0.08584559
-0.08614909,-0.1432723,-0.1469474,-0.11304448,-0.076192886,-0.07697954,-0.12667477,-0.19874927,-0.23689139,-0.22838657,-0.17472394,-0.113443,-0.08599741,-0.10748414,-0.14945062,-0.17024927,-0.14002009,-0.06711982,0.0047454503,0.037629936,0.018536624,-0.028859077,-0.05791317,-0.04380494
-0.13414642,-0.12352342,-0.068571605,-0.022724621,-0.027246164,-0.089725815,-0.16857857,-0.20737591,-0.18722765,-0.12020484,-0.057865903,-0.04558058,-0.08454795,-0.14689448,-0.17100632,-0.13489565,-0.05129696,0.025000194,0.04719772,0.0066491803,-0.057871107,-0.087601684,-0.056761276,0.01291795
-0.15769233,-0.13335536,-0.04186036,0.04834042,0.07504493,0.025111048,-0.055782408,-0.09434951,-0.064839765,0.029353997,0.118241005,0.14070919,0.091358,0.0049679223,-0.047695596,-0.028234877,0.053048305,0.12804462,0.13810563,0.07175193,-0.029045831,-0.09703815,-0.08677705,-0.014850517
0.02005445,-0.018293304,-0.004201319,0.049223833,0.10436185,0.11796185,0.07604738,0.0009204531,-0.044636704,-0.04480774,0.000716858,0.05004987,0.057370257,0.009978542,-0.0621928,-0.11054481,-0.102152504,-0.046405047,0.0107762255,0.029188536,-0.0037703111,-0.061560716,-0.09532228,-0.07681809
-0.054822903,-4.7046244e-05,0.003480614,-0.051070083,-0.13178958,-0.17981607,-0.1619583,-0.085844904,-0.022617802,0.00012121661,-0.036987696,-0.101882346,-0.13453557,-0.10351288,-0.023331005,0.053452134,0.08138577,0.044426054,-0.018343126,-0.057636693,-0.038700633,0.028249603,0.09173218,0.105696365
-0.011404159,-0.030335698,-0.009281764,0.044866353,0.09904021,0.12419836,0.110388115,0.07776486,0.05715209,0.068828985,0.1113131,0.15048935,0.15843399,0.12632965,0.07191655,0.030018581,0.026228815,0.052910045,0.079299234,0.0751823,0.037214346,-0.01959783,-0.060229488,-0.059806187
0.053236462,0.024054034,0.0489557,0.107958145,0.1614686,0.16678232,0.1191347,0.03981444,-0.0051447283,-0.006164407,0.03525501,0.07487545,0.069434166,0.009575021,-0.070549406,-0.11996336,-0.11148439,-0.056971967,-0.004652633,0.0072054416,-0.029771602,-0.08488715,-0.11093771,-0.08127878
0.04280159,0.020642329,0.036067624,0.07677629,0.11186013,0.113133416,0.07695957,0.018473094,-0.015743587,-0.018100167,0.0107357465,0.03822035,0.032804996,-0.010232919,-0.067661986,-0.102543525,-0.09314823,-0.05122783,-0.012370671,-0.0028925599,-0.027305132,-0.064219266,-0.08070054,-0.05715292
0.181763,0.21264008,0.16224079,0.07609084,0.025779294,0.0510381,0.13342422,0.20648766,0.21739204,0.14848563,0.04550709,-0.023378123,-0.018364534,0.050305717,0.11706774,0.12342034,0.050059006,-0.054569516,-0.11779336,-0.099097624,-0.014009961,0.071095385,0.09370486,0.04379581
-0.11682032,-0.11411306,-0.070130505,-0.029205982,-0.027404686,-0.0740763,-0.13886413,-0.17516029,-0.16211471,-0.10763569,-0.053385165,-0.037119858,-0.064150415,-0.11287037,-0.13521394,-0.11007223,-0.043332733,0.0200907,0.04157947,0.013078207,-0.03755392,-0.06677178,-0.04840876,0.004662974
-0.015735539,0.05357901,0.1160639,0.11966629,0.06200641,-0.028228559,-0.08508218,-0.07484503,-0.021502994,0.030714976,0.028739437,-0.033541366,-0.11502119,-0.16676037,-0.14734165,-0.07849308,-0.010984818,0.0045143533,-0.038754772,-0.10498279,-0.13779375,-0.100578785,-0.016346663,0.061998997
0.108849645,0.079865806,0.0297208,-0.004467425,0.0040075886,0.04447111,0.0825154,0.082410626,0.047480002,-0.013380152,-0.052126314,-0.047255248,-0.012354505,0.026123919,0.031039406,-0.0036114452,-0.057782486,-0.08923365,-0.07583992,-0.027896056,0.024128612,0.04300863,0.019149462,-0.023011267
-0.13619967,-0.06895572,0.003751169,0.034583297,0.008942536,-0.046514913,-0.07490915,-0.03102119,0.040617898,0.12260213,0.15405835,0.12110633,0.06506454,0.027996037,0.04747043,0.10783912,0.16464901,0.16940413,0.117610216,0.03456205,-0.027824994,-0.03209983,0.010868626,0.05586361
-0.009846417,-0.06768173,-0.115784496,-0.13460094,-0.12199766,-0.1016639,-0.10579387,-0.14445177,-0.1869693,-0.21965113,-0.21554708,-0.17526925,-0.13213485,-0.10739663,-0.11198316,-0.13269284,-0.13929562,-0.11309471,-0.059820153,-0.0029502527,0.02907961,0.02451937,-0.00022388028,-0.020521337
0.18286242,0.17268698,0.1331784,0.100482784,0.10377123,0.13960005,0.1786933,0.17698942,0.14207894,0.075358495,0.021881752,0.00677382,0.022091009,0.044301476,0.03910725,0.00065799477,-0.06019776,-0.100845456,-0.1005645,-0.061984338,-0.014986373,0.010761447,0.00048578356,-0.02897482
0.094413266,0.053462077,0.02289222,0.02726578,0.06342957,0.101958066,0.10991376,0.070014104,0.019226497,-0.02566629,-0.030969,-0.0007989457,0.028838083,0.03177352,-0.004465283,-0.056679074,-0.09336324,-0.08697791,-0.04770251,-0.0025750175,0.016420912,-0.0010370731,-0.037022557,-0.058972962
0.0967742,0.027810914,-0.018123044,-0.014843477,0.034421384,0.08392369,0.08598799,0.019759424,-0.05404832,-0.11497433,-0.11541666,-0.06442622,-0.0139871845,-0.0057147937,-0.05348014,-0.12131117,-0.16486923,-0.1434591,-0.07484066,-0.0011640259,0.028324453,0.0007305561,-0.050715435,-0.07937937
-0.031911287,-0.11886947,-0.17774017,-0.16707787,-0.10052916,-0.024067217,-0.0022441098,-0.045810033,-0.11044518,-0.1489285,-0.12084498,-0.036267795,0.045352243,0.07961863,0.04633711,-0.020549247,-0.059651043,-0.03753584,0.033249147,0.1052605,0.12583922,0.07399497,-0.010073472,-0.07242117
-0.02217577,0.03938964,0.10167434,0.12483653,0.09888548,0.046307243,0.01356221,0.031862788,0.079354726,0.13005912,0.13944755,0.096296266,0.034157306,-0.010898605,-0.008168573,0.03201525,0.07356939,0.077788875,0.03460097,-0.030624678,-0.0744202,-0.06724737,-0.019033495,0.033510532
0.119686395,0.061094332,0.023298468,0.035529774,0.09493993,0.15777576,0.17547743,0.123378195,0.053244192,-0.0075412127,-0.01058013,0.036795408,0.08434692,0.09084352,0.03710508,-0.04128603,-0.10023345,-0.09802998,-0.043895088,0.020438736,0.044246208,0.009875585,-0.0511426,-0.08976673
-0.03700032,-0.06918861,-0.111850195,-0.13279997,-0.12117679,-0.07911596,-0.038793392,-0.021930853,-0.03587015,-0.058476873,-0.065047994,-0.039093126,0.009645574,0.05806678,0.07596881,0.060763203,0.029908556,0.012196453,0.024469532,0.059202105,0.086933866,0.082877204,0.04691048,-0.0030767685
0.07666821,0.0036892733,-0.04060916,-0.027531605,0.03224095,0.089681216,0.09736871,0.034451753,-0.03871879,-0.09445443,-0.085600324,-0.02522516,0.03147566,0.039424434,-0.012886712,-0.085956834,-0.13125417,-0.10982998,-0.040757403,0.029033512,0.051107105,0.013121536,-0.050024092,-0.08585682
0.078482054,0.034003384,-0.036227975,-0.06947071,-0.032972764,0.05844162,0.14096549,0.16395487,0.12602913,0.05765541,0.021132665,0.04862448,0.12266547,0.1921188,0.20248066,0.1449425,0.055022135,-0.0031423236,0.0053406935,0.063864395,0.12112383,0.11953202,0.05281038,-0.039359685
0.05651855,0.078128316,0.043793272,-0.01124169,-0.04200344,-0.015996456,0.053284783,0.12440691,0.14460196,0.11285725,0.056684997,0.019353604,0.03293976,0.08923223,0.14305028,0.15340367,0.10614521,0.034093093,-0.01236008,-0.009565368,0.034764253,0.08114233,0.08627657,0.041614465
-0.14393282,-0.18803824,-0.17716458,-0.11823839,-0.05941534,-0.035853073,-0.059820507,-0.09914392,-0.11976781,-0.087074354,-0.01590051,0.05673869,0.089393206,0.07274986,0.02776404,-0.0005700542,0.01815712,0.0719697,0.121788315,0.1317105,0.08698943,0.013116891,-0.041303337,-0.04960573
-0.03414823,0.026218945,0.048231546,0.02634303,-0.019298958,-0.04369134,-0.016649904,0.059409063,0.119849764,0.14936644,0.12589176,0.072578594,0.039242137,0.05307312,0.10545286,0.15519208,0.1643662,0.117416225,0.04779417,-0.0054438175,-0.00971218,0.0280545,0.066491336,0.06990795
0.020195244,0.080004536,0.08571344,0.026341224,-0.059706658,-0.121732816,-0.11910922,-0.061184894,-0.007469475,0.0009285849,-0.052135162,-0.13098553,-0.17946628,-0.1624071,-0.0890801,-0.0150006395,0.011023619,-0.026502395,-0.08878977,-0.12402583,-0.09405533,-0.010450843,0.06944825,0.09763634
-0.028490355,-0.027497225,0.019616475,0.06482685,0.06487404,0.0066876775,-0.0793364,-0.1485879,-0.15589929,-0.116522655,-0.06937617,-0.060333725,-0.10587887,-0.17893493,-0.22626778,-0.2141689,-0.14283712,-0.06328171,-0.028886128,-0.04993927,-0.09896072,-0.12447535,-0.093428485,-0.015230706
-0.06284498,-0.013510736,0.004446609,-0.012628901,-0.04753906,-0.06270906,-0.037786853,0.031142274,0.08648246,0.118498005,0.10561546,0.06641344,0.045518022,0.061850384,0.11064356,0.15492196,0.16468762,0.12658943,0.067907855,0.020856785,0.012877582,0.03821195,0.06508781,0.061289873
0.043929327,-0.010375962,-0.0077164997,0.042455737,0.09786054,0.10998547,0.06071541,-0.035506595,-0.09811234,-0.11272888,-0.0698906,-0.013848707,8.865293e-05,-0.04766085,-0.12908351,-0.18509686,-0.17719148,-0.10711292,-0.030823115,0.0059665865,-0.018499454,-0.07515679,-0.11010149,-0.08668632
-0.01748814,0.054397147,0.12419582,0.13607448,0.0833738,-0.0037869338,-0.06085572,-0.05072815,0.0037351917,0.059799694,0.06275967,0.0016736217,-0.082395345,-0.13786425,-0.12553774,-0.06148699,0.004730347,0.021158922,-0.0231028,-0.09298234,-0.13257639,-0.10407574,-0.024048634,0.056702007
-0.0054720645,0.09113127,0.18902667,0.22786151,0.19643085,0.12093958,0.07374468,0.099866286,0.16851945,0.24126935,0.25315934,0.18719357,0.09060865,0.014379243,0.010607878,0.06430229,0.1182591,0.11894564,0.053080916,-0.047259755,-0.11801183,-0.10947314,-0.038078725,0.040418137
-0.12411358,-0.08245034,-0.0402448,-0.037464935,-0.08495417,-0.15481424,-0.19683148,-0.17629653,-0.12347513,-0.063088946,-0.042730648,-0.07291924,-0.119061016,-0.14307429,-0.11253848,-0.04388424,0.026688274,0.05326209,0.027453743,-0.025811875,-0.059057772,-0.040515658,0.015700169,0.06886124
-0.05557853,-0.12460577,-0.16678566,-0.15163949,-0.090720475,-0.022610864,0.0036914097,-0.019577244,-0.06445997,-0.0900458,-0.06066721,0.011633242,0.085057385,0.11667763,0.090939164,0.036214273,-0.0012160416,0.0118358955,0.06646168,0.11896337,0.12797391,0.07718213,-0.00041192287,-0.05860687
-0.019590273,-0.018548794,-0.05944219,-0.10938856,-0.13855542,-0.11939802,-0.066001095,-0.0090790745,0.0071889376,-0.011185443,-0.045189075,-0.060176373,-0.03568389,0.02323179,0.078605756,0.09667089,0.07360931,0.028243136,0.001230361,0.011239968,0.05216873,0.08909367,0.08840265,0.0463464
0.062506124,0.08389796,0.035240024,-0.038415223,-0.078869015,-0.04732163,0.03887034,0.12540542,0.1487249,0.10580558,0.031562217,-0.013526267,0.009729757,0.088439874,0.16288802,0.17871647,0.11896669,0.026242243,-0.031324375,-0.019795476,0.046785656,0.11043756,0.11563821,0.053414676
-0.17444585,-0.10560793,-0.030051278,-0.0013391703,-0.04097732,-0.11139849,-0.14976199,-0.106794424,-0.02680006,0.06803695,0.10548482,0.07008237,0.007982762,-0.02920704,-0.0016561758,0.07473466,0.15211692,0.16951074,0.11683312,0.028449966,-0.036964215,-0.03744058,0.016594324,0.07403719
-0.04940167,-0.09492968,-0.10354731,-0.07871858,-0.04924194,-0.04318622,-0.07434317,-0.1271482,-0.16072842,-0.1590069,-0.11955838,-0.07136948,-0.0494534,-0.06502212,-0.10043667,-0.12247715,-0.102939844,-0.04900994,0.006343233,0.032404825,0.018118087,-0.018873483,-0.044494167,-0.036838558
0.047552224,0.00095935096,-0.024269134,0.005256659,0.07499813,0.14358698,0.1698399,0.14076264,0.09104845,0.05670199,0.07131364,0.12552208,0.17530724,0.18194841,0.13249336,0.061127983,0.0062188273,0.0066544022,0.046754006,0.08700214,0.08513784,0.034946863,-0.03526327,-0.08213519
0.082438044,0.004444524,-0.044586126,-0.030822398,0.032367233,0.092356436,0.096765116,0.027105806,-0.053297855,-0.11256722,-0.103034794,-0.03755897,0.021421105,0.029544605,-0.026908195,-0.104866095,-0.15091754,-0.12504199,-0.049573053,0.026732849,0.050532963,0.0104934815,-0.05524704,-0.09245993
0.04043473,0.015823793,-0.02294456,-0.03263414,0.0010596631,0.067287356,0.12733042,0.15214914,0.13057491,0.092541724,0.076137595,0.09894395,0.14602835,0.1888734,0.18924701,0.14578073,0.082553566,0.039381538,0.04019852,0.07034977,0.097066306,0.08573158,0.033108864,-0.032091122
0.09968682,0.11210507,0.063636355,-0.00968706,-0.057956234,-0.049798224,0.0026323267,0.05202184,0.059034027,0.010617804,-0.061075486,-0.10635419,-0.09835315,-0.041671515,0.01750251,0.034150045,-0.0036129535,-0.0658524,-0.10198593,-0.082151234,-0.014097416,0.05604613,0.0794444,0.047221098
-0.03191457,-0.079419784,-0.056271203,0.023406392,0.10599089,0.13502516,0.09331304,0.016528001,-0.029637478,-0.015254214,0.056990232,0.13025193,0.14916664,0.095717385,0.007726499,-0.054282498,-0.04643261,0.018681606,0.08431309,0.09567785,0.04143661,-0.04634791,-0.105318114,-0.096380256
0.17099342,0.14719306,0.095369734,0.05994404,0.07774778,0.13600983,0.1881122,0.18801169,0.14712322,0.073208734,0.021014117,0.019385796,0.05495521,0.09201903,0.09007154,0.039665308,-0.036355805,-0.085921034,-0.08156714,-0.031809244,0.024855848,0.043147694,0.013073102,-0.039279286
-0.005438389,-0.05975281,-0.09485185,-0.09561864,-0.069973685,-0.047847714,-0.05490503,-0.097367115,-0.14028062,-0.16692439,-0.15353993,-0.10938414,-0.07018168,-0.059684075,-0.07951119,-0.10830464,-0.11625929,-0.08707346,-0.033794902,0.013962015,0.03052842,0.012869493,-0.018379325,-0.03538144
0.032721676,-0.017179184,-0.006231893,0.0485806,0.10149898,0.10541037,0.047290117,-0.05043397,-0.10758084,-0.11356437,-0.06473359,-0.011276969,-0.0052308263,-0.060630426,-0.14274219,-0.19357593,-0.17499278,-0.09890086,-0.024881015,0.002664342,-0.027987188,-0.085577145,-0.11509037,-0.082565755
-0.15393116,-0.097440705,-0.034234457,-0.016372392,-0.057180777,-0.12625825,-0.166987,-0.13438427,-0.0645577,0.016722267,0.047313258,0.014381866,-0.041123,-0.072354816,-0.04137335,0.031391308,0.10569155,0.122685865,0.07832063,0.0037628396,-0.043954648,-0.03548409,0.017820101,0.070991285
-0.12520474,-0.07072385,-0.014050666,-0.0058322875,-0.05697774,-0.13357748,-0.17893809,-0.15356606,-0.09037158,-0.01969683,0.0014096214,-0.038021687,-0.096950494,-0.12770866,-0.096271284,-0.021936767,0.053762022,0.07492653,0.03603435,-0.029930277,-0.06845109,-0.04955967,0.013164155,0.07395166
0.06258814,0.01606386,-0.055224236,-0.11044889,-0.11990576,-0.08449596,-0.045580346,-0.047497854,-0.08509493,-0.1495202,-0.19061121,-0.17934956,-0.12916805,-0.06795804,-0.04318725,-0.06325647,-0.10578706,-0.12800801,-0.10311046,-0.03546187,0.035547547,0.06541165,0.04473538,-0.0016739893
-0.10068183,-0.14116724,-0.11673233,-0.039997067,0.031788196,0.054712363,0.020692222,-0.03391465,-0.06252819,-0.031161824,0.0449754,0.11778669,0.13924046,0.10018356,0.0313392,-0.011326549,0.0051258146,0.06554185,0.11940602,0.12328018,0.06547173,-0.01924195,-0.07543947,-0.072031766
-0.10082714,-0.05134964,0.0013951188,0.025114099,0.0063145705,-0.032513715,-0.05064261,-0.017083174,0.03617608,0.09793464,0.12143835,0.09752316,0.05639964,0.029658433,0.044221938,0.088245705,0.13092461,0.1332325,0.09226991,0.029409084,-0.01678055,-0.020424994,0.009737134,0.041226555
0.16650487,0.1995421,0.16937162,0.106214195,0.06410544,0.07246249,0.12796749,0.18231045,0.1929622,0.13998218,0.05698838,-0.005904068,-0.015182596,0.02622403,0.07379715,0.08081463,0.02743389,-0.053216368,-0.10686706,-0.10104404,-0.038410123,0.0335062,0.06099072,0.03340584
0.023746548,-0.007902646,-0.025877243,-0.0061292723,0.045238074,0.09891482,0.123762906,0.110187694,0.07891161,0.05614114,0.06529971,0.103934,0.14282759,0.15361983,0.124090515,0.07413355,0.030486975,0.02231299,0.044919696,0.07261691,0.07403998,0.03839876,-0.015312468,-0.056480292
-0.035790525,-0.112720646,-0.1630843,-0.14829816,-0.08234509,-0.0089176735,0.018981345,-0.011251645,-0.06635069,-0.10035375,-0.07265563,0.0055516292,0.08308424,0.114744306,0.08303802,0.019961197,-0.022220083,-0.007454273,0.05424832,0.11473076,0.12764849,0.07649897,-0.0059023025,-0.06774365
-0.032922734,-0.09011884,-0.12639795,-0.116114445,-0.07123447,-0.023417853,-0.007271089,-0.033178445,-0.072956085,-0.09640998,-0.07679501,-0.020448565,0.03616615,0.059233934,0.038304377,-0.0030637672,-0.029591791,-0.015809312,0.029940156,0.0757752,0.087090865,0.05263969,-0.0042836214,-0.04699546
0.13512562,0.11254987,0.067933686,0.037202228,0.054802224,0.10648408,0.15263982,0.15209064,0.11667328,0.053007305,0.0088092815,0.010862542,0.046667255,0.081645876,0.08041846,0.037623636,-0.031693477,-0.07445647,-0.066944376,-0.019026443,0.028930614,0.041675612,0.0132716475,-0.03435366
0.010248184,-0.03904683,-0.11977069,-0.17210345,-0.16047584,-0.089657955,-0.014358559,0.015821217,-0.012480229,-0.0722531,-0.10793167,-0.08096626,-0.002935913,0.08227229,0.11838044,0.08946686,0.021489138,-0.02562373,-0.012164856,0.052340418,0.11860572,0.13306683,0.082005136,-0.004883188
0.07722521,0.08282459,0.022843463,-0.070258796,-0.13529342,-0.13705257,-0.086766206,-0.034516115,-0.026543543,-0.08164322,-0.16081262,-0.20901062,-0.19419411,-0.12121573,-0.04445664,-0.014241616,-0.04788298,-0.10825861,-0.13711838,-0.1033432,-0.018390179,0.06620099,0.098332435,0.06629561
0.06690381,0.05047447,0.006632459,-0.012512628,0.015181063,0.088384144,0.16573639,0.2037071,0.1862716,0.13977286,0.105955094,0.11674948,0.16592853,0.22058785,0.23028173,0.1871679,0.10861116,0.046432447,0.032552484,0.06410067,0.10080101,0.09957802,0.048152067,-0.027015893
0.02645516,-0.033229373,-0.07545627,-0.07825641,-0.04402177,-0.0030361426,0.0038908226,-0.03896244,-0.09064153,-0.13101752,-0.12555146,-0.079306185,-0.030549759,-0.01126819,-0.035967413,-0.080553494,-0.108051844,-0.09069841,-0.037354603,0.021529758,0.047481712,0.025287384,-0.01899176,-0.049197905
-0.05150393,0.0035057382,0.019681886,-0.0072879638,-0.051454257,-0.072622836,-0.043329425,0.034637474,0.09429467,0.12146378,0.09729126,0.048796333,0.024414312,0.047285866,0.106084384,0.15721293,0.16229638,0.112980895,0.047154702,0.0014505758,0.0031400116,0.041859824,0.076443344,0.07166959
-0.05822944,-0.023800597,0.06123689,0.14097093,0.17016914,0.1282799,0.057627287,0.022634203,0.043530513,0.11223504,0.17443734,0.1802364,0.124456525,0.036971197,-0.018207181,-0.012903894,0.04130076,0.09250689,0.09258436,0.029774752,-0.055850297,-0.10706701,-0.092279926,-0.028034938
-0.15214802,-0.16613553,-0.13637224,-0.10177199,-0.099799536,-0.14220546,-0.20506473,-0.24460353,-0.2365524,-0.18442738,-0.12570067,-0.0965091,-0.10785965,-0.14286911,-0.15804295,-0.13138008,-0.06178118,0.008421451,0.041153457,0.025595766,-0.015966315,-0.045725867,-0.035355832,0.0086100865
-0.1599678,-0.14267668,-0.07326908,0.0011730443,0.027866572,-0.0018974702,-0.055034284,-0.07285597,-0.04459734,0.035204254,0.11060415,0.13564363,0.10652872,0.049216423,0.01302332,0.027838498,0.08772091,0.14174034,0.14587677,0.09177251,0.009983907,-0.05011558,-0.05325129,-0.009706033
-0.10338186,-0.052840333,-0.0016719945,0.01747347,-0.004893595,-0.045760334,-0.059125338,-0.019389503,0.036842734,0.09549439,0.114062525,0.08693402,0.048578348,0.027413284,0.047590915,0.09534048,0.13340427,0.13077837,0.08814309,0.026970617,-0.015449991,-0.013820592,0.01779835,0.046873372
0.056410857,0.034258984,-0.0089797415,-0.02365701,0.008920274,0.079025775,0.1424555,0.1673497,0.14587845,0.104993425,0.08157932,0.10020335,0.14757223,0.19254486,0.19710377,0.15341315,0.0867767,0.038356487,0.03320901,0.06299686,0.09432854,0.08822739,0.037646793,-0.031679768
-0.13330486,-0.083552934,-0.030967854,-0.02090716,-0.06814917,-0.14675449,-0.19739677,-0.17757589,-0.11936744,-0.04865296,-0.02357202,-0.05559091,-0.111470275,-0.14508064,-0.11686717,-0.042785138,0.035274103,0.064873196,0.035046685,-0.027251007,-0.070007935,-0.052857637,0.009531017,0.07048518
-0.08219562,-0.054530907,-0.05191244,-0.082436085,-0.12978347,-0.16172789,-0.15321611,-0.104621015,-0.06139662,-0.037774388,-0.049001116,-0.07880477,-0.092600994,-0.07089752,-0.017807063,0.035726715,0.06064037,0.0452327,0.012332626,-0.0128138065,-0.0067321793,0.02892103,0.06408004,0.07133317
0.0653266,-0.0036754915,-0.045849234,-0.01268325,0.08221058,0.18302453,0.22649124,0.18885529,0.119609505,0.06838902,0.08444688,0.15989302,0.23535919,0.25270095,0.19207303,0.093876645,0.015127538,0.00833584,0.060957957,0.12087628,0.12810498,0.06300458,-0.03721989,-0.11106726
-0.05959082,-0.008934909,-0.0073224525,-0.062273268,-0.14119571,-0.19023386,-0.17353411,-0.09834731,-0.034967676,-0.012682763,-0.047170065,-0.109264456,-0.13996384,-0.109591566,-0.028341843,0.04865768,0.07825537,0.043389715,-0.01674498,-0.05749664,-0.037551533,0.030880306,0.09324072,0.10693097
-0.04341941,0.020944193,0.038675454,0.0072502582,-0.04514301,-0.067174375,-0.03076807,0.058721624,0.12678897,0.15621345,0.1261875,0.067138694,0.03630933,0.06149408,0.12746938,0.18350704,0.18933477,0.13144904,0.05224181,-0.0028677224,0.00025359515,0.045807224,0.08594753,0.081968084
0.07568767,0.042538114,-0.022150245,-0.052814413,-0.019064141,0.07087341,0.16052505,0.19897571,0.16996688,0.107459836,0.06978603,0.091061436,0.15837689,0.22734343,0.24072005,0.18701856,0.09610905,0.029477224,0.026090832,0.07303253,0.123946756,0.124195576,0.059988815,-0.03276429
0.05760226,0.057188746,0.012641729,-0.055491097,-0.105800144,-0.11212701,-0.07918977,-0.047022987,-0.045100085,-0.08712496,-0.1432093,-0.1767056,-0.16620591,-0.115871884,-0.06328902,-0.040331766,-0.06030345,-0.09763212,-0.11178037,-0.0832494,-0.021413788,0.04049778,0.065952994,0.048285093
-0.11115673,-0.14196923,-0.1330051,-0.08877226,-0.04671582,-0.032388106,-0.051502924,-0.07789081,-0.090012886,-0.06275348,-0.007967578,0.044586096,0.06610575,0.05130987,0.01957683,0.0013949227,0.019758727,0.06139864,0.09634537,0.09758227,0.06176986,0.008876665,-0.028992103,-0.032921653
0.0062970817,-0.047549445,-0.029298587,0.036726087,0.10213212,0.10848177,0.040322356,-0.06744682,-0.12725106,-0.12517749,-0.06287855,0.002303573,0.012197498,-0.05080656,-0.14206775,-0.19658433,-0.17505258,-0.08867733,-0.0044071046,0.024556031,-0.017945856,-0.09101363,-0.12721224,-0.093777895
0.1398291,0.11038633,0.05265672,0.012504935,0.024052603,0.07714167,0.13164634,0.13668628,0.09852884,0.025642,-0.026132887,-0.024503231,0.01778042,0.06542783,0.07270438,0.030559499,-0.04199972,-0.089661606,-0.08272674,-0.028073806,0.03395972,0.057205826,0.02705048,-0.02824185
0.056563497,0.11990803,0.12703352,0.06754197,-0.015731657,-0.074738495,-0.06941119,-0.013771449,0.037405264,0.03719294,-0.024267318,-0.10947773,-0.15991005,-0.14532791,-0.07645557,-0.009065471,0.0061145453,-0.037545435,-0.1026203,-0.1371271,-0.10420327,-0.018044388,0.062214926,0.09050051
-0.0859656,-0.12599656,-0.11332457,-0.055603877,0.0043662502,0.027408056,0.0015087884,-0.045889672,-0.072277,-0.04973931,0.01082123,0.07461321,0.098489866,0.073025875,0.021543792,-0.014093422,-0.0022950822,0.044568107,0.09012745,0.09980437,0.061278574,-0.0053197723,-0.054768648,-0.059012916
-0.0114544695,-0.043674435,-0.0012189281,0.09956479,0.20083095,0.24290098,0.20923561,0.13667159,0.09509216,0.11721014,0.1919619,0.26357678,0.27606907,0.2105743,0.10647733,0.031312633,0.023261035,0.075355045,0.12706272,0.125737,0.05319399,-0.051912896,-0.12094972,-0.1158861
-0.13526371,-0.13479695,-0.08693334,-0.038790226,-0.035593648,-0.0866848,-0.16022372,-0.2037702,-0.19205374,-0.12978175,-0.065949894,-0.043756157,-0.07332306,-0.1285446,-0.1568983,-0.1304115,-0.053369854,0.022072863,0.04950605,0.019676503,-0.039482735,-0.07588079,-0.057164464,0.0029895513
0.17732309,0.21865995,0.17749727,0.09754459,0.048522986,0.072763324,0.15712811,0.23765257,0.25602946,0.19384284,0.091758326,0.018185074,0.018222502,0.08297168,0.14848974,0.15688212,0.08172295,-0.026550658,-0.09769572,-0.088439554,-0.012925543,0.06882257,0.09296981,0.044840492
-0.09084331,-0.13619441,-0.11091875,-0.032233078,0.04330634,0.06564442,0.02124428,-0.04789089,-0.08235492,-0.05197067,0.027793912,0.10351604,0.123946756,0.077165976,0.0021535815,-0.0443402,-0.023095183,0.0460317,0.10703007,0.113204464,0.0551682,-0.032748554,-0.08833605,-0.07969112
-0.091418825,-0.11068417,-0.090571165,-0.046969336,-0.009114287,-0.003874359,-0.029783452,-0.058673505,-0.066118486,-0.037619386,0.010977367,0.052166007,0.06304289,0.039708845,0.0074835652,-0.005666439,0.011819958,0.04961339,0.07895934,0.075974174,0.03791546,-0.010298147,-0.036904175,-0.031304292
-0.16322535,-0.09207801,-0.015120411,0.010692473,-0.03171105,-0.10644496,-0.14862527,-0.107316926,-0.02564227,0.06759395,0.10076817,0.05987948,-0.0059798593,-0.044346698,-0.013243339,0.06549641,0.14383711,0.15829474,0.10170333,0.0113980435,-0.048376776,-0.042106215,0.016659576,0.07599032
0.07056711,0.0015469785,-0.0967456,-0.16602285,-0.16718057,-0.10881876,-0.050348736,-0.0518599,-0.10529239,-0.19246882,-0.24065706,-0.21504362,-0.13697167,-0.053628005,-0.025456298,-0.059770655,-0.12380028,-0.15210265,-0.11154562,-0.01858399,0.070227,0.09963396,0.06014968,-0.010393512
-0.11466479,-0.066082306,-0.011827384,0.012870832,-0.008590375,-0.058223963,-0.087442555,-0.057055615,-0.0024990651,0.06273322,0.091670536,0.06884034,0.024299826,-0.0077995383,0.0069699376,0.05666574,0.109198496,0.12262291,0.08797208,0.02157109,-0.028778346,-0.03014319,0.0061404943,0.04602798
0.082844794,0.037486073,0.007521317,0.013359027,0.047559798,0.07767152,0.07357129,0.023750464,-0.028681597,-0.07034339,-0.07102307,-0.038161714,-0.010394712,-0.011215094,-0.047851644,-0.09613711,-0.12221464,-0.10509857,-0.060111817,-0.013896655,0.005853194,-0.010411029,-0.042563695,-0.057713285
-0.047554646,-0.13100444,-0.1815413,-0.15431295,-0.067884855,0.024835736,0.05870107,0.024881681,-0.035615727,-0.066791795,-0.028482549,0.06463385,0.15383424,0.18392044,0.14140742,0.064026535,0.013051565,0.028621003,0.09507024,0.15662405,0.15942247,0.08906748,-0.011884795,-0.08655842
0.03964925,-0.039219867,-0.077658586,-0.037255842,0.061389428,0.15393285,0.17889085,0.12370679,0.049040053,0.004657505,0.035466928,0.122408666,0.1970842,0.2048888,0.13580617,0.03852115,-0.025412546,-0.01175482,0.057150733,0.12062766,0.12113175,0.047344368,-0.05259291,-0.115087815
0.06479573,0.03439891,-0.020538954,-0.051104307,-0.028330913,0.039751396,0.1037472,0.121843465,0.09402781,0.04228372,0.009611554,0.027096815,0.080847986,0.13498466,0.14648332,0.106749885,0.03837819,-0.00865208,-0.0051734243,0.04111067,0.0863171,0.08931732,0.043958955,-0.025059564
0.038503308,-0.0058935145,-0.08008131,-0.12779309,-0.115261585,-0.04709546,0.022981301,0.04779367,0.016340263,-0.043979213,-0.07936305,-0.056319155,0.011552794,0.08475106,0.11116997,0.077848285,0.011865828,-0.03350053,-0.02024875,0.04001291,0.100933544,0.11347878,0.06648325,-0.011765328
0.021823974,-0.027189946,-0.009487442,0.060609516,0.13702177,0.15953605,0.1073894,0.012568304,-0.046114698,-0.04510541,0.014179132,0.08112766,0.09233115,0.033350725,-0.05898159,-0.123686925,-0.11719209,-0.049893584,0.0220626,0.04644033,0.0041131484,-0.072509214,-0.1198575,-0.10196798
0.13718413,0.09832924,0.07664952,0.09216036,0.13613632,0.17105015,0.16748454,0.10967942,0.050341148,0.00094471883,-0.005504658,0.022831872,0.043102536,0.030080179,-0.023965802,-0.08647849,-0.1263501,-0.11379078,-0.07008214,-0.024201162,-0.010124547,-0.031785138,-0.06571965,-0.07637112
-0.030885486,-0.034460723,-0.09007937,-0.16119294,-0.20542797,-0.18888845,-0.12872325,-0.063666016,-0.044308838,-0.07055044,-0.115732044,-0.13611728,-0.10312188,-0.026021304,0.049494106,0.07874181,0.055174682,0.0046009505,-0.022978442,-0.003877291,0.054868996,0.1080153,0.1135096,0.06527674
0.012271297,0.032935195,0.011924169,-0.025157288,-0.04931904,-0.029570078,0.02861656,0.09279935,0.11679051,0.10291852,0.06546646,0.03788001,0.049183924,0.09422545,0.1388649,0.1525097,0.11992043,0.06288963,0.020857442,0.015581013,0.0418579,0.072762206,0.07433859,0.037963495
0.21182945,0.17594777,0.1010267,0.042610116,0.049848832,0.112807624,0.17713563,0.1761576,0.12190828,0.021311902,-0.052363187,-0.057506654,-0.010632206,0.04630178,0.053195797,-0.001099196,-0.092813745,-0.15237868,-0.14071654,-0.065461755,0.019369904,0.055314012,0.025795963,-0.036320027
-0.20765074,-0.19666149,-0.12068111,-0.041133046,-0.015375237,-0.059362113,-0.13404685,-0.16640939,-0.13693841,-0.04358193,0.048240434,0.08257209,0.052105565,-0.014654456,-0.052585836,-0.027425721,0.05344373,0.12977347,0.14804178,0.09362942,0.0020785886,-0.06468295,-0.062168933,-0.005121405
0.03193893,-0.009683175,0.0006668947,0.05124161,0.10642386,0.11925013,0.075500414,-0.004998811,-0.0551777,-0.062110487,-0.02126639,0.028054487,0.037716713,-0.0074474583,-0.08035808,-0.13076311,-0.12676165,-0.07007514,-0.008488429,0.01719791,-0.01014098,-0.06472951,-0.09789956,-0.07949022
0.043496616,0.104850605,0.11179108,0.04742269,-0.04621006,-0.11616033,-0.119023465,-0.06730095,-0.015708761,-0.012994618,-0.07330126,-0.16002285,-0.21431975,-0.19958788,-0.12613405,-0.049762756,-0.0223781,-0.059577636,-0.12147219,-0.15307058,-0.11619871,-0.024827551,0.06339003,0.09946334
-0.04755468,-0.014574223,-0.020406209,-0.064542115,-0.12075649,-0.14747354,-0.12613265,-0.067589566,-0.02392788,-0.01232812,-0.04187233,-0.08440406,-0.09740743,-0.063921735,-0.00036010533,0.0530087,0.066358924,0.033766728,-0.010980145,-0.032080796,-0.010159007,0.03917438,0.07764621,0.07602977
-0.029918894,-0.013607578,0.05392525,0.12260943,0.14524202,0.10222252,0.024462396,-0.034741327,-0.03400871,0.018790793,0.076088004,0.088156275,0.03827325,-0.04775408,-0.1099685,-0.110012785,-0.05182208,0.016496826,0.03826576,-0.0010422397,-0.07508355,-0.12272237,-0.104828686,-0.033195153
0.014984916,-0.029140668,-0.0036355,0.07334856,0.14480607,0.15981375,0.10307894,0.0056254184,-0.0496351,-0.040712453,0.022235185,0.08558662,0.0899039,0.024099771,-0.07241508,-0.13255674,-0.11634521,-0.041648794,0.027452525,0.045534093,-0.005242383,-0.08496337,-0.12750132,-0.09956185
0.05871461,0.12388262,0.1399976,0.10575217,0.049835537,0.018387476,0.04064103,0.10328672,0.15120254,0.15840033,0.111721635,0.040707115,-0.0049042692,0.0013566372,0.048161726,0.09212157,0.093276925,0.04224413,-0.027413905,-0.07197129,-0.06150566,-0.0050482512,0.049191434,0.06338288
0.05998254,-0.009161933,-0.054610368,-0.04930746,-0.00059306726,0.046399076,0.047662377,-0.010790884,-0.07797669,-0.1278056,-0.11909149,-0.06320336,-0.012498989,-0.0034828,-0.044826087,-0.10547136,-0.13850015,-0.115018636,-0.049215067,0.016163493,0.04079649,0.012116315,-0.04014918,-0.07132946
-0.010578192,-0.07414668,-0.12129527,-0.13053235,-0.10763242,-0.07864291,-0.078145355,-0.118392676,-0.16606486,-0.20114808,-0.19118538,-0.14314729,-0.0935593,-0.069308534,-0.084344134,-0.11585616,-0.12900592,-0.10059305,-0.04159558,0.017792786,0.04478891,0.028701017,-0.00826425,-0.032727025
0.106408894,0.028785668,-0.02568315,-0.020509163,0.03714173,0.09793209,0.10427371,0.03229778,-0.05108719,-0.11756928,-0.116433546,-0.05625873,0.001360667,0.011681829,-0.04269717,-0.12114417,-0.17023836,-0.14674099,-0.07160866,0.009440549,0.040065203,0.006491081,-0.05443437,-0.09022009
0.03837163,0.08423682,0.08513568,0.026382593,-0.053187795,-0.109672405,-0.112778805,-0.07486591,-0.03633998,-0.03865797,-0.09021013,-0.16060317,-0.20153749,-0.18648252,-0.12508102,-0.06245242,-0.040322695,-0.06805908,-0.11307205,-0.13160852,-0.0969666,-0.020984195,0.052313313,0.08234061
-0.13303803,-0.07895475,-0.022552298,-0.018373575,-0.079189084,-0.16857769,-0.22440608,-0.20407853,-0.1410339,-0.06819162,-0.04691653,-0.088853694,-0.15269661,-0.18575919,-0.15086672,-0.067526214,0.02010329,0.049653664,0.014576661,-0.0497097,-0.086214006,-0.060868744,0.011799112,0.08157131
0.029988782,-0.016246043,-0.005481663,0.043350287,0.08672077,0.08131431,0.019989183,-0.07517588,-0.12842144,-0.13264406,-0.08656066,-0.038773306,-0.037846975,-0.09386822,-0.16983141,-0.21166326,-0.18630219,-0.10873884,-0.036600146,-0.011614154,-0.041081216,-0.090574495,-0.110421196,-0.07189314
0.103518665,0.061388236,-0.011744657,-0.048901368,-0.015247346,0.07668313,0.16409722,0.18955088,0.14784305,0.07332977,0.0303771,0.054485153,0.12546243,0.19401339,0.20243391,0.14285761,0.048307005,-0.015078528,-0.007323379,0.05399991,0.11303254,0.115558505,0.051607396,-0.04054284
0.05942834,0.134818,0.15513758,0.112783365,0.041900434,-0.0037133216,0.014979797,0.08473804,0.14255631,0.15191072,0.0964,0.010839143,-0.04387651,-0.035363395,0.023829816,0.081593275,0.08851785,0.032229807,-0.048132,-0.09845831,-0.08143494,-0.01026645,0.058350205,0.0793936
0.13366924,0.16133969,0.1397994,0.09547103,0.06903127,0.08521431,0.13703565,0.18381862,0.19187601,0.15038775,0.08601241,0.038497064,0.034503948,0.06802101,0.100805655,0.09972189,0.0498359,-0.019062707,-0.06420102,-0.060335923,-0.015521275,0.03314089,0.046868265,0.018960228
0.029692631,-0.0036646253,0.010992661,0.061597466,0.11148899,0.12150569,0.07983308,0.006098992,-0.037989073,-0.038099527,0.0020789849,0.046230633,0.048280444,0.001148793,-0.06882479,-0.113881215,-0.10536123,-0.052842855,-0.0003994516,0.017832665,-0.013265303,-0.06593339,-0.09391835,-0.07269872
-0.00045732598,0.011410787,0.05954507,0.09842282,0.09401454,0.037375905,-0.039956372,-0.09881073,-0.10200683,-0.06834014,-0.0339946,-0.03703245,-0.08660243,-0.15672731,-0.19907795,-0.18616855,-0.12565424,-0.060712777,-0.037434928,-0.0610204,-0.105907306,-0.12325706,-0.08721061,-0.012243468
0.02139338,0.09094647,0.15629597,0.18197858,0.15936828,0.11238795,0.08769168,0.110452585,0.15692,0.2010414,0.20234615,0.1511926,0.08338221,0.03340116,0.030040428,0.061893683,0.09228482,0.0853801,0.03343103,-0.037153345,-0.08181059,-0.07303077,-0.025467178,0.025435789
-0.1279197,-0.11166048,-0.093428805,-0.0988167,-0.13604929,-0.18619443,-0.2161479,-0.20216176,-0.16661364,-0.12443926,-0.1073595,-0.119283,-0.13911548,-0.14115407,-0.1087034,-0.05413681,0.00038481722,0.023981199,0.01379987,-0.012033626,-0.024708385,-0.008601457,0.026870966,0.056837738
0.050500143,0.10905219,0.11343654,0.055449765,-0.028409494,-0.087409325,-0.08299558,-0.028998481,0.017314645,0.017652236,-0.03956655,-0.11917782,-0.16964999,-0.15465593,-0.08918714,-0.023529693,-0.0037687565,-0.043321535,-0.103357494,-0.13374618,-0.10101709,-0.017878482,0.05994492,0.08882906
0.036571775,-0.017512303,-0.043138765,-0.008792156,0.07195759,0.15258904,0.18535103,0.1575815,0.10541533,0.07089423,0.09145764,0.15509927,0.21322562,0.2242739,0.1723587,0.0924304,0.031196646,0.025464404,0.06670875,0.10994807,0.11054332,0.051471896,-0.032978024,-0.09102257
-0.070306145,-0.12612088,-0.122604296,-0.07385778,-0.026031828,-0.022238974,-0.0745704,-0.1519134,-0.19503234,-0.18339638,-0.12016548,-0.053862613,-0.03218989,-0.0684198,-0.12817834,-0.16048726,-0.12915763,-0.049217753,0.026145328,0.051443715,0.01715264,-0.043484323,-0.07824947,-0.058712453
-0.046874333,0.011665424,0.0325857,0.006739763,-0.0456871,-0.07961771,-0.057789728,0.015353439,0.07621602,0.10688874,0.08188226,0.028072635,-0.005234384,0.010461887,0.06809029,0.1263842,0.14154463,0.097708374,0.030640788,-0.017982826,-0.018287117,0.025522953,0.06995257,0.07648799
-0.021207767,0.042484578,0.06555127,0.042657774,-0.0023982471,-0.024525328,0.0054949173,0.08247953,0.14290005,0.16916066,0.14152999,0.084823534,0.051523913,0.06499995,0.11580664,0.16357942,0.166379,0.11645528,0.045874644,-0.0065693194,-0.012005114,0.02549491,0.064644225,0.06802217
0.01916519,0.0326358,0.00570553,-0.029075556,-0.041045852,-0.00823228,0.056146316,0.12025945,0.13759544,0.117406234,0.08069691,0.06168802,0.08170123,0.13152795,0.17288658,0.1750036,0.13134606,0.06815,0.028978461,0.029440736,0.060336493,0.08640431,0.07526989,0.0258715
-0.1054201,-0.077963926,-0.0498816,-0.048104666,-0.08698559,-0.13713448,-0.16391152,-0.14524731,-0.10597494,-0.059297483,-0.04121477,-0.06064282,-0.09359663,-0.106017545,-0.0827454,-0.031517964,0.024393419,0.04647427,0.028020475,-0.009960523,-0.034056026,-0.022542955,0.01630735,0.055937167
0.076255575,0.019412844,-0.012062124,0.006261228,0.064215675,0.122133285,0.13101304,0.077294394,0.014324621,-0.029327828,-0.019375924,0.032696325,0.07671378,0.07900827,0.026906433,-0.043098453,-0.085594274,-0.07203376,-0.018481795,0.03752454,0.050257873,0.008417704,-0.050247684,-0.08240476
0.19297987,0.23533462,0.20757529,0.14653398,0.10950815,0.12699583,0.19095132,0.25026542,0.26162252,0.20698167,0.11717291,0.049750008,0.03702914,0.07737831,0.1214722,0.122052744,0.056463882,-0.03555817,-0.098668724,-0.09571447,-0.03622725,0.03372815,0.059539683,0.027072843
-0.12443843,-0.1840464,-0.16561455,-0.081630476,0.007060762,0.043371204,0.0043850443,-0.06757328,-0.10811735,-0.074735105,0.017927356,0.112961695,0.14835669,0.10625505,0.026891924,-0.027110303,-0.007333883,0.06690755,0.1389676,0.15227751,0.08970131,-0.012933748,-0.08512808,-0.08819297
-0.13117974,-0.08498841,-0.033427704,-0.023842337,-0.070110366,-0.14403246,-0.19250916,-0.17525059,-0.11965687,-0.051741607,-0.027717503,-0.058447063,-0.11112468,-0.1402403,-0.112863496,-0.042587332,0.032182857,0.05966305,0.03058695,-0.026011713,-0.06350135,-0.048865713,0.009043492,0.06728162
-0.09119324,-0.043308023,0.010562853,0.03544247,0.017787706,-0.025082635,-0.054291397,-0.03114031,0.017230382,0.0785903,0.10561014,0.08334632,0.037512325,0.0021221389,0.010388675,0.052507397,0.100893155,0.11297133,0.07984214,0.017750973,-0.03172635,-0.037055004,-0.0027407277,0.037062094
0.0022050568,0.02942549,0.05603882,0.05313989,0.013680106,-0.045596294,-0.089354165,-0.100762874,-0.082520485,-0.060769264,-0.062060505,-0.09357185,-0.1400627,-0.17047812,-0.16418189,-0.1258788,-0.07845076,-0.05354977,-0.06262392,-0.087189496,-0.09811322,-0.07287337,-0.020204898,0.034586985
0.013322506,-0.05926091,-0.10531838,-0.100990735,-0.057880964,-0.015358346,-0.017080486,-0.07315581,-0.1341325,-0.17467763,-0.15854675,-0.09888336,-0.043577395,-0.028104704,-0.061490137,-0.11244486,-0.13443308,-0.102691025,-0.034950037,0.029714687,0.05283515,0.022146516,-0.029780949,-0.059789162
-0.1502743,-0.11960564,-0.07961661,-0.07172275,-0.11170309,-0.17723234,-0.22124769,-0.20782647,-0.16026627,-0.097761855,-0.06904128,-0.08611285,-0.12330976,-0.1436313,-0.11672271,-0.05166768,0.019613475,0.052071095,0.03572932,-0.008593464,-0.041748274,-0.032305446,0.014090726,0.062565826
0.04158942,0.05864864,0.033822298,-0.0028114822,-0.021311339,0.006985176,0.069188535,0.12906481,0.1454555,0.12233918,0.079867594,0.05314882,0.066644594,0.113467924,0.15275458,0.15551794,0.11330565,0.050741546,0.009069305,0.009890971,0.04324775,0.07340075,0.06871137,0.026939934
-0.050572462,-0.11384607,-0.15291435,-0.13919853,-0.085305884,-0.02914781,-0.012266503,-0.03841082,-0.08075354,-0.10243867,-0.07462207,-0.008416546,0.055650946,0.07988306,0.05649443,0.009850875,-0.017672792,-0.0005138931,0.051367845,0.0982882,0.10565305,0.062411726,-0.0035550895,-0.052951906
0.11433271,0.14112608,0.10895065,0.04857762,0.00671812,0.016126309,0.07214851,0.1284921,0.14197014,0.09912053,0.026983539,-0.025277195,-0.026166221,0.021657085,0.07270332,0.08539651,0.039986584,-0.032138556,-0.08047381,-0.07229561,-0.015533373,0.04798008,0.069975846,0.039381593
-0.038647745,0.035079967,0.048413154,-0.0015581573,-0.08055822,-0.122745015,-0.08954655,0.009134989,0.08557502,0.11392714,0.070921086,-0.005916017,-0.04770692,-0.01810938,0.06561397,0.14209491,0.16026771,0.101469785,0.014607505,-0.043708332,-0.031096103,0.037973266,0.101241484,0.108491726
0.029280454,0.05037862,0.012659399,-0.03941039,-0.061564945,-0.02243619,0.061709855,0.14692713,0.17199877,0.14481309,0.09087444,0.060781885,0.08484766,0.15219298,0.21220145,0.22062774,0.16425008,0.080160186,0.025868261,0.026816262,0.07024505,0.11151472,0.10394569,0.04110542
-0.050845828,-0.12849642,-0.17516568,-0.15472183,-0.08167312,-0.0020567644,0.027494675,-0.002377624,-0.055351764,-0.08443248,-0.05149882,0.0310497,0.11251946,0.1445373,0.11164476,0.045970432,0.0020995468,0.015201103,0.07509403,0.1334116,0.1428208,0.0839925,-0.005393117,-0.07227622
-0.053512633,-0.017415805,0.07438129,0.15935323,0.18835613,0.14359902,0.06798035,0.025438145,0.045681395,0.11821053,0.18409654,0.18899767,0.12818843,0.031964466,-0.030672017,-0.025854578,0.033443015,0.0910665,0.092932105,0.02785143,-0.0648832,-0.12152266,-0.10426744,-0.031056963
0.11184392,0.040407065,0.0017753195,0.023957143,0.09437938,0.15724346,0.16042143,0.083810344,0.00168482,-0.05786612,-0.049781118,0.012312723,0.06484955,0.061810553,-0.006574177,-0.092021435,-0.14509198,-0.12208541,-0.049337234,0.024163924,0.040555064,-0.00612223,-0.07221316,-0.10446785
-0.026340894,-0.06771242,-0.12310411,-0.15185705,-0.13938214,-0.089056015,-0.039605252,-0.022714024,-0.04363542,-0.07712102,-0.090427846,-0.0605904,-0.0019072233,0.057588775,0.07915959,0.058990806,0.019190313,-0.0046151644,0.010690239,0.05715983,0.09751208,0.09781204,0.055502307,-0.005337919
-0.11794308,-0.07392094,-0.016852736,0.017151821,0.010942991,-0.020488178,-0.039237108,-0.010424805,0.040815458,0.105928086,0.1391255,0.12536666,0.09081774,0.062096238,0.06844461,0.10502402,0.14406821,0.1504826,0.11576663,0.05423461,0.0009271617,-0.016362485,0.0025529978,0.030759081
-0.13552661,-0.111280054,-0.08152533,-0.07856052,-0.11590749,-0.17191651,-0.20839947,-0.19587457,-0.15475684,-0.10126209,-0.07738746,-0.0914644,-0.12119931,-0.13458315,-0.107403815,-0.04922731,0.013977199,0.042920373,0.029077685,-0.007462089,-0.033118047,-0.022572057,0.017902726,0.05807506
-0.057624366,-0.10722192,-0.09878028,-0.04587817,0.007014131,0.014398948,-0.034266032,-0.10694436,-0.14807676,-0.1358793,-0.07488091,-0.010951653,0.0071772686,-0.031169679,-0.093102254,-0.12918022,-0.104813896,-0.034012724,0.034097537,0.05500259,0.018947832,-0.0427547,-0.079613976,-0.06352527
-0.06372251,-0.12213252,-0.12856333,-0.08684557,-0.039421294,-0.025996998,-0.06632801,-0.13591905,-0.18065576,-0.17500354,-0.11829029,-0.051118165,-0.02379106,-0.04828454,-0.10186149,-0.13750574,-0.11458519,-0.045067746,0.025825823,0.056255754,0.031587243,-0.024986856,-0.06497223,-0.05691075
0.045821227,0.06622126,0.029771369,-0.022423923,-0.046545982,-0.0120257465,0.0636209,0.13770927,0.1585872,0.12953874,0.07438483,0.042167846,0.061457526,0.122484334,0.17804523,0.18577266,0.13366522,0.055836238,0.0051103868,0.008291268,0.05270686,0.09533186,0.09293828,0.038017195
0.048171457,-0.021658447,-0.057975117,-0.024055678,0.060052343,0.14286329,0.1651371,0.115533665,0.046585727,0.0049616834,0.029417377,0.10422502,0.16700666,0.17535539,0.11398211,0.02577152,-0.029316358,-0.019116262,0.039444495,0.09735509,0.10307637,0.040137872,-0.047577046,-0.102695726
0.13182645,0.08017622,0.047902357,0.06295846,0.1187767,0.17438145,0.18383414,0.12644473,0.05840005,0.0018181041,-0.00055602,0.04088266,0.078313224,0.07416022,0.01598708,-0.059736904,-0.11121461,-0.10097183,-0.048371624,0.008040533,0.023805264,-0.009816589,-0.06162821,-0.08799177
-0.015886156,-0.07792431,-0.12086928,-0.110187456,-0.057004604,0.00516598,0.02950902,0.0018472072,-0.045416024,-0.07428349,-0.054040384,0.008856935,0.07051751,0.09421055,0.06629901,0.013339618,-0.02150472,-0.009635061,0.03987985,0.09010276,0.09998443,0.05843998,-0.0072811563,-0.0567716
0.03805817,-0.031433538,-0.06950051,-0.03631958,0.05401125,0.145341,0.17703517,0.13486771,0.06893197,0.026152492,0.04945873,0.12670588,0.19858457,0.21282099,0.15469523,0.06484172,-0.0011146133,0.0022699118,0.059473354,0.117950946,0.12173678,0.055685103,-0.038486727,-0.10372347
-0.09602854,-0.06601856,-0.06238429,-0.09692027,-0.15303393,-0.19284439,-0.18875256,-0.13964774,-0.0917988,-0.06298106,-0.07499266,-0.10877526,-0.12613872,-0.10290616,-0.04232773,0.020744188,0.054832656,0.040879454,0.0041723032,-0.022679187,-0.013705725,0.027607625,0.06994218,0.08108317
0.079895236,0.13657062,0.1580015,0.1374263,0.09808582,0.07167639,0.08811896,0.13401893,0.17068385,0.17237888,0.1303266,0.06828054,0.025616176,0.022885054,0.052778736,0.08172067,0.07529271,0.026993856,-0.03389026,-0.07201185,-0.062360045,-0.016238432,0.026762104,0.040046792
0.0038199683,-0.067304544,-0.113107406,-0.10843215,-0.06521353,-0.019875536,-0.01427461,-0.062376905,-0.119736664,-0.15905684,-0.14276478,-0.08288956,-0.025102453,-0.0054265414,-0.036865015,-0.08720191,-0.11296921,-0.08529402,-0.020313146,0.042750422,0.06390444,0.031695966,-0.023147494,-0.056481898
0.014805289,0.02468775,-0.02623087,-0.09916783,-0.14331874,-0.12186492,-0.051931005,0.021726122,0.043163795,0.009343201,-0.051503014,-0.0856116,-0.05888005,0.019187184,0.095327616,0.119812645,0.07977136,0.008441062,-0.034692064,-0.017931318,0.046515286,0.10622071,0.1137965,0.059867907
-0.06823403,0.00052196323,0.024193753,-0.001851291,-0.054045927,-0.07936869,-0.04405573,0.051309124,0.12684272,0.16590187,0.14255586,0.08391203,0.05130817,0.07375306,0.14113235,0.20238654,0.21407032,0.15912494,0.07663761,0.012206313,0.0060288003,0.047967542,0.08876379,0.08689448
-0.049479697,-0.096977875,-0.06985729,0.0166169,0.10251417,0.12868965,0.07990514,-0.0034152973,-0.04963877,-0.028115083,0.049125563,0.12745433,0.14514163,0.089367285,-0.0019486481,-0.062429827,-0.05070062,0.02082348,0.08861814,0.10133012,0.041813817,-0.0512588,-0.110461265,-0.09857419
0.16145843,0.1523726,0.12815265,0.11583333,0.13372904,0.16812137,0.19650443,0.18723123,0.15413246,0.1000065,0.061153024,0.054567784,0.0664828,0.076410666,0.059135042,0.016253836,-0.040332526,-0.074237525,-0.0727007,-0.04226379,-0.009311598,0.0016836581,-0.015756728,-0.04167357
-0.10836341,-0.08080892,-0.052206095,-0.05143137,-0.0864398,-0.13759427,-0.16921839,-0.15448867,-0.11602617,-0.069638215,-0.05250331,-0.07024926,-0.100828245,-0.114378445,-0.089493856,-0.036888655,0.016357558,0.037886187,0.022029368,-0.012885346,-0.036503807,-0.024184266,0.015832437,0.052939106
-0.091828704,-0.12504146,-0.10845632,-0.05434524,-0.0034616576,0.00974344,-0.021226447,-0.06483468,-0.08440608,-0.057071827,0.0036143889,0.059834767,0.076698236,0.046902988,0.00033171155,-0.025840815,-0.004974508,0.04566148,0.08839106,0.08999319,0.04745655,-0.013852514,-0.05270908,-0.048181456
0.076617815,0.08345785,0.0372083,-0.03503246,-0.08711453,-0.08527226,-0.04072331,0.0009048421,0.00748495,-0.036560703,-0.10210736,-0.14346811,-0.1350138,-0.07797196,-0.019546477,0.0013977911,-0.027248623,-0.07921843,-0.108108886,-0.0835615,-0.015559759,0.051247157,0.07594799,0.051173545
-0.1320559,-0.08932088,-0.04940141,-0.05471464,-0.11056334,-0.18267086,-0.22136506,-0.19590338,-0.13908523,-0.07841035,-0.06169895,-0.0957774,-0.1417344,-0.15954049,-0.12083176,-0.045542505,0.026709888,0.050091557,0.021516029,-0.03011887,-0.058443356,-0.034567814,0.025925167,0.07949347
-0.07947152,-0.13641031,-0.13562684,-0.0904003,-0.046620145,-0.045066647,-0.09811919,-0.1759376,-0.21800405,-0.20488924,-0.14259085,-0.07624588,-0.053722706,-0.0866956,-0.1419286,-0.1698041,-0.1351057,-0.05383585,0.02125519,0.048488565,0.016861452,-0.0408151,-0.073111735,-0.05339025
-0.047659557,-0.04534421,0.009185518,0.067777045,0.08301119,0.035196073,-0.04588237,-0.10922974,-0.11330974,-0.066687144,-0.010248021,0.0066261883,-0.034325816,-0.10896244,-0.16170296,-0.1568473,-0.09190105,-0.01742378,0.013345946,-0.014525278,-0.073224895,-0.11211938,-0.094368555,-0.025756089
-0.030678213,0.04595962,0.066143006,0.024798792,-0.042468417,-0.07847235,-0.04723844,0.04792996,0.12401602,0.154127,0.11436803,0.03952681,-0.002374246,0.020315649,0.09673818,0.16584091,0.17796274,0.11740193,0.029395318,-0.033164285,-0.027233373,0.033742912,0.091694556,0.09657242
0.080619924,0.013385149,-0.08239094,-0.147873,-0.14675745,-0.091568775,-0.04012034,-0.04723085,-0.10218645,-0.18704872,-0.23350513,-0.20791712,-0.13594648,-0.060345396,-0.035968356,-0.071310386,-0.1308832,-0.15615058,-0.11632785,-0.027432263,0.058870755,0.08888342,0.052318756,-0.014229332
0.019996068,-0.06087073,-0.11976255,-0.123775855,-0.08088561,-0.02924938,-0.019588213,-0.07285126,-0.13973133,-0.19064443,-0.17989542,-0.116196506,-0.050596636,-0.023855653,-0.054622807,-0.110324346,-0.14173236,-0.1138352,-0.041086696,0.03459092,0.066075005,0.03736208,-0.020640137,-0.059523977
-0.04682538,-0.0033136103,0.0054816976,-0.017560858,-0.052919142,-0.065725505,-0.035755962,0.031463943,0.080110945,0.10122149,0.08114151,0.043342818,0.02850415,0.050862547,0.0998911,0.14080548,0.1421655,0.10200504,0.04876932,0.012137074,0.011851457,0.042080782,0.067348294,0.059292365
-0.023120226,-0.052561924,-0.022002393,0.058767222,0.13556924,0.16530427,0.13653077,0.07887143,0.044611663,0.06414166,0.126271,0.18643436,0.19620602,0.14778617,0.0662712,0.008789585,0.008814668,0.055068325,0.09821205,0.09933713,0.043929726,-0.03854858,-0.09367138,-0.088360384
0.063466564,0.12881511,0.1485943,0.11912717,0.070199735,0.04249206,0.06563231,0.12673919,0.17432988,0.17975065,0.13263348,0.06253569,0.019323217,0.025452675,0.06877208,0.1076824,0.10115146,0.046783663,-0.023410145,-0.06718434,-0.056883194,-0.004083094,0.0451574,0.0563372
0.12941472,0.16227601,0.13210621,0.0722118,0.033485208,0.0500623,0.11395135,0.1764161,0.19178951,0.14805286,0.07226669,0.016800443,0.014302784,0.061955534,0.111762725,0.120412886,0.066664554,-0.014714671,-0.06989065,-0.064996876,-0.010475741,0.05131728,0.07130422,0.03665897
0.021432076,0.061506655,0.07304866,0.044421773,-0.0025733307,-0.04094765,-0.04489677,-0.015389348,0.017300168,0.025851548,-0.0033583986,-0.05177199,-0.08682326,-0.085562,-0.04830483,-0.006578924,0.009756071,-0.011287606,-0.05020108,-0.07621934,-0.064296655,-0.018439619,0.030465659,0.05246579
-0.13235828,-0.11736886,-0.06437544,-0.0060137045,0.019509688,0.0042855144,-0.026802942,-0.02946581,-0.004267682,0.057927124,0.11634542,0.13775657,0.12003785,0.081383266,0.0562894,0.06547076,0.10367687,0.13614285,0.134717,0.09076307,0.026578814,-0.022382317,-0.03163177,-0.007837524
0.10876751,0.06983126,-0.0037443445,-0.042125303,-0.0074866554,0.08733271,0.1784795,0.20914996,0.17008576,0.09324109,0.045212273,0.06572997,0.13774425,0.2114754,0.22396557,0.16326874,0.0620856,-0.008769125,-0.007228943,0.0530899,0.11685692,0.12259954,0.057203203,-0.04033955
-0.002458905,-0.06186698,-0.09988128,-0.09928005,-0.06687531,-0.03799038,-0.042948533,-0.087183304,-0.13506116,-0.16659492,-0.15305284,-0.10381963,-0.05858111,-0.04444611,-0.066906914,-0.102654465,-0.11771562,-0.090862416,-0.03368647,0.020228019,0.040424984,0.019213367,-0.019603575,-0.043416295
0.047192894,-0.0050889696,-0.03757242,-0.015156922,0.053677645,0.12917681,0.16001873,0.13201527,0.07890541,0.03970296,0.052082647,0.10868706,0.16441733,0.17946562,0.13455454,0.06079762,0.0029901932,-0.0010121488,0.040692832,0.08844072,0.0958363,0.046606813,-0.027801618,-0.081972115
0.15409684,0.11180731,0.042529892,0.0034148989,0.026768299,0.09342312,0.15198222,0.14764345,0.09484526,0.009859004,-0.042328328,-0.028858844,0.026633855,0.078860976,0.07718312,0.020543477,-0.06414729,-0.10849714,-0.088128634,-0.01822289,0.047379836,0.06329411,0.020498417,-0.04484869
0.030846946,-0.039177336,-0.09160227,-0.09499263,-0.05361061,-0.0051679737,0.004964759,-0.04171466,-0.10166408,-0.14893654,-0.14268029,-0.08759577,-0.02975768,-0.0069463057,-0.033745147,-0.08559957,-0.11768394,-0.0991188,-0.038717788,0.027096894,0.057619892,0.03447277,-0.018019436,-0.0569914
-0.039424066,-0.013205116,0.049392458,0.10368905,0.12157692,0.09004146,0.038833532,0.012291943,0.028045047,0.07694498,0.121007636,0.12264326,0.08194998,0.016764665,-0.023539575,-0.017650563,0.021759367,0.061062105,0.06382371,0.019380795,-0.04519409,-0.08279038,-0.068434775,-0.01756631
-0.052955143,-0.017998787,-0.016037464,-0.051707372,-0.101461664,-0.12907866,-0.11449506,-0.061483596,-0.017456643,0.00041106367,-0.021175789,-0.060190134,-0.07675144,-0.053335283,0.0020016767,0.053283416,0.06977699,0.04410084,0.0029472886,-0.023033619,-0.012588838,0.028077178,0.0661134,0.07045798
-0.066678435,-0.020474236,-0.0065122945,-0.027815161,-0.05933664,-0.0682649,-0.033854138,0.04167055,0.097097866,0.12350985,0.10613041,0.06905058,0.0573172,0.08308268,0.13725822,0.18005778,0.17828637,0.1293365,0.069962256,0.029227005,0.028306965,0.05544372,0.07594727,0.06061077
-0.01455336,-0.0020988546,0.054829143,0.10457223,0.1094572,0.05387742,-0.02780941,-0.0896569,-0.09147463,-0.050400645,-0.00732348,-0.0047736373,-0.055015255,-0.13180187,-0.18046708,-0.17020635,-0.10851823,-0.04160551,-0.017632617,-0.04561308,-0.09899887,-0.12580511,-0.09488341,-0.019705882
-0.011759796,-0.05393969,-0.11491248,-0.1517656,-0.14141859,-0.08915067,-0.035428237,-0.013362118,-0.034936316,-0.076750204,-0.09637534,-0.070569165,-0.009004702,0.0549841,0.082021795,0.060973797,0.015662467,-0.014517236,0.00010845575,0.048019797,0.09636976,0.103891775,0.062193584,-0.0035428838
-0.11903269,-0.123928465,-0.08847464,-0.050455555,-0.046945132,-0.08577565,-0.1444708,-0.180745,-0.1735507,-0.12519787,-0.07227861,-0.050488193,-0.068851836,-0.10836459,-0.13058381,-0.11065857,-0.04956342,0.013161491,0.03964371,0.021013409,-0.023589617,-0.055053126,-0.044054467,0.0015109392
0.16441382,0.1413542,0.09421115,0.063618004,0.07914167,0.12918021,0.17395356,0.16791394,0.12670611,0.056636214,0.007052074,0.00585089,0.037018675,0.06974134,0.06357967,0.016270414,-0.05400664,-0.09584693,-0.0883924,-0.037933946,0.014474921,0.031354714,0.0052105375,-0.038613982
0.03429614,0.09897443,0.10537812,0.039787147,-0.058553632,-0.13172859,-0.13232864,-0.074557446,-0.017306289,-0.010647671,-0.07142332,-0.16124585,-0.2173718,-0.20114854,-0.12251302,-0.04048835,-0.009097022,-0.046424225,-0.11377003,-0.15154995,-0.116205394,-0.020874659,0.07072528,0.10777263
-0.066781774,-0.11558637,-0.10840661,-0.060601328,-0.018330432,-0.018167028,-0.06715537,-0.13767159,-0.17516926,-0.16071062,-0.10121802,-0.04174276,-0.025752602,-0.06193833,-0.11790431,-0.14548725,-0.11306875,-0.03942905,0.026845444,0.046569467,0.012486779,-0.043493282,-0.073713385,-0.052543573
0.020687232,-0.015176608,-0.0050181765,0.038494576,0.08359797,0.08883406,0.043559372,-0.029108595,-0.0720905,-0.07379766,-0.033948485,0.009208269,0.013668183,-0.03137219,-0.09431402,-0.13367367,-0.12042302,-0.064600885,-0.008602535,0.010010957,-0.01733263,-0.06388279,-0.08755751,-0.06601714
0.099720314,0.06065757,-0.008342752,-0.037024707,0.008571566,0.111137696,0.20610696,0.23810536,0.1994815,0.12754299,0.08664,0.113781326,0.18877985,0.25876024,0.26479656,0.19824006,0.0933558,0.02101941,0.021914266,0.078104466,0.13283637,0.12794107,0.053595547,-0.048943575
-0.037069745,-0.020043075,0.04279031,0.1117315,0.1424043,0.11716295,0.062221177,0.024220506,0.030019602,0.08111686,0.13742283,0.15247506,0.112444386,0.038320374,-0.01858764,-0.025454363,0.017721714,0.0678188,0.07921303,0.03500221,-0.03793262,-0.08906949,-0.08583907,-0.033877548
0.045591354,0.09437977,0.10303203,0.05735397,-0.012202132,-0.06379135,-0.06681639,-0.029985452,0.007974939,0.010486334,-0.034159735,-0.10123465,-0.14667441,-0.1407851,-0.09073729,-0.03647065,-0.0154794995,-0.04271115,-0.090270534,-0.116809145,-0.09259271,-0.026675595,0.04041023,0.07156573
0.101534076,0.06594267,-0.0042872755,-0.044933535,-0.013109852,0.07843028,0.16822559,0.20072204,0.1666552,0.09305829,0.0455434,0.062785275,0.13345815,0.20511895,0.22107835,0.16570036,0.06711509,-0.0034960066,-0.0034787897,0.052827213,0.11380733,0.12078355,0.05969618,-0.034842834
0.011861352,-0.068235986,-0.12652452,-0.13111958,-0.092255294,-0.04528984,-0.03976343,-0.09501045,-0.16059914,-0.20753883,-0.19528648,-0.13189243,-0.069496416,-0.043882467,-0.07329112,-0.124588944,-0.14947762,-0.11732344,-0.044461235,0.030450167,0.060763147,0.033220474,-0.020586066,-0.054924566
0.08791433,0.09424044,0.040535588,-0.04383628,-0.10514862,-0.11044646,-0.0679862,-0.02548653,-0.01960299,-0.07128551,-0.14639795,-0.19409226,-0.18557884,-0.12342515,-0.055442035,-0.028136522,-0.056457363,-0.110556334,-0.13903038,-0.10981758,-0.030384287,0.050639514,0.08388219,0.059220064
-0.13478906,-0.07127228,-0.0047051255,0.016560614,-0.019310582,-0.07954523,-0.10857147,-0.06791721,0.0034585774,0.08157132,0.10652329,0.0694056,0.014582394,-0.015533556,0.011945311,0.07829036,0.13888915,0.14421679,0.09202991,0.015147729,-0.035668936,-0.030572675,0.017816726,0.064723626
-0.019130303,-0.015442439,0.021861967,0.052598737,0.045859847,-0.0073264935,-0.07927517,-0.13422015,-0.13742399,-0.107526705,-0.07366151,-0.07239504,-0.11151933,-0.1702092,-0.2041104,-0.18897583,-0.12970607,-0.06353939,-0.035740335,-0.05368381,-0.09167273,-0.10574498,-0.073150866,-0.0049474477
-0.10257997,-0.10286171,-0.06900877,-0.035013646,-0.03269932,-0.06976775,-0.12017659,-0.14937538,-0.13986768,-0.09694092,-0.054511327,-0.038920373,-0.056561157,-0.09028027,-0.10719753,-0.08696869,-0.036404684,0.013474162,0.03147977,0.01375827,-0.023934444,-0.047737613,-0.03609833,0.0029473212
0.065609016,0.0662115,0.027056666,-0.029623019,-0.06789596,-0.071755186,-0.046199434,-0.022359576,-0.023206063,-0.060988232,-0.11143195,-0.13996992,-0.13332425,-0.093101785,-0.049721457,-0.033821143,-0.05358115,-0.08799329,-0.10254675,-0.07924673,-0.024154428,0.031267263,0.052955676,0.03557527
-0.017006466,0.05568096,0.12835893,0.15636119,0.124387264,0.061945062,0.025285253,0.048180696,0.10327097,0.16106647,0.17076927,0.11841459,0.04312865,-0.0100754155,-0.008460674,0.03721326,0.085939474,0.09019632,0.037919275,-0.039959487,-0.09044795,-0.080425836,-0.023669453,0.039417807
0.045231733,-0.0058822664,-0.036243476,-0.008005108,0.069134206,0.15011996,0.18630052,0.16272968,0.11215888,0.07503395,0.089962,0.14923912,0.20751037,0.22069278,0.17398857,0.09663383,0.033635475,0.024989463,0.06279717,0.10436769,0.106900685,0.05409438,-0.026354732,-0.08644806
0.011127319,0.018671794,-0.040751122,-0.12324301,-0.17432538,-0.15215845,-0.07753634,-0.0007147907,0.020459749,-0.016024418,-0.081179895,-0.11570071,-0.08617546,-0.00031696877,0.0828455,0.11132789,0.07162926,-0.00072695885,-0.04321385,-0.021261957,0.048922308,0.11418533,0.12446935,0.06854451
0.07058154,0.07398086,0.03187324,-0.03091569,-0.07216434,-0.06882278,-0.031669997,0.0010899581,0.003689744,-0.037499286,-0.09483635,-0.12816827,-0.11798953,-0.068751074,-0.019347144,-0.0038008713,-0.031893253,-0.07654087,-0.09810744,-0.0736115,-0.013381485,0.04425045,0.063916266,0.039985538
-0.047803394,0.013670288,0.021855945,-0.03078919,-0.10991392,-0.1590813,-0.13913034,-0.057164926,0.009887454,0.034016307,-0.006269283,-0.074958384,-0.11182939,-0.082194276,-0.0005326807,0.07710961,0.100751765,0.054915212,-0.01552424,-0.05953932,-0.040914092,0.028967394,0.09372814,0.1054488
0.08690159,0.025169142,-0.06498682,-0.12610789,-0.12073524,-0.06119905,-0.0042385077,-0.00534086,-0.057084844,-0.14047003,-0.18672948,-0.1633747,-0.092859544,-0.019983158,0.0016399926,-0.03681976,-0.10196931,-0.13387494,-0.09959758,-0.016556438,0.064552054,0.090686835,0.05115366,-0.017761154
0.054984897,0.027896581,0.04177632,0.08257278,0.12467601,0.12840933,0.08850172,0.0203525,-0.020710252,-0.02965424,-0.002312634,0.029399453,0.028459376,-0.016318494,-0.078821845,-0.1193451,-0.117340006,-0.07368286,-0.026275197,-0.008187548,-0.030641198,-0.06960332,-0.08865439,-0.06642804
-0.011126289,-0.06404475,-0.14062814,-0.18249421,-0.16421431,-0.09398512,-0.024508944,0.000583096,-0.029198227,-0.08067107,-0.104908355,-0.06850162,0.008962872,0.08868877,0.11774714,0.08698506,0.025977869,-0.012758342,0.0053863227,0.067840226,0.12555996,0.13053681,0.07461496,-0.009994656
0.07879557,0.04766054,-0.010597413,-0.039229378,-0.0074031623,0.07126719,0.1472617,0.1751061,0.14478254,0.08429664,0.04819117,0.067700215,0.12856966,0.18784511,0.19678889,0.14717148,0.06258591,0.005051018,0.0078031025,0.055481486,0.10204737,0.10299588,0.047377486,-0.033670668
-0.0711096,-0.022089934,-0.009222309,-0.033164408,-0.074155994,-0.093604945,-0.062246863,0.015102458,0.07385277,0.10251562,0.08299179,0.041549515,0.024212064,0.05009499,0.10810409,0.1590068,0.1645651,0.12050019,0.059573572,0.016112123,0.015007136,0.049752023,0.07904056,0.07141193
0.003564169,-0.06300382,-0.10825321,-0.10933648,-0.07817796,-0.046120327,-0.048564762,-0.09898359,-0.1529893,-0.18997853,-0.17778468,-0.12576516,-0.07498495,-0.057741985,-0.0832183,-0.122443765,-0.13806291,-0.105086945,-0.04185507,0.019197043,0.04193123,0.019517023,-0.021983644,-0.045697
-0.04223963,-0.093451165,-0.12687765,-0.11422979,-0.071174026,-0.024105791,-0.008867177,-0.029178089,-0.06445053,-0.08012309,-0.055595703,1.8921197e-05,0.050095174,0.06963027,0.048156343,0.009031333,-0.011167638,0.005659765,0.047968153,0.08516868,0.08781768,0.050420754,-0.003585143,-0.0420163
0.10147573,0.049077727,-0.035044227,-0.092713125,-0.083859526,-0.01648814,0.050737705,0.057125907,0.009053485,-0.07366513,-0.12628558,-0.108112074,-0.03993656,0.035309672,0.055832274,0.013383626,-0.06379653,-0.110604204,-0.088686295,-0.00774636,0.0725655,0.09602807,0.05300883,-0.022023054
0.03070475,0.069146045,0.06553929,0.010767733,-0.066955596,-0.123865366,-0.12925988,-0.09610792,-0.06278065,-0.06521415,-0.11158172,-0.17476389,-0.21322842,-0.1981748,-0.14127116,-0.081438705,-0.054653417,-0.07369949,-0.11199835,-0.12765089,-0.09402198,-0.0209065,0.048567712,0.07950784
-0.04382644,-0.10064062,-0.13721305,-0.12348154,-0.06964345,-0.008267765,0.016481083,-0.00070592255,-0.03795431,-0.05618072,-0.029202657,0.033268303,0.09299564,0.116476946,0.09472903,0.047354445,0.018104494,0.026365476,0.06815635,0.10680714,0.1116642,0.06807654,0.001551823,-0.050374
0.00075805123,-0.026942873,-0.007713386,0.048916418,0.11391773,0.1449428,0.12522659,0.077349566,0.045149844,0.050918337,0.096815765,0.1453353,0.15916155,0.121183865,0.05633096,0.0050141946,-0.0036387527,0.029017223,0.06935169,0.07601206,0.036675423,-0.028330749,-0.0746307,-0.075426795
0.013215712,-0.026347216,-0.08788873,-0.12670314,-0.1146443,-0.057705343,-0.00059267704,0.019552846,-0.0043083387,-0.051878333,-0.07871233,-0.05676177,0.0042230194,0.068686895,0.093843,0.06811391,0.013966816,-0.022240195,-0.010422218,0.040473063,0.0921328,0.101051085,0.05935157,-0.008214587
-0.13352945,-0.065573186,0.0101474235,0.038373016,0.0022140692,-0.07017524,-0.115259625,-0.08479684,-0.013454491,0.07128718,0.101396054,0.063288,-0.0026095563,-0.04624383,-0.025834285,0.04386,0.1146378,0.13108778,0.082491234,0.0007589782,-0.0587702,-0.054983296,0.0021162713,0.06303886
0.107729584,0.055466898,0.023114644,0.03722213,0.090372846,0.13963895,0.1445598,0.09001772,0.026419189,-0.02472093,-0.023212625,0.019950729,0.056986608,0.05444286,0.0024332814,-0.066191345,-0.11052559,-0.09708816,-0.044330325,0.008966779,0.024750242,-0.0057034926,-0.054767333,-0.08012639
-0.006663714,0.023224346,0.050011385,0.043430854,0.0033405824,-0.053662296,-0.09253795,-0.096930906,-0.07325963,-0.051745385,-0.057270057,-0.092124164,-0.13424683,-0.15738611,-0.142824,-0.10134969,-0.05952013,-0.043017972,-0.058087923,-0.0829267,-0.08914079,-0.060838588,-0.009307699,0.03850272
-0.13394532,-0.0625416,0.01281678,0.036225095,-0.0064709075,-0.082941435,-0.12673478,-0.09053929,-0.015392188,0.07122412,0.1007755,0.058067188,-0.01103473,-0.05707418,-0.031950764,0.043829363,0.120381795,0.13601899,0.08446882,-0.003163652,-0.06442006,-0.055770203,0.007302701,0.070636034
-0.0499768,0.02176975,0.04691801,0.011383005,-0.055154786,-0.099195704,-0.07728253,0.009919369,0.08399823,0.118248805,0.0859686,0.016906567,-0.025362661,-0.0067652916,0.06496077,0.13658924,0.15589377,0.104731135,0.025259562,-0.033690404,-0.031091295,0.025489869,0.083500996,0.09508601
-0.15888457,-0.16052441,-0.10561937,-0.050203525,-0.042459328,-0.096987545,-0.1784339,-0.22697976,-0.21309043,-0.14345595,-0.07070707,-0.043378234,-0.07278177,-0.13198583,-0.16297174,-0.13498941,-0.052394163,0.029310351,0.06025261,0.028302455,-0.035895918,-0.07877496,-0.062294804,0.0011690408
0.15461375,0.18366447,0.13761811,0.060365044,0.017906884,0.044037472,0.12073613,0.19114807,0.20334251,0.14429523,0.054260053,-0.0057144165,0.00058609515,0.062294565,0.12418149,0.13029522,0.06399533,-0.031487178,-0.089779966,-0.076880306,-0.0042751147,0.07035916,0.088924326,0.04019104
-0.044359665,-0.11174376,-0.15467581,-0.13891925,-0.07637225,-0.0044434024,0.025511015,0.0029964126,-0.042748153,-0.06865827,-0.040700532,0.031163493,0.10315575,0.13319366,0.105647355,0.0482549,0.008725918,0.018597225,0.07004987,0.120871775,0.12871394,0.07740201,-0.0010952916,-0.060969055
-0.0713409,-0.11453692,-0.11289066,-0.077762954,-0.04563736,-0.048843056,-0.091117434,-0.14755265,-0.17656285,-0.16463149,-0.11537855,-0.065210685,-0.048074562,-0.07306974,-0.11237606,-0.13008668,-0.100639455,-0.03733557,0.019528624,0.036960173,0.0123761585,-0.02936981,-0.052798107,-0.037043836
0.1644227,0.19369495,0.15797164,0.09084817,0.0447766,0.05766848,0.11984177,0.17606634,0.18477128,0.12901345,0.04305441,-0.01916811,-0.024489557,0.025797399,0.07620545,0.0822715,0.027288917,-0.056226816,-0.11091541,-0.098619066,-0.029124904,0.04324635,0.06741891,0.03574754
-0.15576875,-0.14562355,-0.08468026,-0.022760067,-0.0039426032,-0.04018556,-0.100421414,-0.12717374,-0.104223914,-0.03244521,0.037864253,0.06186731,0.036625978,-0.017475208,-0.04793613,-0.027993908,0.03537914,0.09586803,0.11022739,0.06726669,-0.004457229,-0.055779837,-0.051632725,-0.00464259
0.15774035,0.11255308,0.03155158,-0.023640957,-0.012837609,0.055922277,0.12255667,0.12569734,0.07318842,-0.017654631,-0.07805857,-0.06897223,-0.011948504,0.053653993,0.06462715,0.01237934,-0.07132061,-0.12289408,-0.106278025,-0.030304536,0.050496634,0.07735598,0.037915435,-0.031669766
0.04084172,-0.030411799,-0.06427285,-0.024179948,0.07255064,0.1643183,0.19484705,0.15043584,0.08188562,0.038552158,0.065123595,0.14592767,0.21800911,0.22838515,0.16376822,0.06918465,0.00048204628,0.0034227092,0.06319048,0.12207916,0.1234561,0.05293348,-0.045929402,-0.111682564
0.17071375,0.21420863,0.18035123,0.10587279,0.054700583,0.06792046,0.14091165,0.21657386,0.23725948,0.18194765,0.08680785,0.012330416,0.0040127966,0.05777761,0.1194439,0.13242723,0.06949967,-0.02887967,-0.097793974,-0.096407056,-0.02844502,0.05282331,0.0834431,0.047024343
0.14112414,0.17307062,0.13677305,0.069050066,0.024067175,0.036560014,0.0977488,0.15941834,0.17364348,0.12513974,0.044464998,-0.015428343,-0.019162005,0.029495794,0.08467944,0.09641606,0.04620054,-0.033869095,-0.08881691,-0.08372683,-0.022472933,0.04865825,0.074710436,0.041444514
0.17403908,0.13067612,0.052251313,0.0025474757,0.023784524,0.09962486,0.16943404,0.17099795,0.11672613,0.022845553,-0.03864616,-0.028650364,0.031355478,0.092365205,0.09711959,0.03733039,-0.05662621,-0.11206582,-0.09606087,-0.021934668,0.0540406,0.07612278,0.031432875,-0.042909414
0.09594256,0.013696871,-0.04448704,-0.038999263,0.021310106,0.087336056,0.100220755,0.033913266,-0.049495406,-0.11752323,-0.114657864,-0.050449125,0.013462073,0.030307945,-0.021901071,-0.102921456,-0.15517835,-0.13509676,-0.060018975,0.022182964,0.05598723,0.020989891,-0.047284327,-0.09053469
-0.009818289,-0.07545028,-0.115771435,-0.098423004,-0.038624737,0.02485144,0.04622456,0.010400173,-0.042781785,-0.0744916,-0.053228024,0.01411058,0.0778346,0.099700466,0.06348412,0.004195021,-0.035628885,-0.021613192,0.033362728,0.09029378,0.09981745,0.052686546,-0.018018149,-0.06742746
-0.13095325,-0.058624882,0.017386945,0.043315586,0.0064861723,-0.062025003,-0.1005249,-0.05988299,0.01624591,0.101510115,0.13166718,0.08962317,0.023423573,-0.02069506,0.002855931,0.07274898,0.14234029,0.15362671,0.09975712,0.009688895,-0.052855898,-0.0485567,0.008267249,0.06626932
-0.090103395,-0.14187792,-0.14454868,-0.107930504,-0.07337289,-0.07362655,-0.11798966,-0.18152206,-0.2158711,-0.20148325,-0.14632353,-0.08622027,-0.06374017,-0.08597791,-0.12746665,-0.14646026,-0.112792894,-0.04277845,0.021572439,0.047025733,0.022661332,-0.02512033,-0.053548656,-0.03973866
-0.012351089,0.039256178,0.088679545,0.103373796,0.079703264,0.033255838,0.0022879648,0.014916068,0.052913874,0.09308882,0.09838491,0.061239332,0.008339743,-0.030329537,-0.026180154,0.009362612,0.04488185,0.04973882,0.016150085,-0.036022484,-0.070744775,-0.06078281,-0.015968096,0.02934802
0.0786256,0.03949948,-0.024677262,-0.05193613,-0.013301805,0.07754009,0.160083,0.18583685,0.15017907,0.08677213,0.05307387,0.080072045,0.14882521,0.2131514,0.219387,0.16119345,0.07208323,0.012818074,0.017751025,0.07055998,0.120583296,0.11522372,0.048677217,-0.04114821
0.099099904,0.116952956,0.068909265,-0.008862544,-0.059497766,-0.047399342,0.013040295,0.072089344,0.08398143,0.03501939,-0.042427395,-0.09244903,-0.08352389,-0.01957833,0.046037886,0.06446216,0.01957543,-0.053592745,-0.09742746,-0.077542774,-0.0059306906,0.06656016,0.08970968,0.051783334
-0.067832686,-0.13656119,-0.17863284,-0.16571933,-0.11046595,-0.045423932,-0.023700964,-0.050073247,-0.09299889,-0.11239825,-0.080837525,-0.008986072,0.061044525,0.09281301,0.070714734,0.021453574,-0.0062185214,0.010787943,0.063542075,0.1152664,0.1251236,0.075070016,0.001762018,-0.05250512
0.16790652,0.2030892,0.18410973,0.13069877,0.09594111,0.10628294,0.15451196,0.19796051,0.20744997,0.15936637,0.08161505,0.020357138,0.008364212,0.041261505,0.07867865,0.08082376,0.027021078,-0.049438603,-0.10111476,-0.0953256,-0.040354352,0.019937968,0.04491582,0.022733295
0.0761278,0.043303818,-0.018319191,-0.05184584,-0.02602973,0.048941396,0.12246489,0.14894143,0.11844193,0.057096556,0.018615989,0.036192518,0.096790664,0.15954864,0.17347685,0.12786508,0.04780424,-0.008388716,-0.005845743,0.044411615,0.09717212,0.10341065,0.051323168,-0.02868621
0.023599975,0.047888868,0.010842197,-0.043881074,-0.07124796,-0.033217847,0.054790117,0.14781857,0.17780143,0.15140632,0.09432269,0.059543177,0.082490675,0.15616648,0.22240528,0.2342239,0.17741683,0.08748141,0.026486944,0.02566049,0.07382881,0.11898383,0.1123406,0.04778112
-0.01987708,-0.11197496,-0.16894193,-0.15351264,-0.08069809,-0.0031574538,0.016936451,-0.034425188,-0.10485602,-0.14820077,-0.118441746,-0.030514011,0.054086935,0.0833093,0.041790586,-0.031375382,-0.07426184,-0.049573652,0.027995571,0.103781424,0.12337049,0.067359716,-0.021113003,-0.08262123
-0.034351345,0.036921185,0.057006594,0.01707357,-0.052685153,-0.094594225,-0.070668764,0.014977792,0.086158164,0.11582646,0.0802608,0.008886636,-0.033685986,-0.015089229,0.05533271,0.12496514,0.14366068,0.09537576,0.017924545,-0.039496906,-0.036482148,0.0216608,0.08199723,0.09596103
-0.0692892,-0.00427695,0.009042971,-0.032024007,-0.09831932,-0.13345003,-0.1015313,-0.0072021033,0.067316845,0.1008538,0.06968062,0.0063639,-0.024991164,0.0043868334,0.08397139,0.15592304,0.17447917,0.12205303,0.042524554,-0.014800865,-0.008583836,0.04843159,0.09975595,0.09998959
0.042260382,0.091644734,0.09736568,0.051395737,-0.016202176,-0.063703954,-0.05741053,-0.010683813,0.029122503,0.028763503,-0.017373076,-0.08411891,-0.123932995,-0.11358985,-0.061790846,-0.008735423,0.005096919,-0.026581079,-0.07518856,-0.10322802,-0.08104071,-0.015167849,0.047740944,0.072320156
-0.20678489,-0.19531628,-0.12149559,-0.043444075,-0.01992027,-0.06435202,-0.1362405,-0.16653837,-0.13698673,-0.04354416,0.046497248,0.08051701,0.049517613,-0.015798649,-0.05226778,-0.02555035,0.05558456,0.13031575,0.1468378,0.092857175,0.001968298,-0.0625334,-0.058919508,-0.0026342256
0.14491913,0.17528915,0.13148858,0.055060353,0.0063531953,0.023788549,0.09566667,0.16450964,0.17813635,0.12202689,0.030624988,-0.031363353,-0.02877917,0.035119236,0.09920843,0.11119757,0.05004767,-0.04308666,-0.102779165,-0.087503284,-0.0121418135,0.06608796,0.08921209,0.045181092
0.13631147,0.112396315,0.060458366,0.023956368,0.03458881,0.08187035,0.12917294,0.13071765,0.09448943,0.02789534,-0.022139886,-0.02221079,0.013976407,0.05504151,0.060476568,0.0223471,-0.04472556,-0.08856568,-0.083152816,-0.032061182,0.0236948,0.04593485,0.021398801,-0.028108455
0.10020691,0.054377522,-0.0259522,-0.06605774,-0.025695542,0.079152845,0.17795631,0.21155028,0.16992958,0.09005166,0.044261027,0.07186887,0.15364996,0.2335497,0.24710453,0.18156488,0.07475635,0.0015887296,0.0067551765,0.07106097,0.13660899,0.13834067,0.06397576,-0.043208897
0.004147128,0.04361095,0.075386375,0.06855818,0.024131458,-0.036929846,-0.077120714,-0.07913544,-0.05155478,-0.026185377,-0.033383675,-0.07516356,-0.1259324,-0.15651411,-0.14315572,-0.09788619,-0.052938983,-0.036101125,-0.0558876,-0.08818165,-0.102222174,-0.07262184,-0.012778397,0.042242344
-0.0039798375,-0.086362705,-0.13812174,-0.11755817,-0.03783209,0.047250055,0.07519004,0.032038357,-0.035956286,-0.07888356,-0.05283829,0.031964187,0.11392439,0.14147018,0.09644228,0.017739818,-0.03683453,-0.023755593,0.04480598,0.115578435,0.12953538,0.06988249,-0.02194915,-0.08944782
0.052961346,-0.022661995,-0.06245588,-0.022254102,0.08333359,0.1882756,0.22651668,0.18189771,0.108258136,0.058798682,0.084202275,0.16990046,0.24958222,0.26334137,0.19545217,0.09092422,0.011711579,0.010460755,0.07209799,0.1349661,0.13787042,0.06263841,-0.04548342,-0.12081283
0.04772727,0.011521107,0.011996118,0.037576277,0.0631845,0.056337398,0.0070277094,-0.0692077,-0.11496818,-0.12915894,-0.105460934,-0.07527348,-0.074980795,-0.11221175,-0.16507323,-0.19624938,-0.18034388,-0.12347965,-0.06644074,-0.03782639,-0.047111716,-0.07390869,-0.08240865,-0.052749265
-0.1141425,-0.14899111,-0.13603598,-0.087481394,-0.040739503,-0.02674702,-0.05557525,-0.09481802,-0.110671826,-0.08149118,-0.02052092,0.036422014,0.058119457,0.036726456,-0.001967137,-0.023144864,-0.0009273885,0.05026108,0.093292266,0.097200796,0.057570595,-0.002713872,-0.041567545,-0.039681222
-0.15025805,-0.15538616,-0.11356419,-0.068112195,-0.067666896,-0.11895737,-0.1911556,-0.23429424,-0.22283678,-0.16035281,-0.09582366,-0.07020241,-0.095610015,-0.14379217,-0.1674178,-0.1385829,-0.058474056,0.019178968,0.047857717,0.021475973,-0.03245367,-0.066480696,-0.049542006,0.008022985
0.12904981,0.15243666,0.12474696,0.07366296,0.043111067,0.056115087,0.10482018,0.1481357,0.15468554,0.11066508,0.045217823,-0.0011110429,-0.0028060388,0.0333677,0.06993399,0.072374836,0.02532377,-0.037874356,-0.07703575,-0.0686503,-0.020438053,0.032599468,0.05020574,0.024754394
-0.05513418,-0.05396465,-0.012122319,0.028475167,0.02990218,-0.020595256,-0.09260909,-0.14745854,-0.1491212,-0.109545276,-0.06533975,-0.053708855,-0.087223426,-0.14627793,-0.18328257,-0.1676891,-0.10667482,-0.037202198,-0.0066602766,-0.024704652,-0.07214122,-0.09760271,-0.07292678,-0.009089207
-0.12419472,-0.18607153,-0.17728807,-0.107385084,-0.028951451,0.0060502747,-0.027389638,-0.09327283,-0.132524,-0.10729388,-0.024159154,0.06524757,0.106429115,0.07683318,0.009638738,-0.03869438,-0.022040572,0.047975305,0.11973878,0.1397133,0.08967416,-0.0018464825,-0.07014846,-0.07714813
0.042289153,0.09103266,0.09566753,0.045900214,-0.027101444,-0.07853885,-0.07661665,-0.034812544,0.0044014007,0.0047559203,-0.044343177,-0.112935714,-0.15547088,-0.14274652,-0.08727081,-0.030418022,-0.01223045,-0.043572064,-0.09364445,-0.11755721,-0.08865473,-0.018299103,0.048959155,0.07604564
-0.018491423,-0.06620473,-0.12823948,-0.16041286,-0.14473008,-0.08883467,-0.033846967,-0.014356217,-0.039103277,-0.08131298,-0.09583429,-0.06344774,0.00256255,0.06622392,0.08783386,0.062088534,0.015552133,-0.010091199,0.010336967,0.06034379,0.10528961,0.10643828,0.05840497,-0.008389199
0.09617181,0.105945036,0.05860578,-0.013406868,-0.06252909,-0.057613045,-0.00926803,0.03461562,0.03841371,-0.011596596,-0.081897,-0.12526895,-0.11619641,-0.0601472,-0.0053838487,0.0109069245,-0.026538197,-0.081919596,-0.110283636,-0.08442522,-0.018213868,0.048760124,0.07275981,0.045655612
0.17459711,0.16100115,0.12553479,0.10178516,0.11924051,0.1644671,0.20551088,0.20180623,0.16579144,0.09940945,0.049937863,0.04228948,0.064631216,0.08911551,0.07924077,0.032040466,-0.039137,-0.08451271,-0.08368307,-0.04265975,0.003977838,0.02028838,-0.0025012516,-0.040915176
-0.18357605,-0.17607503,-0.120847255,-0.05781072,-0.030421128,-0.051856812,-0.09191435,-0.09869731,-0.07042191,0.0031871223,0.075853914,0.107894376,0.09543747,0.055202406,0.032457758,0.049438566,0.101240054,0.14635246,0.15325223,0.10795732,0.037233364,-0.017872667,-0.029119791,-0.00324609
0.06598918,0.038028847,-0.017924314,-0.047167096,-0.017470155,0.063269235,0.14569251,0.18116039,0.15775515,0.102337085,0.0647795,0.0815388,0.14309509,0.20792228,0.22445793,0.17907585,0.09451889,0.027499659,0.01938406,0.06306134,0.1131864,0.11593301,0.058580864,-0.028307531
-0.09470208,-0.071716405,-0.07882585,-0.11900113,-0.17151488,-0.20133333,-0.18753965,-0.13432422,-0.09121872,-0.07121707,-0.08565877,-0.11436603,-0.12018875,-0.08819168,-0.025990017,0.0315517,0.055804685,0.03932083,0.008624668,-0.010531775,0.002428813,0.042855587,0.07770459,0.07869462
0.10289109,0.11430337,0.060142778,-0.02071008,-0.07093606,-0.053361844,0.012160224,0.07132217,0.07859171,0.02329318,-0.055774666,-0.10311857,-0.08797293,-0.017801495,0.04803377,0.06208791,0.013217285,-0.06173105,-0.102163576,-0.075467005,0.0026439775,0.074770525,0.092436396,0.0492019
-0.0024370556,-0.045365244,-0.11173083,-0.15275604,-0.1442621,-0.08960081,-0.0318367,-0.009206969,-0.03232835,-0.07856134,-0.10350516,-0.078927524,-0.015665684,0.053039324,0.08195534,0.059862755,0.010213215,-0.02198176,-0.008069451,0.043563846,0.0961843,0.107203834,0.06586674,-0.001888772
-0.1293755,-0.085761204,-0.042841874,-0.03994866,-0.08796078,-0.15498489,-0.19323425,-0.16946924,-0.114335,-0.05069479,-0.0317663,-0.062262397,-0.10903776,-0.1288419,-0.09493281,-0.025278851,0.044477686,0.06441545,0.031725336,-0.021494959,-0.051679708,-0.032992642,0.021485265,0.070361264
-0.06274709,-0.029088153,-0.02273125,-0.05089854,-0.09547117,-0.123954944,-0.11276693,-0.062188074,-0.018237513,0.0043888325,-0.0110025285,-0.045355942,-0.0629686,-0.04359781,0.0075639314,0.05735361,0.07670302,0.05333937,0.012994719,-0.015553006,-0.009249123,0.026610978,0.061264835,0.06617573
0.091348514,0.022030903,-0.02303992,-0.014670947,0.043976746,0.1044627,0.11524868,0.053854972,-0.018343268,-0.077097304,-0.074682504,-0.019033898,0.03658958,0.046741284,-0.002591101,-0.076228626,-0.12711035,-0.11262876,-0.048301987,0.022383353,0.048629418,0.0141183175,-0.04706522,-0.08512226
