-0.1254516,-0.11919066,-0.06350741,-0.008702302,-0.0021339096,-0.059295774,-0.14402688,-0.1950899,-0.1863498,-0.12036043,-0.050934043,-0.032411702,-0.07795232,-0.14608106,-0.1829042,-0.14999416,-0.06431896,0.023031654,0.051138446,0.010952828,-0.054476663,-0.09223365,-0.06967298,0.0020269493
0.051688895,0.024042077,-0.017251175,-0.039678477,-0.019391006,0.044244673,0.10197178,0.11618181,0.08863042,0.0433815,0.015830144,0.03189555,0.08548972,0.12845767,0.12940852,0.084999055,0.018520828,-0.021838253,-0.020335604,0.01979501,0.053263053,0.056331906,0.015124769,-0.042744722
-0.09272612,-0.13358465,-0.13414466,-0.091376476,-0.038487926,-0.01598868,-0.036219005,-0.076188475,-0.107624136,-0.09421164,-0.044531856,0.012659632,0.037837744,0.017613001,-0.032058455,-0.0738575,-0.071840666,-0.033369426,0.01689904,0.03188099,-0.0017620267,-0.07039793,-0.12315762,-0.13638936
0.013842315,0.052704986,0.08993018,0.0949085,0.056999788,-0.00875433,-0.05868605,-0.062516406,-0.03152567,0.001560676,0.0076949685,-0.026673723,-0.084193856,-0.11776786,-0.104116976,-0.049910802,0.009976082,0.037301566,0.021776645,-0.015524638,-0.031032877,-0.004367596,0.057043664,0.12032667
-0.00207297,-0.0008818156,-0.06038415,-0.14246455,-0.19616191,-0.18483286,-0.11556353,-0.048781227,-0.026746863,-0.06595291,-0.13233835,-0.16732688,-0.13597855,-0.054541092,0.029346846,0.059571963,0.021352155,-0.048258077,-0.088343814,-0.06711419,0.00201198,0.06725395,0.080633625,0.02159991
-0.07751978,-0.017137421,0.041921433,0.07285144,0.054089576,0.0032738468,-0.025308968,-0.0053149983,0.054913342,0.11357492,0.13031752,0.09693001,0.030251881,-0.0140523715,-0.0072396314,0.039130557,0.083751746,0.08816513,0.041542925,-0.037425235,-0.08990352,-0.094679505,-0.05225185,-0.01193218
-0.03194693,0.020002078,0.036630586,0.0146107115,-0.033172324,-0.069852896,-0.054565746,-0.0013826364,0.058589227,0.080880195,0.052419227,1.2359178e-05,-0.03849794,-0.028550267,0.022482533,0.075792335,0.089066386,0.051484928,-0.007239274,-0.05767662,-0.058409315,-0.02021783,0.023682704,0.028451791
0.057787463,0.07614161,0.047287036,0.0012299964,-0.025666079,-0.0012681481,0.06555727,0.12527044,0.14844245,0.11809926,0.063717306,0.030257162,0.044204872,0.09500286,0.14753814,0.15906382,0.10655354,0.02954274,-0.018378627,-0.01962891,0.02233826,0.068537995,0.0766189,0.03148228
0.12779468,0.06489521,0.028339183,0.038182795,0.095793426,0.15920642,0.16621034,0.11576858,0.035355482,-0.018631846,-0.010947335,0.04134549,0.09568885,0.10210976,0.04916639,-0.02880252,-0.07809389,-0.06709656,-0.0026899008,0.072480805,0.09895647,0.06870117,0.012249152,-0.00913527
0.115403265,0.19620968,0.22738172,0.2065344,0.15434225,0.11661192,0.1341777,0.19372152,0.25669938,0.26234296,0.21125627,0.1342001,0.0740406,0.069825,0.11805662,0.16992715,0.16851154,0.109424494,0.02750226,-0.028957253,-0.020203348,0.043365482,0.11297685,0.13631964
0.04736275,0.011620804,0.020083273,0.056803674,0.09288398,0.09862972,0.056654822,-0.0037854712,-0.05000208,-0.053033408,-0.013042539,0.026695488,0.037331555,0.0052438676,-0.049370307,-0.084798485,-0.06945012,-0.015150621,0.04363426,0.07503497,0.060110353,0.024044707,0.0020435331,0.032286603
0.045149956,-0.010705486,-0.09004134,-0.14211327,-0.12719443,-0.05345796,0.018223153,0.035449,-0.008650448,-0.0741619,-0.11284518,-0.08340501,0.0019200245,0.07925209,0.09902894,0.053530127,-0.023412434,-0.07216813,-0.051144093,0.02308921,0.089852974,0.104324065,0.05179251,-0.03139678
0.08789737,0.046133697,-0.021543436,-0.08145453,-0.09195488,-0.053750306,-0.015574001,-0.011781163,-0.055690814,-0.121180065,-0.16564298,-0.1589716,-0.10084989,-0.03917964,-0.012749282,-0.03557593,-0.07775205,-0.10114994,-0.082196146,-0.007068279,0.066954546,0.10422755,0.088344544,0.04352189
-0.015921114,0.0038835446,0.062483944,0.12668847,0.15860945,0.14069521,0.09543781,0.0637163,0.070696734,0.113978274,0.16055185,0.17084822,0.13010783,0.065533265,0.01379834,0.0072953026,0.037587397,0.07349253,0.081806414,0.039210867,-0.022740146,-0.067119256,-0.06735168,-0.02055595
0.1585679,0.1859162,0.15248801,0.08743255,0.044964347,0.062033083,0.121974625,0.17824587,0.19238336,0.1428554,0.06453362,0.012946591,0.019337825,0.07171083,0.12934437,0.14537063,0.09370278,0.016223146,-0.03634603,-0.023594338,0.041589044,0.120387696,0.15339442,0.1251214
0.005563549,0.054200884,0.10063466,0.108210355,0.06728456,0.0020752328,-0.045053426,-0.0446954,-0.0062392866,0.031999514,0.036744162,-0.0042164493,-0.06620869,-0.103241965,-0.089629725,-0.03187475,0.028856521,0.056128364,0.028443318,-0.019100474,-0.04156214,-0.011490717,0.054128073,0.11989583
0.015429047,0.021489777,-0.024672687,-0.09736753,-0.14683077,-0.13920689,-0.08197332,-0.027616138,-0.0101448465,-0.047284484,-0.10799295,-0.14372605,-0.11968991,-0.05418658,0.016549962,0.04569004,0.016314108,-0.03902306,-0.07855339,-0.059582796,0.0014677463,0.06611514,0.0834992,0.03984751
0.031266864,-0.022538206,-0.105825156,-0.15876792,-0.14311177,-0.060472347,0.025193665,0.05499703,0.018413756,-0.04524509,-0.08644138,-0.056022387,0.033257224,0.11819445,0.14469144,0.10005645,0.010440853,-0.052572712,-0.03981509,0.027049774,0.09218513,0.1061653,0.05077722,-0.045223534
0.052378,0.02405409,-0.01796597,-0.032680687,0.0021374135,0.07195824,0.13632855,0.15402222,0.12674686,0.07895622,0.052201815,0.07415657,0.12916604,0.16834244,0.16029564,0.10178403,0.024226112,-0.026973296,-0.02322287,0.015815359,0.04375433,0.03118082,-0.02629883,-0.095911644
0.07528547,0.022915749,-0.05590532,-0.12266606,-0.13455527,-0.09479215,-0.04910169,-0.04223364,-0.08636151,-0.15441205,-0.19735686,-0.18069178,-0.10773195,-0.03573804,-0.004260589,-0.02351865,-0.06828422,-0.092527896,-0.064855576,0.018267404,0.09775714,0.13888268,0.11600219,0.062105447
-0.0027541113,-0.041677114,-0.007902615,0.07888425,0.16545779,0.1984121,0.15607706,0.081014484,0.03024729,0.04799224,0.12189542,0.19056875,0.2008244,0.13806586,0.036603592,-0.0367209,-0.036270324,0.022539444,0.08938286,0.099916555,0.039100032,-0.05456518,-0.11644332,-0.09452182
0.023433337,0.032617364,-0.010746602,-0.079123154,-0.12778148,-0.123592794,-0.067516685,-0.009666955,0.013593014,-0.017411372,-0.07669276,-0.11299966,-0.09385515,-0.029339299,0.040445168,0.06873975,0.0390493,-0.021862416,-0.060070157,-0.047176808,0.01031253,0.07169677,0.09024047,0.049211938
0.030657673,-0.051446006,-0.10954246,-0.11702434,-0.07193149,-0.013771415,-0.0060309367,-0.054115206,-0.13328975,-0.18223678,-0.17014377,-0.10352278,-0.024575688,0.004731759,-0.0324299,-0.10059711,-0.13532305,-0.10744141,-0.031102056,0.058544748,0.0921213,0.062433552,-0.0011409554,-0.040677626
0.0806682,0.04639434,0.07016209,0.13286363,0.19491781,0.21284153,0.16198531,0.08501159,0.027723284,0.026677847,0.079066984,0.13049556,0.13524918,0.07814118,-0.008649638,-0.065698415,-0.058319822,0.004972577,0.07067886,0.09678965,0.061901145,0.00586352,-0.026700076,0.012342775
0.21153407,0.2521352,0.21191354,0.13104582,0.0767071,0.099473864,0.18260822,0.26065424,0.28208426,0.21097867,0.10304055,0.02499468,0.026989272,0.09460879,0.16852258,0.17257847,0.10057566,-0.009265662,-0.08525835,-0.06692266,0.018244533,0.10790986,0.14245535,0.10010199
0.047539942,-0.017568128,-0.111802585,-0.17218222,-0.15568364,-0.06933226,0.013040202,0.03322595,-0.018546566,-0.096170455,-0.14221697,-0.10895364,-0.010935195,0.0794651,0.10306936,0.04603986,-0.043858502,-0.099459976,-0.07641695,0.0113752475,0.08923932,0.10252061,0.042040367,-0.056688063
-0.121584065,-0.05925656,0.004362666,0.03177637,-0.005645946,-0.07838804,-0.11898131,-0.0989313,-0.027801923,0.04335937,0.06811844,0.028350363,-0.048444778,-0.09525979,-0.07465862,-0.0016626832,0.06572292,0.08538931,0.038592957,-0.05034155,-0.10750508,-0.103880905,-0.045905225,0.008831588
0.079389185,0.09893967,0.056491893,-0.008302716,-0.04368443,-0.015197739,0.061684053,0.1313653,0.15328966,0.11073035,0.03694156,-0.006032294,0.012577576,0.08031555,0.14559951,0.15301788,0.09222773,0.00016686655,-0.055070054,-0.04531875,0.016356334,0.07472914,0.08652053,0.030763838
0.021682972,-0.04777767,-0.09601978,-0.10046638,-0.059747595,-0.010340808,-0.0043184296,-0.04436704,-0.11006444,-0.14664473,-0.13210475,-0.07141219,-0.0042737303,0.019968987,-0.010076534,-0.061206736,-0.09032683,-0.069335036,-0.0037852814,0.06784326,0.094726056,0.07039524,0.018195536,-0.015087009
0.0755155,0.03811948,-0.020288533,-0.068816654,-0.074104935,-0.039902203,-0.0060756356,-0.00190058,-0.0375556,-0.08945955,-0.12361679,-0.11193418,-0.06092298,-0.008712339,0.011949073,-0.0071156453,-0.04540119,-0.06799027,-0.048675433,0.012662077,0.07328152,0.10371534,0.08912882,0.050843384
0.09370359,0.048359495,-0.024020996,-0.06835956,-0.042051412,0.047237486,0.13242452,0.15498073,0.109904274,0.032608557,-0.018468155,0.0019671558,0.0849362,0.15779676,0.16407782,0.09158503,-0.0062559317,-0.0709916,-0.06259367,0.011457982,0.07551847,0.081612356,0.017408708,-0.073979676
0.021089608,-0.018488461,0.011301424,0.085476615,0.15704288,0.17434397,0.11430249,0.028792245,-0.029613078,-0.01685674,0.05185548,0.11585622,0.12401587,0.060071297,-0.036057133,-0.09298512,-0.07489446,0.0036944072,0.07713209,0.098073125,0.048106477,-0.024476651,-0.06682427,-0.029165646
0.078559294,0.054980945,0.009098821,-0.017152654,0.0016578885,0.06601646,0.1314014,0.15413733,0.12905271,0.07449154,0.037269615,0.047712553,0.10184565,0.14982633,0.15610759,0.10643119,0.03139901,-0.02285785,-0.026857376,0.017550612,0.058965012,0.06345001,0.020907093,-0.04540236
0.07592408,0.030881282,-0.03369649,-0.086976185,-0.09350009,-0.053648524,-0.020468444,-0.022234382,-0.06649423,-0.123527154,-0.15912703,-0.1445489,-0.08605763,-0.028549882,-0.009176765,-0.033812393,-0.07259778,-0.08780607,-0.063568376,0.008144966,0.074432865,0.10696272,0.0913956,0.052356344
-0.09391807,-0.051118523,-0.012450956,-0.013254511,-0.064325154,-0.14032194,-0.18614,-0.17531182,-0.12304719,-0.06831381,-0.05557828,-0.092751965,-0.15247244,-0.17719166,-0.1443075,-0.067440204,0.006920267,0.03495054,0.007450114,-0.048984304,-0.07403312,-0.048424415,0.016140778,0.07207207
-0.023002457,0.016922869,0.019594627,-0.015449722,-0.07394372,-0.11706363,-0.10818496,-0.061058164,-0.010500171,0.0034142882,-0.025026537,-0.07442077,-0.10788906,-0.08983362,-0.025843248,0.040607527,0.0607297,0.030442104,-0.017534131,-0.053344,-0.03759152,0.013509437,0.06791588,0.0770904
-0.13703665,-0.082500145,-0.03104551,-0.027316863,-0.08765423,-0.18054573,-0.23650306,-0.2221714,-0.15410459,-0.08051216,-0.060812823,-0.10358507,-0.17711242,-0.2119944,-0.17559576,-0.07741512,0.014049844,0.05301854,0.018247548,-0.059781216,-0.10122118,-0.07215693,0.004713242,0.072247855
0.003697121,-0.08419764,-0.13948612,-0.14415535,-0.0991649,-0.04815548,-0.05349112,-0.111479886,-0.19343573,-0.23146023,-0.20648922,-0.13234708,-0.05593324,-0.031844534,-0.06982525,-0.1252274,-0.14591981,-0.10390384,-0.01789059,0.06838332,0.09716881,0.06721955,0.00911605,-0.019160803
0.020227311,0.06925141,0.116833545,0.13577014,0.1122227,0.06866933,0.04278918,0.05252587,0.091959536,0.12439601,0.1286269,0.0912194,0.034669686,-2.2034372e-05,0.006745275,0.042273805,0.07670566,0.0791119,0.04459548,-0.0057142926,-0.032000218,-0.019285657,0.02625259,0.07381851
-0.05339791,-0.005006431,-0.012144797,-0.07311159,-0.15641282,-0.2134657,-0.1936248,-0.12529385,-0.0569402,-0.043646038,-0.090371385,-0.15691979,-0.1916374,-0.15518922,-0.06340914,0.022594422,0.049722183,0.0073986673,-0.05697225,-0.09536429,-0.06508841,0.0076566013,0.0738566,0.07552047
-0.03814332,-0.09572803,-0.13100703,-0.12213866,-0.07383062,-0.017445123,0.004606251,-0.019079749,-0.065501615,-0.08867261,-0.06936298,-0.013013546,0.047655653,0.068078086,0.037247017,-0.018876456,-0.056810096,-0.051283658,-0.0049141822,0.042507485,0.048887778,0.00540948,-0.060807012,-0.1079755
0.01859352,-0.029027168,-0.09861595,-0.14459734,-0.13133559,-0.06699799,0.0015384501,0.02314628,-0.009727713,-0.06553688,-0.10000823,-0.07696411,-0.0034489,0.0678158,0.089734554,0.047175758,-0.02127487,-0.07247287,-0.058849413,0.0037261131,0.062393423,0.068434685,0.01688007,-0.06258361
0.11336052,0.06385235,-0.017232047,-0.08214657,-0.083280705,-0.01970555,0.04316508,0.05553231,0.0037039556,-0.07869308,-0.13420004,-0.12414372,-0.04941579,0.026977358,0.053084537,0.011153909,-0.06089692,-0.10526867,-0.08806578,-0.0022010673,0.08162074,0.116693124,0.08353561,0.015668143
-0.054268423,-0.11710741,-0.106044695,-0.04138363,0.02606301,0.042808767,-0.01629225,-0.10432118,-0.16780603,-0.15287548,-0.07446907,0.0038021323,0.02859489,-0.01923762,-0.104589224,-0.15644087,-0.13156891,-0.042440712,0.04853028,0.08155395,0.036977362,-0.043111943,-0.09679571,-0.07170987
0.067951396,0.04250727,0.058377497,0.09470501,0.12534003,0.12450555,0.07277017,0.010036562,-0.03497801,-0.034626305,0.0021345243,0.03245314,0.029271962,-0.010232565,-0.06347351,-0.09003081,-0.06811081,-0.011118464,0.0404354,0.06429352,0.049023267,0.02206053,0.016746508,0.060571995
0.019098965,-0.056309495,-0.100989535,-0.07997578,-0.0047625615,0.07641527,0.10400003,0.06629316,-0.0039295964,-0.044527654,-0.02042464,0.057617206,0.13541897,0.15217091,0.09698951,0.008964573,-0.053506665,-0.04984053,0.017151546,0.08454453,0.09254513,0.032587282,-0.05643765,-0.113838196
0.039651215,0.058406528,0.03486187,0.004300857,-0.003157398,0.031578712,0.09854614,0.15430424,0.17369862,0.14421362,0.09574563,0.07093833,0.08702353,0.12841272,0.16357514,0.1534789,0.09425446,0.017861048,-0.029807609,-0.032062523,-0.0030389118,0.018522723,0.008338016,-0.048149765
0.08602276,0.05907689,0.008486833,-0.023361452,-0.0047058742,0.061808728,0.12972343,0.15268174,0.12435195,0.06700262,0.026340976,0.03764969,0.09605064,0.14907826,0.15674315,0.10790897,0.030224822,-0.026601888,-0.027046103,0.021405984,0.06817374,0.077513926,0.03348759,-0.03480855
-0.01635868,0.044335924,0.09955637,0.103054166,0.04222194,-0.052840937,-0.119794585,-0.117107235,-0.06355231,-0.007800382,0.00055530603,-0.052340247,-0.1348193,-0.17771709,-0.14890791,-0.059823748,0.028688386,0.065379225,0.033460088,-0.029812047,-0.055138208,-0.0122441845,0.07980927,0.16656326
0.011024567,0.027239101,0.06884196,0.103888564,0.10722259,0.07363981,0.020173218,-0.011088217,-0.007625306,0.026422933,0.05872429,0.058720447,0.019572353,-0.02751495,-0.05318054,-0.0360011,0.008792363,0.050312474,0.06029605,0.034145515,0.0012105566,-0.009041365,0.019433154,0.07688759
-0.107466325,-0.043022025,0.020323507,0.033953868,-0.021865336,-0.1191226,-0.18172726,-0.16975196,-0.099519245,-0.0235313,-0.0012613309,-0.049333148,-0.1371802,-0.18493512,-0.15357077,-0.056182615,0.037234433,0.07179395,0.031579122,-0.05422604,-0.10003847,-0.074628815,0.00854605,0.08690495
0.038393836,-0.007777628,-0.035901252,-0.021721745,0.028137721,0.08425893,0.10199726,0.075058036,0.023990447,-0.011574373,-0.0022030685,0.042669956,0.09127757,0.09992399,0.060468353,-0.0061593256,-0.051036146,-0.04904689,-0.009052924,0.04034565,0.04889765,0.009106804,-0.048974667,-0.08655524
0.09601018,0.10707288,0.06383408,-0.007272484,-0.057175033,-0.055267528,-0.012480763,0.033585157,0.042886525,0.0016530924,-0.06496566,-0.107712924,-0.09713682,-0.038466703,0.026501771,0.05244796,0.023819916,-0.03306916,-0.06611235,-0.04371169,0.02484508,0.097056374,0.12991454,0.1047536
0.17799695,0.14181289,0.072370544,0.01742279,0.025800059,0.093163066,0.15433943,0.1636642,0.108702496,0.017118398,-0.047798116,-0.04727371,0.016356094,0.07774271,0.08609849,0.0241248,-0.056950305,-0.10577859,-0.09608224,-0.011298446,0.06769878,0.098186344,0.063340634,0.0013894979
-0.033974085,-0.017081428,0.05624627,0.12884754,0.14426313,0.09052413,-0.00045121033,-0.060628165,-0.057046637,0.004198913,0.07329787,0.084331855,0.025079317,-0.06103524,-0.11729403,-0.10027827,-0.022338415,0.062872045,0.09007545,0.046616297,-0.025239114,-0.06550796,-0.03842053,0.052414183
-0.08533425,-0.09137363,-0.066368036,-0.034792785,-0.025799636,-0.05527612,-0.10304255,-0.13508496,-0.13479751,-0.09787631,-0.055026546,-0.03558758,-0.053775772,-0.08977765,-0.11541542,-0.10252892,-0.056055684,-0.002489091,0.024660476,0.007241878,-0.031368326,-0.059744544,-0.056956533,-0.022069896
-0.027611764,-0.08981193,-0.13555756,-0.13659811,-0.09521744,-0.03934412,-0.016825901,-0.0387857,-0.08837597,-0.1163208,-0.10219143,-0.045925386,0.019341383,0.04981718,0.02831832,-0.023442775,-0.062302947,-0.059129134,-0.009597694,0.0457196,0.06366224,0.028903281,-0.031091293,-0.08062386
-0.06147711,0.0024617957,0.019375686,-0.0119914105,-0.06897843,-0.10942754,-0.08367822,-0.013071563,0.06257236,0.08926843,0.05274954,-0.010734611,-0.05590075,-0.03937173,0.02934662,0.09579435,0.10898401,0.054812845,-0.02436861,-0.08696432,-0.084415294,-0.038661927,0.012798579,0.010019038
-0.12924667,-0.11251296,-0.05975591,-0.0020906725,0.010705637,-0.026770998,-0.083792046,-0.109866776,-0.087770484,-0.02364696,0.035489086,0.048834328,0.0052729836,-0.051693264,-0.080338515,-0.059339937,-0.0026792313,0.049650848,0.0556853,0.002903964,-0.064616814,-0.11106994,-0.09762636,-0.052566387
0.105419375,0.020781817,-0.02518609,-0.0077518737,0.06856219,0.1483169,0.1582297,0.09531888,-0.0007971066,-0.058319487,-0.038251325,0.03908813,0.11617006,0.12448465,0.05419772,-0.04199095,-0.099622115,-0.07681025,0.00956453,0.09941608,0.12056671,0.0731585,-0.0084532285,-0.042677313
-0.14232476,-0.13556331,-0.08519778,-0.027007313,-0.0065032216,-0.042663727,-0.10008283,-0.13279739,-0.11752987,-0.05435589,0.009828805,0.031614218,-0.0043653627,-0.062035397,-0.0983235,-0.08047953,-0.022721158,0.035273153,0.05432021,0.0073654526,-0.061779507,-0.113699235,-0.11387533,-0.071045026
-0.03786286,0.014363369,0.01609247,-0.03765781,-0.11628025,-0.17347965,-0.1625144,-0.101827934,-0.036907643,-0.018137263,-0.061111946,-0.12674561,-0.16622451,-0.13884336,-0.056945037,0.029893747,0.060459353,0.025516992,-0.03650698,-0.07999556,-0.056755237,0.016553236,0.086760014,0.09847382
0.05602789,0.01650706,0.00011871185,0.026202584,0.08408132,0.1441205,0.16684656,0.14359453,0.099590585,0.07170648,0.08483033,0.12781729,0.16905859,0.17151025,0.123971015,0.050296072,-0.0014876296,-0.011064169,0.025514092,0.06262667,0.06159824,0.0143222585,-0.04829202,-0.081239
0.076333985,0.040094268,-0.014813853,-0.06189897,-0.07067532,-0.04152646,-0.012212329,-0.011056166,-0.04715957,-0.09964369,-0.1331359,-0.12529147,-0.0767224,-0.02742109,-0.007579199,-0.025254868,-0.05818743,-0.07418838,-0.054057017,0.007966802,0.06700927,0.09756199,0.08427771,0.050458428
0.14733717,0.17101955,0.14044286,0.084677234,0.049394686,0.065912835,0.12080702,0.17124902,0.18165016,0.13189566,0.060143903,0.011197118,0.016086746,0.06363874,0.114236884,0.118281245,0.06915958,-0.0045377803,-0.051479183,-0.03507212,0.025715094,0.08721151,0.1102676,0.08039674
0.09725485,0.099341355,0.042731553,-0.04839616,-0.11400435,-0.120695576,-0.07867461,-0.034310084,-0.030450914,-0.08299412,-0.15875876,-0.20662183,-0.18897189,-0.118111804,-0.040653136,-0.00661283,-0.026999442,-0.07647814,-0.103087254,-0.063862674,0.022501508,0.110823914,0.14841709,0.12471181
0.020810582,-0.03818335,-0.11772626,-0.16738562,-0.15475741,-0.08271228,-0.01170108,0.0047327345,-0.037609555,-0.1018539,-0.13738039,-0.1078122,-0.02145234,0.056441475,0.07544911,0.024676178,-0.048836567,-0.09095444,-0.068409696,0.00722914,0.069965124,0.07660537,0.019525912,-0.06529172
0.11047662,0.07260531,0.007964023,-0.029817523,-0.0046957675,0.07705014,0.15468882,0.17682447,0.13581999,0.0628274,0.014879602,0.029849986,0.098668434,0.16273998,0.17015055,0.10260838,0.009052298,-0.05832479,-0.05366551,0.012068673,0.07301049,0.077661976,0.023426767,-0.057457067
-0.084425054,-0.122114405,-0.11003067,-0.06120455,-0.009580032,0.003737231,-0.026361722,-0.073854126,-0.102342024,-0.078427926,-0.0193598,0.03866066,0.056924626,0.026155235,-0.028948281,-0.059720177,-0.04501926,0.0032731474,0.0570271,0.064285114,0.02360989,-0.03909497,-0.0839418,-0.0778591
0.012866648,0.095202155,0.17809388,0.21612929,0.18844528,0.120939486,0.07726255,0.09059399,0.15393206,0.21144332,0.22147962,0.16500922,0.0709064,0.0039020125,0.0026110443,0.059187565,0.11270693,0.122192785,0.066758744,-0.024656303,-0.08182995,-0.06823662,-0.0021975776,0.07256725
-0.020236723,0.02340575,0.11747148,0.2086487,0.23900019,0.19237769,0.117410704,0.07697605,0.10146605,0.17105655,0.23724584,0.23908344,0.16308522,0.06200712,-0.0011987705,0.0098512545,0.069615625,0.12412267,0.12385928,0.050160352,-0.041095484,-0.09333866,-0.07208626,0.010373166
-0.01309156,-0.027528983,0.003170556,0.06470933,0.12379272,0.1414652,0.11769829,0.076935865,0.054775935,0.07143583,0.11878424,0.15862653,0.15891741,0.11274918,0.046271898,-0.00055217044,2.2052507e-05,0.02970738,0.06278923,0.058639362,0.011638224,-0.05431974,-0.09787983,-0.08699673
0.19031708,0.22373234,0.18114303,0.099000156,0.04455717,0.06668438,0.14494348,0.21778677,0.2363011,0.17146,0.07045715,0.0008743842,0.010929349,0.083601415,0.15840343,0.16610108,0.102139145,-6.6747845e-05,-0.0681832,-0.04517824,0.041761797,0.13136227,0.16544317,0.12392444
-0.011038052,-0.06266057,-0.092586376,-0.083446234,-0.03806496,0.009625495,0.024144625,-0.0019794244,-0.04724287,-0.06945717,-0.05211198,-0.0013533283,0.049418382,0.062198214,0.02936412,-0.020623578,-0.053344965,-0.045605294,0.0010256836,0.044403013,0.050083492,0.013576168,-0.043632705,-0.07864598
-0.10870158,-0.15981449,-0.14226967,-0.06810326,0.007554883,0.036255457,-0.00047703777,-0.064740196,-0.10515825,-0.07417278,0.0074634645,0.088080734,0.11419938,0.0718851,-0.007970936,-0.06236127,-0.052004237,0.010666431,0.08050551,0.089875,0.030530347,-0.06370718,-0.12836847,-0.12486276
0.02620754,0.076034606,0.120738134,0.12087807,0.07181055,-0.004701528,-0.058445193,-0.05938607,-0.022163616,0.0117701655,0.009924796,-0.040432002,-0.10942641,-0.14525568,-0.12671235,-0.0654547,0.0026254707,0.030211305,0.005652842,-0.03684598,-0.05054045,-0.01406377,0.057835687,0.13130154
-0.12942085,-0.12245564,-0.081608325,-0.03671977,-0.019976951,-0.044255793,-0.08046332,-0.10063546,-0.08355491,-0.033065148,0.015392006,0.032074325,0.009326256,-0.032203708,-0.06094764,-0.05123945,-0.008760755,0.033208076,0.042442083,0.0042917575,-0.052243605,-0.09476939,-0.102313794,-0.075988084
-0.021594686,-0.09511814,-0.13481028,-0.11373378,-0.043871053,0.028978903,0.051571164,0.013251203,-0.05194765,-0.08538922,-0.05646956,0.018875798,0.09433002,0.11000357,0.05925919,-0.020891622,-0.07028449,-0.05860798,0.0052050427,0.06887585,0.07302792,0.010745273,-0.07713419,-0.1324441
-0.025468823,-0.007788974,0.048809018,0.11061513,0.1385086,0.1160588,0.06833134,0.03498358,0.041688707,0.08290422,0.1295517,0.13919011,0.098943196,0.034208015,-0.016016262,-0.021459043,0.013688268,0.055993903,0.06597729,0.026921805,-0.03414751,-0.07821583,-0.078128785,-0.030480625
-0.10354171,-0.15422821,-0.13982855,-0.0653373,0.014787336,0.046029776,0.01066402,-0.05268186,-0.096573524,-0.07225804,0.005007614,0.08405389,0.10849101,0.064387955,-0.017655374,-0.078540765,-0.07435012,-0.015446906,0.05383427,0.06525539,0.00641704,-0.09340303,-0.16312924,-0.16635814
0.03147536,-0.033698697,-0.07514992,-0.07844833,-0.04303961,0.0005028005,0.0057428973,-0.034279384,-0.095702074,-0.1321165,-0.11928447,-0.06729172,-0.0070534376,0.013442833,-0.017985146,-0.070618235,-0.09563453,-0.0726441,-0.009972174,0.059148204,0.08395091,0.061118577,0.010777677,-0.0137739405
-0.04045572,0.018362526,0.027881565,-0.017589014,-0.092541486,-0.14825077,-0.13531324,-0.071661375,-0.0010502845,0.022306122,-0.017582355,-0.08539683,-0.13330775,-0.11441431,-0.036022726,0.051449355,0.078023255,0.03957319,-0.029238561,-0.085083194,-0.07209136,-0.0033111686,0.0675719,0.08157728
-0.060499657,-0.010910617,-0.0133679975,-0.07040603,-0.15201107,-0.20695345,-0.19294496,-0.1293945,-0.06229683,-0.04063601,-0.08243025,-0.14519122,-0.18083009,-0.1484383,-0.061594293,0.0294694,0.05967759,0.025684478,-0.03763273,-0.082562245,-0.059455875,0.015784055,0.08741937,0.095297776
-0.031909026,0.033161685,0.051889006,0.023435935,-0.033302713,-0.070890754,-0.04436387,0.023372514,0.09544768,0.11478492,0.0753926,0.009731595,-0.034704864,-0.02184543,0.041027565,0.100422226,0.10892811,0.057994884,-0.021453742,-0.0800238,-0.077973254,-0.030740215,0.020457514,0.020073941
0.09297443,0.16385944,0.19204836,0.16930117,0.12025922,0.08676978,0.09887512,0.14694652,0.19829974,0.20218675,0.15374334,0.08109313,0.026444122,0.02220717,0.06284375,0.108640954,0.11139627,0.06756347,-0.004931254,-0.053271804,-0.045344252,0.014040865,0.076672524,0.10095753
0.03792278,0.0005626924,0.008665504,0.04072346,0.07779327,0.08234863,0.037493497,-0.027134294,-0.07707928,-0.07985846,-0.04086877,0.00058157754,0.013988216,-0.018937532,-0.076254696,-0.10809168,-0.087828845,-0.027117157,0.0344104,0.06809401,0.054002758,0.02244697,-0.00092626497,0.030713525
-0.019638153,0.054957967,0.12587482,0.14898215,0.10968303,0.03433998,-0.009722161,0.0069119865,0.071880475,0.13111608,0.14002371,0.0856366,-0.0015832495,-0.05585634,-0.041827433,0.030788077,0.09303751,0.105575815,0.055407718,-0.030840866,-0.07817217,-0.05397843,0.016832158,0.08828284
0.01824038,-0.0771691,-0.1444099,-0.1547667,-0.11022777,-0.05283848,-0.04750975,-0.10066789,-0.18605082,-0.2359492,-0.21654265,-0.13947484,-0.050945416,-0.015360063,-0.04840827,-0.11206427,-0.14349777,-0.11004928,-0.020407094,0.07869002,0.11792521,0.087724164,0.021449823,-0.019933434
0.18761648,0.15440933,0.091603145,0.043130744,0.058323033,0.12775317,0.19083653,0.20054317,0.14840978,0.060862426,0.00053306005,0.003598264,0.06493795,0.122138456,0.12677577,0.06230329,-0.020171627,-0.076306835,-0.068876006,0.011692558,0.08825731,0.11480894,0.077845894,0.018559212
-0.030760985,-0.016754378,0.053052995,0.11990475,0.13818087,0.08270745,-0.009243782,-0.07073181,-0.07016154,-0.009759267,0.05635553,0.06893565,0.011377663,-0.07214151,-0.12959522,-0.11353149,-0.033739597,0.04860879,0.081399545,0.042428054,-0.023933072,-0.06263599,-0.039340835,0.051007558
0.03546309,-0.047880754,-0.10642009,-0.11599899,-0.070309326,-0.010423721,-0.0017973108,-0.05042852,-0.13167217,-0.17993306,-0.1682224,-0.10160348,-0.022438498,0.008249306,-0.028126735,-0.09202565,-0.12844111,-0.10264716,-0.024392776,0.06392446,0.09901845,0.0734983,0.010665979,-0.027331939
0.120495036,0.043586444,-0.0052508204,-0.005300275,0.048668414,0.11604793,0.124399215,0.06728322,-0.023849007,-0.08758805,-0.08216202,-0.022407018,0.05140861,0.06970793,0.016969282,-0.06748688,-0.11443235,-0.09113278,-0.015742768,0.08049643,0.11766431,0.091392145,0.027453754,-0.00093764253
0.01972515,0.023380736,-0.018036272,-0.078237824,-0.11941907,-0.110886134,-0.063843995,-0.017594358,-0.003761042,-0.033860076,-0.08441756,-0.11351316,-0.09348575,-0.033905614,0.028036546,0.047637556,0.021467283,-0.030001543,-0.062179428,-0.043664876,0.011782968,0.06235113,0.079083644,0.041368835
0.0030381205,0.0018653776,-0.04750887,-0.10784216,-0.1425702,-0.12248042,-0.06482951,-0.013199521,0.00038829228,-0.031396564,-0.08256017,-0.103149846,-0.07370326,-0.009255098,0.050954886,0.06505347,0.025962269,-0.030518997,-0.062137518,-0.044186432,0.0079632,0.054066785,0.06147823,0.0093205115
0.10814495,0.03300224,-0.014665211,-0.0057114055,0.056721944,0.12994207,0.14178611,0.090705514,0.0060270107,-0.046998244,-0.034454525,0.03292434,0.10273941,0.11815565,0.06387553,-0.018912738,-0.07452745,-0.06114017,0.013024326,0.094837986,0.12169736,0.08738484,0.023087524,-0.009154169
-0.039077546,-0.09478918,-0.13164677,-0.1276011,-0.08738652,-0.040181454,-0.023752797,-0.046911716,-0.091033794,-0.113956854,-0.09684959,-0.044976704,0.010997527,0.03169546,0.00703423,-0.041553225,-0.07201111,-0.06292697,-0.017083174,0.030647498,0.040316846,0.0023642594,-0.055454012,-0.09794677
-0.14961031,-0.15174782,-0.10425155,-0.058756266,-0.058270156,-0.120281085,-0.20603865,-0.25789154,-0.25113183,-0.18590222,-0.11832191,-0.0988622,-0.13648638,-0.19445543,-0.22633956,-0.19236936,-0.099765465,-0.006696137,0.030003536,-0.0009886366,-0.060005717,-0.0965473,-0.078962184,-0.011221657
-0.041554037,-0.120352186,-0.16559651,-0.15026137,-0.08378514,-0.010755361,0.010970913,-0.026386121,-0.09163379,-0.11888486,-0.088653535,-0.012058326,0.06301292,0.08627959,0.042124312,-0.03243352,-0.07982719,-0.069780044,-0.0019039073,0.06005693,0.06758922,0.0072518494,-0.07715481,-0.13150544
0.15526405,0.121488236,0.05915745,0.011088715,0.019624816,0.082724035,0.14296867,0.15638022,0.11244281,0.037684098,-0.015787346,-0.011194921,0.047132477,0.10681031,0.11897661,0.06849873,-0.007396415,-0.060773008,-0.051901177,0.018164767,0.08891011,0.117125764,0.08683513,0.031018568
0.094394565,0.05514647,0.034265965,0.036555476,0.06242394,0.09426965,0.09018481,0.052180108,-0.0005987487,-0.03562428,-0.03170071,-0.0035354176,0.028964063,0.031641938,-0.00012721153,-0.04193426,-0.06263107,-0.042601332,0.00017584302,0.051489923,0.07120016,0.06334743,0.038557924,0.03754869
-0.015386484,0.055857994,0.12071611,0.12683666,0.061567448,-0.039061908,-0.107069254,-0.10197879,-0.042545132,0.013302911,0.017537806,-0.047337577,-0.1393284,-0.18903026,-0.16133562,-0.07197607,0.020034388,0.05835415,0.016253619,-0.053997535,-0.08493501,-0.041766193,0.052923955,0.14414261
-0.038654756,-0.0874495,-0.083725184,-0.041504044,0.002596379,0.010905503,-0.033023253,-0.09697613,-0.14349474,-0.13443804,-0.07712674,-0.019803135,-0.0010009409,-0.032818407,-0.08843773,-0.11957995,-0.09856181,-0.033205744,0.03516813,0.062477272,0.03561134,-0.01747157,-0.052133664,-0.03214058
0.095255844,0.014759735,-0.03929439,-0.03662718,0.022795767,0.09320753,0.10169425,0.047349546,-0.04217834,-0.099911034,-0.0889909,-0.02006651,0.05654064,0.07793808,0.027282113,-0.057689045,-0.106710196,-0.087626494,-0.009702441,0.08413434,0.119109236,0.08405742,0.017481389,-0.019258376
0.11076229,0.07093259,0.044730715,0.04653876,0.08024067,0.11654682,0.11227527,0.07320307,0.014904786,-0.027068846,-0.027826536,0.005552475,0.044093274,0.047881503,0.010870781,-0.043097563,-0.06831231,-0.051734705,-0.0073636724,0.053615265,0.07841475,0.06566677,0.035290737,0.025259431
0.0111571085,-0.05953363,-0.10471219,-0.10493979,-0.061285477,-0.011595361,-0.005666428,-0.047684092,-0.11355196,-0.1490892,-0.13161884,-0.07122582,-0.0065484936,0.013570094,-0.02121871,-0.07624812,-0.10543106,-0.08171131,-0.0144242095,0.054780927,0.07598037,0.04503678,-0.012838536,-0.045113035
0.085707344,0.17862687,0.2126153,0.17581038,0.10011583,0.041238118,0.054440897,0.124983825,0.20395963,0.21899709,0.15833463,0.060163785,-0.017161332,-0.016913839,0.051740192,0.12862194,0.14447287,0.084218934,-0.010637527,-0.080469266,-0.067687504,0.013546989,0.102908954,0.13733289
0.04183526,-0.0020930574,0.016232472,0.0798441,0.14485213,0.16975152,0.121704906,0.04283064,-0.017962765,-0.016253386,0.04230246,0.10318745,0.11960767,0.06860221,-0.01902292,-0.0777845,-0.0719204,-0.0019138933,0.07025534,0.09926295,0.060677152,-0.0020291961,-0.043981772,-0.01446441
-0.014736984,0.035740305,0.049677484,0.028102484,-0.017928785,-0.046593986,-0.023069981,0.031820383,0.0888256,0.102070436,0.070841014,0.018504359,-0.015555737,-0.00426762,0.04655612,0.0943614,0.09721893,0.055083003,-0.006452685,-0.052796237,-0.051025737,-0.012304652,0.028009107,0.027234176
-0.013596034,0.04531222,0.058916,0.027966937,-0.027406564,-0.061901275,-0.03635779,0.027072722,0.09233929,0.10858614,0.070468076,0.011493145,-0.02602904,-0.010431402,0.05196021,0.11439377,0.12071048,0.071863346,0.0001364001,-0.05209657,-0.044928316,0.008584159,0.06134848,0.061976545
-0.008904271,-0.05151081,-0.10570512,-0.13747147,-0.12813137,-0.084319994,-0.043558694,-0.035837293,-0.063856736,-0.10019855,-0.117200226,-0.09114123,-0.03475857,0.014016227,0.02614767,-0.00113576,-0.04382412,-0.06455385,-0.04412331,0.0031300278,0.04041085,0.042734865,0.006721651,-0.047204018
0.011992725,0.022699196,0.06359591,0.10025865,0.10550591,0.07256598,0.020256385,-0.015266811,-0.015864579,0.013434216,0.04747116,0.050755523,0.017734237,-0.031339128,-0.06332159,-0.049847268,-0.0060336385,0.04319287,0.060388383,0.039419945,0.0036429064,-0.008363831,0.011477718,0.06791632
0.020144612,-0.048946317,-0.09707325,-0.10221698,-0.06308466,-0.014484052,-0.009716717,-0.05052301,-0.116993405,-0.15453234,-0.14116561,-0.08357219,-0.020086141,0.0026860419,-0.027100148,-0.07804934,-0.106873736,-0.084229715,-0.01945781,0.0511046,0.0774299,0.053091057,0.0024448552,-0.028876469
0.057933405,0.013327296,0.024861941,0.07731716,0.12955308,0.14088328,0.0796245,-0.0029094582,-0.06672883,-0.066535,-0.010614564,0.047288742,0.058515698,0.009957248,-0.06506999,-0.10596351,-0.08745652,-0.011223227,0.0647014,0.0992456,0.07329127,0.026334964,0.0045412937,0.0447543
0.12530108,0.14780948,0.11914806,0.06629694,0.032253794,0.043354932,0.09141681,0.13939421,0.15314017,0.11373283,0.048839077,0.0065164133,0.011103669,0.0555413,0.10265474,0.11114184,0.07029317,0.0043673017,-0.037090797,-0.025418414,0.028355343,0.087420955,0.11141589,0.08551541
0.03177203,0.005879804,-0.039429,-0.06896597,-0.062622234,-0.014674217,0.03880755,0.06066086,0.043712813,0.0043001967,-0.023974083,-0.014044784,0.03352436,0.083893806,0.10124018,0.06858566,0.013953191,-0.029758781,-0.029609777,0.008757645,0.048448477,0.054554638,0.023244,-0.03251574
0.20946921,0.17572019,0.11433131,0.07167619,0.089901865,0.16656907,0.23274562,0.24139084,0.18624564,0.09596743,0.038547836,0.04424562,0.107551925,0.16307686,0.166096,0.10118601,0.010457987,-0.04809255,-0.04108242,0.038583227,0.113738485,0.14096972,0.10527119,0.046072304
0.08024892,0.09460188,0.035648454,-0.044393685,-0.08817448,-0.050248347,0.042963896,0.12382758,0.14464985,0.0896343,0.0051413267,-0.039859388,-0.010091779,0.07565033,0.15854786,0.16996744,0.09571598,-0.009700494,-0.07134467,-0.052993953,0.02448912,0.094144456,0.10750239,0.035832934
0.07669498,0.05118254,0.0053398074,-0.0214972,-0.0020072076,0.053762052,0.10908241,0.1264167,0.09868956,0.046704065,0.011361432,0.021729095,0.06960392,0.11339072,0.11736712,0.06989943,0.0031958485,-0.046053484,-0.04212587,0.0029594298,0.044495393,0.046586752,0.005250803,-0.05425953
-0.12365909,-0.12149323,-0.07007254,-0.017877635,-0.016852273,-0.07381678,-0.15724151,-0.20739537,-0.19880259,-0.13374893,-0.06421115,-0.046272285,-0.08966754,-0.1516314,-0.18308358,-0.14963832,-0.06454314,0.022638876,0.053116202,0.01624267,-0.044983838,-0.080707476,-0.05539844,0.016859673
-0.11089409,-0.08232659,-0.05056118,-0.049192004,-0.0881038,-0.15284303,-0.19473018,-0.19036499,-0.14814535,-0.0957577,-0.075489245,-0.09851422,-0.14673817,-0.16871831,-0.1425197,-0.0746494,-0.00653994,0.022734687,0.0071017826,-0.041163016,-0.06582357,-0.050418925,-0.0007874315,0.04725239
-0.034685295,0.008227369,0.020745875,-0.0023330054,-0.047125306,-0.08178323,-0.07270664,-0.030716596,0.017258598,0.033230882,0.008691693,-0.03834441,-0.07338662,-0.06568002,-0.017922519,0.032430608,0.04927848,0.022353308,-0.028682271,-0.068307444,-0.06473271,-0.029016813,0.012951002,0.019962931
0.12276479,0.074857526,0.049484994,0.05932194,0.10930398,0.16780068,0.17408517,0.12785856,0.056886155,0.0068167583,0.008658715,0.050205942,0.0988451,0.09964363,0.0462598,-0.026409062,-0.06944105,-0.052851297,-0.0044191917,0.061318766,0.080744326,0.058896996,0.010896484,-0.005923256
-0.09295012,-0.090478346,-0.05724607,-0.028089583,-0.03245816,-0.077054776,-0.13713202,-0.1703212,-0.16256027,-0.115905285,-0.07113159,-0.061047178,-0.090907514,-0.12922229,-0.14555363,-0.11793598,-0.052618198,0.007719422,0.02788444,0.0045303027,-0.03234036,-0.05198676,-0.030391695,0.020204088
0.009886092,-0.06378851,-0.11345736,-0.12207838,-0.08862422,-0.04837716,-0.05326308,-0.10031449,-0.16956979,-0.20463857,-0.18865837,-0.13185549,-0.0709419,-0.047666766,-0.0754235,-0.12217451,-0.13963261,-0.10697153,-0.03491323,0.03964675,0.06875064,0.0457011,-0.0004872167,-0.02370624
-0.0856101,-0.12290161,-0.109100744,-0.051758394,0.0072147907,0.029495655,0.004082387,-0.043017615,-0.073601626,-0.054850534,0.0043285363,0.061232977,0.079180434,0.046643496,-0.014182364,-0.06358972,-0.057541274,-0.01375075,0.035540838,0.04523543,0.0012568111,-0.07755182,-0.13235927,-0.1345542
0.15127894,0.13403383,0.1026916,0.07978584,0.09240149,0.1346995,0.16925275,0.16860057,0.13301355,0.07627205,0.039770804,0.0421854,0.07898675,0.10361821,0.094187625,0.05215473,0.0003466023,-0.025561562,-0.017689101,0.03140674,0.071931586,0.091874056,0.06977818,0.041861344
-0.13023861,-0.11918492,-0.07543916,-0.02532728,-0.0075893546,-0.03393243,-0.074138194,-0.09397935,-0.07536874,-0.02326879,0.0275704,0.042203076,0.011132335,-0.036291774,-0.06407546,-0.052485857,-0.009834458,0.030972878,0.03643767,-0.007497767,-0.06782939,-0.115014076,-0.11793202,-0.08987956
0.026034936,0.080858774,0.13339649,0.15615228,0.13912435,0.096104145,0.07126602,0.08277659,0.124759875,0.15936284,0.16150227,0.12431232,0.06571537,0.024684677,0.023075592,0.056411378,0.08763665,0.08803916,0.052002557,-0.004849033,-0.038691346,-0.027517335,0.013333444,0.05949629
0.06838881,-0.0039419383,-0.044813603,-0.012899024,0.086004235,0.19146416,0.22736728,0.18600997,0.10395393,0.054351788,0.07136024,0.15233736,0.23172787,0.24179178,0.16332309,0.043724447,-0.042952366,-0.05161259,0.0132669015,0.082730606,0.08623642,0.01305588,-0.09154562,-0.15725759
-0.043691814,0.0038371095,0.0010488285,-0.051863365,-0.12768634,-0.17929526,-0.1664225,-0.106912844,-0.045266997,-0.029123047,-0.07099327,-0.13227358,-0.16764037,-0.13805567,-0.057608668,0.02198491,0.04856307,0.014344078,-0.04580282,-0.084861904,-0.060893256,0.007118146,0.07360989,0.08044763
0.12259632,0.20856921,0.23895274,0.20648615,0.14231712,0.09879191,0.12078902,0.1863507,0.2540574,0.25475222,0.19248375,0.10144882,0.035690457,0.03578665,0.092989884,0.15001775,0.15067789,0.087425485,-0.00290198,-0.059353724,-0.042989694,0.032656208,0.10868524,0.13568977
0.031405874,-0.030969143,-0.06980272,-0.06995159,-0.032705776,0.013997145,0.017819038,-0.023779187,-0.087030016,-0.1238458,-0.11066329,-0.059393056,-0.0009683054,0.015936797,-0.017541839,-0.070613004,-0.097225726,-0.072023,-0.013289654,0.05344936,0.0751855,0.05120384,0.002829522,-0.021988599
-0.039987035,-0.08460172,-0.14502281,-0.1845884,-0.17962593,-0.13453376,-0.0861879,-0.07144561,-0.09596072,-0.1329643,-0.15314618,-0.12654036,-0.06023316,8.683176e-05,0.021616023,-0.0028543484,-0.045047347,-0.06947456,-0.052877966,-0.0016542055,0.040959634,0.044874787,0.004163031,-0.062364087
-0.039716214,-0.09142299,-0.12216529,-0.11057204,-0.063680746,-0.009658885,0.013770367,-0.0069568525,-0.048888523,-0.073329024,-0.056216326,-0.0050543365,0.052834537,0.07024447,0.03862772,-0.020735834,-0.057998363,-0.05286017,-0.013070333,0.032207754,0.03531576,-0.011068256,-0.078684755,-0.12739639
0.1359773,0.0848704,0.055104345,0.06301081,0.11532488,0.17192252,0.18007992,0.13484931,0.06233878,0.007017254,0.0063511305,0.04911662,0.10015084,0.10296606,0.048897475,-0.028546434,-0.07398923,-0.062354777,-0.008263763,0.0635854,0.08759777,0.06336774,0.00907624,-0.011364687
0.07271992,0.03973048,0.05168903,0.08901704,0.12970436,0.14102742,0.09657942,0.029845402,-0.023135465,-0.030026501,0.0060341237,0.04474761,0.053890202,0.015811235,-0.048417743,-0.09003512,-0.077362955,-0.018848104,0.038353633,0.071567915,0.05617046,0.024016565,0.003920796,0.03955492
-0.09099894,-0.004075247,0.08562298,0.12499624,0.08379942,-0.0074263536,-0.06473631,-0.046244975,0.038759843,0.12609428,0.15316647,0.10085443,-0.0014529268,-0.07196104,-0.059796866,0.028604582,0.111670956,0.13788252,0.07920806,-0.034108482,-0.10794862,-0.09502532,-0.015986403,0.066013865
-0.12163625,-0.07679031,-0.030024065,-0.022563348,-0.06920299,-0.15341626,-0.20994933,-0.20490173,-0.1496385,-0.08422415,-0.061031524,-0.09247415,-0.15809889,-0.19570935,-0.17038345,-0.08630658,-0.00070941506,0.03974558,0.015641306,-0.0500863,-0.088532984,-0.06869878,-0.0037646152,0.059397794
-0.067178,-0.11885613,-0.12983243,-0.11098168,-0.08721193,-0.091082424,-0.13310246,-0.18768474,-0.22794242,-0.21919227,-0.17173134,-0.119283006,-0.095221564,-0.11088453,-0.14495452,-0.15344457,-0.123258755,-0.05616834,0.011934277,0.042695846,0.028877871,-0.0027956336,-0.02607007,-0.009741113
-0.0015720385,-0.04859316,-0.10862649,-0.14450449,-0.13436241,-0.079596825,-0.028036447,-0.017232144,-0.048221417,-0.09175656,-0.113760695,-0.08693361,-0.019033719,0.041836366,0.05631314,0.01566434,-0.035317652,-0.064318106,-0.046183072,0.012342065,0.059229527,0.05988671,0.016417239,-0.04769116
0.07755119,0.03437117,0.05486189,0.1162684,0.18305682,0.20357046,0.15252438,0.06975696,0.0047368607,0.0004432258,0.05527357,0.11101114,0.1221663,0.06879587,-0.020746635,-0.08413251,-0.075840585,-0.011529981,0.063449085,0.09920724,0.069482714,0.008273051,-0.03392379,0.003042461
0.120419234,0.068514735,0.040026143,0.044179935,0.08405241,0.1242144,0.116128415,0.06554506,-0.0038760095,-0.047899604,-0.041277636,0.0017733271,0.047493882,0.050499592,0.005542155,-0.052717105,-0.07719893,-0.052310478,0.007108163,0.0772879,0.103710935,0.08859627,0.05182126,0.046679113
-0.010734329,0.042799708,0.09560803,0.1037533,0.05742318,-0.024618426,-0.087203205,-0.09170646,-0.049932312,-0.0037543075,0.0047465144,-0.040189326,-0.11394287,-0.16080864,-0.14694077,-0.07580692,0.0022247678,0.04202304,0.016349213,-0.038049035,-0.06617663,-0.033905424,0.040958144,0.11914266
0.06180104,0.021091543,0.033267032,0.08324268,0.1396825,0.1624442,0.12007404,0.04743168,-0.012949213,-0.021381216,0.024475312,0.07600926,0.09347593,0.051484976,-0.024408435,-0.0805794,-0.07570643,-0.015633326,0.04871298,0.085957795,0.06328753,0.012613177,-0.023858737,0.002188908
0.10894279,0.06868482,0.049738098,0.060710877,0.101203725,0.14393017,0.14301156,0.10172286,0.04347295,0.004847439,0.009332142,0.04400763,0.08139127,0.08007405,0.033967935,-0.027459867,-0.05754223,-0.040735822,0.0043084947,0.059758846,0.075321384,0.054745477,0.0167127,0.008850278
-0.05877974,-0.12264058,-0.12144273,-0.07378775,-0.020963239,-0.01024844,-0.06312046,-0.14174357,-0.198938,-0.18567108,-0.115691856,-0.041909356,-0.011838655,-0.044796582,-0.11289613,-0.15221322,-0.123920746,-0.04116863,0.0466684,0.084209085,0.053438343,-0.00996302,-0.055365723,-0.032986104
0.015343666,0.024984855,0.06726106,0.104193866,0.1037209,0.05747648,-0.015625335,-0.062548846,-0.06703001,-0.032596484,0.0066887555,0.010719667,-0.029479938,-0.08307472,-0.11497922,-0.09826729,-0.03530208,0.029184993,0.05341002,0.03826043,0.006153397,-0.0055925623,0.028112087,0.09983878
0.14211927,0.09255032,0.06017023,0.06661853,0.11636369,0.17771858,0.18987814,0.14950603,0.07913684,0.025531441,0.023784297,0.067602895,0.12135857,0.12992261,0.082078405,0.00935357,-0.04127554,-0.035659954,0.014167156,0.08347609,0.110054255,0.0914627,0.043643743,0.020190744
0.022512335,0.026067289,-0.035562783,-0.1204822,-0.17137285,-0.15272048,-0.07633223,-0.0071994727,0.011612691,-0.036771674,-0.11056414,-0.1475322,-0.11331419,-0.030957384,0.051851977,0.077066615,0.029217703,-0.04740026,-0.09283007,-0.06783908,0.006061391,0.075523935,0.087202445,0.022880746
-0.059597727,-0.018420024,-0.016462287,-0.059766155,-0.13122335,-0.18274999,-0.17810959,-0.12967384,-0.074091636,-0.054114457,-0.08285945,-0.13679451,-0.17177714,-0.15017055,-0.07633641,0.0051337997,0.037495382,0.017472526,-0.03457182,-0.07402593,-0.05818516,0.0023738968,0.066689044,0.07993521
0.114760555,0.031798065,-0.01914191,-0.0145226205,0.048637442,0.123777606,0.13154562,0.06799508,-0.031407837,-0.09790236,-0.089023456,-0.021220526,0.057135426,0.07034726,0.007103902,-0.083304904,-0.13624036,-0.10532707,-0.022892974,0.074881,0.10533068,0.07286527,0.0005278884,-0.03161822
0.19577795,0.23201266,0.19880372,0.12922898,0.08391079,0.10319101,0.17356808,0.23903002,0.25556093,0.19279557,0.09928298,0.032616057,0.034715936,0.09065321,0.15252098,0.15827283,0.096279286,0.0019759906,-0.06290835,-0.046429448,0.027802853,0.108616285,0.13955638,0.10500243
0.15079473,0.13734908,0.10111661,0.073559806,0.08476516,0.1341964,0.17826092,0.18797748,0.15545753,0.09537708,0.05142211,0.046950627,0.08087768,0.11484949,0.11676402,0.070662595,0.009189376,-0.035522383,-0.039546642,0.008502807,0.05761382,0.075541444,0.05552188,0.017472442
0.075667135,0.092690036,0.051074363,-0.008578761,-0.041071307,-0.009267002,0.066551834,0.13308716,0.15288058,0.11192956,0.044747166,0.007641131,0.027208878,0.09068104,0.15379892,0.16519779,0.102310896,0.0147936605,-0.038406875,-0.03179508,0.024660982,0.082139984,0.09521654,0.040848974
-0.12291996,-0.08254779,-0.03560746,-0.0108565455,-0.027473647,-0.075724944,-0.09956725,-0.08339137,-0.030199047,0.02776087,0.053156126,0.032958824,-0.017482033,-0.051352356,-0.040692978,0.010836423,0.056707874,0.06678146,0.037596032,-0.031736303,-0.08063696,-0.0890691,-0.06216568,-0.031161353
0.024681062,-0.05225776,-0.10876448,-0.12247278,-0.08831795,-0.039716028,-0.03197895,-0.07451705,-0.14675725,-0.19390948,-0.18512651,-0.1278341,-0.05538704,-0.024710726,-0.051084414,-0.10421386,-0.13322575,-0.10711947,-0.036371235,0.047183484,0.082860254,0.06320264,0.008254052,-0.026842015
-0.042310577,0.010349733,0.021331033,-0.019919463,-0.09317052,-0.15032925,-0.1442637,-0.09024527,-0.026331257,-0.0051442636,-0.040413216,-0.10595684,-0.15084654,-0.13368812,-0.062192675,0.014852219,0.047970522,0.020702375,-0.039881695,-0.086014435,-0.07303763,-0.012862902,0.052034326,0.06952834
-0.017036432,0.07077928,0.15812574,0.19351675,0.15120068,0.0666764,0.0135923615,0.02909184,0.1038751,0.17291027,0.18714647,0.12703916,0.027891561,-0.040069543,-0.03180212,0.043734495,0.11581293,0.13690847,0.07808436,-0.020902187,-0.08199427,-0.059971023,0.02010058,0.10419332
-0.09015031,-0.08394197,-0.046808545,-0.010121355,-0.0051195235,-0.044354104,-0.10102184,-0.13382684,-0.12731044,-0.08515922,-0.041508075,-0.031756174,-0.06383005,-0.11040739,-0.13595657,-0.1181019,-0.060890704,-0.002750981,0.013716521,-0.012735878,-0.05746359,-0.086805776,-0.0746187,-0.030275937
-0.039218813,-0.08726904,-0.07648992,-0.027253577,0.025282029,0.034272734,-0.014891617,-0.085345566,-0.13403802,-0.11976393,-0.057854075,0.004370714,0.02362295,-0.015481743,-0.083674036,-0.120514005,-0.095957264,-0.02408699,0.048765525,0.07435536,0.03979241,-0.018899059,-0.059214883,-0.035212286
-0.030278308,0.020820096,0.024372889,-0.021909675,-0.09443994,-0.14554268,-0.1340304,-0.07644524,-0.014911213,0.0014141785,-0.03825016,-0.10108399,-0.1413849,-0.119099356,-0.043568254,0.03506531,0.05983695,0.025783626,-0.035970874,-0.07951345,-0.060725793,0.005090996,0.07190831,0.08301419
0.055735245,0.07696161,0.03370135,-0.034432214,-0.07620881,-0.053231977,0.028165093,0.10465394,0.13496993,0.09434699,0.02055866,-0.022934143,-0.000247299,0.071075566,0.1434689,0.15894747,0.1020403,0.010248028,-0.0490059,-0.04136738,0.019240318,0.081028044,0.092076525,0.03131161
0.026222115,0.1041782,0.18223776,0.227433,0.2118278,0.15539293,0.11114124,0.12106757,0.17678443,0.23168929,0.24408683,0.1977573,0.10820926,0.040291738,0.030494634,0.07308024,0.116294116,0.12322438,0.073105454,-0.013906689,-0.07256566,-0.07001527,-0.00949505,0.057730686
-0.02536615,0.014708488,0.018247625,-0.017858826,-0.07402616,-0.10897682,-0.094177656,-0.0477155,0.00059163704,0.010788631,-0.021753184,-0.0710727,-0.09696065,-0.07680516,-0.018815946,0.037685882,0.053822096,0.026272096,-0.025416067,-0.056866564,-0.041867644,0.009181261,0.056765556,0.0609469
0.01443025,0.090388134,0.16285668,0.19194935,0.16663094,0.1053504,0.0686364,0.0828445,0.13983467,0.18688168,0.19035773,0.13791907,0.05647757,-0.0012095681,-0.0006550108,0.0484265,0.09693205,0.102474205,0.049161896,-0.028077744,-0.07408942,-0.059177075,-0.0016912965,0.060826864
-0.0045376914,-0.00045910588,-0.049121976,-0.12002419,-0.16861925,-0.15993449,-0.10580542,-0.04974838,-0.029208608,-0.055013627,-0.11055451,-0.14064507,-0.11874158,-0.0507256,0.02185298,0.055294868,0.026222417,-0.029940063,-0.066147424,-0.055098783,0.0013844883,0.06332368,0.08534607,0.04229663
-0.008279928,-0.045848478,-0.007084409,0.08526348,0.17361395,0.20638533,0.16031909,0.081814215,0.031553563,0.053557158,0.13327077,0.20476992,0.21275884,0.14368011,0.038658705,-0.03180212,-0.028526755,0.036239315,0.102305576,0.10823684,0.041104842,-0.053726424,-0.11277853,-0.086024426
0.05203372,-0.010068386,-0.045145817,-0.024742711,0.048602354,0.12651823,0.15444072,0.11983909,0.0539176,0.011856101,0.027613712,0.09321208,0.16006054,0.17052014,0.11407701,0.027371893,-0.03530547,-0.038837627,0.016673822,0.07759509,0.08630443,0.034258496,-0.04760221,-0.097135074
-0.053541236,-0.10233538,-0.09529978,-0.047709893,0.0022724574,0.013068606,-0.034380652,-0.10269407,-0.15148762,-0.14013003,-0.07939578,-0.018123072,0.0032872616,-0.031711977,-0.09454783,-0.13353266,-0.10957628,-0.038201075,0.030490825,0.05945198,0.02781845,-0.033964943,-0.07416235,-0.05669693
-0.06139346,-0.11280696,-0.111453794,-0.072970346,-0.034007244,-0.029484885,-0.07598941,-0.13981265,-0.18403871,-0.16908833,-0.10943529,-0.049363375,-0.027071573,-0.05484024,-0.10664943,-0.12981924,-0.10232916,-0.030517457,0.040870756,0.067156106,0.039488275,-0.009471986,-0.04114194,-0.020390265
-0.02462515,0.04604385,0.115399994,0.14406218,0.11065841,0.0359469,-0.011316173,0.0014479447,0.06275509,0.11928056,0.13057171,0.08007166,-0.0052124383,-0.061498914,-0.05439516,0.0044594677,0.06677286,0.0829203,0.038418125,-0.04137978,-0.09087702,-0.08038882,-0.018662188,0.04823189
-0.089707494,-0.12537026,-0.11733513,-0.071527645,-0.023878815,-0.0051042377,-0.024843445,-0.062397756,-0.0859265,-0.06399164,-0.009409967,0.04420353,0.06259356,0.03904113,-0.0067335437,-0.03621064,-0.030894354,0.0059996485,0.051248666,0.054640308,0.016390538,-0.044830225,-0.08827986,-0.09044437
0.075532645,0.13348456,0.14394484,0.097863264,0.025705121,-0.019729527,-0.010500122,0.03781746,0.08739955,0.087649904,0.035990886,-0.03681566,-0.080537565,-0.06474768,-0.00052929734,0.06609648,0.08319081,0.048202276,-0.015624485,-0.04811721,-0.018921748,0.06215216,0.13846289,0.1655364
0.020786429,-0.051745854,-0.096606724,-0.097999096,-0.059009843,-0.016726375,-0.021811187,-0.0720699,-0.1417015,-0.1772124,-0.15762429,-0.095435105,-0.030711701,-0.013988517,-0.05110842,-0.10276705,-0.12138494,-0.08370222,-0.010448183,0.064510904,0.08728366,0.061733168,0.011412179,-0.011016114
0.06940397,0.11815944,0.12587947,0.08694573,0.020464946,-0.030264985,-0.03799442,-0.0025043262,0.037930932,0.0416744,0.0008885862,-0.06216638,-0.108186275,-0.097631894,-0.03958461,0.02245623,0.048870742,0.026122738,-0.021731922,-0.04764967,-0.019919906,0.048140954,0.12443558,0.15732242
-0.036932345,-0.0023848494,0.08949877,0.18613689,0.22211932,0.18274517,0.10495388,0.056270197,0.07252735,0.14230871,0.21554789,0.22567528,0.15585509,0.05400941,-0.016662838,-0.013494954,0.044879645,0.11008774,0.11819638,0.04903752,-0.047068123,-0.10852283,-0.094204456,-0.013798054
-0.13010901,-0.14368093,-0.11515407,-0.080190785,-0.07767605,-0.122814186,-0.19117668,-0.23618975,-0.23671311,-0.18524234,-0.12433846,-0.09749761,-0.12044333,-0.16249752,-0.18516003,-0.15500045,-0.08347351,-0.0065721325,0.03243719,0.0129357735,-0.03102727,-0.06125818,-0.04812453,0.0033659767
0.034133177,-0.006212038,-0.06355272,-0.100482255,-0.08953178,-0.033245705,0.021323023,0.03504528,0.0034951442,-0.044593148,-0.07318971,-0.052645642,0.010142199,0.068015374,0.08261543,0.04614739,-0.012140743,-0.04982935,-0.03639981,0.017878583,0.06671642,0.07565851,0.036440235,-0.02550342
-0.14810762,-0.13830535,-0.073658325,0.0008405269,0.026011106,-0.01865328,-0.08962495,-0.1321387,-0.1147537,-0.041651946,0.036544908,0.061695546,0.015653301,-0.060003437,-0.10861321,-0.089588165,-0.020744871,0.052169386,0.075712174,0.01954864,-0.06598993,-0.12775248,-0.12634662,-0.06870994
0.029726023,0.12740053,0.2237306,0.26914167,0.24618185,0.17743695,0.13193227,0.14824152,0.21897681,0.28206182,0.28790534,0.223401,0.117754355,0.04116519,0.031220624,0.07986545,0.1338332,0.13737199,0.06998792,-0.031927202,-0.09678228,-0.08694441,-0.018608645,0.06131369
-0.021857278,-0.019874992,-0.06669437,-0.12975356,-0.17353192,-0.16709799,-0.11813589,-0.06559515,-0.046281952,-0.07024453,-0.118858516,-0.1446577,-0.122882515,-0.05934037,0.0094420165,0.03906613,0.013453166,-0.037668023,-0.0697708,-0.058207188,-0.0074189208,0.042151194,0.05820538,0.012292831
0.12118129,0.078788176,0.049899958,0.04484585,0.069325425,0.104028575,0.10169444,0.06445484,0.007275138,-0.033063002,-0.036649205,-0.0078041614,0.030507378,0.041417025,0.01072783,-0.035393395,-0.06074508,-0.04494525,0.0025636188,0.06245516,0.09170885,0.09040877,0.06671502,0.06323113
0.04835694,-0.03655685,-0.09660028,-0.101228714,-0.04595583,0.023900447,0.04080066,-0.007033762,-0.09146961,-0.14760889,-0.13623725,-0.06460524,0.019214323,0.046655804,0.003409407,-0.0714343,-0.12025942,-0.09982078,-0.022757739,0.06824616,0.10114492,0.06914716,-0.0034623805,-0.049812954
-0.016492113,0.058831863,0.08053297,0.044463124,-0.025027841,-0.07269253,-0.04505467,0.031879306,0.11487527,0.13790305,0.09226375,0.01586199,-0.03638201,-0.02042867,0.055557795,0.13162988,0.14504825,0.085662805,-0.0036956482,-0.070086844,-0.062481318,0.0011616274,0.06788052,0.07477621
0.022764131,0.021098873,-0.027984891,-0.09111596,-0.12828904,-0.112162255,-0.055377662,-0.005028587,0.0061343266,-0.0307531,-0.08397616,-0.109741814,-0.082919836,-0.017185962,0.04698398,0.062058315,0.025071103,-0.0358479,-0.06625235,-0.043077074,0.017153727,0.06572508,0.07419412,0.025831647
0.1032056,0.054074302,0.034418948,0.05872361,0.11856039,0.17233267,0.17102717,0.12235192,0.05661289,0.019969186,0.036305543,0.08875249,0.13246919,0.123998344,0.062449034,-0.012211194,-0.050421722,-0.03186981,0.024522817,0.0811352,0.08719308,0.04903167,-0.0035552178,-0.017243126
0.05351342,0.09139473,0.089061916,0.045368414,-0.014795376,-0.052069418,-0.044109058,-0.0041069225,0.033046726,0.03279396,-0.0074331895,-0.060606956,-0.09153888,-0.07084581,-0.011095175,0.049738344,0.062401127,0.031188784,-0.011727806,-0.033933792,-0.0034220994,0.06478233,0.1272359,0.1455584
0.06034305,0.10781439,0.11700985,0.08012592,0.020483408,-0.026750242,-0.03123662,0.0023061535,0.03989777,0.040351477,-0.0011145405,-0.062019076,-0.10428819,-0.098188,-0.049113028,0.0074265627,0.03035055,0.011315223,-0.03444994,-0.059974004,-0.038286097,0.025276102,0.089735985,0.11754001
-0.00748816,-0.09465847,-0.14684077,-0.13216066,-0.05645863,0.021311449,0.04014291,-0.0074975058,-0.08724816,-0.1282806,-0.101132706,-0.01588589,0.069637194,0.09051313,0.033467837,-0.05586946,-0.107565865,-0.090268895,-0.009808537,0.07005011,0.08321328,0.020572694,-0.073771246,-0.13155936
0.08592153,0.06386292,0.08691275,0.13567008,0.18199469,0.1874363,0.14049439,0.07814758,0.033727143,0.034200747,0.074420586,0.110535376,0.10674801,0.056607835,-0.010918464,-0.04670764,-0.03523666,0.014716305,0.067390606,0.084779546,0.058624722,0.021649482,0.0039352616,0.044153377
-0.11310124,-0.12125147,-0.08373765,-0.043301847,-0.03770932,-0.082689166,-0.1502111,-0.19751991,-0.1972799,-0.14778455,-0.08835544,-0.06465851,-0.088667825,-0.13891268,-0.17208691,-0.14767748,-0.07692772,0.0041831364,0.04077719,0.019314023,-0.031556644,-0.061834477,-0.053278428,0.002197238
-0.125132,-0.119504675,-0.0661065,-0.015566876,-0.015253312,-0.07560361,-0.15625922,-0.20199168,-0.18896048,-0.12273489,-0.054938413,-0.040425852,-0.08669221,-0.1488135,-0.17720005,-0.1389138,-0.05347983,0.02747203,0.054997716,0.013967869,-0.046995938,-0.080712974,-0.05612647,0.015593825
-0.010497938,-0.012087988,-0.05876443,-0.12072257,-0.1605795,-0.14964937,-0.09752967,-0.04825706,-0.032929525,-0.061200306,-0.10879381,-0.13141812,-0.10487542,-0.042067327,0.021944748,0.04595186,0.017208677,-0.03331707,-0.062670365,-0.04596498,0.006127914,0.055149626,0.06573686,0.019871794
0.041736875,-0.028454486,-0.07061921,-0.06644894,-0.017098455,0.040399514,0.04656834,-0.00092471356,-0.07378251,-0.11442261,-0.09780339,-0.036089838,0.029892888,0.044979554,0.0012609531,-0.06030017,-0.096240975,-0.07040215,-0.0025932088,0.068810694,0.088580266,0.05905877,0.00056730234,-0.028786266
0.113981575,0.040713396,-0.0009396617,0.010900256,0.07501423,0.1450886,0.15567388,0.10083065,0.01444039,-0.04326544,-0.03155178,0.031962004,0.10199828,0.112542704,0.05223022,-0.036834642,-0.08861957,-0.07081389,0.003263755,0.08952656,0.11510069,0.076959915,0.005427716,-0.025526857
0.05715307,0.13214226,0.15587626,0.11876914,0.05259558,0.0065463004,0.025051286,0.08777631,0.15431313,0.16339958,0.108506836,0.026485348,-0.028634204,-0.02016253,0.040721793,0.103771634,0.11503206,0.06403238,-0.01668535,-0.069890544,-0.05548415,0.015278323,0.084074,0.10415732
0.021596322,0.009931116,0.04133373,0.10774982,0.17313512,0.19914989,0.17906295,0.13851179,0.11334239,0.12430009,0.16969465,0.21096389,0.21034092,0.16020896,0.088909335,0.03496284,0.024397658,0.04734665,0.07693621,0.07283763,0.025917277,-0.04055103,-0.08306633,-0.07329329
-0.14066078,-0.19036642,-0.18933587,-0.1409411,-0.08407802,-0.06353563,-0.08953083,-0.13702571,-0.16917863,-0.14590071,-0.08230291,-0.014016289,0.0141914785,-0.010754415,-0.06637519,-0.105253585,-0.09429791,-0.040856734,0.019193873,0.031247543,-0.013177647,-0.09070071,-0.14991415,-0.16010697
0.05111138,0.080042675,0.07903891,0.038173553,-0.018707436,-0.06526644,-0.07999212,-0.062436115,-0.040954582,-0.044583898,-0.07896938,-0.12726179,-0.15828879,-0.14779162,-0.103246585,-0.053216986,-0.021648783,-0.024306932,-0.05008212,-0.055900168,-0.025644569,0.033744577,0.092888,0.12349191
0.10271051,0.042637162,-0.043843742,-0.106077045,-0.10238117,-0.034751125,0.025321644,0.032285903,-0.023384936,-0.10006465,-0.14526634,-0.120321706,-0.038156368,0.040292833,0.06381852,0.022279257,-0.04915162,-0.08838775,-0.059916694,0.02884633,0.1116049,0.14368297,0.10978521,0.042966
-0.058314353,-0.1146048,-0.1512764,-0.14764042,-0.11099381,-0.059620176,-0.03660528,-0.055849995,-0.09654622,-0.117088206,-0.0972757,-0.044764962,0.015129605,0.039459452,0.020635173,-0.02047446,-0.05361693,-0.044963922,-0.0040098415,0.039075013,0.046383005,0.01204083,-0.044673458,-0.09041661
-0.0610774,-0.030502638,0.06323327,0.15817115,0.19423261,0.14458822,0.05838065,0.0035162591,0.019920334,0.094925664,0.1723742,0.1852351,0.11614336,0.012599218,-0.062237263,-0.060213964,0.013276084,0.0885681,0.10510582,0.040636364,-0.05600968,-0.12189143,-0.11295808,-0.027302176
0.04518484,0.07356472,0.06831432,0.021967595,-0.03907074,-0.0843015,-0.09120858,-0.06644448,-0.04037152,-0.044058714,-0.08113968,-0.129939,-0.15682004,-0.13863719,-0.08632599,-0.03176588,-0.0036468587,-0.013560538,-0.042320125,-0.048782095,-0.014553577,0.050042704,0.109505035,0.13489817
0.10266863,0.07922403,0.031390995,0.0019660324,0.019066134,0.0861,0.15265183,0.1751963,0.14741023,0.08914142,0.047435176,0.05570384,0.11080124,0.16211435,0.16925506,0.11717008,0.03892625,-0.018449437,-0.022709198,0.0256586,0.07298829,0.08288256,0.04390312,-0.020625273
0.031426452,0.10458518,0.17277804,0.20477119,0.18549599,0.13317625,0.10010259,0.11525564,0.16863021,0.21429041,0.21850207,0.17274088,0.09638322,0.04138006,0.039980553,0.08563035,0.12362665,0.1231201,0.072905205,-0.0035818783,-0.049057227,-0.035366375,0.020656392,0.07763955
0.092864305,0.04177447,0.011474765,0.014120333,0.048558187,0.08637734,0.08331838,0.04049595,-0.021209069,-0.062003776,-0.054974888,-0.014137467,0.031730626,0.039337035,0.002490355,-0.050392453,-0.07493814,-0.053261995,0.0019361809,0.06697293,0.09114494,0.0747223,0.03736066,0.026357258
0.08876963,0.038760856,-0.03348761,-0.08990733,-0.09589305,-0.05236221,-0.008222653,-0.0039397473,-0.049096104,-0.115492344,-0.15435798,-0.13903958,-0.0743757,-0.010664949,0.013879232,-0.011293776,-0.06128926,-0.087237075,-0.06021008,0.01617995,0.0880962,0.12126006,0.097935475,0.049038798
0.02795488,-0.009373587,-0.0001403214,0.042699143,0.08421709,0.09803322,0.055309344,-0.008508825,-0.058079746,-0.059688907,-0.014319548,0.03110664,0.044701733,0.010639557,-0.047422484,-0.08855876,-0.07519646,-0.016302546,0.03972106,0.071120605,0.051525373,0.0070665516,-0.016982034,0.008627175
0.15444037,0.12758328,0.07775975,0.04332026,0.05416105,0.1138133,0.16588354,0.17538312,0.13559592,0.069995604,0.02483449,0.029941583,0.080834046,0.12812449,0.13183025,0.083049305,0.0120570045,-0.03218243,-0.025232304,0.033725742,0.089819945,0.11278881,0.08680847,0.03995798
0.14435433,0.09023923,0.05893363,0.07378981,0.13166147,0.19715187,0.20965457,0.16656171,0.09341938,0.04020344,0.045119274,0.093006544,0.14459582,0.15028857,0.09786891,0.01622036,-0.038989235,-0.037728325,0.017175077,0.086552165,0.110407144,0.07895998,0.023999166,6.7116525e-05
0.00977804,0.07830404,0.14115487,0.14856738,0.09088321,-0.0041013486,-0.07060311,-0.06819044,-0.013990609,0.038371593,0.041234724,-0.01896454,-0.108451195,-0.15965816,-0.13966887,-0.05787683,0.02710577,0.06223502,0.025662284,-0.041208528,-0.071119346,-0.02874473,0.061514735,0.15246083
0.1822782,0.16572416,0.13051777,0.10034074,0.11072545,0.15629134,0.1931966,0.19308859,0.15275915,0.089171246,0.04470666,0.0424292,0.07841839,0.10689637,0.101011895,0.06033156,0.0031617235,-0.029212223,-0.022989096,0.030076247,0.080181055,0.11012832,0.093637854,0.06737122
0.016904876,-0.024948671,-0.07982689,-0.11181545,-0.09825089,-0.04500065,0.0064253802,0.018433092,-0.011202876,-0.054646656,-0.0770052,-0.053712837,0.006263591,0.06036854,0.07277086,0.035267547,-0.018984063,-0.054136675,-0.038013455,0.0135196075,0.05732887,0.058299456,0.01604699,-0.04432208
-0.14855382,-0.09761069,-0.044304848,-0.035844028,-0.09495575,-0.18997817,-0.2504565,-0.24127775,-0.17448895,-0.09904388,-0.07292125,-0.11159515,-0.18346329,-0.22118858,-0.18857847,-0.093801916,0.0031842473,0.050411683,0.02017287,-0.0550074,-0.09980264,-0.07717069,-0.0032452499,0.066605
0.03931456,-0.054635286,-0.11821042,-0.1281055,-0.077790625,-0.014419193,-0.0049913856,-0.060392864,-0.14966694,-0.20410877,-0.18793316,-0.1133603,-0.02691611,0.0044502825,-0.035357434,-0.10492729,-0.14240135,-0.11302969,-0.025381012,0.07372207,0.11332897,0.08452394,0.014363193,-0.024193244
0.13074073,0.06829682,0.028931301,0.028516585,0.06920763,0.11824937,0.11275524,0.059663434,-0.018523596,-0.06728887,-0.061488807,-0.013526378,0.038210854,0.05005547,0.0074524926,-0.055587552,-0.0880137,-0.06564545,0.0017852421,0.0802424,0.114805035,0.100476325,0.063327566,0.05525632
0.0642854,0.041284814,0.06614163,0.12013359,0.16835475,0.17496802,0.12725812,0.06414333,0.020429078,0.02303505,0.066234134,0.10302769,0.100496136,0.049978465,-0.020869177,-0.06419988,-0.05155927,0.0025360442,0.055464923,0.07279642,0.041040696,-0.0065151844,-0.030723838,0.005247478
0.09017877,0.06724668,0.085046284,0.13196003,0.17963132,0.19366755,0.15586273,0.09963822,0.056169838,0.05373961,0.08985978,0.12651537,0.12617293,0.08230666,0.017215205,-0.024534497,-0.023896776,0.016462239,0.06562749,0.083365686,0.059769146,0.02196457,0.0018624797,0.034020755
0.06512353,0.024277933,0.04606467,0.10734209,0.16801606,0.18225363,0.12300433,0.038824998,-0.023333238,-0.020878427,0.03580716,0.09054962,0.09754901,0.042687666,-0.044889484,-0.101559184,-0.08502679,-0.011935145,0.06279713,0.09432637,0.061127342,0.0027610809,-0.029972587,0.012974064
-0.13152349,-0.1253196,-0.06880528,0.0013971529,0.027273998,-0.0042929198,-0.062293958,-0.10004385,-0.08645494,-0.024036584,0.048058975,0.07451087,0.038704947,-0.027455226,-0.072153814,-0.06091067,-0.006398551,0.05703332,0.07653116,0.028514434,-0.048669077,-0.10767706,-0.110151656,-0.06393093
0.17651364,0.20342425,0.1630284,0.0937243,0.051773626,0.07872239,0.15534635,0.22114463,0.23536056,0.17205794,0.083056465,0.026316363,0.03876176,0.09960148,0.16086036,0.16446428,0.09608666,0.0033930994,-0.055488348,-0.03618783,0.036169685,0.11336974,0.1365795,0.09373254
0.11999756,0.20582221,0.23795927,0.21341215,0.15759757,0.120218776,0.1374732,0.19843175,0.26099607,0.26389098,0.20487516,0.118053146,0.051729754,0.047999617,0.09732024,0.14578247,0.14352036,0.08307763,-0.0053784917,-0.062814705,-0.052081276,0.013312304,0.08638352,0.11073184
0.072358124,0.046121325,0.0017116274,-0.021966642,0.0043956167,0.07437747,0.14084262,0.16005763,0.13118663,0.07756296,0.042230945,0.056224674,0.111915804,0.15754537,0.15624636,0.100151695,0.022470023,-0.030904843,-0.032031357,0.012241046,0.05022585,0.049458634,-0.00053264346,-0.06782648
-0.060817223,-0.036782756,0.0485126,0.13830292,0.1737202,0.13061005,0.04958939,-0.005235889,0.00614586,0.075719796,0.15193096,0.17030834,0.110153355,0.011544655,-0.06081468,-0.054694906,0.011903523,0.08897117,0.10892923,0.048755515,-0.044733703,-0.103908904,-0.095677696,-0.01573815
0.041862257,-0.044574536,-0.10043572,-0.10017877,-0.04436752,0.020589368,0.028311072,-0.025556412,-0.11115922,-0.16031183,-0.1416633,-0.06682113,0.015824813,0.04041893,-0.005554582,-0.07739194,-0.11750373,-0.089273706,-0.0059749326,0.084125705,0.11358267,0.07852427,0.007881969,-0.03184246
0.06461136,0.118166216,0.12319865,0.073390335,-0.0013240556,-0.057182487,-0.06067592,-0.018326517,0.027462058,0.028940152,-0.020009883,-0.08937242,-0.1366888,-0.12350138,-0.057123017,0.016762078,0.044731367,0.019431183,-0.03561247,-0.06436452,-0.03261546,0.048798203,0.1309383,0.16277903
0.09597482,0.16201356,0.18636362,0.16498034,0.11851737,0.0884759,0.10375589,0.1533762,0.20454855,0.20968117,0.16461556,0.09717122,0.0455205,0.045409765,0.08786861,0.13218997,0.13032752,0.08039548,0.012375859,-0.035045538,-0.025211086,0.03126394,0.091736,0.11351928
0.012985891,-0.04925883,-0.096531175,-0.11287339,-0.09658951,-0.06977722,-0.07615659,-0.112209894,-0.16593678,-0.1916518,-0.1788196,-0.1308933,-0.08009312,-0.05440181,-0.06488219,-0.08656974,-0.09568188,-0.068196215,-0.007688566,0.05353482,0.0852009,0.081951916,0.05931192,0.046231117
0.09013049,0.12275006,0.07622714,-0.0024175833,-0.05365004,-0.02872745,0.061154976,0.14991471,0.18373208,0.13342787,0.040755145,-0.021806806,-0.0089428965,0.069032095,0.15343295,0.16985041,0.10183515,-0.007950082,-0.08315714,-0.07852503,-0.0072177607,0.06602598,0.08764878,0.023406668
0.0014881134,-0.08332382,-0.1394991,-0.15363675,-0.1242205,-0.08428204,-0.089884914,-0.14133888,-0.21443051,-0.24772757,-0.22637865,-0.16121812,-0.08998098,-0.05923962,-0.0833787,-0.1228185,-0.13581012,-0.09588445,-0.012874036,0.068711124,0.102929465,0.087018274,0.04161101,0.021151783
0.116582915,0.07645519,0.0058398303,-0.034433197,-0.0022548172,0.09629335,0.19066074,0.21954197,0.17672436,0.096814945,0.044561073,0.06547472,0.14815271,0.22123115,0.22956303,0.15419082,0.044329863,-0.036501154,-0.037560955,0.032929305,0.099030405,0.104532436,0.041011408,-0.05590102
-0.001450132,0.02694273,0.090747245,0.15784442,0.19019715,0.17239983,0.12869881,0.10026468,0.111256175,0.15285286,0.19580097,0.2012794,0.15638992,0.08787503,0.03495019,0.024665179,0.053190142,0.08463267,0.083402574,0.03810151,-0.025018359,-0.069596685,-0.06716815,-0.020485481
0.1063018,0.12052538,0.09468364,0.05197,0.026854951,0.041268867,0.08209767,0.11841831,0.124104515,0.08740794,0.03484224,0.0024250865,0.010341034,0.048492644,0.08557605,0.08718529,0.050327778,-0.0031893512,-0.034906764,-0.01967845,0.026988285,0.07257802,0.08841207,0.06430782
0.10540021,0.080218054,0.10195571,0.15422736,0.20493886,0.22100596,0.17954348,0.11504008,0.06485554,0.057529774,0.0961691,0.1335512,0.13573104,0.08795657,0.01521811,-0.036220443,-0.033810228,0.014026195,0.066419296,0.09202462,0.06846068,0.025907522,0.0018213633,0.03751924
-0.08455186,-0.054211006,-0.02313755,-0.01663318,-0.047289878,-0.09728116,-0.1302254,-0.12357819,-0.0853308,-0.039610565,-0.023467826,-0.044357084,-0.08767727,-0.10996082,-0.090770565,-0.034276806,0.016788041,0.03886529,0.019302294,-0.028892346,-0.056042433,-0.0431323,0.0011116825,0.040520336
0.015028814,-0.0009788002,0.04014312,0.1236121,0.1996403,0.22965,0.19859399,0.14331417,0.110302195,0.12703213,0.18548548,0.23427296,0.23199855,0.16892971,0.07884582,0.013035259,0.0058091274,0.046318296,0.08568578,0.07996306,0.017748218,-0.06453456,-0.114021495,-0.09595951
0.019551063,-0.024094626,-0.08133246,-0.11340011,-0.09835255,-0.046207562,2.6063455e-05,0.0072135883,-0.028409114,-0.07617791,-0.099296376,-0.07432501,-0.0136207165,0.036723763,0.045529567,0.008392453,-0.045054246,-0.0724617,-0.052118346,0.0028612392,0.045685876,0.046510715,0.0037825496,-0.057312064
0.027318306,0.087678626,0.14574002,0.17277597,0.15738684,0.1126782,0.08574146,0.0995443,0.14600308,0.18719181,0.19137408,0.15073805,0.08219918,0.037557285,0.03708755,0.072376296,0.10418151,0.09758921,0.057142947,-0.008783312,-0.04557818,-0.037637096,0.00785898,0.05866223
-0.13280179,-0.1276466,-0.08436955,-0.030889753,-0.0044283103,-0.02755995,-0.0670533,-0.09074371,-0.07527526,-0.02173239,0.03292141,0.056198604,0.03233157,-0.015453457,-0.05285973,-0.04997794,-0.00842196,0.034298748,0.04912507,0.009296305,-0.053925443,-0.10795093,-0.12260214,-0.097144045
0.050433595,0.115455434,0.119876154,0.05717472,-0.03699699,-0.1056448,-0.10268394,-0.04334504,0.019958282,0.02468853,-0.03592941,-0.12145133,-0.17418233,-0.15059635,-0.06485878,0.023339622,0.057456717,0.022419656,-0.047535032,-0.08357823,-0.045850497,0.04940523,0.14269464,0.17271045
0.060148504,0.01670815,0.04157486,0.11217021,0.18084788,0.19833998,0.13634218,0.047219384,-0.018148331,-0.01309864,0.053909335,0.118135184,0.12750554,0.06602295,-0.026190137,-0.08004136,-0.0643769,0.012452451,0.09077635,0.11990342,0.08029789,0.016163167,-0.018994274,0.023579037
0.08878861,-0.0020207576,-0.050636735,-0.032336354,0.04550938,0.12362018,0.12812789,0.05989864,-0.039410673,-0.095142476,-0.06983328,0.013703624,0.09466156,0.104176335,0.032276977,-0.0679728,-0.11910748,-0.089323565,0.0035560192,0.09986362,0.12211461,0.06833208,-0.016116392,-0.050525002
-0.016967162,-0.004327875,0.046361614,0.090459816,0.09312369,0.040435005,-0.036141362,-0.08434383,-0.08425425,-0.043417424,0.0024907468,0.00656846,-0.03861256,-0.10253012,-0.1398437,-0.11779685,-0.048438173,0.023724131,0.047936074,0.022974443,-0.02263942,-0.041639086,-0.014118966,0.05898056
0.021960713,0.07181787,0.07591674,0.021523368,-0.061742775,-0.12587845,-0.13663346,-0.09722757,-0.0502589,-0.042538624,-0.089045644,-0.1611512,-0.20894916,-0.1918114,-0.12086303,-0.04198843,-0.00029984207,-0.013158395,-0.064741775,-0.09245176,-0.061538905,0.018490486,0.10191203,0.13663703
0.08641811,0.037017412,0.0072132917,0.010787916,0.049188726,0.09119443,0.090396404,0.04886233,-0.013049605,-0.05289705,-0.04661912,-0.004661313,0.04076589,0.046296496,0.0070080073,-0.045338903,-0.07420665,-0.05408829,-0.0013323923,0.059125613,0.0793953,0.062339816,0.02318266,0.008919545
-0.16813293,-0.14862669,-0.06742671,0.021179646,0.05339883,0.002676451,-0.07849981,-0.12553911,-0.10185543,-0.016091917,0.07041158,0.095462725,0.04003466,-0.049979303,-0.11078882,-0.09700345,-0.016642675,0.064162545,0.083063565,0.016384438,-0.084460475,-0.15932629,-0.15978886,-0.09463026
-0.033027656,0.025399316,0.044510555,0.017530743,-0.039374486,-0.084323265,-0.07191564,-0.01597618,0.049009673,0.07267547,0.042664777,-0.016985545,-0.064579055,-0.05775129,0.0031671464,0.07303355,0.09264361,0.055115044,-0.011887124,-0.06903218,-0.06762652,-0.018078957,0.039741855,0.052084506
-0.012134615,0.073765226,0.15973836,0.19952571,0.16417532,0.08498509,0.032616083,0.04714155,0.11752329,0.18333681,0.19887,0.1399024,0.03899838,-0.029361704,-0.022404933,0.044616822,0.11085129,0.125076,0.06691808,-0.029784348,-0.08920075,-0.07736294,-0.0021351553,0.07719925
-0.017563617,-0.057044685,-0.03333452,0.0360247,0.112266645,0.14365683,0.109924145,0.04348597,-0.0039807237,0.009417956,0.073306456,0.13878924,0.15583853,0.10417907,0.015982464,-0.043634497,-0.04383417,0.0113935135,0.07319529,0.08594913,0.03466324,-0.041858613,-0.09964597,-0.08499281
-0.07319483,-0.025668517,0.017944174,0.024637358,-0.020532308,-0.09211459,-0.13923611,-0.13162768,-0.08320658,-0.033335656,-0.022001248,-0.060754575,-0.12487323,-0.16012366,-0.13702673,-0.06567555,0.0018583201,0.03323342,0.0029647972,-0.05689351,-0.089563936,-0.06680507,-0.0032020034,0.053714167
0.09746915,0.09934862,0.054814182,-0.015583376,-0.0638924,-0.063145734,-0.03095141,0.0016249452,0.00022024062,-0.04117323,-0.10119863,-0.1378038,-0.12621744,-0.07175885,-0.0131404735,0.013341533,-0.008333754,-0.050045982,-0.07058274,-0.04159417,0.027183067,0.09959745,0.13396049,0.11877428
0.09130494,0.09570539,0.049131222,-0.02470846,-0.07449615,-0.06826753,-0.02623426,0.013762894,0.016135788,-0.028619345,-0.09395355,-0.1336979,-0.1180517,-0.05686019,0.0068833306,0.028604673,0.0012622423,-0.049335193,-0.07902137,-0.048500896,0.024285827,0.0966185,0.12801787,0.10372562
-0.033599637,-0.034666415,-0.08251947,-0.14886296,-0.19517106,-0.19084737,-0.14113502,-0.08811904,-0.06660791,-0.08605593,-0.13232698,-0.15613194,-0.1326859,-0.06613679,0.0052646548,0.0406828,0.018494727,-0.03175783,-0.060776975,-0.050616164,0.00075925555,0.05414013,0.07084622,0.02767982
0.052556172,0.013316659,0.018289551,0.05143694,0.08762282,0.090813234,0.041485865,-0.025607588,-0.07883381,-0.08416154,-0.044393737,-0.0016541152,0.009741506,-0.024582619,-0.08126006,-0.112433024,-0.092968434,-0.0302356,0.035099283,0.07103817,0.058575276,0.027199617,0.008542257,0.042472944
0.02776357,0.064523965,0.09805778,0.09832379,0.058821563,0.0011535954,-0.041061856,-0.043976415,-0.01731881,0.008034368,0.008195676,-0.027776074,-0.07814697,-0.10661085,-0.09275029,-0.040854704,0.010653132,0.037078332,0.020123443,-0.012374034,-0.023917474,0.00977878,0.06901918,0.12803471
0.09513545,0.17852853,0.2088744,0.17534323,0.10943539,0.06164105,0.081690766,0.14724979,0.2174764,0.22403353,0.16597797,0.077460736,0.014454753,0.017445838,0.077479795,0.13939911,0.14723282,0.08735713,2.4196332e-05,-0.05700573,-0.041749623,0.03207864,0.10583596,0.13185018
0.07464732,0.031165408,-0.040175848,-0.10238832,-0.11232419,-0.070375755,-0.025386155,-0.014582751,-0.053043004,-0.112084806,-0.15586469,-0.14567043,-0.08465802,-0.0154835265,0.01545988,-0.0054859994,-0.052170537,-0.08506389,-0.0662612,0.0041332436,0.07853614,0.116056316,0.09889381,0.049308464
0.0834769,0.05850678,0.07294956,0.11229896,0.15128909,0.15980986,0.118724376,0.05965909,0.013481458,0.005163499,0.036631096,0.06882999,0.07246878,0.03275602,-0.02871619,-0.070557624,-0.061814554,-0.011701161,0.038004965,0.065809116,0.048641603,0.015496737,-0.0032520636,0.029149724
0.10924643,0.044679586,-0.049516343,-0.11970472,-0.11725184,-0.049907394,0.008037448,0.011821999,-0.051640596,-0.13678697,-0.18902333,-0.16472788,-0.07614273,0.008444403,0.032284938,-0.0151604,-0.085154474,-0.12132273,-0.08780732,0.014163152,0.10644727,0.1400576,0.1026573,0.030758975
-0.039796766,-0.002576864,0.08725095,0.17400035,0.20267542,0.15832043,0.08320354,0.038549073,0.057693288,0.12385719,0.18937519,0.19219673,0.122082725,0.024976682,-0.038784992,-0.032059867,0.030370798,0.09305879,0.09597785,0.030048883,-0.058619488,-0.1123151,-0.095807575,-0.01608355
0.046567358,0.0019295622,0.028110316,0.09949069,0.16818863,0.18840367,0.13433053,0.049948107,-0.010144964,-0.0021631187,0.066183865,0.1300283,0.1421398,0.0851337,-0.0058642104,-0.06353553,-0.050392766,0.02069628,0.09730119,0.12437182,0.08329202,0.015484961,-0.026298588,0.013071067
0.10440549,0.06291384,-0.0034434402,-0.052299477,-0.04515611,0.012032016,0.063757405,0.07167033,0.026581507,-0.041101467,-0.08556707,-0.070948526,-0.0063058133,0.053646985,0.06635029,0.02352967,-0.03997839,-0.07667676,-0.05928436,0.012660955,0.07851774,0.10290444,0.070853494,0.013133646
0.06173232,0.023581669,-0.033655606,-0.0830438,-0.0931823,-0.064522885,-0.037617948,-0.03810218,-0.07521525,-0.12627167,-0.15996745,-0.15062584,-0.10063781,-0.050524954,-0.03150199,-0.049097467,-0.07920763,-0.08908835,-0.06729902,-0.0043632076,0.053505164,0.084260605,0.07137634,0.037176628
0.055859685,0.02568241,0.04702258,0.09522395,0.14336847,0.14921083,0.09694538,0.025684927,-0.025999466,-0.02590727,0.018801834,0.059107214,0.060044702,0.009669808,-0.062344003,-0.102856286,-0.084128484,-0.020774214,0.038823377,0.06358261,0.03646529,-0.007163088,-0.031792615,0.008107641
0.017651131,-0.044015903,-0.03622908,0.019208785,0.08249804,0.09701096,0.03312116,-0.062026523,-0.13661677,-0.137626,-0.07146881,0.001024039,0.027401151,-0.02035703,-0.10793962,-0.16310178,-0.13811332,-0.04694673,0.04688735,0.09626857,0.06780978,0.0042503197,-0.040827844,-0.00697946
-0.03265592,-0.11812338,-0.16760634,-0.15077326,-0.08168867,-0.002290392,0.020523394,-0.023273941,-0.09666934,-0.13320443,-0.10268245,-0.01826985,0.07093721,0.09500611,0.04290375,-0.042235438,-0.0925674,-0.070821196,0.0027046776,0.07805653,0.08612088,0.02443163,-0.06738323,-0.12746863
-0.06906011,-0.109582394,-0.09690524,-0.037733432,0.026760628,0.054104414,0.03200701,-0.017193766,-0.05127105,-0.035890266,0.023953108,0.08635,0.10941874,0.07525877,0.007984139,-0.045671865,-0.045617882,-0.0019774612,0.051890798,0.064343624,0.01940268,-0.058839116,-0.11876741,-0.12192204
0.023229755,-0.02592127,-0.060424816,-0.067061245,-0.043299563,-0.011407388,-0.009599047,-0.03996328,-0.08783549,-0.11640218,-0.1084147,-0.06954536,-0.024495432,-0.0073941727,-0.026637122,-0.061169848,-0.07850561,-0.060216974,-0.014186035,0.03920717,0.061768156,0.04931869,0.017199459,-0.0011537122
0.20300296,0.24205342,0.20401469,0.12869306,0.08141512,0.10337532,0.18174405,0.2563378,0.2766867,0.21117763,0.11095228,0.040964764,0.04419224,0.10828635,0.17889298,0.18488525,0.11644062,0.0075777443,-0.06387858,-0.04696653,0.035049733,0.119070016,0.151337,0.1090027
0.10392947,0.07463731,0.019003477,-0.01437092,0.011826437,0.090211384,0.16798247,0.19348247,0.16058072,0.09434778,0.04765268,0.05973491,0.12285928,0.18103573,0.18618286,0.12107282,0.03073856,-0.03875456,-0.041561976,0.014582758,0.06844789,0.072271645,0.019293835,-0.05851423
0.019317495,0.06220773,0.101143904,0.100931704,0.055293817,-0.011238134,-0.06217085,-0.065979116,-0.034954384,-0.002703953,-0.0012351559,-0.042311437,-0.10070902,-0.13163038,-0.11326052,-0.053758428,0.009490609,0.039734215,0.017865576,-0.019021843,-0.030508548,0.0060774027,0.07621007,0.14360979
-0.06565421,-0.12829256,-0.12018636,-0.059984602,0.0017201982,0.011677191,-0.048213173,-0.13218106,-0.19003169,-0.17166345,-0.093873836,-0.015421096,0.010367328,-0.033205986,-0.11250017,-0.15857346,-0.12826163,-0.039389383,0.05211776,0.08494811,0.04254933,-0.03421245,-0.08476256,-0.060275946
-0.10265981,-0.14992262,-0.14013019,-0.082723446,-0.02137976,-0.001270713,-0.036940627,-0.09566273,-0.13559361,-0.116047285,-0.049842503,0.016479377,0.038807023,0.0027210691,-0.064044036,-0.11087113,-0.09731762,-0.036125693,0.026555385,0.04219376,-0.004253602,-0.08478421,-0.14127924,-0.13964769
0.14336033,0.07111498,0.03491419,0.05062682,0.11673415,0.1830072,0.18548274,0.1235784,0.033960793,-0.021902598,-0.0057093417,0.058565374,0.1215372,0.124285154,0.06026323,-0.024827104,-0.072289616,-0.052499183,0.025426079,0.110479146,0.13674246,0.10218467,0.038384426,0.021153549
0.06605544,0.102799,0.104389094,0.06416484,0.004366331,-0.03705034,-0.039487675,-0.009856573,0.021410113,0.020175839,-0.01647378,-0.068662874,-0.103484236,-0.09201886,-0.039881833,0.02100503,0.040463135,0.022870315,-0.014660303,-0.034499567,-0.007062638,0.062147375,0.12876464,0.15827796
-0.023844324,0.0342381,0.04790237,0.0132063385,-0.04551956,-0.08409284,-0.060879298,0.0008153017,0.06466869,0.07957894,0.039887257,-0.024210257,-0.06552287,-0.05023147,0.014443071,0.07941495,0.09030108,0.04437484,-0.026989873,-0.07839954,-0.06943627,-0.015241259,0.037581995,0.040867645
0.06584901,-0.009872605,-0.04415302,-0.0049651805,0.09304889,0.19078669,0.21936716,0.16950329,0.08607208,0.036850937,0.06293946,0.1461113,0.22673838,0.23042217,0.14682351,0.025920087,-0.04994394,-0.045605555,0.026154293,0.100593254,0.10022713,0.021551404,-0.08670154,-0.14461148
-0.048984997,-0.08904178,-0.07719365,-0.033275608,0.008233495,0.014016122,-0.03048357,-0.09156225,-0.13073221,-0.11459115,-0.058437806,-0.005413234,0.01030488,-0.024480367,-0.08185012,-0.11002733,-0.08446644,-0.016602937,0.04356345,0.062528074,0.028977554,-0.021178951,-0.052345164,-0.029365445
-2.2843782e-05,0.015591743,0.07743669,0.1327104,0.13800766,0.079767324,-0.007507832,-0.06305253,-0.0613069,-0.009994794,0.045811992,0.052954003,-0.00093738904,-0.07744918,-0.12422254,-0.09681109,-0.021107798,0.059673738,0.08950492,0.0546357,-0.0021544464,-0.020888094,0.01390585,0.10414026
-0.046969984,-0.0019380241,0.0068774004,-0.01777291,-0.0637365,-0.091157645,-0.06762802,-0.012456121,0.045115348,0.064525835,0.037951987,-0.006846552,-0.03698725,-0.022584856,0.031275623,0.08682939,0.09150548,0.05296852,-0.005026292,-0.054296482,-0.054672223,-0.014813589,0.025993563,0.022573896
-0.12121989,-0.08810938,-0.04729523,-0.038482673,-0.07789875,-0.15060976,-0.20068206,-0.19943279,-0.15363856,-0.09390107,-0.06836231,-0.093012646,-0.14714946,-0.17790958,-0.15695561,-0.08418916,-0.007850169,0.030943893,0.016718913,-0.039470512,-0.075004004,-0.06273365,-0.011913585,0.042994432
-0.0024720938,0.05834824,0.114738606,0.12442651,0.07486023,-0.0052304044,-0.062447064,-0.059400048,-0.01023241,0.038252972,0.042942304,-0.00893909,-0.08759096,-0.1324187,-0.11513186,-0.046440005,0.026896251,0.057511874,0.022217235,-0.038765255,-0.06795892,-0.03519372,0.043732278,0.121632956
0.18661417,0.15133516,0.09095513,0.050042037,0.0696349,0.146085,0.20856132,0.21479382,0.15942559,0.074888684,0.019912535,0.026639191,0.08766051,0.14121583,0.14006235,0.07397934,-0.0140236905,-0.066132635,-0.05608392,0.019339465,0.08783135,0.11027269,0.07247095,0.014580772
0.00057388877,-0.07308246,-0.12009555,-0.10844225,-0.043489467,0.033768557,0.059073333,0.022304462,-0.047173258,-0.08773608,-0.069519386,0.0021252348,0.081231624,0.10405215,0.056007188,-0.02605135,-0.08102837,-0.070737235,-0.008357541,0.061513744,0.07407629,0.022311784,-0.06040358,-0.11791389
0.11418478,0.20757747,0.23948842,0.2031498,0.1327057,0.08427769,0.10671042,0.1806236,0.25749668,0.26695475,0.20270713,0.10785589,0.038226143,0.04236398,0.109406546,0.180783,0.18446565,0.11413698,0.016808677,-0.04977597,-0.033068497,0.051211074,0.13729209,0.16483164
0.15957315,0.18581824,0.15129504,0.0882794,0.04874492,0.070126824,0.13534151,0.19303654,0.20584938,0.14977627,0.06831259,0.014819503,0.02475715,0.0793541,0.13387318,0.13571954,0.078833565,-0.0018040269,-0.0555965,-0.03669634,0.029412232,0.09911209,0.12189647,0.08566407
0.01503723,-0.00015086486,0.024985347,0.08442071,0.14557947,0.17669162,0.16077909,0.120930314,0.09232838,0.09846535,0.13948238,0.18074606,0.18836269,0.1463921,0.07942307,0.024969663,0.012117087,0.037233625,0.065441035,0.068111874,0.027081084,-0.034116704,-0.07664336,-0.07274825
-0.016094204,0.035397213,0.07846031,0.07349402,0.017322537,-0.065999635,-0.121603176,-0.11879461,-0.07442252,-0.033261776,-0.033202242,-0.08199135,-0.15071125,-0.18613325,-0.16062851,-0.08416591,-0.007675534,0.027619222,-0.0006988592,-0.05017871,-0.068445005,-0.025904212,0.05192616,0.12417911
0.008837453,0.043559432,0.07567584,0.074502274,0.031153921,-0.031568434,-0.082923666,-0.08948094,-0.06389554,-0.03304208,-0.028585237,-0.06455879,-0.1204857,-0.14827597,-0.1287947,-0.07149591,-0.010783195,0.020330954,0.0048923497,-0.028003333,-0.03719984,-0.005185575,0.062334914,0.12678467
0.19718044,0.2326151,0.19003884,0.10840967,0.059310466,0.08106968,0.16136819,0.23626484,0.25585133,0.18984629,0.08700574,0.018820718,0.026365668,0.09401797,0.1647206,0.17301457,0.104788095,-0.0016288153,-0.06916108,-0.050104976,0.033655953,0.123112366,0.1536826,0.11048374
0.040643368,-0.013488739,-0.0033623292,0.04725845,0.099512756,0.10318236,0.0335526,-0.05801011,-0.12711608,-0.12489611,-0.06340457,-0.0016762438,0.012314962,-0.035721842,-0.11406485,-0.1556945,-0.12521629,-0.03792883,0.052141078,0.09471862,0.070515625,0.019181566,-0.009158658,0.036418483
0.028910708,0.08485812,0.14182255,0.1688873,0.15059131,0.105545014,0.07618894,0.084217526,0.12552729,0.16095151,0.16699702,0.12805647,0.06651389,0.023153296,0.022229498,0.05449432,0.09050243,0.09358818,0.05599794,0.00040320773,-0.033008102,-0.025029369,0.019107614,0.06998898
0.0024801476,-0.05235708,-0.03368912,0.036032703,0.10732633,0.12320492,0.058522485,-0.034408852,-0.101838656,-0.09263694,-0.017683715,0.05571576,0.07252262,0.015207095,-0.07712275,-0.13468388,-0.11100814,-0.024986569,0.062544584,0.097556174,0.055950496,-0.021202799,-0.06805996,-0.033010636
0.0134414695,-0.03787792,-0.023103347,0.032253157,0.090439364,0.09778585,0.037195995,-0.048236206,-0.109913595,-0.103897706,-0.039990906,0.023428032,0.03973987,-0.009451042,-0.09063815,-0.1374231,-0.110259034,-0.029125392,0.054697443,0.09121998,0.059536006,-0.00070736476,-0.040523,-0.003299082
0.025944412,0.07068295,0.07495756,0.028430099,-0.044840816,-0.103976004,-0.11505576,-0.08095208,-0.039376825,-0.034244955,-0.074827075,-0.137751,-0.17912228,-0.16558315,-0.1037885,-0.03494551,0.0034806267,-0.0067342967,-0.051554658,-0.0737086,-0.046056487,0.023753418,0.09694488,0.12745778
0.019875214,0.08648269,0.15321897,0.18579319,0.16238311,0.10880212,0.07340571,0.08491424,0.1373127,0.18518129,0.19514033,0.15071467,0.073786885,0.020502655,0.021357758,0.067280315,0.10915516,0.11451117,0.06919234,-0.005443779,-0.050704606,-0.039125636,0.018735081,0.08130794
-0.026839707,-0.012458629,0.052152753,0.117946774,0.13421285,0.08207442,-0.005806504,-0.062578,-0.061241668,-0.0044808635,0.060065728,0.07420379,0.019745382,-0.060359117,-0.11163477,-0.09215353,-0.018662991,0.05952777,0.088622175,0.04992327,-0.014139264,-0.050192136,-0.02325597,0.060243785
0.16444577,0.1953416,0.16820775,0.11068753,0.076156855,0.09449287,0.15577552,0.21167925,0.22547482,0.1719277,0.09031617,0.03238079,0.03464798,0.08309367,0.13062844,0.12475531,0.07052065,-0.0121078575,-0.06633392,-0.050496414,0.01156096,0.07290413,0.09134949,0.058760025
0.13517003,0.11331583,0.07305146,0.042120643,0.050326485,0.089955755,0.12550132,0.12863633,0.0930979,0.0345183,-0.0052438066,-0.0059058536,0.029149393,0.06282481,0.063810825,0.021222021,-0.029319052,-0.06224305,-0.0531016,0.0007173256,0.050674193,0.06772471,0.045673095,0.012991313
0.084246546,0.036316007,-0.038050435,-0.09753904,-0.09880175,-0.04665321,0.0038074416,0.010633071,-0.037441965,-0.109250635,-0.15598632,-0.14276007,-0.07375925,-0.006754573,0.014807211,-0.020542555,-0.07758152,-0.10817516,-0.0871157,-0.007405785,0.06640139,0.096713126,0.065881744,0.0063034613
