0.06977507,0.036434285,-0.030477261,-0.07665347,-0.0909654,-0.07152248,-0.05080695,-0.05529833,-0.09164189,-0.14281297,-0.18716678,-0.18772127,-0.14511614,-0.101133645,-0.08299153,-0.09817114,-0.12667349,-0.13858846,-0.11083326,-0.047959838,0.01151851,0.042840928,0.033213954,0.00024525254
-0.060635827,-0.11160113,-0.115920134,-0.06512907,-0.016079154,-0.00917634,-0.06428202,-0.13668105,-0.18360595,-0.16800761,-0.11196133,-0.05316224,-0.02658172,-0.061848897,-0.12270153,-0.15571962,-0.13041523,-0.051071864,0.02405559,0.052005865,0.020035082,-0.042569917,-0.0790365,-0.059694566
0.10984179,0.08533591,0.035719175,0.015667057,0.03815124,0.08380535,0.11893192,0.12332635,0.080493756,0.025825636,-0.0063153612,0.002697238,0.039888836,0.070487805,0.06796119,0.025981158,-0.033047963,-0.06675357,-0.050529048,-0.0071717496,0.034775224,0.041310582,0.0070200907,-0.036138393
-0.040496282,-0.09651885,-0.13180895,-0.1238669,-0.07836741,-0.031519607,-0.01730966,-0.03570616,-0.07651862,-0.09484037,-0.07464417,-0.018115977,0.041289788,0.06255208,0.04341413,0.0036648612,-0.020125836,-0.0103762755,0.038196597,0.084758736,0.09132661,0.054222774,-0.0053749573,-0.05024237
-0.16615796,-0.11075834,-0.028240038,-0.0077209575,-0.05126724,-0.1217035,-0.15845664,-0.13961829,-0.058247145,0.02514811,0.06822294,0.0415267,-0.028239595,-0.06456536,-0.038414013,0.040080626,0.119649805,0.14424014,0.09453845,0.0071323714,-0.05220752,-0.047460046,0.0132193435,0.07292203
0.15030128,0.11902954,0.04479356,-0.00451078,0.0073514585,0.06535004,0.119109966,0.13251138,0.08518933,0.006412701,-0.056112308,-0.052945312,-0.0023037738,0.053003047,0.06482277,0.016471365,-0.061483752,-0.110966295,-0.093975775,-0.027543562,0.04267739,0.06929946,0.031449802,-0.029217735
-0.013691126,-0.015316387,-0.054985184,-0.11837378,-0.15878391,-0.148902,-0.0957408,-0.04570072,-0.025378399,-0.051637262,-0.09251937,-0.11192099,-0.08940115,-0.024215152,0.03919117,0.06479984,0.04292033,-0.0015568212,-0.032323312,-0.013449943,0.039715905,0.08757613,0.09680553,0.055009156
-0.062285602,-0.09682818,-0.08371238,-0.028630761,0.022346327,0.038782567,0.01179557,-0.032749366,-0.059050463,-0.036322888,0.017221255,0.06907654,0.087638035,0.055452704,-0.00030897174,-0.031307526,-0.012667478,0.032520078,0.076019965,0.08530431,0.04192258,-0.023284463,-0.06166909,-0.058584105
0.085073784,0.039790463,-0.043067038,-0.09788811,-0.10037319,-0.061402082,-0.025730735,-0.02630372,-0.07268458,-0.13919789,-0.18782793,-0.17547072,-0.1208671,-0.061308455,-0.041325483,-0.06754817,-0.117443055,-0.13841571,-0.10644323,-0.03238185,0.04028003,0.06753646,0.04144885,-0.008209025
0.009860464,0.02285558,0.06228055,0.1016625,0.10454095,0.060045037,-0.0029001147,-0.053290825,-0.056703594,-0.020866852,0.0021428568,0.005118443,-0.044184674,-0.10634149,-0.14581642,-0.13403685,-0.08279264,-0.040796194,-0.017865319,-0.04107326,-0.0865134,-0.10435914,-0.0767384,-0.014947118
0.10206139,0.11449243,0.07456203,0.015251324,-0.025334023,-0.019910676,0.01786835,0.050937247,0.052290015,0.00866416,-0.057120033,-0.0974434,-0.09246861,-0.047947563,-0.002994297,0.0064673,-0.029289555,-0.07817869,-0.10291521,-0.08071966,-0.022458222,0.038248066,0.05884303,0.035169695
0.025809597,-0.041303452,-0.10032933,-0.09810504,-0.060650088,-0.023200694,-0.031008646,-0.07999553,-0.14836212,-0.18777834,-0.18344644,-0.13086817,-0.07075331,-0.057161074,-0.09191765,-0.14059338,-0.16138776,-0.13085137,-0.052913144,0.019651048,0.04542961,0.01886721,-0.02986711,-0.058988754
-0.05720491,-0.023431994,-0.003448487,-0.031220568,-0.069522195,-0.09235518,-0.074555606,-0.029047778,0.021048827,0.038608726,0.029745447,0.00032738363,-0.024312923,-0.005682554,0.043418635,0.088796504,0.100141846,0.07500519,0.026399447,-0.010442634,-0.0057280837,0.026806897,0.058176696,0.061728623
0.011564035,0.024612613,0.062436506,0.102930024,0.11356024,0.082742006,0.02653047,-0.017060675,-0.020255301,0.009924088,0.03439492,0.035226904,-0.0039498652,-0.060231257,-0.09924765,-0.10025806,-0.06509789,-0.020450026,-0.0021811873,-0.026321111,-0.06837431,-0.09029591,-0.07457628,-0.018894244
-0.0072939894,0.053738195,0.117285095,0.13307744,0.08655581,0.008030053,-0.04254341,-0.046617277,0.00037273698,0.0492522,0.05341021,0.0033624948,-0.077116065,-0.13284813,-0.13074337,-0.07518285,-0.0077419574,0.008106363,-0.026445726,-0.08832795,-0.1269265,-0.102577485,-0.027280966,0.048404947
0.035316397,-0.02364756,-0.08411142,-0.08989652,-0.06852404,-0.042237278,-0.049736936,-0.0939758,-0.15484145,-0.19142437,-0.19638146,-0.16044061,-0.10775494,-0.09086925,-0.11602607,-0.15200564,-0.16593856,-0.13679631,-0.07323259,-0.0023937623,0.028594835,0.01370164,-0.01868972,-0.041040525
-0.062371377,-0.03257387,-0.025897967,-0.066152275,-0.12805183,-0.17130364,-0.16520019,-0.1290516,-0.08176156,-0.062199764,-0.08024435,-0.12161096,-0.14594972,-0.122694716,-0.06168766,0.001450244,0.032981165,0.018414622,-0.024167936,-0.048240356,-0.033024922,0.017037522,0.06838051,0.0811834
-0.012607372,0.051980484,0.1191893,0.13102075,0.082069986,0.0037565453,-0.04838171,-0.05141654,0.0021497274,0.054671697,0.058533072,0.008138876,-0.081442505,-0.13331869,-0.12492694,-0.06352071,0.0032458603,0.020413017,-0.017148867,-0.08773189,-0.12724806,-0.101281844,-0.024592465,0.054644864
0.035771254,0.0082795955,0.019054154,0.08028112,0.13023034,0.1318569,0.07544693,-0.00025681785,-0.048715193,-0.035916083,0.0011411841,0.039546944,0.03740633,-0.02093873,-0.0958385,-0.13824256,-0.12215149,-0.061710857,-0.0023373244,0.012803976,-0.028862167,-0.08425581,-0.10800172,-0.072412334
-0.13086267,-0.12168023,-0.06596661,-0.015069685,-0.00084547786,-0.02991311,-0.073308736,-0.092695236,-0.07047203,-0.012173046,0.05002893,0.069337286,0.048256546,0.0011359012,-0.02296958,-0.004692407,0.044884097,0.09094936,0.09625001,0.054071914,-0.006813191,-0.04599676,-0.039840862,-0.0022184758
0.13872345,0.1570653,0.094908185,0.006822859,-0.054034423,-0.048268124,0.012337586,0.06973036,0.07253621,0.006633279,-0.08614699,-0.14917706,-0.13466512,-0.06599228,0.0032646467,0.020057887,-0.031521566,-0.105421185,-0.14946887,-0.115340486,-0.024874631,0.06412123,0.09652294,0.05795759
0.025417421,-0.007157462,-0.00044411485,0.058097247,0.11277833,0.12512149,0.07247273,0.00050022185,-0.05071985,-0.04427658,-0.0063355654,0.036906343,0.0471716,-0.0036839307,-0.07933088,-0.12703648,-0.12003152,-0.059813228,0.0046558855,0.024789404,-0.01142232,-0.069603845,-0.102404386,-0.07803251
0.0124304835,-0.049752742,-0.14278968,-0.2009241,-0.1842979,-0.110976875,-0.03694644,-0.0068166098,-0.04955739,-0.12007843,-0.15300085,-0.11933473,-0.026363363,0.065046765,0.101765215,0.066313624,-0.006850182,-0.050520472,-0.026085759,0.052845724,0.13028778,0.14324374,0.081915125,-0.014617771
-0.020635732,-0.012840243,0.03003596,0.0790052,0.08739169,0.04395472,-0.03447956,-0.09605954,-0.09901806,-0.05658018,-0.018223487,-0.011146098,-0.05285256,-0.120848075,-0.16970472,-0.16495971,-0.11136325,-0.035713032,-0.0057789222,-0.029516874,-0.08014493,-0.110778175,-0.08851808,-0.014243138
-0.10289212,-0.03957394,0.04612975,0.071327195,0.037648138,-0.024978159,-0.050456528,-0.026469618,0.04821185,0.12030505,0.14981657,0.117269225,0.0430447,-0.0019337765,0.013336949,0.075113766,0.14087515,0.14129077,0.08538608,-0.0006683363,-0.061466675,-0.055824403,-6.6000255e-05,0.053695932
0.016586987,-0.030122764,-0.029131327,0.041475,0.102616705,0.109090485,0.039306615,-0.05582206,-0.120484196,-0.11075073,-0.059518844,-0.0037340696,0.010437977,-0.051778007,-0.14544126,-0.19746332,-0.17687513,-0.09026915,-0.007427963,0.02394476,-0.016935373,-0.08952945,-0.12295003,-0.08674891
0.19140258,0.17527619,0.112740934,0.07752494,0.091588266,0.14917885,0.20651789,0.22358392,0.17772087,0.09992426,0.034327835,0.023038745,0.062479034,0.10373451,0.104067884,0.04933343,-0.032652635,-0.09333983,-0.091845386,-0.03650758,0.02467688,0.04939241,0.01788979,-0.03828061
0.02935461,-0.018069549,-0.043683514,-0.0129181435,0.057543535,0.12604521,0.15042606,0.13013653,0.082183644,0.059065066,0.07972573,0.13407516,0.18353571,0.1913804,0.14776288,0.08028191,0.031308837,0.032190397,0.06605547,0.10192385,0.095908605,0.03880151,-0.03506482,-0.079381235
-0.02619937,-0.05675199,-0.039692737,0.021121986,0.0815361,0.105276555,0.07789225,0.029020816,-0.0015759533,0.016538026,0.06734037,0.120840795,0.1308527,0.09192885,0.025859127,-0.015175023,-0.0086220065,0.034178928,0.0770618,0.08163314,0.0354716,-0.034808565,-0.07730592,-0.0703087
0.07527834,0.16312094,0.19897789,0.15581125,0.080997914,0.03839434,0.07401141,0.15011483,0.22265537,0.22801052,0.17014314,0.077992044,0.0066006314,0.017129438,0.07951014,0.1414132,0.14339511,0.06564992,-0.037287936,-0.101568796,-0.08534428,-0.008910312,0.06910609,0.08562766
-0.0869256,-0.034579616,-0.0050921035,-0.046670433,-0.103492945,-0.13033244,-0.087606035,-0.0069129746,0.07147047,0.09845481,0.08131621,0.031923644,0.0025901576,0.03759026,0.11889284,0.18337388,0.19510452,0.140216,0.056697235,0.0018681823,0.0072314213,0.05833753,0.09935868,0.09045738
0.018765293,-0.0450166,-0.08098426,-0.056127984,0.019977566,0.092898525,0.10927633,0.07585091,0.015763506,-0.015469108,0.0053318203,0.07773915,0.1377677,0.14899887,0.10118178,0.027127521,-0.020396706,-0.011020391,0.051450275,0.102834456,0.10262546,0.043796536,-0.041225422,-0.09058516
-0.13479407,-0.09126634,-0.036762305,-0.035215676,-0.09314732,-0.17467895,-0.22488466,-0.22096376,-0.16016524,-0.09661789,-0.0701539,-0.1032676,-0.16233644,-0.19168666,-0.15849446,-0.079575606,0.0021713993,0.038340647,0.012525677,-0.048671413,-0.08182184,-0.055820893,0.01380235,0.07913581
-0.052026536,-0.12320639,-0.1684344,-0.15395619,-0.10198717,-0.052897148,-0.047326602,-0.08154217,-0.13494748,-0.15265287,-0.123598136,-0.05683925,0.015145075,0.034875475,0.0066547054,-0.040059403,-0.06089814,-0.030796846,0.0320296,0.092358656,0.09873839,0.051334612,-0.01494235,-0.057323962
-0.08476747,-0.09255154,-0.06834724,-0.040179644,-0.039735828,-0.070548974,-0.11562356,-0.15073322,-0.14734104,-0.10755928,-0.07166577,-0.05481427,-0.06809819,-0.099706955,-0.11878361,-0.100576095,-0.047726337,-0.001455412,0.023316484,0.014034842,-0.022742715,-0.045326978,-0.03421776,-0.0015767266
-0.10880247,-0.15196094,-0.14394397,-0.09610851,-0.040813565,-0.01804196,-0.044496763,-0.08552563,-0.10946884,-0.08682606,-0.021387316,0.045220613,0.07226758,0.05265503,0.009526369,-0.017970098,-0.0071167885,0.047933575,0.09873335,0.10508011,0.06755221,0.00022182526,-0.048576094,-0.049508683
0.017889734,-0.04023372,-0.12305392,-0.17392552,-0.15513784,-0.08713469,-0.024500078,-0.004124526,-0.043666698,-0.10773431,-0.13737261,-0.10289254,-0.022485064,0.0567629,0.08502371,0.046643335,-0.018997945,-0.051584117,-0.023220276,0.048283197,0.11563732,0.12392253,0.06433235,-0.017778203
-0.006575473,-0.04860839,-0.10117249,-0.13637123,-0.12014241,-0.070905775,-0.022875601,-0.0050203116,-0.027463257,-0.06489315,-0.08256416,-0.052194834,0.0022010177,0.06004697,0.0828866,0.060102597,0.019408237,-0.010917124,0.0072984034,0.0540444,0.093764514,0.095208004,0.049226582,-0.014120831
-0.10375843,-0.06689149,-0.019757789,-0.017430358,-0.062605694,-0.12656201,-0.16846837,-0.16667587,-0.115324385,-0.06214204,-0.041919485,-0.069603726,-0.118522905,-0.14427055,-0.120372355,-0.059481457,0.0029210679,0.03703116,0.012577115,-0.037597355,-0.066516854,-0.04788951,0.007695118,0.064371236
-0.06361029,0.01703424,0.11387224,0.13932395,0.09902118,0.026383936,-0.015390591,0.002576713,0.0828146,0.154445,0.17703025,0.12884541,0.031197356,-0.026430516,-0.015459233,0.04813105,0.11181448,0.12342956,0.0616975,-0.03975468,-0.10097916,-0.0879898,-0.017846812,0.060541254
0.09901507,0.027198289,-0.03503793,-0.009308925,0.062627785,0.13120149,0.13737498,0.08366853,-0.0073940707,-0.061242256,-0.055862058,0.003064377,0.07407181,0.07838051,0.012916347,-0.073976,-0.12861219,-0.10800921,-0.034136932,0.045955304,0.06607572,0.014322849,-0.059748415,-0.10142657
0.115187585,0.14338553,0.10445874,0.029436128,-0.021392003,-0.009291469,0.054261163,0.118536614,0.13551496,0.08307171,0.0013075656,-0.055711918,-0.049620982,0.009943129,0.074385904,0.08827142,0.033456773,-0.044666097,-0.09735089,-0.08340055,-0.012697084,0.06524871,0.0901302,0.051779322
0.0967452,0.06872864,0.0023329605,-0.042438883,-0.048053257,-0.022758752,0.0025114766,0.0036870614,-0.035192836,-0.09212794,-0.13650383,-0.13921188,-0.10192437,-0.058219563,-0.041879084,-0.061368465,-0.10443955,-0.12269542,-0.10516412,-0.04901932,0.013481819,0.04129076,0.029253392,-0.002676978
-0.00074884895,0.015454504,0.053701267,0.09008304,0.08988913,0.05036758,-0.0057992507,-0.04594057,-0.043228168,-0.009367319,0.0142245,0.01035005,-0.033239283,-0.08733598,-0.12048224,-0.10864617,-0.06366746,-0.021378338,-0.007974058,-0.03465003,-0.07496893,-0.09108943,-0.06444261,-0.0075217225
-0.042087518,-0.09475494,-0.098304376,-0.04468314,0.014478828,0.028803986,-0.026502935,-0.10315099,-0.1547051,-0.14342804,-0.08801825,-0.02304203,0.0017737471,-0.036720257,-0.10432025,-0.14837298,-0.13178067,-0.05211062,0.028062664,0.056211784,0.022525327,-0.045334667,-0.090631396,-0.070433676
0.044694535,0.024891682,0.035546474,0.088576026,0.13282302,0.1376649,0.08917723,0.027159782,-0.014450072,-0.012772634,0.01657232,0.04616364,0.046710983,-0.006634136,-0.07971447,-0.12406956,-0.115632586,-0.062171295,-0.010323879,0.0030782924,-0.027667591,-0.07581443,-0.09667253,-0.06641444
-0.0028953278,0.05469242,0.11699779,0.13759941,0.11586939,0.074648924,0.05753805,0.07516125,0.12374787,0.16474769,0.17220038,0.13204663,0.06860703,0.029337518,0.030432498,0.06387146,0.095919594,0.08998673,0.03726083,-0.027244162,-0.06631642,-0.059574265,-0.01451428,0.031224886
0.019964075,-0.027248925,-0.028069844,0.042019706,0.11065391,0.12999614,0.07018144,-0.017418709,-0.081048936,-0.07343603,-0.022260707,0.033117563,0.053025693,-0.00094115816,-0.0910902,-0.15035808,-0.14388888,-0.061295856,0.01279243,0.042666003,0.0032527363,-0.073840484,-0.117561795,-0.08926128
0.06332481,0.13468702,0.16155197,0.13188553,0.0737063,0.039466012,0.07121707,0.13615872,0.19053563,0.19446714,0.15019822,0.06989067,0.020079056,0.027173858,0.078152105,0.12403506,0.123277545,0.057946056,-0.029730946,-0.079555675,-0.06685014,-0.0053805844,0.05609852,0.0665717
-0.1334578,-0.1877696,-0.1739087,-0.10935653,-0.040303353,-0.018803442,-0.05610011,-0.112978645,-0.1452452,-0.10857444,-0.027346767,0.055024896,0.08453141,0.05364657,-0.0012926795,-0.03237288,-0.00762983,0.05674816,0.12210582,0.13139996,0.07509061,-0.009514767,-0.06797097,-0.066892445
-0.10009512,-0.09601921,-0.05639724,-0.02062811,-0.017789992,-0.044373654,-0.07921983,-0.10051574,-0.08137983,-0.033270217,0.009528853,0.023456264,0.003618755,-0.030802097,-0.04883146,-0.030234559,0.01771369,0.057316903,0.06315537,0.03582559,-0.011133622,-0.038871482,-0.028651789,0.0032227167
0.0054972284,-0.038613077,-0.02193439,0.061927397,0.13674346,0.14456181,0.06937236,-0.029219879,-0.09017585,-0.06856243,-0.005357044,0.058764815,0.06355733,-0.009871219,-0.11184593,-0.16774142,-0.14316809,-0.054182194,0.028360995,0.0474537,-0.01136112,-0.098305404,-0.13945864,-0.09743535
-0.052624192,0.015613851,0.052527927,0.0062165903,-0.06646036,-0.10866559,-0.07766631,-0.00017325568,0.08591253,0.10971203,0.080550954,0.014684406,-0.03464503,-0.010840657,0.06600304,0.13748895,0.15575527,0.10667451,0.018017216,-0.044657316,-0.03508821,0.028852563,0.091418184,0.10255581
0.023475375,0.030828573,-0.017018186,-0.09507275,-0.14469372,-0.13346758,-0.0711005,-0.007553976,0.01284572,-0.028059069,-0.08587443,-0.12137124,-0.099416085,-0.024177806,0.04933408,0.07813473,0.041840527,-0.0179742,-0.061175466,-0.04115942,0.029883312,0.09366696,0.111143,0.06417254
0.03534165,-0.037039656,-0.08386223,-0.052116714,0.034565244,0.121965244,0.14590721,0.1118691,0.038088284,-0.0060458886,0.01568679,0.090252265,0.17147182,0.18389043,0.123419575,0.030205475,-0.03158541,-0.02071973,0.046256907,0.1122704,0.11864699,0.051914215,-0.045129403,-0.10657813
-0.030006655,-0.06754674,-0.11471369,-0.14808759,-0.1436061,-0.11593519,-0.0777703,-0.0618838,-0.079070866,-0.103744924,-0.114989385,-0.09015665,-0.04671836,0.0042101378,0.03398355,0.030172646,0.013094685,-0.015065252,0.0008962806,0.04058417,0.07394972,0.08090222,0.051272508,-0.0006952176
0.026058245,0.04757912,0.022691876,-0.03888695,-0.0699006,-0.034930356,0.05342319,0.13878858,0.17454281,0.13890207,0.08644181,0.053455602,0.07247151,0.14382628,0.21126257,0.22257526,0.16429086,0.07851382,0.012368962,0.010201886,0.06217014,0.11218707,0.11084368,0.04770557
0.114126176,0.12752427,0.07194169,-0.007857606,-0.06385466,-0.05883751,-0.009526592,0.035842493,0.040393118,-0.015340028,-0.096752964,-0.1499278,-0.13944478,-0.07656773,-0.014633855,0.0016514054,-0.03991506,-0.09669641,-0.1310967,-0.1007966,-0.021407928,0.056261785,0.084487885,0.053777423
0.1271996,0.047890782,-0.024276081,-0.0076170634,0.06796439,0.1432314,0.14358753,0.07930486,-0.021785857,-0.08856929,-0.09429433,-0.030166665,0.045911536,0.052587725,-0.016576935,-0.116390705,-0.18240666,-0.15323305,-0.06316931,0.030286673,0.06053854,0.012767992,-0.06910197,-0.10850518
0.020394444,-0.016637797,-0.016297571,0.042396788,0.10001238,0.11907195,0.07308548,0.0046917354,-0.047572907,-0.044100087,-0.003401808,0.040321555,0.060705096,0.015722927,-0.060627487,-0.1131124,-0.11256091,-0.04774946,0.011089972,0.036409076,0.0048943944,-0.058333386,-0.095736,-0.07595532
0.10164804,0.11407235,0.07137865,0.008410483,-0.03408537,-0.03377308,-0.0034593537,0.02692467,0.027340012,-0.018333167,-0.08231739,-0.12397357,-0.12162293,-0.0770972,-0.030450817,-0.01793445,-0.052577097,-0.09144826,-0.11442082,-0.093008764,-0.029432463,0.032855283,0.057331935,0.042065945
0.1264295,0.08700731,-0.0018171244,-0.06011579,-0.062316906,-0.019592125,0.02804503,0.038744815,-0.015370552,-0.0948468,-0.15578666,-0.15458739,-0.0963194,-0.033975173,-0.010953046,-0.041582547,-0.10389162,-0.14972918,-0.12501171,-0.04743917,0.034151368,0.07113099,0.046045348,-0.015330687
0.08342898,0.17651689,0.21754435,0.17967194,0.104816444,0.057067476,0.089341044,0.16449073,0.23813921,0.249758,0.19383079,0.0963238,0.017741093,0.02244622,0.082243964,0.14898747,0.15356654,0.07646363,-0.03571336,-0.10524489,-0.094283715,-0.020497393,0.064207435,0.08758008
-0.15089102,-0.102386445,-0.034363627,-0.026532289,-0.08134377,-0.16717482,-0.22360887,-0.21955924,-0.15084714,-0.077485174,-0.04395622,-0.075956926,-0.14337261,-0.18041363,-0.15152119,-0.06980304,0.021819014,0.061185464,0.033281732,-0.03793958,-0.08263712,-0.06360146,0.006452031,0.07769841
0.1466858,0.16805416,0.103518486,0.007968082,-0.059537496,-0.058295816,-0.0011826887,0.056338735,0.06254203,-0.0060487394,-0.10390219,-0.17349103,-0.16470471,-0.09318767,-0.01910837,0.0008085982,-0.048860442,-0.11754826,-0.16357838,-0.1308135,-0.03412319,0.060911015,0.09881822,0.0672672
0.0050519565,-0.04016893,-0.029267741,0.048068963,0.114556044,0.121187545,0.051580455,-0.04273908,-0.10254468,-0.08585726,-0.029222867,0.030975806,0.04025199,-0.027309936,-0.12604564,-0.17902191,-0.1502617,-0.06747279,0.015474246,0.040853508,-0.011071942,-0.09139308,-0.12866665,-0.093654424
0.038778163,-0.013472592,-0.088810556,-0.13131106,-0.107959084,-0.041114658,0.023284778,0.04579358,0.0035809416,-0.062016938,-0.092476115,-0.05981668,0.014766946,0.084059544,0.10101595,0.06062896,-0.0017617219,-0.04885075,-0.022150347,0.045905,0.107182056,0.111826785,0.054622564,-0.030916084
0.11437767,0.09797387,0.046203278,0.012377407,0.01176891,0.04764213,0.08433261,0.094427235,0.0632911,0.0065321666,-0.041550178,-0.049135823,-0.012179172,0.022553474,0.027978212,-0.004524883,-0.059767976,-0.090402104,-0.084525794,-0.03637214,0.016110076,0.04055724,0.024154054,-0.013721222
0.13219747,0.06946399,0.0046592616,0.012771976,0.07549849,0.13845278,0.14116104,0.09149518,0.0017117814,-0.0632671,-0.07506253,-0.02582564,0.033148326,0.041806653,-0.010901859,-0.093247265,-0.15484077,-0.14367665,-0.067728974,0.0086642755,0.04167872,0.009768296,-0.056969564,-0.093043104
0.07185644,0.027443405,-0.041307878,-0.07256924,-0.03490876,0.05277265,0.1312973,0.1618908,0.1210177,0.052901324,0.020642491,0.04812337,0.1279537,0.19470319,0.20208637,0.14194794,0.048843134,-0.0021686766,0.0037538917,0.06624461,0.122687384,0.117364846,0.04869775,-0.041080795
-0.054945186,-0.11513819,-0.11620909,-0.04765944,0.021660144,0.037249576,-0.022470437,-0.109403454,-0.16767125,-0.14763494,-0.07995226,-0.0056638294,0.023855073,-0.023212472,-0.10180803,-0.15106414,-0.1289554,-0.040932227,0.044680517,0.07581735,0.02986933,-0.051979344,-0.10351301,-0.081994794
0.096048,0.097734585,0.040632177,-0.026651345,-0.07310372,-0.06742628,-0.02498916,0.00796051,0.000731649,-0.052353743,-0.12099881,-0.15941954,-0.14069356,-0.08555914,-0.036111794,-0.024578704,-0.05792472,-0.10814536,-0.124542914,-0.08715624,-0.01542409,0.05058302,0.071645856,0.037728332
0.14649655,0.118736535,0.05239955,0.012952939,0.031339183,0.091097094,0.14304145,0.15846482,0.11027561,0.031034652,-0.024280723,-0.019720146,0.033059604,0.07974966,0.08145781,0.02813665,-0.05092668,-0.1013903,-0.08304421,-0.021437556,0.043470077,0.06367143,0.023481138,-0.038685407
0.015260867,0.022745771,-0.012580128,-0.07566409,-0.11892148,-0.11021836,-0.052620236,0.0027206966,0.024411565,-0.005087009,-0.055000138,-0.084095515,-0.06944782,-0.007603701,0.054218095,0.07962074,0.057194814,-0.00284649,-0.040156025,-0.025466736,0.02699698,0.080323465,0.09466547,0.05061482
-0.11726082,-0.16382526,-0.1530411,-0.10320512,-0.044686686,-0.022328792,-0.05114358,-0.095541686,-0.11989652,-0.09132695,-0.025300222,0.044232067,0.07374943,0.052236754,0.008733133,-0.02088799,-0.0044355933,0.05117883,0.10592931,0.11567171,0.07118682,0.00096371997,-0.052627746,-0.05448964
0.061217595,0.08177778,0.04324264,-0.035014242,-0.07202941,-0.03343813,0.06379258,0.15455922,0.18561234,0.13474795,0.06290162,0.02212384,0.0442581,0.12759122,0.20595196,0.21271473,0.14588107,0.045957416,-0.018254587,-0.009964068,0.057786036,0.123183176,0.120354585,0.049160756
-0.09876812,-0.093350075,-0.048349906,-0.0049377503,-0.006181531,-0.052656636,-0.116187006,-0.15745614,-0.1448974,-0.091027856,-0.0412746,-0.029187063,-0.060204726,-0.11315331,-0.14232561,-0.117253244,-0.050197855,0.011976502,0.033300135,0.004269773,-0.04816025,-0.07631637,-0.052694816,0.002708367
0.016793704,0.023319626,-0.026327126,-0.107412346,-0.16001318,-0.1491432,-0.07828329,-0.009143487,0.014741387,-0.02360279,-0.083431385,-0.11956576,-0.097804494,-0.016938206,0.06388884,0.09668775,0.064758204,-0.005101989,-0.053217012,-0.03286715,0.037450057,0.10358433,0.120906934,0.067594126
-0.02060903,-0.040905356,-0.0012755318,0.08167627,0.1595306,0.18848845,0.15651906,0.107474215,0.0793847,0.10455863,0.16638908,0.22160244,0.22807835,0.16751823,0.08340557,0.025711898,0.02533732,0.069598496,0.10960131,0.10003177,0.033587545,-0.050641563,-0.1026454,-0.089429244
0.16463868,0.19915603,0.16537778,0.10554406,0.06823549,0.08810772,0.15595593,0.21895985,0.22787903,0.17309202,0.090518646,0.027752213,0.026996193,0.075975485,0.12525208,0.12614875,0.061514203,-0.027289573,-0.08963435,-0.080550164,-0.017865421,0.04976617,0.07065175,0.032217167
-0.16560172,-0.16087423,-0.09641564,-0.042240705,-0.028328076,-0.064726554,-0.11821747,-0.14769611,-0.118344896,-0.045341328,0.02585758,0.056664847,0.025514225,-0.026110388,-0.051538844,-0.025477806,0.04446145,0.10097677,0.115839355,0.06864997,-0.005578674,-0.052107092,-0.046181988,-0.00087778294
0.0059247594,0.05341442,0.06827975,0.028870564,-0.032495935,-0.080265544,-0.07753284,-0.03894049,0.005714053,0.013693868,-0.017877422,-0.0732257,-0.11762213,-0.107714154,-0.055875745,0.0026547,0.02622128,-0.003874377,-0.05220246,-0.08652432,-0.06869504,-0.0105272075,0.050649855,0.07274561
-0.012258612,-0.0360649,-0.010519845,0.055088248,0.12612954,0.16091818,0.13767666,0.09463493,0.06576336,0.081966475,0.131626,0.18346713,0.1959014,0.1531183,0.085528545,0.03005874,0.017523812,0.05645292,0.09420907,0.09188862,0.040994048,-0.030931458,-0.08457785,-0.07880013
-0.020870892,0.0057327067,0.08164985,0.15510127,0.16396298,0.10374567,0.014751289,-0.050587162,-0.039882816,0.02463515,0.07222372,0.07281252,0.0042306986,-0.09428,-0.16045675,-0.15089203,-0.07125812,-0.0011103573,0.020478029,-0.026631035,-0.109064914,-0.14867407,-0.11416373,-0.023557436
-0.118385024,-0.1672863,-0.14818463,-0.07535317,-0.005395405,0.017464982,-0.015316791,-0.06832335,-0.098709665,-0.06277647,0.016392266,0.09015038,0.122885,0.08447233,0.01832246,-0.020782422,0.004825089,0.06616023,0.12270484,0.13342555,0.073007,-0.015642988,-0.07253393,-0.072980314
0.07408562,0.14474517,0.17297356,0.14647411,0.08824919,0.054336675,0.08308465,0.14033675,0.19392245,0.20185496,0.15571748,0.076582044,0.022454277,0.026019547,0.070534475,0.1168362,0.116257034,0.056278236,-0.03300112,-0.08104905,-0.07228573,-0.014628833,0.04978494,0.065179266
-0.048317492,-0.09712616,-0.12866522,-0.12556899,-0.087671205,-0.046348207,-0.031968564,-0.04444814,-0.07620212,-0.093291976,-0.07373978,-0.022600954,0.028508918,0.05146849,0.04153136,0.008174729,-0.012889145,-0.004232803,0.03975484,0.07638115,0.08460222,0.055171214,0.0012418194,-0.038733497
-0.018644542,-0.093824096,-0.14329362,-0.12710935,-0.06137506,0.0070430045,0.024929285,-0.007690064,-0.06933956,-0.100828096,-0.078202195,-0.0041246396,0.07241883,0.09553377,0.058302842,-0.007663376,-0.044891577,-0.029292919,0.040071804,0.1051374,0.1140908,0.060993943,-0.02209835,-0.07925169
-0.048093714,-0.09608098,-0.101615995,-0.053554147,-0.009021971,-0.0046429425,-0.058169868,-0.12924802,-0.1745305,-0.15868457,-0.107786,-0.05571785,-0.034355782,-0.067662574,-0.12565137,-0.15521339,-0.12738833,-0.051785376,0.017462146,0.044552926,0.014087941,-0.04518692,-0.07676959,-0.0560628
0.09031016,0.018189687,-0.042855635,-0.027640907,0.04688009,0.118762575,0.12466243,0.074923836,-0.012770852,-0.06864609,-0.06602748,-0.00078260974,0.067555144,0.07884393,0.023664003,-0.06159782,-0.12236013,-0.10588619,-0.026768293,0.049535334,0.07272453,0.025496444,-0.055178266,-0.09905571
-0.0517712,0.00013900406,0.02879795,-0.0038749548,-0.060833637,-0.09211115,-0.057245884,0.008972609,0.0796391,0.105339654,0.08664684,0.03605607,-0.0050709015,0.019259617,0.08090914,0.14556123,0.16718544,0.1174593,0.036674015,-0.014977751,-0.012319937,0.030677369,0.08134325,0.080892295
0.20585434,0.17963947,0.10547557,0.06550209,0.08963099,0.16260844,0.22823153,0.24590953,0.19007622,0.09827075,0.028339991,0.02651521,0.0809879,0.13010696,0.1250196,0.056783084,-0.042156175,-0.10505456,-0.096743084,-0.027406856,0.044201177,0.064508244,0.01975482,-0.048748672
0.014938616,0.03519637,0.07962381,0.122313164,0.12900552,0.09257788,0.03285716,-0.009870659,-0.009236347,0.02323429,0.047741573,0.04436685,-0.0020732714,-0.06440123,-0.10550447,-0.10157074,-0.06424787,-0.020181896,-0.005869052,-0.03667864,-0.0810991,-0.100606665,-0.076959476,-0.015591122
-0.1503809,-0.08026334,0.017689677,0.048715703,0.00657346,-0.06643186,-0.10062864,-0.0742308,0.014550904,0.102047205,0.145193,0.10804768,0.029522004,-0.019504938,-0.00013821892,0.07497886,0.15387966,0.16927281,0.1060064,0.0058870846,-0.06363332,-0.05989752,0.0053379284,0.06911544
-0.0018874848,-0.05016162,-0.118176766,-0.16295904,-0.15331602,-0.100995556,-0.043417316,-0.020731831,-0.04787774,-0.09543558,-0.12076923,-0.09405809,-0.026587883,0.0431562,0.072625674,0.04909743,0.004374225,-0.03043161,-0.012449552,0.04765329,0.101441644,0.11041147,0.06472725,-0.0089149475
0.06490914,0.102318875,0.10118649,0.070782565,0.01947971,-0.019395929,-0.023528986,-0.0053128502,0.015797291,0.01031921,-0.026296161,-0.08345159,-0.11821635,-0.11506145,-0.083996736,-0.047959074,-0.03788169,-0.05047709,-0.08940852,-0.10446915,-0.07958156,-0.029592838,0.025996547,0.054696523
-0.13973509,-0.1398205,-0.093680605,-0.053869296,-0.039468393,-0.06540117,-0.10922798,-0.1306949,-0.11170816,-0.060506012,-0.0012728166,0.026667852,0.012687584,-0.025593208,-0.04518627,-0.028341284,0.0192047,0.0696275,0.08643701,0.05390329,0.0025010472,-0.034144804,-0.033856895,-0.0001207581
-0.022500262,0.014922066,0.060205977,0.07506945,0.06006484,0.029778397,0.019184466,0.032178134,0.06887245,0.10185848,0.11206338,0.09051858,0.04434065,0.018507972,0.021619665,0.049836274,0.080511436,0.073141485,0.039788336,-0.007686184,-0.038895547,-0.036641404,-0.0066891676,0.021817496
0.030484417,-0.0139090605,-0.078366205,-0.11425331,-0.09711866,-0.039955474,0.01206342,0.028081015,-0.006643865,-0.059916295,-0.086047746,-0.060710985,0.003624867,0.0632417,0.07868715,0.04453073,-0.010255485,-0.042358793,-0.020870263,0.037159566,0.08906763,0.09377937,0.04649328,-0.022530247
0.20627742,0.2503965,0.208686,0.12931459,0.08189094,0.10774763,0.19549619,0.27764568,0.29211733,0.21980345,0.11448511,0.039654195,0.036707845,0.099294685,0.15970576,0.16224915,0.079051495,-0.03443781,-0.11319302,-0.1022521,-0.02012374,0.0650402,0.09237776,0.043269016
-0.15906033,-0.107136704,-0.031016715,-0.014460325,-0.05157164,-0.10846645,-0.12807167,-0.099650554,-0.02033954,0.054199602,0.09265775,0.070590176,0.010590954,-0.016650772,0.01587172,0.0828699,0.14713216,0.15642135,0.106075145,0.022593932,-0.03192961,-0.024763485,0.022310523,0.06696679
0.014063807,0.04144723,0.10424469,0.16974954,0.18063353,0.12617055,0.040151615,-0.02061763,-0.022324616,0.025332635,0.065096796,0.059193566,-0.0026986336,-0.09403655,-0.15438716,-0.14945862,-0.09132229,-0.027688097,-0.006596997,-0.04900035,-0.11419009,-0.14447221,-0.111004464,-0.024501998
0.06408431,0.03279162,0.03244498,0.08941298,0.13812444,0.14434204,0.09410853,0.01874262,-0.037436876,-0.03576447,-0.008383237,0.025673028,0.030547086,-0.022987552,-0.10264889,-0.15034457,-0.1385264,-0.08354425,-0.024556324,0.0032408256,-0.02834055,-0.08208177,-0.10537274,-0.07711572
0.06204037,0.024381122,-0.042185355,-0.08112851,-0.060898826,0.009815759,0.081116214,0.11206105,0.08070576,0.01830461,-0.017822983,-0.0011830225,0.06595536,0.13299437,0.15086912,0.106832266,0.03198885,-0.016225878,-0.01302126,0.043404065,0.1014683,0.10818749,0.05577748,-0.023439746
-0.061188325,-0.102167465,-0.07308062,0.015607438,0.09816908,0.12251261,0.07030315,-0.0028358365,-0.045880068,-0.015189038,0.06411545,0.13860461,0.15549226,0.09322461,0.0046199397,-0.051146563,-0.0390902,0.034598853,0.10347861,0.105500005,0.03723415,-0.056470282,-0.11407734,-0.09390811
-0.10434364,-0.15418498,-0.13315143,-0.05382415,0.018737845,0.03632085,-0.015409185,-0.08577673,-0.12564479,-0.09098324,-0.0094280485,0.06735361,0.09698463,0.044886846,-0.032596238,-0.07715471,-0.052308094,0.026826276,0.099085525,0.11154804,0.04889293,-0.040254463,-0.09472671,-0.080097735
-0.017479071,-0.055368274,-0.11437958,-0.15560019,-0.15364689,-0.11452817,-0.06635766,-0.04180939,-0.061814718,-0.100248896,-0.118330315,-0.100317076,-0.042467896,0.020438364,0.055710763,0.044777602,0.006238796,-0.021660453,-0.0117011815,0.034305368,0.08395265,0.097705565,0.06494371,0.0046101543
0.062062677,0.029706912,-0.019154327,-0.04448708,-0.014678981,0.050281662,0.107127465,0.12825955,0.09920631,0.0482865,0.02212511,0.0444666,0.09401788,0.14400424,0.148355,0.10469748,0.0411077,-0.001081913,0.0063107084,0.049244724,0.08940538,0.08358704,0.031413086,-0.034565866
0.03807574,0.013427838,0.023348365,0.08255114,0.12768012,0.12368402,0.062077582,-0.012704871,-0.060989287,-0.051287778,-0.015446408,0.015909351,0.015719337,-0.044765223,-0.12120135,-0.16193321,-0.14347225,-0.07682597,-0.018659534,-0.0017135846,-0.03822803,-0.09030244,-0.10759573,-0.06720448
0.026241802,0.03212994,-0.012794643,-0.08347263,-0.13123599,-0.12843603,-0.07502295,-0.02103022,-0.0060781534,-0.041673895,-0.09613551,-0.13013999,-0.1119357,-0.04730796,0.021471573,0.049528252,0.02400148,-0.032971375,-0.06808879,-0.046890568,0.016019829,0.078428544,0.09758657,0.057711326
-0.05352296,-0.106338404,-0.115014486,-0.07481977,-0.032642428,-0.033748135,-0.09113425,-0.16649967,-0.21313803,-0.19990194,-0.15163055,-0.09088972,-0.07261653,-0.10531206,-0.16063035,-0.18631138,-0.15168113,-0.076701395,0.0046747513,0.03627473,0.009136676,-0.04560456,-0.07638408,-0.05408093
0.032054383,-0.042300742,-0.104995154,-0.103737004,-0.052471314,0.0008998818,-0.0006560074,-0.050119568,-0.12309389,-0.16637792,-0.16320378,-0.10178568,-0.033092037,-0.013318912,-0.047283646,-0.11141965,-0.14800279,-0.11799273,-0.035763603,0.041651137,0.06703955,0.034373526,-0.033366747,-0.06991851
-0.15227802,-0.07933539,0.019338269,0.044268377,-0.0063994704,-0.09039348,-0.12880525,-0.10346838,-0.012439089,0.07774569,0.116377786,0.076297544,-0.010209451,-0.060151134,-0.030602152,0.052823298,0.14082125,0.15151048,0.09242193,-0.010218342,-0.079838954,-0.06463999,0.007397268,0.076250754
-0.1501295,-0.14699166,-0.08173557,-0.019304808,0.0040451074,-0.029265128,-0.08899039,-0.1264382,-0.104283504,-0.031353503,0.04430025,0.07696389,0.044329274,-0.013661636,-0.048388984,-0.030161837,0.03586483,0.10012667,0.11771673,0.070139304,-0.007978533,-0.06302726,-0.061598707,-0.010655161
0.0032865007,0.021567916,0.0757596,0.13480455,0.15275417,0.11376224,0.048087887,-0.0014995324,-0.0030111615,0.04022873,0.07934183,0.08456571,0.032317027,-0.04214063,-0.09717499,-0.09315561,-0.043719105,0.003412116,0.019270355,-0.017075539,-0.07719365,-0.11390428,-0.09265918,-0.0277287
0.056684226,0.021741545,-0.036179516,-0.070607536,-0.045709275,0.0206161,0.09010092,0.12062201,0.09134798,0.035818696,0.004339594,0.026542876,0.08433648,0.14457572,0.16294329,0.12184803,0.052271776,-0.0027446966,0.0014917874,0.04980179,0.09811905,0.10256918,0.04925332,-0.026907014
0.07419195,0.03428623,-0.029714366,-0.05707754,-0.02064209,0.069015995,0.158274,0.19678131,0.15974958,0.094714575,0.059878275,0.08297655,0.16056149,0.22789006,0.23761456,0.17814502,0.088990666,0.01910975,0.01866826,0.076679125,0.12662144,0.12276327,0.053367756,-0.04672413
0.1512243,0.1893423,0.15170607,0.07658307,0.029240347,0.048577495,0.12762827,0.20535056,0.22431964,0.16663316,0.07788739,0.011986736,0.010592588,0.07353552,0.14079432,0.15269698,0.08361151,-0.016038246,-0.08830408,-0.08274159,-0.009773471,0.06965447,0.09491478,0.050104275
0.031325545,-0.0018667779,-0.044910956,-0.05727371,-0.024678316,0.040234555,0.10787873,0.13711356,0.11112713,0.06861098,0.054395873,0.08025158,0.13713002,0.18352719,0.18483585,0.14299488,0.08909742,0.03515805,0.03684686,0.077008374,0.10600708,0.09228756,0.03798146,-0.039917562
0.051257864,0.013443397,0.020652164,0.094138965,0.1608432,0.17230812,0.10344385,0.011395623,-0.05413849,-0.050263476,-0.0053159515,0.04385112,0.052433763,-0.01568684,-0.11576795,-0.1769303,-0.16746369,-0.088198364,-0.010049341,0.01586645,-0.025886072,-0.098104544,-0.1334286,-0.09584224
-0.0036793184,-0.050127495,-0.11570788,-0.15831822,-0.14885136,-0.10033706,-0.044231,-0.021267809,-0.04799478,-0.09158965,-0.11438962,-0.08826799,-0.024309725,0.04307764,0.07218935,0.05431316,0.012310907,-0.023828555,-0.010176941,0.047173005,0.098398186,0.105815835,0.06444946,-0.0069660335
-0.060737476,-0.030008461,0.059238825,0.14512627,0.17969966,0.15297367,0.09093389,0.053909816,0.076957874,0.145138,0.21220174,0.2231813,0.17167024,0.08424846,0.018869558,0.014532832,0.058972176,0.11750041,0.11348078,0.047942135,-0.043265644,-0.10546501,-0.0983604,-0.031844337
0.010212035,0.014929838,-0.028565207,-0.104683004,-0.15195388,-0.14194481,-0.08636033,-0.030300226,-0.008880133,-0.044627562,-0.099130794,-0.12730019,-0.10769924,-0.036600288,0.03741084,0.06333224,0.030528877,-0.021890193,-0.05457761,-0.03641273,0.027797377,0.09085913,0.10335002,0.061684776
-0.043336038,-0.012532502,0.06470201,0.13236101,0.16097479,0.13737904,0.08574322,0.059474193,0.0819521,0.13418122,0.1879679,0.19605607,0.14738412,0.07347222,0.020354288,0.016652722,0.050716035,0.09609119,0.09177421,0.03171312,-0.04102548,-0.089331575,-0.082091294,-0.024004582
-0.115578346,-0.07491138,-0.029205618,-0.034291673,-0.09398302,-0.17072362,-0.21693456,-0.21280809,-0.15614955,-0.101216026,-0.08336712,-0.118789054,-0.1726532,-0.19600636,-0.16357079,-0.08807999,-0.013649188,0.021534579,-0.004764358,-0.05685806,-0.08047735,-0.05153495,0.017932119,0.07929436
-0.15884522,-0.15605123,-0.099342234,-0.045854323,-0.023780629,-0.042598564,-0.08292501,-0.101341024,-0.076415375,-0.013919083,0.056660227,0.08448732,0.07056617,0.029812712,0.0072730617,0.020284127,0.06756972,0.11920244,0.12743808,0.083850764,0.018379314,-0.030136695,-0.03727161,-0.006295716
0.024718905,-0.044852056,-0.10592449,-0.10691209,-0.06617571,-0.02460669,-0.02570802,-0.07099969,-0.1385062,-0.17822926,-0.17456916,-0.11757404,-0.057948187,-0.038810883,-0.069822356,-0.117999986,-0.14117068,-0.11760139,-0.042297773,0.03047664,0.056870863,0.028407479,-0.024733024,-0.05920705
-0.00042607897,0.006664427,-0.0132549945,-0.05052644,-0.06812786,-0.045518,0.00886117,0.058510493,0.07717694,0.058863636,0.032498185,0.018146284,0.032515887,0.08128786,0.12836362,0.1392932,0.104168534,0.05332114,0.016214289,0.015401108,0.0466491,0.07556893,0.07174198,0.030325312
0.061595894,0.043983392,0.05924464,0.12383816,0.1736664,0.18047039,0.12873437,0.061515003,0.015145592,0.020960193,0.052397065,0.07816736,0.07751042,0.016101219,-0.06808331,-0.11641603,-0.109174095,-0.054357927,-0.006848804,0.0057819993,-0.032796796,-0.088876754,-0.109140076,-0.07676658
0.0975847,0.07820969,0.0871019,0.14801674,0.20814535,0.22380447,0.18013881,0.114656664,0.05977006,0.05284485,0.077912025,0.109433345,0.10654982,0.047318738,-0.037222862,-0.09674613,-0.10450124,-0.06296633,-0.011945521,0.0027539292,-0.029617446,-0.084695876,-0.11450996,-0.08706003
-0.035455856,-0.07326311,-0.03855077,0.059458494,0.15130325,0.18591493,0.14642967,0.0784704,0.03535569,0.0666865,0.14313072,0.21648858,0.23094392,0.16579802,0.065596804,0.0022741847,0.0101397,0.06684654,0.12383036,0.12457854,0.048074294,-0.05634095,-0.118994236,-0.10906808
-0.09720204,-0.07610158,-0.04488827,-0.042633615,-0.07407585,-0.11933804,-0.15008174,-0.14862566,-0.113422945,-0.07734462,-0.054888524,-0.066598214,-0.097313754,-0.113167755,-0.09845786,-0.051057808,-0.0014180905,0.02506862,0.015200214,-0.019897157,-0.038065247,-0.02903233,0.009590439,0.044848092
0.07265046,0.03624639,-0.022183646,-0.047100604,-0.011689565,0.06858389,0.14380337,0.17680329,0.14016935,0.07576916,0.045243252,0.066782124,0.1383942,0.19601628,0.19834639,0.14130925,0.060148846,0.0025870579,0.0070675,0.061606117,0.11062962,0.10519452,0.0425194,-0.045065865
-0.14638728,-0.07818698,0.015670238,0.035637803,-0.013549179,-0.09493816,-0.14363329,-0.12789719,-0.040761787,0.04461214,0.08082927,0.0433223,-0.039750874,-0.088807315,-0.06199138,0.014793943,0.09630111,0.12581502,0.07625735,-0.02004302,-0.08355617,-0.06840624,0.0001039823,0.07734286
0.21026954,0.17870812,0.09528961,0.051550217,0.074195884,0.15261458,0.22587262,0.24467365,0.18319727,0.085728884,0.010899668,0.010819075,0.07446492,0.13056888,0.12943007,0.058942426,-0.046594154,-0.11643917,-0.10500841,-0.0271232,0.05056809,0.075469494,0.027587732,-0.050786443
0.08981169,0.05233581,-0.023038877,-0.07305954,-0.07338832,-0.026232753,0.023116017,0.034770813,-0.005519301,-0.07164517,-0.121993944,-0.113495946,-0.058625363,0.0013405455,0.02129779,-0.008251448,-0.06673435,-0.104888834,-0.08476823,-0.018422462,0.04942511,0.07631263,0.047265593,-0.0130498065
-0.073931605,-0.025372062,-0.014565167,-0.07631415,-0.16016528,-0.21462323,-0.20104718,-0.14024466,-0.07021953,-0.05461711,-0.08253111,-0.14235848,-0.17961346,-0.14430924,-0.057874814,0.024551528,0.05623723,0.03046902,-0.031862322,-0.073304586,-0.043604054,0.029508084,0.09800174,0.11436868
0.08258424,0.037534148,-0.045033038,-0.098715365,-0.103871875,-0.06905056,-0.035075065,-0.035531078,-0.08377491,-0.15021174,-0.20003319,-0.19050284,-0.13069238,-0.0746198,-0.05563789,-0.08182165,-0.12813179,-0.15042537,-0.1161737,-0.037796397,0.034456987,0.06499728,0.04145701,-0.009233447
-0.021430796,-0.025364628,-0.072737485,-0.14347339,-0.18624765,-0.17823465,-0.12299473,-0.067310706,-0.050027847,-0.0803033,-0.12159109,-0.14334641,-0.115547225,-0.042014126,0.033306584,0.06318112,0.040589623,-0.008979775,-0.03832897,-0.017390525,0.043682538,0.09835791,0.10684497,0.060029514
-0.04689225,-0.095400184,-0.095769234,-0.04280344,0.01148601,0.018351164,-0.04319652,-0.11967918,-0.16879731,-0.15493727,-0.098525286,-0.038110107,-0.016589332,-0.058277264,-0.12496467,-0.1621595,-0.14112835,-0.057514008,0.020414915,0.0454379,0.012026231,-0.052919257,-0.090401985,-0.06409433
0.028093604,-0.045885585,-0.09138039,-0.057358664,0.03528336,0.12682879,0.15455207,0.12322993,0.050462343,0.010085967,0.035979174,0.11365347,0.19624534,0.21090914,0.15153809,0.057490528,-0.0067510917,0.0025037618,0.06445,0.12864834,0.131427,0.058581628,-0.04370228,-0.108012564
-0.035270922,0.034656323,0.073209114,0.036929812,-0.029229186,-0.07132104,-0.03864432,0.038584743,0.11730165,0.14322828,0.11699239,0.047859713,-0.0043511456,0.01443665,0.08624171,0.15705585,0.17722286,0.116748415,0.024219545,-0.040952325,-0.03776306,0.020813603,0.083137736,0.09052591
-0.15253507,-0.14427392,-0.07773486,-0.014750658,-0.0015750943,-0.049165774,-0.11112594,-0.14517762,-0.12307812,-0.05026461,0.024516799,0.05007146,0.01678998,-0.04812155,-0.08284696,-0.05475947,0.022797301,0.08022562,0.09650471,0.04988439,-0.026534624,-0.07313814,-0.057517257,-0.004895024
0.01077772,-0.056008816,-0.109087214,-0.10444888,-0.056284796,-0.013673901,-0.024642743,-0.07162632,-0.13778527,-0.17382434,-0.16069356,-0.10220266,-0.042114552,-0.02865188,-0.061412293,-0.11413436,-0.14248864,-0.105822265,-0.028169205,0.03630341,0.05773689,0.024170166,-0.03431665,-0.060708568
-0.18417382,-0.123819694,-0.036602166,-0.016753554,-0.060811963,-0.12841657,-0.15287776,-0.11895098,-0.028860163,0.05713022,0.102356374,0.07356332,0.0069852285,-0.024679037,0.009802604,0.09098332,0.16720349,0.17887409,0.11751903,0.02334201,-0.03777431,-0.031291503,0.027347427,0.077956885
-0.02490634,0.045640625,0.124725975,0.14830627,0.11667872,0.059736304,0.029753162,0.04767443,0.10888054,0.16162547,0.17457037,0.12908578,0.050604466,-3.405384e-05,0.0033833508,0.05129649,0.095420346,0.095589735,0.03976671,-0.041558675,-0.08944095,-0.077098995,-0.017360078,0.04337795
0.055866867,0.07191303,0.031520586,-0.03981316,-0.078130595,-0.054345798,0.025486585,0.10216907,0.122666694,0.07596941,0.013349038,-0.02388535,-0.005358598,0.06724401,0.13661575,0.15384741,0.102792956,0.014350757,-0.03924855,-0.027398767,0.03829244,0.09964035,0.108039595,0.04759716
-0.11463308,-0.15663663,-0.13611276,-0.07180863,-0.013305361,-0.00029712336,-0.04209404,-0.0957789,-0.122002415,-0.089177296,-0.015592988,0.051654354,0.07563114,0.035977613,-0.024913663,-0.055372912,-0.026730644,0.038976766,0.09855521,0.10454488,0.05090287,-0.025595551,-0.07087875,-0.06167118
0.032149386,-0.04423219,-0.0931874,-0.063056335,0.022285653,0.106266946,0.1271433,0.087130286,0.012800122,-0.026797457,-0.0045909802,0.073697895,0.14980948,0.16362678,0.10447021,0.016814854,-0.037704583,-0.023704533,0.045324806,0.11296027,0.117521845,0.04896928,-0.046000298,-0.104151994
-0.0070386757,0.009269618,0.05855323,0.11345229,0.12252581,0.07572856,0.0067445803,-0.044221006,-0.044106483,0.002313265,0.04030388,0.038908076,-0.011212399,-0.08221568,-0.13150595,-0.12099346,-0.061019305,-0.00683732,0.0073788743,-0.024311975,-0.08137369,-0.11396592,-0.0862068,-0.017695958
0.057138182,0.070403,0.0337755,-0.025012897,-0.053706303,-0.027860578,0.048368238,0.11844695,0.13464957,0.09427,0.039188825,0.0037373242,0.024182491,0.08904929,0.1488128,0.15802692,0.10990382,0.0281561,-0.0253354,-0.012871205,0.042450298,0.09202972,0.09439369,0.03696829
0.1696224,0.21089898,0.18412486,0.12770614,0.089952655,0.111348,0.18175307,0.24955083,0.26453102,0.2065886,0.123693116,0.057479966,0.05331482,0.097437076,0.14019501,0.1358284,0.07149164,-0.019520517,-0.084290504,-0.08129299,-0.02022012,0.046519578,0.06788677,0.029645393
-0.083546974,-0.13985506,-0.1445159,-0.09246818,-0.044114,-0.047140304,-0.11254209,-0.19277453,-0.24129543,-0.21636361,-0.15185018,-0.087318495,-0.0626618,-0.1005948,-0.15991439,-0.18289216,-0.14568552,-0.055124402,0.023852237,0.05312094,0.017194027,-0.049186386,-0.08114555,-0.053539444
0.15687092,0.19001536,0.16575722,0.1137006,0.08734305,0.1067937,0.16621089,0.2217022,0.22980487,0.17831372,0.104988955,0.055500023,0.04669989,0.08508255,0.124908425,0.120850936,0.061097067,-0.023362244,-0.07338238,-0.071080886,-0.01861131,0.03962779,0.053507347,0.020995433
-0.11686735,-0.089637,-0.046628654,-0.038224097,-0.074939944,-0.13717994,-0.17659676,-0.17699437,-0.13341692,-0.08032589,-0.050438233,-0.06645748,-0.11092588,-0.1363959,-0.119248606,-0.05782212,0.01334946,0.04221238,0.025378019,-0.020024726,-0.05163651,-0.044165414,0.005759336,0.053275377
-0.03481322,-0.11957426,-0.1772481,-0.16173483,-0.08427425,0.0013155711,0.028025702,-0.0009662652,-0.06650404,-0.10320456,-0.07330773,0.011908618,0.10403086,0.13839526,0.10373803,0.0275325,-0.028680932,-0.0074020564,0.06287007,0.13189468,0.1463459,0.084910445,-0.014836513,-0.08203984
-0.07067623,-0.118608855,-0.1318624,-0.10303886,-0.074290775,-0.076876886,-0.120153904,-0.17644326,-0.21347834,-0.2017407,-0.16020232,-0.11246024,-0.08459716,-0.10369165,-0.14131626,-0.15781015,-0.1249398,-0.062312085,0.003437108,0.036093876,0.018526098,-0.023132399,-0.04779185,-0.03672369
-0.027774887,-0.064591736,-0.04010616,0.041632634,0.121609025,0.15288562,0.11488403,0.052215833,0.010702258,0.03264745,0.09756083,0.16150013,0.17787686,0.12388186,0.036929224,-0.022314614,-0.015972799,0.039649554,0.096847005,0.10248563,0.041367386,-0.048035197,-0.10548654,-0.096155964
0.13163151,0.14428103,0.075787425,-0.015493847,-0.08111528,-0.08321096,-0.029119467,0.021442635,0.019702299,-0.044033255,-0.13583548,-0.19724202,-0.18391961,-0.11330979,-0.041020982,-0.015519391,-0.056134142,-0.12573446,-0.16330059,-0.12393933,-0.031115841,0.059739143,0.09755223,0.061787974
-0.0034201832,-0.04155825,-0.09355724,-0.12496166,-0.113757774,-0.07445673,-0.035155572,-0.021814885,-0.04748227,-0.08330985,-0.09819328,-0.073257655,-0.021076992,0.02886716,0.05153122,0.033242937,-0.0059406077,-0.029074254,-0.010686216,0.033829283,0.0739571,0.08056803,0.044325933,-0.008555271
0.04805848,-0.02878099,-0.09439212,-0.084818386,-0.025864502,0.03759973,0.03996424,-0.011396448,-0.091218315,-0.14093497,-0.13517869,-0.07202451,0.003228882,0.020951878,-0.026205838,-0.10088495,-0.1466366,-0.11481717,-0.033005305,0.048139546,0.07476883,0.032919507,-0.03988147,-0.08138806
0.14105526,0.16476221,0.13763206,0.09651424,0.07325154,0.09119638,0.1379723,0.1786449,0.1791375,0.13204616,0.069422334,0.024047205,0.025889477,0.057196233,0.08260185,0.07394437,0.021823421,-0.037624627,-0.078461066,-0.06642957,-0.017742153,0.028532226,0.04180533,0.015992356
0.07406916,0.095478326,0.05770626,-0.010674172,-0.043732073,-0.0038752104,0.091708094,0.17867796,0.20354325,0.15471345,0.08575351,0.04128372,0.065593965,0.14303629,0.21396476,0.2173928,0.14754209,0.04904978,-0.018806327,-0.0098438095,0.05364543,0.11404367,0.11214475,0.042047918
-0.0007256505,0.022641098,0.08672189,0.1536233,0.16405739,0.111363225,0.029892685,-0.03120064,-0.027930314,0.027656974,0.06860955,0.06517017,0.0033584887,-0.084281005,-0.14467633,-0.13754457,-0.06965117,-0.0070133153,0.010866161,-0.029551454,-0.10131985,-0.1377578,-0.10675931,-0.024832964
0.11065029,0.055014074,-0.04981934,-0.11738649,-0.112884775,-0.051872365,0.0019356713,0.0113223605,-0.04952653,-0.14267375,-0.20358063,-0.18851577,-0.10852078,-0.030249413,-0.005629121,-0.05034638,-0.12808749,-0.16344891,-0.12325072,-0.030543104,0.06490305,0.09876529,0.05503481,-0.019589309
0.044752486,0.006653774,-0.05507254,-0.09191483,-0.076076426,-0.021252604,0.032542862,0.052653987,0.020006053,-0.033558954,-0.06370542,-0.04480006,0.014392097,0.072138526,0.090771794,0.056975935,-0.00058734854,-0.03879001,-0.024139442,0.029562345,0.081293195,0.090450674,0.046150178,-0.020176185
0.048834663,0.09851012,0.09871583,0.046035443,-0.030909352,-0.08497669,-0.076218806,-0.03689692,0.003940467,0.0036302842,-0.04752103,-0.11924196,-0.1701912,-0.15083668,-0.08801311,-0.022610841,0.0036291594,-0.038520087,-0.093436666,-0.11976983,-0.08842705,-0.013380972,0.060509074,0.082124025
-0.038899176,-0.112170555,-0.15860794,-0.14103605,-0.081070304,-0.022645965,-0.01127674,-0.044812433,-0.101503946,-0.12295012,-0.09384174,-0.023476338,0.048981797,0.07058339,0.036645222,-0.016976114,-0.04382604,-0.01922139,0.042970255,0.10374281,0.10947868,0.055027727,-0.018542234,-0.067348406
-0.0410272,-0.024458705,0.030732067,0.08826996,0.11084547,0.0923777,0.0517031,0.02471754,0.035929877,0.07847039,0.12328497,0.13339454,0.10325091,0.044597466,-0.00043531304,-0.0051159095,0.026339455,0.06489869,0.06802425,0.029634481,-0.029173192,-0.069644995,-0.06557261,-0.02355876
0.023401922,-0.06540098,-0.15077868,-0.15887986,-0.11313589,-0.06423016,-0.07095519,-0.12551484,-0.21215293,-0.26715845,-0.26266846,-0.20067787,-0.114720896,-0.08470205,-0.11671593,-0.17721075,-0.20867918,-0.16516887,-0.07164957,0.025648165,0.07050749,0.040438958,-0.023892166,-0.06326241
-0.073377796,-0.045300845,0.042903062,0.12543951,0.15665732,0.122667745,0.053184044,0.01093116,0.03323397,0.104126506,0.17263833,0.18660448,0.13235255,0.044409513,-0.014828111,-0.014651774,0.03781404,0.10081574,0.10640854,0.04091209,-0.050802954,-0.10816647,-0.09975799,-0.02818637
0.025938788,-0.047248505,-0.15467194,-0.22298545,-0.2064294,-0.11939382,-0.03134792,-0.0010490831,-0.049172975,-0.13048355,-0.17577532,-0.13512902,-0.030999092,0.07442758,0.11292483,0.0698568,-0.01237964,-0.06550335,-0.03479451,0.06042606,0.14778365,0.16335696,0.09272754,-0.02031912
0.03722681,-0.014373301,-0.044925775,-0.0111264065,0.06492726,0.14055292,0.16702113,0.14607084,0.089302346,0.058349144,0.07911258,0.1358936,0.19684522,0.20449272,0.1546258,0.07813865,0.020669864,0.020090377,0.060210936,0.10348286,0.10128265,0.04212198,-0.037930857,-0.08979575
-0.13065422,-0.17919415,-0.16294539,-0.097984724,-0.035567928,-0.01619575,-0.057569724,-0.1143879,-0.14248519,-0.10843316,-0.029077262,0.045649756,0.07736533,0.042112205,-0.01687202,-0.05031356,-0.029866332,0.04622334,0.10819823,0.11669759,0.06413445,-0.016449159,-0.068281405,-0.05958796
0.031536166,0.07019577,0.06788785,0.021549553,-0.047990825,-0.10257145,-0.110216536,-0.08819324,-0.056312587,-0.05532772,-0.09583802,-0.15510656,-0.19692707,-0.18542641,-0.13321562,-0.07609966,-0.04929963,-0.063870825,-0.10033276,-0.11826688,-0.08905434,-0.022726167,0.044778246,0.07695952
0.018828707,-0.027730348,-0.076759696,-0.08473472,-0.0678464,-0.04737898,-0.055196464,-0.08856657,-0.13732797,-0.17005405,-0.17098989,-0.13820218,-0.0958989,-0.081036374,-0.0968704,-0.1230874,-0.1395816,-0.114991665,-0.060043205,-0.0071021505,0.022250928,0.014005675,-0.011832322,-0.028732633
-0.004964009,0.00074431003,0.027208012,0.060500275,0.058966883,0.017663142,-0.045931574,-0.0963585,-0.10219306,-0.07109553,-0.046213858,-0.047007862,-0.0826964,-0.13323213,-0.1671155,-0.15595996,-0.107668795,-0.050180554,-0.026740752,-0.041427508,-0.074985765,-0.09206004,-0.065866396,-0.0056114267
0.06276564,0.11479059,0.12641898,0.091903396,0.035104554,-0.0063352664,0.0043434394,0.042809166,0.079105675,0.07796663,0.035735942,-0.02826344,-0.076426454,-0.07067111,-0.027561437,0.01936544,0.032273304,-0.011318817,-0.06655505,-0.098136455,-0.07868366,-0.02020153,0.040493496,0.05990634
0.08228672,0.05180375,-0.012322755,-0.058898713,-0.06368307,-0.03995484,-0.016777307,-0.01648286,-0.055821862,-0.11133859,-0.15476422,-0.15028411,-0.11180826,-0.06883368,-0.050053176,-0.06740929,-0.10707299,-0.12955682,-0.10257218,-0.04571856,0.014271638,0.044284225,0.02948207,-0.0057995794
0.09292144,0.09915015,0.046191312,-0.023943486,-0.07557894,-0.08964879,-0.0693373,-0.044491634,-0.052032765,-0.101389006,-0.166385,-0.20924814,-0.20118853,-0.15664452,-0.10615488,-0.08443804,-0.10576192,-0.13901417,-0.15020943,-0.11707165,-0.044250015,0.026739884,0.06074297,0.049004722
0.0561255,0.105924994,0.1140612,0.07338967,0.0074128862,-0.039377127,-0.039818786,-0.009750689,0.025882967,0.02201396,-0.024105757,-0.08884927,-0.13345769,-0.12851554,-0.085037164,-0.03670589,-0.021682527,-0.049518295,-0.09326921,-0.1184664,-0.092761405,-0.026294446,0.03979173,0.06692156
-0.05372441,-0.013859077,0.008681074,-0.018480692,-0.05909123,-0.077863105,-0.042533275,0.018322658,0.07569051,0.09432279,0.08222723,0.046066184,0.020287396,0.04452884,0.0969963,0.14649089,0.15744638,0.11105228,0.044619463,0.003109984,0.006434158,0.038790032,0.07232959,0.062981755
0.022300065,-0.012699051,-0.003590335,0.05876882,0.11144067,0.11119448,0.043874513,-0.043055013,-0.095918335,-0.08029035,-0.038054526,0.008438059,0.008408855,-0.052127395,-0.13064925,-0.17357375,-0.15229651,-0.07738261,-0.0055610593,0.014184348,-0.029376492,-0.0893071,-0.11588994,-0.07474396
-0.066550255,-0.040554233,0.04677501,0.13261487,0.16961592,0.14209343,0.07658371,0.03395846,0.054089483,0.122238,0.1927608,0.21168181,0.15798514,0.070130475,0.0039690817,6.483868e-05,0.047638077,0.10948739,0.11407181,0.04918455,-0.042558998,-0.1068954,-0.10216888,-0.033942886
-0.15119936,-0.14817908,-0.086842224,-0.029071365,-0.008793622,-0.033445854,-0.08323665,-0.11319867,-0.089449584,-0.024358075,0.045183152,0.07629701,0.055430036,0.00398008,-0.02789773,-0.01603857,0.03853235,0.09758597,0.11483923,0.07226383,0.0011660372,-0.04779181,-0.05053185,-0.010157652
0.031008422,-0.0026296421,0.008891853,0.07728834,0.13904236,0.15592548,0.105561644,0.029296031,-0.021865334,-0.013151167,0.029115187,0.07787514,0.083734006,0.026651774,-0.059752204,-0.11536259,-0.105189,-0.04532605,0.020951463,0.038332738,-0.0067040506,-0.074783675,-0.11308022,-0.088865355
0.04547162,0.017530533,0.0184899,0.06635219,0.11240994,0.12313405,0.07800532,0.013316777,-0.033064976,-0.032425664,-0.005134533,0.028713262,0.034358285,-0.009197049,-0.07772349,-0.12134006,-0.1180173,-0.063085005,-0.010791147,0.010150353,-0.015825797,-0.065671064,-0.09092235,-0.06542194
-0.0015522336,-0.054651856,-0.12616079,-0.16746056,-0.1491409,-0.088710815,-0.03087232,-0.010262585,-0.044594333,-0.0954209,-0.11598982,-0.08315147,-0.008575382,0.062671706,0.088666536,0.059321802,0.0042801737,-0.027697923,-0.0059635215,0.05646631,0.11164653,0.114693694,0.061321665,-0.016302383
-0.12513083,-0.17085585,-0.1520242,-0.086198665,-0.030330874,-0.0207001,-0.06476684,-0.12280448,-0.14929795,-0.110956654,-0.034590784,0.033955812,0.05790086,0.018897315,-0.042547554,-0.06745625,-0.030618263,0.039640818,0.09926376,0.107937425,0.051893562,-0.027505443,-0.06953819,-0.059161127
-0.015418532,-0.0031022544,0.041556902,0.09124552,0.097323164,0.054108497,-0.011205888,-0.06071166,-0.062118217,-0.021643909,0.012952769,0.016439905,-0.024994135,-0.09150433,-0.13905776,-0.12969808,-0.07370017,-0.022605767,-0.0003893502,-0.025498528,-0.0767096,-0.10416162,-0.078647524,-0.018232651
-0.00536874,-0.05085847,-0.120022625,-0.17048368,-0.1598754,-0.097092405,-0.03192892,0.0012310424,-0.022690427,-0.07811967,-0.106284805,-0.081187375,-0.0047800685,0.072773255,0.108201124,0.0787607,0.016578037,-0.021227585,-0.0062854686,0.051911686,0.11341722,0.12709603,0.07486101,-0.0065854248
0.11524546,0.070471406,0.02249986,0.03457696,0.08230562,0.12667093,0.1270412,0.088176206,0.018490655,-0.03215176,-0.04050284,-0.009298807,0.0335706,0.033442,-0.015902748,-0.081136174,-0.12289356,-0.112278625,-0.05885696,-0.00013517802,0.023941267,-0.004121448,-0.050108843,-0.07348248
0.07126001,0.034903448,-0.019685676,-0.042768296,-0.0027617596,0.0814297,0.15770286,0.18861704,0.15551798,0.097540215,0.06925339,0.09530909,0.16077399,0.21900006,0.2225875,0.16536337,0.08019572,0.025120258,0.024852784,0.074012525,0.11699874,0.1063968,0.03996718,-0.044191893
0.14007623,0.10182746,0.0638536,0.08449877,0.14019924,0.18809997,0.18179321,0.13661428,0.06447735,0.01602015,0.0058156815,0.035425447,0.07298039,0.060906332,0.003957153,-0.07197467,-0.12518415,-0.111622065,-0.057470556,-0.004530746,0.010595094,-0.019151604,-0.06911022,-0.08401335
-0.03651025,-0.08048502,-0.089013435,-0.050900195,-0.015396013,-0.013418725,-0.0609427,-0.12619635,-0.16802478,-0.15719603,-0.117123626,-0.06982828,-0.05105759,-0.07977622,-0.12971616,-0.15486129,-0.1301821,-0.06460011,0.0011565553,0.029429296,0.006218103,-0.04088649,-0.06642571,-0.047913168
-0.044350583,-0.1148864,-0.16322517,-0.1520956,-0.094207965,-0.030534055,-0.007550681,-0.02872449,-0.08049746,-0.106852174,-0.08095117,-0.012352631,0.064550616,0.09441324,0.0706204,0.016212171,-0.019851211,-0.005940009,0.05053326,0.1086775,0.12019331,0.07245196,-0.004437643,-0.061944474
0.025587153,0.04467684,0.08138959,0.117074855,0.11684728,0.0750656,0.017450735,-0.024570817,-0.025375579,0.00321432,0.022091066,0.014611516,-0.035586003,-0.09292782,-0.1294815,-0.11924625,-0.07518157,-0.035997834,-0.022831786,-0.04974164,-0.08701256,-0.10101882,-0.07078048,-0.009852014
-0.030287188,0.020659484,0.036658775,-0.013066248,-0.08385459,-0.12585592,-0.10625738,-0.04880879,0.014223952,0.026319552,-0.0068512573,-0.06567888,-0.103376016,-0.07762455,-0.009636055,0.05659476,0.07496539,0.039761893,-0.026573848,-0.06550263,-0.043514468,0.01965328,0.08085294,0.092726454
0.050388627,0.12561558,0.15168026,0.11128292,0.03928628,-0.0049738144,0.024492892,0.0928591,0.15610763,0.16465572,0.116042174,0.028532874,-0.028273582,-0.014758128,0.049558718,0.11052792,0.11829268,0.054604556,-0.03914425,-0.0924677,-0.07537844,-0.003702361,0.06918983,0.08506914
-0.15543751,-0.14798313,-0.079589486,-0.019683512,0.0022010691,-0.02784356,-0.080777936,-0.110348284,-0.0827565,-0.009900422,0.064291604,0.09668752,0.06331326,0.008718154,-0.019897321,0.0002647748,0.0595387,0.11548163,0.12786707,0.074543096,-0.0032399918,-0.054232705,-0.053506903,-0.0071893227
-0.09752644,-0.092590034,-0.054761514,-0.019808572,-0.02894734,-0.07742339,-0.13640717,-0.17340168,-0.15972166,-0.10674636,-0.06413314,-0.059480444,-0.08622576,-0.13084398,-0.14886668,-0.11952882,-0.0534154,0.005885926,0.021451436,-0.0024146743,-0.048196964,-0.06754545,-0.040439874,0.01252864
-0.049869556,-0.027848737,-0.027943803,-0.06885863,-0.120644905,-0.15204705,-0.13709892,-0.09958986,-0.05981391,-0.049347643,-0.06934485,-0.10231737,-0.119729415,-0.09105845,-0.036050852,0.017382875,0.04303759,0.018735548,-0.018061215,-0.034006048,-0.015199666,0.02793899,0.06750994,0.06696935
0.018972928,0.022696612,-0.030886507,-0.11113795,-0.1619283,-0.14726175,-0.077571765,-0.011512223,0.0065797837,-0.035594333,-0.09578717,-0.13076468,-0.101443335,-0.02037814,0.06173917,0.08764883,0.047693804,-0.01897857,-0.059895378,-0.035818417,0.03679586,0.10612739,0.11839688,0.0637148
0.08067087,0.03605583,-0.048185434,-0.09569094,-0.10256516,-0.07075578,-0.044136845,-0.04824132,-0.10023318,-0.16492638,-0.20952225,-0.20848413,-0.14503141,-0.091143735,-0.07544825,-0.10111936,-0.14350227,-0.15482059,-0.12188647,-0.04341765,0.029039336,0.05689053,0.03721526,-0.009160947
-0.008300978,0.004239545,0.039520986,0.074992195,0.074315526,0.03443951,-0.023235423,-0.06406515,-0.06549081,-0.034775123,-0.011992776,-0.01468179,-0.04713363,-0.10204283,-0.1354549,-0.12755567,-0.083319634,-0.039396647,-0.018280027,-0.03694998,-0.07476813,-0.08757648,-0.063441575,-0.010080937
0.0021379828,0.031323485,0.10008718,0.16858844,0.1842143,0.13761173,0.060843613,0.00777357,0.015129918,0.06733322,0.11138711,0.10791925,0.0446604,-0.04316592,-0.10501744,-0.10150344,-0.04544855,0.015183087,0.025106316,-0.02384127,-0.09433382,-0.13377675,-0.10561955,-0.024193916
0.028340606,0.047252074,0.088332295,0.13413635,0.14265291,0.114201106,0.0642572,0.024055567,0.023487482,0.05457498,0.07514407,0.067720704,0.027530896,-0.031687982,-0.0760957,-0.0793594,-0.047147658,-0.007720303,-0.0010697334,-0.026561942,-0.071351685,-0.09425159,-0.07443681,-0.020350702
0.08088835,0.08462977,0.042894755,-0.012195496,-0.048596844,-0.052879956,-0.032337602,-0.011968309,-0.017732771,-0.057903748,-0.11153821,-0.14400429,-0.1376264,-0.099902414,-0.061190788,-0.050059956,-0.07011535,-0.10017345,-0.1092295,-0.08271446,-0.02685458,0.026132394,0.046298258,0.03269521
0.045267988,0.012120666,0.013646509,0.06547253,0.12221747,0.13359948,0.08387219,0.013603043,-0.03991962,-0.038645484,-0.0051485123,0.03885883,0.041741576,-0.0052479347,-0.077573456,-0.12362277,-0.11754648,-0.06425952,-0.0022231815,0.018272744,-0.0122966105,-0.06935934,-0.101803415,-0.07644048
-0.18116717,-0.16760975,-0.07929632,0.0048811515,0.023984818,-0.026085146,-0.09951909,-0.14351311,-0.10924891,-0.013355258,0.07942442,0.1083382,0.061449695,-0.018915132,-0.06695532,-0.038323782,0.052637596,0.13016145,0.14048108,0.076157354,-0.025807196,-0.0915516,-0.07588358,-0.0076480284
-0.12317903,-0.12589785,-0.0885879,-0.05180256,-0.05395948,-0.10292148,-0.16729352,-0.20831832,-0.19792598,-0.14519814,-0.09077028,-0.07087781,-0.09553897,-0.14147264,-0.16397905,-0.13284014,-0.062039588,0.004002564,0.031655915,0.008050153,-0.038204238,-0.065809436,-0.043469068,0.009217388
0.134757,0.16079429,0.12835568,0.07327361,0.042197768,0.06636069,0.1271702,0.18077458,0.18900594,0.13820256,0.06736004,0.019516744,0.021631708,0.06970529,0.11415731,0.11194686,0.049482785,-0.023552947,-0.07215094,-0.06384008,-0.006068695,0.052076463,0.06444835,0.0281727
0.042235307,0.07227728,0.07131974,0.043069933,-0.0024432917,-0.038610242,-0.045168433,-0.030986758,-0.013342746,-0.016475054,-0.046013974,-0.09049423,-0.120390154,-0.11686669,-0.08670747,-0.050832964,-0.03885617,-0.0501404,-0.077237345,-0.09037598,-0.06921493,-0.023982266,0.024273098,0.048126884
-0.10296029,-0.060085554,0.0009499201,0.014154081,-0.009718688,-0.044343676,-0.05096232,-0.023952596,0.038465235,0.093110554,0.11668226,0.097907424,0.05115291,0.032074925,0.05314748,0.09891602,0.139844,0.13677336,0.090601526,0.025952224,-0.017092355,-0.014724424,0.01707317,0.044470046
-0.11094466,-0.07288413,-0.01310649,0.0037614324,-0.02068451,-0.0630535,-0.07764986,-0.05901932,-0.001700034,0.056854356,0.08460124,0.06874502,0.02179109,-0.0023290184,0.015979657,0.06449953,0.11825042,0.119941175,0.08302299,0.022447098,-0.024420943,-0.023659332,0.010311793,0.04138407
0.119686075,0.079248376,0.041657537,0.061702672,0.11531019,0.16724695,0.16683763,0.124924555,0.058445826,0.012684189,0.004910168,0.038239047,0.07910384,0.072246045,0.017412765,-0.056738235,-0.10860538,-0.09519116,-0.042516444,0.009793256,0.023776704,-0.007954491,-0.060167976,-0.08095573
0.15780883,0.1956586,0.15433306,0.07700176,0.026547186,0.04247114,0.11868816,0.19590008,0.2132896,0.15136096,0.05940746,-0.013427571,-0.011377315,0.05122389,0.118333966,0.12607074,0.06175732,-0.03360515,-0.103220485,-0.092769384,-0.015566171,0.067219846,0.09335979,0.050831005
0.009844507,-0.0284548,-0.08410703,-0.12084504,-0.11152926,-0.06978718,-0.027651154,-0.013190761,-0.03928537,-0.081053235,-0.10260658,-0.07944004,-0.028234622,0.025609195,0.04898782,0.02858093,-0.012142756,-0.03930014,-0.019368296,0.02786116,0.073134616,0.08303551,0.046199754,-0.009520926
0.09399308,0.048338115,0.007491257,0.025794476,0.07820785,0.12672369,0.12634432,0.08657533,0.020097071,-0.023068205,-0.023891954,0.014203916,0.058040135,0.05622109,0.004145535,-0.060405213,-0.10260327,-0.08948913,-0.035367496,0.01849949,0.034083206,-0.0011877154,-0.051645905,-0.07721474
-0.009633017,-0.009708405,-0.057117604,-0.13003743,-0.18333188,-0.18047723,-0.12237734,-0.06660997,-0.04775293,-0.07825354,-0.12846269,-0.15557462,-0.13061805,-0.059067115,0.016362917,0.05202733,0.032703117,-0.024979884,-0.056816403,-0.033039443,0.029119577,0.09262406,0.111464895,0.06360543
0.10563183,0.089503385,0.044029627,0.017769752,0.024514219,0.056732386,0.08490299,0.09127066,0.058686465,0.006675171,-0.0315814,-0.036115255,-0.003998286,0.023530865,0.024466421,-0.00899127,-0.05673248,-0.082308866,-0.071845844,-0.030140007,0.014769988,0.03158284,0.012228479,-0.019909387
-0.019602662,0.0019469301,0.06065824,0.114758514,0.118243545,0.057906553,-0.029336672,-0.08812547,-0.08446566,-0.033304673,0.0076047396,0.0072211623,-0.053875413,-0.13530737,-0.18448162,-0.16636454,-0.096270844,-0.030913929,-0.0052926424,-0.04490824,-0.105836466,-0.13246563,-0.09636413,-0.012515511
0.17164974,0.13148731,0.040009893,-0.016111983,-0.0026355942,0.06913194,0.14177455,0.16214524,0.10467208,0.011761965,-0.061505396,-0.057402212,0.010549805,0.07971566,0.09274393,0.037089575,-0.054425813,-0.12093315,-0.10558447,-0.021657279,0.06172508,0.0907986,0.045881502,-0.036426473
0.023808863,-0.009850989,-0.06270846,-0.09357888,-0.082164675,-0.038042445,0.0023480202,0.016540833,-0.010151742,-0.05360967,-0.07387744,-0.05637035,-0.0064023766,0.043025326,0.059003063,0.03428711,-0.011679036,-0.03429557,-0.01981203,0.023905946,0.06874811,0.07493472,0.039789733,-0.01222219
-0.045047775,0.0075987782,0.02278509,-0.030377503,-0.11176731,-0.1665016,-0.14607129,-0.08379445,-0.018745597,-0.002530864,-0.037268754,-0.102474324,-0.14082949,-0.114140496,-0.035487033,0.042337246,0.07675328,0.030430513,-0.03557021,-0.07403448,-0.05252291,0.020898122,0.09058337,0.09937285
-0.0056587546,-0.056080587,-0.12528296,-0.1678806,-0.15287796,-0.0975833,-0.04156836,-0.019612692,-0.051933523,-0.10202005,-0.12243013,-0.09049051,-0.020057272,0.04954206,0.078145385,0.05337247,0.0030709628,-0.03193222,-0.00881773,0.050180558,0.1050294,0.111861005,0.062324125,-0.013691021
0.051768966,0.08215162,0.07632233,0.039682996,-0.010508447,-0.047488254,-0.055233307,-0.04082969,-0.02198293,-0.032235816,-0.06808868,-0.115363084,-0.14450411,-0.13804555,-0.10644401,-0.07221935,-0.0641701,-0.069167405,-0.09571166,-0.10476972,-0.074255474,-0.023521133,0.027414763,0.055527035
-0.11914313,-0.053524386,0.030723495,0.05494405,0.016554188,-0.04618173,-0.07296146,-0.044998415,0.03383761,0.107059255,0.14151524,0.102906115,0.03206408,-0.007932897,0.012695696,0.07887041,0.14152841,0.15193531,0.08924392,-0.0013583499,-0.05765285,-0.051009372,0.008215313,0.064580366
0.032279722,-0.027848056,-0.116742395,-0.17085557,-0.15390134,-0.08530961,-0.011526546,0.013521564,-0.029865118,-0.09605038,-0.13216418,-0.09793339,-0.01910215,0.06616661,0.09771663,0.06561626,0.0029848372,-0.050485235,-0.026553163,0.049563624,0.11916948,0.1298325,0.072853066,-0.021166556
-0.051470798,-0.10180167,-0.114716955,-0.08260723,-0.042405605,-0.03529537,-0.084184155,-0.14998733,-0.19399208,-0.18751055,-0.14459182,-0.08717452,-0.06188523,-0.0849231,-0.13088365,-0.15869342,-0.14179812,-0.070353135,0.004342399,0.035511706,0.017791858,-0.029714748,-0.06338258,-0.046967532
0.003931103,-0.039638378,-0.02408792,0.06058661,0.1362851,0.15486439,0.08694689,-0.005276405,-0.06420684,-0.048548378,0.012595888,0.07272938,0.090798356,0.021158574,-0.08367737,-0.15050296,-0.1371927,-0.046070345,0.033345677,0.056085035,0.0011826891,-0.08637222,-0.13402,-0.099924415
0.07146032,0.16998541,0.21116705,0.1635146,0.07708048,0.024921194,0.05710324,0.13881363,0.22101635,0.23252521,0.16989873,0.062207405,-0.012847024,-0.003266836,0.071611054,0.14000796,0.14244887,0.06857689,-0.046020146,-0.117170446,-0.10099318,-0.012051348,0.07576369,0.1023445
0.0368668,0.004315743,0.009968431,0.07347744,0.12822814,0.14104547,0.09158505,0.018399598,-0.033821173,-0.028463973,0.009439857,0.050253674,0.059623476,0.0059541217,-0.07695745,-0.12794264,-0.11758753,-0.057807624,0.0032179863,0.025197657,-0.012146255,-0.07441494,-0.10544523,-0.08122641
-0.114397004,-0.07753484,-0.028025774,-0.023863971,-0.06717405,-0.13504396,-0.17684501,-0.17297454,-0.12087193,-0.06396625,-0.037764456,-0.061841846,-0.11645639,-0.14259009,-0.11734981,-0.04915775,0.021145906,0.049205836,0.024051387,-0.03137583,-0.06365064,-0.048460107,0.008660657,0.06400733
0.012708499,0.07590365,0.13139439,0.13161899,0.08129246,0.0037399363,-0.047235534,-0.048025485,-0.0023881115,0.03466756,0.029227326,-0.02329042,-0.10875139,-0.15519261,-0.14203696,-0.08404414,-0.028593935,-0.014996762,-0.047797166,-0.1107276,-0.1341481,-0.09806692,-0.021091493,0.05700771
0.079742,0.03682765,-0.031763524,-0.06746559,-0.030357303,0.060254563,0.14932907,0.18656519,0.15018067,0.081979275,0.0437768,0.07082402,0.14468025,0.2173243,0.23032215,0.17165397,0.08027262,0.013686792,0.014043522,0.074165784,0.12969843,0.12616907,0.055364054,-0.041685574
0.023451287,-0.028041122,-0.10250307,-0.1498295,-0.13040152,-0.06955328,-0.009767702,0.012026562,-0.02529221,-0.08354785,-0.112209156,-0.08043012,-0.010441102,0.061692767,0.08996619,0.057365518,-0.0025095681,-0.042799618,-0.01913671,0.044482518,0.10471931,0.11336367,0.058968168,-0.018602386
-0.024616934,-0.100696534,-0.15291385,-0.1358535,-0.06772579,0.0005745904,0.01798402,-0.012753657,-0.07575956,-0.10619358,-0.07790874,-0.004411498,0.07560367,0.10052337,0.06475621,0.0012888894,-0.04081531,-0.018805923,0.043451637,0.10806268,0.11980102,0.06308409,-0.018912809,-0.07332475
0.027373869,0.011567555,-0.0124608865,-0.025928708,-0.0112674525,0.02777607,0.07384775,0.096444294,0.08601458,0.061659023,0.04388832,0.05507105,0.08674949,0.117635004,0.12351469,0.101920396,0.06667623,0.025496727,0.018778872,0.043295573,0.061332677,0.05919457,0.02999243,-0.019127388
0.03192217,0.027609691,-0.031670846,-0.11317476,-0.15538502,-0.13563898,-0.065475404,-0.0038331214,0.0060203485,-0.04124668,-0.10313735,-0.13084769,-0.09987487,-0.016399527,0.0599819,0.08024406,0.04198323,-0.028569505,-0.061100725,-0.028954122,0.045118146,0.107755855,0.111987494,0.05153146
0.051318552,0.12115051,0.13139927,0.06888461,-0.025028432,-0.09031109,-0.07890922,-0.022833275,0.036159262,0.03831633,-0.022210782,-0.114254415,-0.17534015,-0.15613115,-0.07871355,-0.0008829919,0.021656653,-0.026145276,-0.10356079,-0.14398505,-0.10811846,-0.015167161,0.07613902,0.107186384
0.024618277,-0.019491697,-0.04291829,-0.017062329,0.04311118,0.09795504,0.11283091,0.09112095,0.045058616,0.019677306,0.03650093,0.086450756,0.13407807,0.13552502,0.090962194,0.029612249,-0.006370366,-0.0027775564,0.039105598,0.0777496,0.07519042,0.027415248,-0.035690885,-0.073773086
-0.07947551,-0.052365232,0.04038691,0.12928124,0.15905556,0.11500848,0.036632657,-0.014959346,0.0069978856,0.08765092,0.16079295,0.17670822,0.11523474,0.018326625,-0.045840815,-0.03982983,0.027136592,0.09646682,0.104633816,0.038511995,-0.062303193,-0.123529725,-0.108888835,-0.028146658
0.074460335,0.07726363,0.02969042,-0.02892558,-0.07492953,-0.08295867,-0.056268044,-0.03326487,-0.038412042,-0.07650483,-0.1328341,-0.16798885,-0.15973823,-0.11633611,-0.06977971,-0.048371468,-0.066124484,-0.10250031,-0.11695857,-0.08749506,-0.028135745,0.031682454,0.05987374,0.041903403
0.0480943,0.028677031,-0.002628191,-0.0183381,0.0072276574,0.06647517,0.12332246,0.15065314,0.13442804,0.09350439,0.071484126,0.087172605,0.13080938,0.16891482,0.17063479,0.12880549,0.069527775,0.02547603,0.022996778,0.05245395,0.080125295,0.075471155,0.029630093,-0.030901339
-0.1258891,-0.08895791,-0.03341235,-0.02604759,-0.059720345,-0.10775457,-0.12931255,-0.112717986,-0.051909953,0.0062411632,0.03199243,0.013774823,-0.030611081,-0.050251223,-0.023637867,0.030240223,0.08483007,0.10055069,0.06666266,0.008811038,-0.030436568,-0.021530552,0.017555393,0.05616852
-0.073636994,-0.12565348,-0.1556301,-0.1469915,-0.111255206,-0.07109477,-0.054812804,-0.06671052,-0.09513676,-0.10405438,-0.07836463,-0.026635258,0.032461997,0.055064317,0.04168611,0.012075724,-0.0012245815,0.01255888,0.051408675,0.0918991,0.09492471,0.059116997,0.007233554,-0.03590711
-0.023580972,0.010788353,0.0917165,0.16672426,0.19729364,0.17682569,0.1409952,0.121666566,0.14301571,0.19954576,0.24795692,0.25276974,0.19953986,0.12463276,0.070690535,0.068509996,0.10623727,0.12105658,0.10676724,0.044933867,-0.03771865,-0.0869812,-0.079835854,-0.03666315
-0.034708906,-0.02381793,0.023211228,0.077919595,0.08640072,0.041933235,-0.030920442,-0.08488072,-0.08599735,-0.04059151,0.0039260588,0.010471826,-0.029976284,-0.09914262,-0.14749198,-0.13759921,-0.08085378,-0.01598138,0.00897344,-0.020404339,-0.07491254,-0.10711347,-0.08287471,-0.015872952
-0.08367826,-0.03525058,-0.022693561,-0.07878286,-0.1679933,-0.23210819,-0.21903603,-0.15953894,-0.09173694,-0.067229405,-0.09400439,-0.15716465,-0.1914871,-0.16172388,-0.0737949,0.016492896,0.059774965,0.0269674,-0.03694112,-0.0746477,-0.05223703,0.024036098,0.09990888,0.114371866
0.099732876,0.19006564,0.2342043,0.20294163,0.14253518,0.10713674,0.13144283,0.19544567,0.26208404,0.26711473,0.2132388,0.12507689,0.049564727,0.0463678,0.09453906,0.13928221,0.12696366,0.064015046,-0.03271834,-0.10224304,-0.09423723,-0.026838787,0.042066175,0.07138493
-0.02277847,-0.045332186,-0.007680579,0.0722525,0.15387727,0.18578641,0.14902566,0.09627936,0.067465305,0.09086352,0.1549916,0.21450971,0.22068617,0.16210742,0.08052398,0.019082313,0.0110040335,0.06667789,0.1105694,0.0995487,0.036120676,-0.049010236,-0.10590951,-0.08633236
-0.02563421,-0.0103522455,0.039510783,0.09104857,0.09925723,0.05570732,-0.011074901,-0.057408437,-0.054300692,-0.010506543,0.028133882,0.02999867,-0.011914333,-0.07992242,-0.12600103,-0.11785394,-0.061782286,-0.007199455,0.011616891,-0.018888164,-0.073367104,-0.10286558,-0.07944764,-0.016202977
-0.045670185,0.034899373,0.12828426,0.15148738,0.11120354,0.040226087,0.0030897292,0.021544231,0.09784897,0.16308412,0.17927507,0.13139968,0.033795815,-0.02387144,-0.011681657,0.047007084,0.10648884,0.10862917,0.051019795,-0.04742818,-0.10573968,-0.08696347,-0.018804507,0.05593289
-0.05542926,-0.010909316,0.021466333,0.0029294642,-0.033395756,-0.05081709,-0.027598336,0.025477927,0.08536236,0.108309604,0.10133699,0.0635523,0.03772819,0.050736077,0.095911786,0.1347034,0.13803871,0.11268398,0.04878622,0.001205097,-0.0026938866,0.026178127,0.056405645,0.061539147
0.12077913,0.07100012,-0.025969781,-0.088074654,-0.07991159,-0.018047651,0.041351274,0.05558769,-0.0013996582,-0.08924516,-0.1504845,-0.13772678,-0.063836575,0.0100808535,0.03114435,-0.012596358,-0.09114993,-0.13664195,-0.108641475,-0.021553611,0.06619908,0.095446974,0.05312307,-0.022573918
-0.032792553,-0.020109218,0.031021936,0.09188073,0.10308929,0.058748517,-0.012594118,-0.06668362,-0.066008806,-0.01728322,0.030698162,0.037912786,-0.0052797613,-0.07918835,-0.13346368,-0.12465626,-0.066984594,-0.0014396635,0.017931027,-0.0142175825,-0.07369543,-0.111715585,-0.0865116,-0.017292075
-0.025347823,0.034436334,0.11064094,0.14478354,0.12644598,0.07821183,0.050762367,0.061120346,0.11252993,0.16490376,0.18427777,0.15045755,0.0815639,0.02717196,0.019226223,0.053361204,0.097356565,0.098583885,0.053057484,-0.019569537,-0.07429055,-0.074519396,-0.028585557,0.02514887
-0.10920194,-0.06411865,0.0070771435,0.028152201,0.0063096825,-0.04506796,-0.075820744,-0.06385278,-0.0052879797,0.05734338,0.09028698,0.07559923,0.015751723,-0.021446368,-0.0076716864,0.043299444,0.10001062,0.111039676,0.07963673,0.008018805,-0.045060415,-0.044687815,-0.006084468,0.041107733
-0.08139786,-0.07852938,-0.043937325,-0.014228764,-0.015269106,-0.055612482,-0.108664155,-0.14217727,-0.13347629,-0.09081883,-0.052535236,-0.040458124,-0.06787543,-0.10833374,-0.1247623,-0.10243834,-0.045960754,-3.9969043e-05,0.023181142,-0.00024918665,-0.04122322,-0.05913373,-0.041942712,0.0026137813
0.035471693,0.015613553,0.029759983,0.085896105,0.13428137,0.14083414,0.09764327,0.038598668,-0.0012825317,0.009002776,0.04231646,0.07555583,0.072217315,0.021174563,-0.04610265,-0.08510477,-0.07639868,-0.032678146,0.012820521,0.02044039,-0.018127447,-0.0698267,-0.09351092,-0.06761868
0.081426054,0.14494887,0.17101124,0.14788449,0.10638212,0.0833255,0.10570477,0.1554168,0.19774811,0.19783188,0.15713923,0.09019105,0.041141372,0.042832155,0.08059129,0.1114366,0.09872338,0.045543887,-0.026788637,-0.07304788,-0.06374381,-0.013951537,0.03359713,0.04818433
0.022104146,0.032878947,0.062060643,0.093660116,0.09517133,0.056514554,-0.00074530917,-0.045121856,-0.051883277,-0.02712769,-0.0112093575,-0.015341034,-0.05382697,-0.10665073,-0.1426429,-0.13727166,-0.09355366,-0.052780762,-0.031436447,-0.04605494,-0.07918524,-0.09277258,-0.06870958,-0.0139874
0.0448089,0.00020263025,-0.006529449,0.048862983,0.10422055,0.10732821,0.039727468,-0.0535937,-0.12015736,-0.11751082,-0.07974518,-0.027792923,-0.02550485,-0.07896499,-0.15814292,-0.20371264,-0.18584712,-0.11259193,-0.028735803,0.0017050441,-0.029341912,-0.08798086,-0.11769089,-0.08074561
0.035758115,-0.03899667,-0.08759046,-0.057546664,0.030082075,0.11293184,0.13002722,0.08935561,0.01301973,-0.026381787,-0.002790736,0.07453926,0.14992514,0.16224371,0.1057066,0.017954243,-0.042425994,-0.025073517,0.042771254,0.10800392,0.11334031,0.046103287,-0.048893142,-0.10212659
0.07012711,0.08321818,0.04384133,-0.014595712,-0.060029123,-0.06844614,-0.03736075,-0.0014230263,0.001772309,-0.035724007,-0.08966562,-0.13110436,-0.12657885,-0.083870575,-0.03232045,-0.00897914,-0.03214965,-0.07545862,-0.102095224,-0.08481956,-0.026191346,0.035607755,0.065202266,0.04750601
0.024927458,0.03919553,0.07425688,0.116066664,0.12103396,0.082682915,0.015808418,-0.037150804,-0.04407739,-0.01670981,0.008272705,0.00615392,-0.038911935,-0.10130579,-0.14813969,-0.14506213,-0.10671224,-0.048495945,-0.0275957,-0.05084538,-0.08808352,-0.10924137,-0.08206508,-0.01404303
0.11250765,0.052995827,-0.0016471302,0.018962638,0.08556077,0.14234512,0.1432453,0.094504304,0.00982411,-0.04171831,-0.04034472,0.009472734,0.06345119,0.0633456,0.0059452327,-0.0709713,-0.12261089,-0.108175725,-0.042643752,0.024870453,0.0448832,0.0021973134,-0.06109223,-0.0913104
-0.16282712,-0.112117685,-0.03235013,-0.013054117,-0.04974151,-0.11681097,-0.14562386,-0.12256897,-0.046555508,0.033837482,0.074791215,0.05424658,-0.010166782,-0.044425726,-0.016557602,0.05814782,0.1372771,0.14550631,0.09980069,0.01833526,-0.041890256,-0.037670262,0.014965934,0.06310657
0.03968626,0.012271538,0.026768003,0.096258216,0.15530491,0.16675554,0.1086569,0.031253852,-0.018203111,-0.008779439,0.03323241,0.073567174,0.07940381,0.015570257,-0.07396939,-0.12976542,-0.12530501,-0.051726077,0.006248759,0.02246181,-0.020379847,-0.08675546,-0.11722961,-0.07982746
0.13191135,0.107951365,0.07880388,0.089363135,0.12721515,0.16151276,0.16064873,0.12906523,0.07628845,0.033988766,0.016996002,0.035085075,0.05378153,0.044720367,0.0010240311,-0.054748002,-0.09413006,-0.09414476,-0.056487344,-0.01788804,-0.002431022,-0.019659936,-0.051805824,-0.06272144
-0.04481024,-0.0008928735,0.016091876,-0.024802791,-0.086430825,-0.12961666,-0.11961054,-0.07202959,-0.016491117,3.32983e-05,-0.02201484,-0.07199732,-0.106217995,-0.08704709,-0.024543142,0.036960136,0.060661536,0.03558491,-0.018318646,-0.055784967,-0.04105118,0.013645826,0.06762631,0.08319714
0.10691281,0.046412915,-0.011834259,-0.006437153,0.048964273,0.10910255,0.1137512,0.06850802,-0.0100826165,-0.069264755,-0.081714615,-0.03194987,0.027713126,0.03700391,-0.013732804,-0.090465486,-0.14447603,-0.13305902,-0.059343897,0.01562972,0.045230847,0.015461853,-0.04779546,-0.08561167
0.025388483,-0.017172812,-0.01309128,0.055378288,0.12189513,0.13738005,0.08090284,-0.00073736854,-0.062343385,-0.057828758,-0.01147169,0.043033894,0.05963447,0.0018370512,-0.08926268,-0.14706835,-0.13502769,-0.06817945,0.008346805,0.036861897,-0.0036206478,-0.07548312,-0.11669892,-0.09377065
-0.110567406,-0.06279285,-0.004146457,0.0005662386,-0.04827248,-0.12257969,-0.16949387,-0.16331303,-0.10397728,-0.041614603,-0.017420497,-0.05100852,-0.11359582,-0.14550142,-0.116751835,-0.04385651,0.024504915,0.05526538,0.021067023,-0.04393098,-0.07963776,-0.05840326,0.00703543,0.07262348
0.05951153,0.107580595,0.10667114,0.060041025,-0.013478047,-0.06460972,-0.061565205,-0.029946925,0.0060544657,0.003570474,-0.045436967,-0.11710398,-0.16373113,-0.15013601,-0.09838085,-0.040698506,-0.020762533,-0.048583426,-0.10198658,-0.12420309,-0.09232002,-0.022892116,0.05061795,0.07860534
0.208747,0.16517353,0.06853224,0.019010808,0.04959918,0.13873348,0.21260256,0.22884901,0.15595715,0.04704646,-0.027036592,-0.017747963,0.060426842,0.1261957,0.1252962,0.04661219,-0.07003797,-0.13544844,-0.11100795,-0.021507999,0.06725614,0.0895245,0.029422183,-0.05801093
-0.19983879,-0.18446064,-0.09088985,-0.007737974,0.014833702,-0.033061333,-0.10134939,-0.13546464,-0.09853203,-0.0032376251,0.09270533,0.12733637,0.0849814,0.005425162,-0.03932138,-0.008392955,0.07879977,0.14414771,0.15519771,0.087220415,-0.015903302,-0.08061112,-0.06877529,-0.009955769
-0.045158792,-0.12599558,-0.1872044,-0.18318887,-0.13068499,-0.06963733,-0.050124023,-0.07875886,-0.13874376,-0.16945729,-0.14810075,-0.07723739,0.0071782805,0.043359485,0.020570831,-0.030365754,-0.059616048,-0.04124684,0.025969205,0.09895256,0.11883829,0.074337654,-0.0003634523,-0.061189618
0.068666935,0.0065982025,-0.036846567,-0.0068765194,0.079476364,0.17400968,0.20513916,0.17738037,0.1065671,0.057154343,0.06869625,0.13431288,0.20883495,0.22211574,0.1647707,0.06562852,-0.012657418,-0.012517139,0.04488701,0.1031407,0.11138308,0.051716965,-0.045784995,-0.10780921
0.09415043,0.098127596,0.03515362,-0.050480068,-0.10750767,-0.10735587,-0.0614128,-0.019436356,-0.019250661,-0.07833567,-0.15644312,-0.19925213,-0.18274648,-0.1173154,-0.05388098,-0.03378494,-0.067441806,-0.120355144,-0.1417125,-0.10258504,-0.017484827,0.061080266,0.08867139,0.056188125
0.08098424,0.1739962,0.22224298,0.19127747,0.125435,0.08248421,0.10750519,0.1761113,0.2492063,0.26348916,0.21257932,0.12060471,0.04252032,0.039746344,0.09293644,0.1490698,0.1473127,0.08145427,-0.024180915,-0.09714759,-0.0936011,-0.025985634,0.050029833,0.07977586
-0.08620437,-0.052136637,-0.011577442,-0.008074019,-0.04888564,-0.107247666,-0.14318366,-0.13927983,-0.0974013,-0.052951723,-0.03619217,-0.06444165,-0.10445982,-0.12897581,-0.10741007,-0.054196905,0.00072959193,0.02479244,0.003710844,-0.03921412,-0.063560985,-0.04354918,0.0070329485,0.054127205
-0.10717914,-0.09810176,-0.041119643,0.008846003,0.007921113,-0.04900901,-0.1255232,-0.17570302,-0.15887539,-0.0954453,-0.03989702,-0.024274722,-0.06842951,-0.13468869,-0.16951095,-0.1414875,-0.06098632,0.0096983295,0.037299473,1.5428372e-05,-0.06427386,-0.09539552,-0.06760159,0.0018835939
-0.0834443,-0.030123133,-0.012764892,-0.07005251,-0.15901673,-0.21867734,-0.20205063,-0.13939108,-0.06329633,-0.036186147,-0.062429644,-0.1246379,-0.1677454,-0.13535388,-0.045081977,0.04715994,0.08323327,0.05182049,-0.021090593,-0.06874034,-0.047696732,0.02670216,0.10276394,0.12071457
0.022542363,-0.042113233,-0.10374707,-0.11034822,-0.076591074,-0.04291003,-0.046757206,-0.086262606,-0.15046084,-0.18983716,-0.18828197,-0.1416065,-0.082960546,-0.0616308,-0.08555067,-0.12580594,-0.1451651,-0.12096838,-0.053142067,0.017987888,0.049412724,0.027225966,-0.017710347,-0.048373982
0.020410158,0.028605228,0.0034486197,-0.03894769,-0.05106097,-0.016854895,0.052716892,0.114856884,0.13154091,0.102581404,0.068115264,0.0501202,0.07262168,0.12956065,0.18142329,0.18193704,0.13108459,0.06377004,0.019844988,0.02241258,0.060830526,0.09296085,0.079624005,0.025053218
-0.045923386,-0.0046862913,0.02060759,-0.003459723,-0.04557708,-0.06996697,-0.0449773,0.007985348,0.06331412,0.08419274,0.07083651,0.030240068,0.0024585847,0.019108668,0.06676564,0.11380424,0.13008241,0.092990495,0.031229565,-0.008636073,-0.00853306,0.02465423,0.061260454,0.060901273
0.098147355,0.12564284,0.107301496,0.065359615,0.033226028,0.041846883,0.08795863,0.13423043,0.14822559,0.11432738,0.058329444,0.01240951,0.009176011,0.041612078,0.07807299,0.08308509,0.046125498,-0.01379261,-0.058409445,-0.056402884,-0.015507658,0.03416189,0.05302439,0.028792882
-0.039557215,-0.122684926,-0.18270442,-0.17271945,-0.1104435,-0.04374266,-0.03131027,-0.06631565,-0.13288417,-0.16760987,-0.14143927,-0.065150134,0.025221197,0.054830894,0.02191984,-0.04034406,-0.080255814,-0.049832158,0.024789026,0.09975879,0.11925818,0.06829603,-0.013469371,-0.06991762
0.008127395,0.012335923,-0.040419765,-0.12278207,-0.17884062,-0.17096916,-0.10626258,-0.039531823,-0.019738618,-0.05949736,-0.12010736,-0.15987107,-0.12789145,-0.047457933,0.035511553,0.06680604,0.03603292,-0.027502669,-0.06814174,-0.041114487,0.032150306,0.10367007,0.121211305,0.06780869
0.064385705,0.14027151,0.17718908,0.15165044,0.09403167,0.054897267,0.07583835,0.13290569,0.19117565,0.201559,0.15982337,0.082070455,0.01990459,0.017459642,0.06258532,0.11076379,0.113919236,0.057454485,-0.027574258,-0.08545906,-0.08061156,-0.021847218,0.043613292,0.066616625
-0.107640445,-0.16560721,-0.15287754,-0.077475555,0.007515478,0.038037874,-0.012536963,-0.08253614,-0.1286356,-0.100516036,-0.0133956745,0.072415836,0.10898754,0.06753158,-0.007539455,-0.058410075,-0.048722755,0.037390802,0.1127265,0.12678722,0.07164924,-0.025705686,-0.0937342,-0.083402835
-0.013517818,-0.028479049,0.0013669205,0.06842901,0.13290906,0.16276363,0.14717835,0.11565994,0.09416834,0.11221716,0.16175549,0.20372838,0.21256301,0.16917297,0.10466802,0.05613245,0.047666106,0.07572852,0.09903297,0.08963897,0.038308155,-0.03014304,-0.07502816,-0.07155409
0.049892448,-0.016534623,-0.059155054,-0.03338222,0.054947827,0.1436376,0.1700665,0.14056043,0.07356561,0.031036893,0.047890484,0.11984641,0.18717955,0.20340306,0.1494463,0.05892599,-0.006001538,-0.0013070528,0.056548454,0.113191,0.118746586,0.052820038,-0.044749163,-0.102321066
-0.065028936,-0.029132864,-0.0026443922,-0.019305332,-0.053117227,-0.06546775,-0.0342739,0.017505055,0.07408676,0.099670924,0.09585783,0.06633178,0.04341107,0.06315641,0.10776208,0.14999843,0.15787077,0.125571,0.062498774,0.019799614,0.013960029,0.035905045,0.062441308,0.056765687
0.11026248,0.045480315,-0.012984068,0.004083826,0.07387354,0.14334133,0.14976363,0.10227836,0.016040443,-0.04227735,-0.04629772,0.0068686935,0.074575774,0.0808625,0.023548964,-0.06633209,-0.12827712,-0.11393631,-0.04010417,0.035739005,0.059209935,0.017808536,-0.058172293,-0.09910838
-0.10478097,-0.05809073,-0.0015538809,0.0014576117,-0.04734163,-0.11861581,-0.15991597,-0.1516743,-0.09159991,-0.030193908,-0.009864448,-0.044570196,-0.105410874,-0.1342457,-0.104288936,-0.03424799,0.03308215,0.05965261,0.022668732,-0.03928876,-0.074467756,-0.05296349,0.0100290505,0.07183793
-0.1192142,-0.15459546,-0.13763304,-0.09031664,-0.039469454,-0.022621034,-0.046998776,-0.07980881,-0.094448075,-0.06618467,-0.00054077606,0.06145711,0.08098374,0.05978988,0.021066843,0.0017634275,0.02067751,0.06624192,0.10962424,0.106913604,0.06452981,2.7139671e-05,-0.043270737,-0.044659484
0.07149199,0.054177437,0.063750535,0.11818473,0.16693048,0.17339364,0.12465958,0.062349565,0.015049223,0.012477954,0.038599353,0.064692274,0.062370256,0.006690034,-0.07006444,-0.117440976,-0.115534194,-0.06670482,-0.01814714,-0.0047689006,-0.03371782,-0.08276494,-0.10326933,-0.07196964
