-0.12617631,-0.11783648,-0.059926555,-0.0063167023,-0.0026490204,-0.06081596,-0.14504784,-0.1960179,-0.18542795,-0.12137059,-0.051931307,-0.035504702,-0.08079242,-0.14602368,-0.18593958,-0.15342458,-0.064025454,0.024187151,0.052706834,0.015419051,-0.05317365,-0.09014117,-0.066796266,0.0027241101
0.052094374,0.022839434,-0.019999228,-0.041323353,-0.016896985,0.047138054,0.10343506,0.11767081,0.089315966,0.044387054,0.016664973,0.035270542,0.08819801,0.12907836,0.13292624,0.0895066,0.019387666,-0.020039441,-0.019721376,0.01864466,0.054055557,0.055816982,0.014770411,-0.042204693
-0.093232624,-0.13365196,-0.13434917,-0.09142904,-0.03483903,-0.01260141,-0.034895048,-0.07605152,-0.10598399,-0.09423231,-0.045476373,0.013654103,0.038383994,0.017922798,-0.031228328,-0.07021694,-0.06917815,-0.029820148,0.019896647,0.036863893,0.0015267333,-0.06465502,-0.11747122,-0.13090007
0.013986581,0.053463895,0.0917205,0.09689578,0.053170856,-0.0125360135,-0.059694316,-0.06282171,-0.031875297,0.001750397,0.008695117,-0.029311154,-0.08654814,-0.11813838,-0.10720328,-0.05681418,0.006760599,0.033382647,0.019406343,-0.018417967,-0.035978638,-0.010343652,0.051438395,0.11495881
-0.0029439575,-0.00051957404,-0.061758526,-0.14598894,-0.19777156,-0.18635136,-0.11771469,-0.051867016,-0.030162921,-0.06884939,-0.13488272,-0.16882797,-0.13580967,-0.05674253,0.028912803,0.064933114,0.025411896,-0.047003224,-0.087675095,-0.065596305,0.008621567,0.07564102,0.08639376,0.02578201
-0.078534946,-0.014476826,0.04835702,0.07316833,0.050931383,-0.0005807124,-0.029928718,-0.0103563955,0.05059716,0.10816638,0.1257768,0.090506226,0.025877858,-0.0154308155,-0.011423414,0.035941165,0.08535447,0.08968227,0.043404214,-0.029481905,-0.08186485,-0.08346812,-0.04126472,-0.0052333237
-0.03294682,0.022094652,0.040499486,0.013372772,-0.03696863,-0.07391532,-0.05885121,-0.006394584,0.053594295,0.07593373,0.048325315,-0.005433073,-0.04169819,-0.030895457,0.01917503,0.07486098,0.091399215,0.052990653,-0.005975172,-0.05242521,-0.05107989,-0.010418231,0.032462258,0.034025066
0.057778824,0.0761891,0.046889592,-0.0010156591,-0.026711373,-0.0021643043,0.06414686,0.12359677,0.14578715,0.116622,0.062204026,0.029702773,0.04459306,0.094067425,0.14843096,0.1610839,0.10802266,0.03102914,-0.018057974,-0.01954566,0.026432771,0.07332879,0.07990499,0.03259556
0.12979391,0.061349805,0.021568952,0.039585434,0.10062392,0.16490796,0.17283992,0.123624235,0.042100117,-0.010440106,-0.0045908233,0.0501032,0.10128085,0.105684526,0.054774772,-0.028269704,-0.08293411,-0.070772,-0.006495151,0.060809843,0.08564513,0.051814392,-0.003753167,-0.019722342
0.11600712,0.19721378,0.23016073,0.20680332,0.14895114,0.11154079,0.13124268,0.19168387,0.25293794,0.26069036,0.21125074,0.13097216,0.07148694,0.069051236,0.115908705,0.16255137,0.16489863,0.10540753,0.024710484,-0.031591434,-0.022028664,0.04051286,0.11024397,0.13251829
0.048595827,0.00972066,0.016825564,0.059474416,0.095197104,0.101307005,0.061076485,0.0014584683,-0.044844195,-0.047411397,-0.007824171,0.031129884,0.039605435,0.007217981,-0.047088858,-0.08757837,-0.0735307,-0.01701291,0.04225165,0.06820961,0.049461488,0.009708636,-0.010348159,0.023339694
0.045409836,-0.012608558,-0.09543099,-0.14477119,-0.124150924,-0.049600504,0.02099796,0.037662998,-0.0069155367,-0.071857214,-0.11153023,-0.078632005,0.0057777995,0.079238504,0.10313055,0.060451236,-0.021551171,-0.070846826,-0.05082088,0.02047049,0.08952808,0.10328738,0.04938427,-0.031863935
0.08869126,0.043977417,-0.027467307,-0.082453966,-0.090709016,-0.051909525,-0.012397954,-0.00799892,-0.05285857,-0.11707871,-0.16170909,-0.15359963,-0.09732717,-0.038472567,-0.009975933,-0.03307392,-0.07958431,-0.10549569,-0.08582839,-0.015229814,0.059799105,0.094088964,0.07762476,0.037364658
-0.0156183345,0.004453038,0.065542154,0.12897727,0.15895669,0.14066143,0.09539876,0.064068705,0.07138246,0.11432262,0.16032587,0.1698536,0.128775,0.06651731,0.01317231,0.0030663146,0.035762053,0.074306056,0.08233259,0.040904116,-0.023852285,-0.068012595,-0.066780984,-0.021040602
0.15958886,0.18497735,0.1501551,0.086320594,0.04234812,0.06034956,0.12205875,0.1794843,0.19137672,0.14431809,0.06656079,0.014560936,0.020632528,0.07192253,0.13070953,0.14318888,0.090386994,0.011670833,-0.040513247,-0.031390984,0.036373157,0.112547554,0.1449692,0.11836335
0.0055741784,0.05539048,0.10360018,0.11017416,0.06312394,-0.0023035258,-0.0469809,-0.045688797,-0.007345512,0.031108124,0.037232924,-0.007557898,-0.06916024,-0.10372037,-0.09291565,-0.03891659,0.025928589,0.053033672,0.026668858,-0.020297522,-0.04462343,-0.016269317,0.05040014,0.11573796
0.014936891,0.021664016,-0.02570256,-0.10001569,-0.14846787,-0.14103164,-0.083908886,-0.029642576,-0.012784717,-0.04923351,-0.109358594,-0.14449146,-0.119582996,-0.055569287,0.01630206,0.049294632,0.018774359,-0.039298173,-0.07894661,-0.059382115,0.0058976454,0.07078394,0.08648341,0.04186368
0.031247374,-0.024122724,-0.11077986,-0.16218223,-0.13997486,-0.056422047,0.027370082,0.056119364,0.01923409,-0.044201046,-0.08628895,-0.052143324,0.036871664,0.11775637,0.14897119,0.1080832,0.013709475,-0.048924487,-0.037902065,0.026647655,0.094976895,0.10919216,0.052004892,-0.043670356
0.052786496,0.022832176,-0.020570764,-0.034773167,0.0051705586,0.07562531,0.13773324,0.15502523,0.12685399,0.07965059,0.05221668,0.07744917,0.13198489,0.16907378,0.16393343,0.107280545,0.025732009,-0.02516008,-0.022365911,0.015619765,0.045486014,0.03358137,-0.024211593,-0.09267696
0.075948216,0.020573592,-0.06258478,-0.124233775,-0.1333731,-0.092625916,-0.045672968,-0.038598467,-0.08352013,-0.15024963,-0.19318712,-0.17555939,-0.10420448,-0.03560997,-0.0010525167,-0.019985856,-0.06896256,-0.094976656,-0.06666707,0.011051782,0.0912342,0.12928712,0.10567289,0.055756535
-0.0017757277,-0.043062147,-0.008702935,0.08151516,0.17035659,0.20335682,0.16002756,0.085280046,0.034962676,0.052029926,0.12449257,0.19452216,0.20300813,0.14072792,0.039693605,-0.03722413,-0.03834875,0.024619294,0.09071037,0.098838,0.034117367,-0.06070075,-0.120330945,-0.09703753
0.02294179,0.032840062,-0.011805137,-0.081684165,-0.12988138,-0.125279,-0.06919017,-0.011868621,0.010747889,-0.019411895,-0.07826866,-0.11432353,-0.09379583,-0.031194454,0.040033747,0.07180936,0.041335113,-0.021618756,-0.06004072,-0.047232445,0.013898224,0.07593249,0.09267731,0.05092912
0.031455882,-0.054181818,-0.116215676,-0.11707896,-0.06739515,-0.008278839,-0.000532425,-0.048596393,-0.12771578,-0.1768018,-0.16530952,-0.09657023,-0.020024635,0.006314711,-0.028066257,-0.096318334,-0.13637331,-0.10841545,-0.031784378,0.052598737,0.08421572,0.05161322,-0.011304268,-0.045624483
0.082495145,0.044070702,0.06701927,0.13640316,0.19812676,0.21668841,0.16730735,0.09179023,0.03398363,0.033483107,0.08536128,0.13613324,0.1380564,0.081640035,-0.005248993,-0.07010767,-0.06430487,0.0023184163,0.06856521,0.0883902,0.048480835,-0.011839598,-0.04144998,0.0018036158
0.2128144,0.2510485,0.20921056,0.12952375,0.07378091,0.09739378,0.1821883,0.26144734,0.27968603,0.21192656,0.10502345,0.027047226,0.029041944,0.09474348,0.16981801,0.17133047,0.09673108,-0.01599305,-0.09115913,-0.07680284,0.012864852,0.09991356,0.13391362,0.09471892
0.047737952,-0.01967875,-0.11808604,-0.17539054,-0.15205318,-0.06475146,0.016082153,0.035485778,-0.01679516,-0.09408307,-0.14085318,-0.10355083,-0.0063762926,0.079458684,0.10759738,0.054620463,-0.04150832,-0.09827339,-0.07616052,0.00852213,0.08940887,0.102122374,0.040067304,-0.05608603
-0.12306252,-0.05608652,0.01142675,0.032132678,-0.009371137,-0.08337269,-0.12451247,-0.10507907,-0.032683372,0.036996055,0.062876,0.020286262,-0.05373982,-0.097129926,-0.07985114,-0.004696582,0.068756476,0.08890124,0.041801516,-0.040873613,-0.097210854,-0.09001373,-0.032446887,0.016018536
0.07939034,0.09887888,0.05548461,-0.010967476,-0.04526166,-0.016216448,0.060308952,0.12973252,0.15034264,0.109146945,0.035321113,-0.006157352,0.013467485,0.07910025,0.14618975,0.15562157,0.093147874,-0.00091322797,-0.05653951,-0.046828188,0.019310864,0.07841154,0.088202305,0.03211768
0.022373382,-0.05009312,-0.10154464,-0.10051434,-0.055930093,-0.005769961,0.0004902247,-0.03960521,-0.105009116,-0.14161901,-0.12814413,-0.065556556,-0.0006596059,0.021204975,-0.00630464,-0.058268234,-0.0912178,-0.06974886,-0.004151036,0.063217714,0.08822546,0.061805267,0.00955779,-0.020305369
0.07620843,0.036181822,-0.025452156,-0.069777094,-0.07315824,-0.037962064,-0.0031261714,0.0014121691,-0.035027146,-0.08588206,-0.12040958,-0.10766946,-0.057824407,-0.008180266,0.014567854,-0.004958315,-0.046807215,-0.07091315,-0.051081304,0.00572237,0.06703582,0.09523249,0.079843156,0.04491927
0.09438094,0.04630169,-0.029155709,-0.07090182,-0.038698703,0.051612236,0.135146,0.15745321,0.110981576,0.034693938,-0.016779047,0.007561913,0.08938713,0.15833232,0.16882926,0.09852039,-0.0055600307,-0.07093863,-0.06321108,0.007887722,0.07424085,0.078864016,0.014527515,-0.07302837
0.022383617,-0.02019607,0.009370483,0.088846706,0.16082631,0.17826393,0.118996985,0.034512945,-0.023589171,-0.011165102,0.05683884,0.12075648,0.12593892,0.063078195,-0.033270318,-0.096452475,-0.07928549,0.0026667283,0.07639086,0.09371238,0.03805525,-0.037838664,-0.077274874,-0.036241524
0.07916703,0.053601377,0.0058043827,-0.01899218,0.003889142,0.06876538,0.13301177,0.15555799,0.12939538,0.07573429,0.03870246,0.05145084,0.10465,0.15019926,0.15961161,0.1105264,0.031768393,-0.022263732,-0.026757136,0.015627757,0.058883622,0.06221386,0.019683026,-0.044920836
0.076620825,0.028760413,-0.0394375,-0.08785883,-0.09226885,-0.051345,-0.017152814,-0.0183514,-0.06343734,-0.11977063,-0.15539849,-0.13965817,-0.08242899,-0.027839202,-0.0062519005,-0.031017072,-0.07422604,-0.09104956,-0.066283,0.00037103318,0.06741681,0.09663259,0.08070629,0.045874614
-0.0951185,-0.04885548,-0.008042465,-0.012605331,-0.068481624,-0.14510271,-0.18984464,-0.17928758,-0.12592578,-0.072168216,-0.058760125,-0.09884185,-0.15651341,-0.17915218,-0.1492377,-0.07079726,0.008238551,0.035085034,0.008156967,-0.044518642,-0.06966668,-0.04229851,0.021487705,0.07423305
-0.023788266,0.018391954,0.021727039,-0.016475977,-0.077597745,-0.1212085,-0.11145072,-0.0648178,-0.014045416,0.00022479038,-0.0276591,-0.07880323,-0.11046658,-0.0918129,-0.028865844,0.039136697,0.062430117,0.03086246,-0.017230455,-0.051045623,-0.03268484,0.02043675,0.07294663,0.07855202
-0.1387624,-0.079319425,-0.024900662,-0.026782848,-0.09278841,-0.18646526,-0.24165505,-0.22779922,-0.15822434,-0.08620305,-0.06540478,-0.111911155,-0.18273532,-0.21444324,-0.18167882,-0.08137341,0.016560521,0.055059064,0.020402974,-0.052157875,-0.09404071,-0.062433757,0.01392071,0.07676249
0.004360956,-0.0868953,-0.14597778,-0.14388177,-0.09445282,-0.04272642,-0.047772758,-0.10563309,-0.18701807,-0.2254789,-0.2019769,-0.1255667,-0.051558986,-0.030111972,-0.06566495,-0.121309124,-0.14675239,-0.10435342,-0.01850798,0.06255397,0.089314535,0.056842785,-0.001248064,-0.02549849
0.020385856,0.070274234,0.12000497,0.13729389,0.109344415,0.06542324,0.040905602,0.051193103,0.0903146,0.12322314,0.12827428,0.08829492,0.032438975,-0.0004135903,0.0044621523,0.03692117,0.07465005,0.07782225,0.043871734,-0.005756193,-0.032535695,-0.02047766,0.025743645,0.071674414
-0.054825842,-0.0028601442,-0.009168921,-0.07526061,-0.16154419,-0.21895,-0.19867763,-0.13116215,-0.062588125,-0.049133208,-0.09492741,-0.16335891,-0.19503242,-0.15832058,-0.06790862,0.023078643,0.053347934,0.007601404,-0.056334775,-0.09102382,-0.05679718,0.019156953,0.082703725,0.08055532
-0.038231958,-0.09688417,-0.13372663,-0.123243324,-0.0693548,-0.0129070515,0.007039068,-0.01745378,-0.063196704,-0.08724117,-0.06915513,-0.009605701,0.05027807,0.068637244,0.040323853,-0.012652499,-0.054133404,-0.04764891,-0.0024435618,0.044406053,0.05104802,0.008265303,-0.058310293,-0.105023056
0.018539086,-0.0304224,-0.10268971,-0.14736053,-0.12840739,-0.06361802,0.0032798168,0.024019243,-0.009108002,-0.064544834,-0.100278616,-0.07344906,-0.000120330595,0.067374945,0.09281539,0.05498022,-0.018309245,-0.07089789,-0.05816063,0.0030852887,0.06490291,0.07175074,0.018304825,-0.06010819
0.11433419,0.06128031,-0.024112297,-0.083777614,-0.08093379,-0.016634759,0.046863306,0.059686556,0.0065273596,-0.074326,-0.1302232,-0.11763347,-0.044811383,0.027970817,0.057289865,0.015374571,-0.062288888,-0.10831445,-0.09128405,-0.01081031,0.07505542,0.10714808,0.073447354,0.010193543
-0.053797476,-0.118556485,-0.10846623,-0.038981747,0.03086459,0.047447994,-0.011867005,-0.09984164,-0.16203928,-0.14839698,-0.071190685,0.007850424,0.030660702,-0.017030384,-0.10217268,-0.15592273,-0.13255699,-0.040350918,0.049977466,0.08011672,0.031233583,-0.050210204,-0.102094956,-0.075082295
0.06940796,0.040640466,0.055427387,0.09798952,0.12705185,0.12650704,0.07722629,0.015897794,-0.029369576,-0.028444845,0.007751768,0.037085585,0.031392794,-0.0076957676,-0.061542615,-0.094949625,-0.07388698,-0.015132171,0.03711496,0.055495024,0.036234893,0.0051128087,0.001694534,0.04932806
0.01983639,-0.058725797,-0.10603862,-0.08070527,0.0012591514,0.0832043,0.10879231,0.070486285,0.0004156775,-0.040431306,-0.017746734,0.0637585,0.13980058,0.15400971,0.10233236,0.014758277,-0.052634217,-0.04674371,0.01917363,0.08281946,0.08999145,0.029746633,-0.05911335,-0.1144703
0.039487664,0.058782063,0.035359863,0.001790212,-0.003361156,0.031317256,0.09667646,0.15185873,0.17044728,0.1416663,0.09342217,0.07046081,0.08713325,0.12754908,0.16425073,0.15646811,0.09628806,0.018871753,-0.029338203,-0.029291624,0.003212043,0.026650472,0.015219828,-0.042656444
0.086692356,0.05753307,0.004781537,-0.02522891,-0.0024945333,0.06472613,0.13171251,0.15453233,0.12503952,0.06884045,0.027866693,0.041767094,0.09909329,0.14947592,0.16049209,0.11193427,0.030355573,-0.026206808,-0.027355911,0.018640438,0.0670156,0.075152256,0.030978892,-0.035180174
-0.016638635,0.046095148,0.10333505,0.105412,0.03645107,-0.05892652,-0.12237269,-0.11892177,-0.06501243,-0.009061252,0.00052709883,-0.05732836,-0.13906083,-0.17892238,-0.1539164,-0.06900512,0.02553005,0.06148736,0.031196184,-0.03086082,-0.058582835,-0.016704237,0.07567131,0.16128576
0.011533355,0.02731396,0.07008165,0.10649581,0.10610227,0.07247779,0.020966476,-0.009426676,-0.00572216,0.028314862,0.060477324,0.058438133,0.018590318,-0.026760068,-0.054256532,-0.042000208,0.0051551163,0.047885027,0.058618076,0.03144311,-0.00446092,-0.01643946,0.012953491,0.07066355
-0.10875857,-0.040067833,0.02673842,0.035174854,-0.027052939,-0.12530401,-0.1865924,-0.17469084,-0.103182726,-0.028205175,-0.005345475,-0.057162262,-0.14267714,-0.18680705,-0.15971081,-0.061955713,0.03820064,0.07188295,0.03224847,-0.048437692,-0.09463719,-0.06655123,0.015739238,0.08925347
0.039152265,-0.0095391525,-0.039520316,-0.021878984,0.032259192,0.08863918,0.1053365,0.07834444,0.02703232,-0.008455432,0.0004652902,0.04762914,0.09445761,0.10158936,0.06410004,-0.0030043954,-0.051614754,-0.048807748,-0.009080064,0.03775257,0.045693222,0.004907308,-0.052469287,-0.087392956
0.096383825,0.10643125,0.061149377,-0.008540868,-0.05958108,-0.05696928,-0.012343802,0.034116607,0.04215532,0.0026930212,-0.063867666,-0.10673725,-0.096091285,-0.03913007,0.02663185,0.0519045,0.022141555,-0.03731669,-0.0699068,-0.050160076,0.020851519,0.09189093,0.123204544,0.09990961
0.1796537,0.1388957,0.0654327,0.016528925,0.027869264,0.096366964,0.15845534,0.16892436,0.11160785,0.02229603,-0.042359937,-0.039651576,0.021369927,0.0797389,0.09068224,0.02626573,-0.06104608,-0.11209996,-0.10152488,-0.022873966,0.05700334,0.08333539,0.04932193,-0.0051948573
-0.033598714,-0.016581155,0.058929853,0.13285866,0.14364143,0.08933648,0.0002037118,-0.05907181,-0.054687295,0.005798316,0.07520983,0.08308471,0.023210166,-0.059904262,-0.119058974,-0.1075032,-0.02590378,0.062269654,0.08994867,0.045794558,-0.030658938,-0.07297923,-0.04347964,0.046980437
-0.085914135,-0.0906411,-0.06479708,-0.0337288,-0.025728216,-0.055411953,-0.10332245,-0.13571846,-0.13424285,-0.09859554,-0.055878285,-0.03743211,-0.05520121,-0.08986917,-0.11694634,-0.10340044,-0.055115376,-0.0007659563,0.02633523,0.010306471,-0.030496879,-0.0577584,-0.054496888,-0.02039836
-0.027652074,-0.09118915,-0.13927174,-0.13776153,-0.09103167,-0.03483181,-0.013813218,-0.036711548,-0.085555345,-0.114285134,-0.1013187,-0.042110704,0.022240376,0.050142284,0.031441115,-0.017638776,-0.060101587,-0.056157622,-0.0076378197,0.046193022,0.06425707,0.02983866,-0.030905114,-0.07949161
-0.06293117,0.005209808,0.024814315,-0.014091059,-0.07326069,-0.11443766,-0.089698434,-0.019941257,0.055943057,0.08238628,0.046354957,-0.017724575,-0.059844542,-0.04218509,0.024988709,0.09627992,0.11296795,0.056231335,-0.023011344,-0.07899723,-0.072384164,-0.022203414,0.02686998,0.018942166
-0.13029072,-0.11059857,-0.055182572,-0.0008969581,0.010539562,-0.02794141,-0.08592705,-0.11278572,-0.088788435,-0.026933767,0.03245059,0.044679668,0.002211397,-0.052334942,-0.08325917,-0.06098777,-0.0006184838,0.05313421,0.058853384,0.010829807,-0.058148414,-0.101930656,-0.08837927,-0.047216676
0.107322775,0.016918734,-0.032819863,-0.006685971,0.07471829,0.1556493,0.1657009,0.10366724,0.006712722,-0.04982224,-0.03154408,0.04862404,0.12230468,0.1281579,0.060933247,-0.03958639,-0.10334677,-0.07821374,0.00762727,0.08918074,0.10775902,0.056594495,-0.023579849,-0.052060213
-0.14340374,-0.13382272,-0.080843605,-0.025869966,-0.006041864,-0.043251544,-0.10187867,-0.13539778,-0.11818202,-0.057004377,0.006476098,0.02783385,-0.007204255,-0.06249319,-0.10089688,-0.08117749,-0.020029323,0.039468065,0.057757724,0.015505305,-0.055464186,-0.104071386,-0.10420455,-0.065044455
-0.039057247,0.016481038,0.019250112,-0.03913436,-0.12162872,-0.17907946,-0.16707607,-0.10684176,-0.04178271,-0.02273232,-0.06495007,-0.13268025,-0.16981702,-0.14165182,-0.061250705,0.028269004,0.06260785,0.025106208,-0.03664537,-0.07661077,-0.050833713,0.02466128,0.092839524,0.10142587
0.056961454,0.014695333,-0.0029323725,0.026340032,0.08825199,0.14894754,0.1703588,0.14694856,0.10239784,0.07493917,0.08688131,0.13239957,0.17254479,0.17311986,0.12801814,0.05329591,-0.0022261832,-0.009425708,0.026143504,0.059779573,0.0582879,0.010225162,-0.05160942,-0.082525596
0.07705495,0.038207117,-0.020001275,-0.06257183,-0.06975711,-0.039928615,-0.009281987,-0.00771108,-0.044615626,-0.09593002,-0.12941428,-0.12088778,-0.0738195,-0.02693769,-0.005101618,-0.023596292,-0.05981973,-0.07708215,-0.056494337,0.00093124993,0.060299233,0.087980896,0.07450502,0.044449925
0.14829984,0.17010745,0.1381438,0.08372791,0.047540322,0.064584,0.12099026,0.17223924,0.18060377,0.1332686,0.0619813,0.013113399,0.017555363,0.06374154,0.11529966,0.11689788,0.06620262,-0.009400081,-0.055743147,-0.042281628,0.021172056,0.080784544,0.1032166,0.075525984
0.09761108,0.09837334,0.038898684,-0.049753815,-0.11669284,-0.12270737,-0.078317255,-0.033297695,-0.030881366,-0.08138272,-0.15693128,-0.2052085,-0.1874634,-0.118776865,-0.040652767,-0.0062568663,-0.028605891,-0.08183575,-0.1076506,-0.07227211,0.01698601,0.103389755,0.13948157,0.11874536
0.020753883,-0.039824523,-0.1228995,-0.17026332,-0.15146685,-0.07869123,-0.009426825,0.006081957,-0.036599014,-0.100816734,-0.13658941,-0.10373537,-0.017631343,0.05608474,0.07922949,0.033267066,-0.045736592,-0.08831905,-0.06688862,0.006117765,0.071650624,0.07771091,0.019764168,-0.063088864
0.11138721,0.07045223,0.002906331,-0.031856447,-0.0015046039,0.08111737,0.1576113,0.17960054,0.13718082,0.06551495,0.016811304,0.035447665,0.103144445,0.16358478,0.17465417,0.10810202,0.008802807,-0.059273772,-0.055181805,0.007013331,0.070583485,0.074231215,0.019315861,-0.05832022
-0.084676,-0.1223803,-0.10991174,-0.060486097,-0.0064174496,0.0067575504,-0.024695035,-0.07283308,-0.099941716,-0.077370204,-0.019687489,0.0395569,0.05735862,0.026670294,-0.027909823,-0.057642538,-0.043240104,0.0071900403,0.060208112,0.06813638,0.025078164,-0.036419917,-0.08100506,-0.075849675
0.012925298,0.09729024,0.18425493,0.21835001,0.18406795,0.11588718,0.07355581,0.08786493,0.15074086,0.20875436,0.21980913,0.15974972,0.066629246,0.0038542585,-0.0011093825,0.050560053,0.10994918,0.12087155,0.065802895,-0.022786202,-0.08131891,-0.06749813,3.6329286e-06,0.07200318
-0.019779256,0.024500504,0.122548126,0.2122243,0.23819348,0.19081971,0.11656538,0.07690851,0.101869285,0.17112829,0.23723227,0.23653884,0.1602374,0.06322522,-0.0031239714,0.0019511032,0.06646523,0.12419846,0.12434807,0.052441087,-0.042765506,-0.094883166,-0.07166196,0.008437183
-0.012607054,-0.027989114,0.003937999,0.06612641,0.12667495,0.1441396,0.11926555,0.07852764,0.05667478,0.07303228,0.11937841,0.16029786,0.15954342,0.11410229,0.04765471,-0.0007666666,-0.00064105005,0.031071013,0.064043485,0.060243234,0.010715706,-0.054867126,-0.097165056,-0.08592457
0.19142252,0.222694,0.17838345,0.09754279,0.041531604,0.0645606,0.14483517,0.21869831,0.23448071,0.17264594,0.07252039,0.002982799,0.012800602,0.08304203,0.15951948,0.16485935,0.098532006,-0.0064210817,-0.07355829,-0.05411983,0.036481302,0.122821845,0.15617728,0.11779655
-0.010809367,-0.06402964,-0.0955199,-0.08401867,-0.03418982,0.013846293,0.026957143,0.0004228994,-0.044516314,-0.067054234,-0.051174574,0.002236487,0.05205837,0.06323378,0.032421283,-0.016211154,-0.05209661,-0.043364603,0.0023140162,0.043972883,0.04928151,0.0131539665,-0.044270996,-0.07816187
-0.109016456,-0.16015685,-0.14214909,-0.06712716,0.012342754,0.040869806,0.0018738215,-0.06343973,-0.10200105,-0.07325442,0.007184215,0.089476295,0.115099534,0.072633944,-0.0061713373,-0.059152026,-0.049583364,0.016812518,0.08540819,0.09551999,0.033277992,-0.0597966,-0.12362008,-0.1214542
0.026397487,0.076994106,0.123057745,0.12324883,0.06722576,-0.009413915,-0.059919965,-0.05981983,-0.022968752,0.011831535,0.010903035,-0.04335468,-0.11206485,-0.14567293,-0.13043214,-0.07325007,-0.0013288833,0.025014205,0.0021335073,-0.040694274,-0.05645026,-0.021582834,0.051168744,0.12572393
-0.1305209,-0.120785095,-0.077410914,-0.036288034,-0.019662796,-0.044780992,-0.08266717,-0.103601575,-0.08502527,-0.03639118,0.011923837,0.028440718,0.006811413,-0.033056878,-0.063082635,-0.050317142,-0.0054655853,0.03764403,0.046337042,0.013007855,-0.044718288,-0.084765255,-0.0918664,-0.06863564
-0.021268645,-0.09700627,-0.13878219,-0.1145831,-0.03786542,0.035021316,0.055380903,0.016330995,-0.048254516,-0.082375884,-0.05477832,0.024227677,0.097952254,0.11129012,0.06367652,-0.014267544,-0.06818459,-0.055058397,0.007765423,0.06975165,0.0734227,0.011245519,-0.07656497,-0.130578
-0.025265548,-0.0071858424,0.051758233,0.11280871,0.13883597,0.11591117,0.068049565,0.03509209,0.042141628,0.08287135,0.12942207,0.13798513,0.09755843,0.035207435,-0.016863378,-0.02507768,0.012275324,0.05675719,0.066719584,0.028822396,-0.034844026,-0.07872214,-0.07695283,-0.030166652
-0.1038285,-0.15455973,-0.13985623,-0.06454948,0.019993702,0.050870426,0.012944768,-0.05152576,-0.09363913,-0.0714049,0.004528294,0.0858022,0.10946947,0.06557228,-0.015925305,-0.07512719,-0.07198539,-0.01032028,0.057836387,0.07066944,0.0091623925,-0.08832264,-0.15741935,-0.16134644
0.0322422,-0.036046848,-0.080477804,-0.07818635,-0.03942549,0.004918879,0.010339481,-0.029527202,-0.09105457,-0.12729864,-0.11528348,-0.06176218,-0.0032028956,0.014770322,-0.014268053,-0.0673269,-0.09660202,-0.072784655,-0.010224851,0.05367589,0.07704822,0.05149711,0.0018128725,-0.018979112
-0.04166741,0.020667776,0.031780608,-0.019115744,-0.097663306,-0.15376577,-0.14039867,-0.07712965,-0.006453282,0.01706215,-0.022170907,-0.09196446,-0.1370469,-0.11675942,-0.040200908,0.04995758,0.08059579,0.04032015,-0.028826956,-0.0809768,-0.06459744,0.0071788775,0.07599836,0.08551863
-0.061987553,-0.008565507,-0.00998387,-0.07230401,-0.15735304,-0.21249907,-0.19792967,-0.13501397,-0.06752331,-0.04614822,-0.08696108,-0.15179014,-0.18457629,-0.15147081,-0.06597937,0.028871858,0.062869534,0.02656866,-0.03679444,-0.07778675,-0.051552452,0.026151592,0.09555048,0.09937155
-0.03302696,0.03561015,0.056719825,0.021677617,-0.037581928,-0.07579434,-0.049974665,0.017215822,0.08908746,0.10842432,0.07048626,0.003414707,-0.038366746,-0.024246564,0.03729524,0.10005709,0.11190492,0.05928778,-0.020105146,-0.07347318,-0.067871384,-0.017813275,0.032189094,0.027530408
0.093380325,0.1649158,0.19482826,0.1696537,0.11563903,0.082214326,0.09597344,0.1452003,0.19493496,0.20041241,0.15330401,0.07833601,0.024266314,0.021928327,0.060759205,0.10264175,0.108183704,0.06347241,-0.0082712425,-0.05585527,-0.046951797,0.011314967,0.074511304,0.098635
0.039101798,-0.0012825909,0.005712746,0.043381836,0.08002023,0.08487215,0.041757703,-0.02168372,-0.071725436,-0.074040845,-0.03590412,0.0051868763,0.01607023,-0.016721705,-0.07410131,-0.110869214,-0.09199605,-0.029873677,0.032313593,0.06142361,0.04304539,0.00781211,-0.013597378,0.022026204
-0.019983755,0.05720822,0.13174103,0.15067576,0.1049463,0.028923994,-0.013660136,0.0036116631,0.06858713,0.12810256,0.1376823,0.07972811,-0.0061605936,-0.056561112,-0.04608809,0.023156555,0.09154578,0.10488472,0.054969635,-0.028085655,-0.07644952,-0.051277384,0.020094886,0.08813961
0.019010292,-0.08022528,-0.1521077,-0.1548648,-0.105258405,-0.046983242,-0.04125713,-0.09468373,-0.17960176,-0.22961295,-0.21115704,-0.1320806,-0.046096046,-0.014018909,-0.04372085,-0.107393816,-0.14405546,-0.11003935,-0.020356754,0.07244611,0.10968307,0.076589055,0.010389926,-0.0264781
0.18948105,0.15129532,0.08503568,0.04243249,0.06046736,0.13107438,0.19511485,0.20612271,0.15156043,0.066574134,0.005829491,0.0113574425,0.07015337,0.12415999,0.1315596,0.06421986,-0.024568293,-0.082941994,-0.0743646,-7.30601e-05,0.07757586,0.100072876,0.0634018,0.010775937
-0.030350551,-0.0164106,0.055602722,0.12388564,0.13741846,0.08172132,-0.008287475,-0.06879904,-0.067530215,-0.00752669,0.057811532,0.0679631,0.009768633,-0.07098353,-0.13154598,-0.12053646,-0.037594367,0.046430103,0.080080576,0.040621515,-0.03070742,-0.070647314,-0.04559929,0.04542235
0.036334794,-0.05071657,-0.11320062,-0.11593232,-0.06563876,-0.004849648,0.0040011387,-0.04446765,-0.12566082,-0.17382066,-0.1635096,-0.09434414,-0.017738283,0.0100421375,-0.023476958,-0.08813574,-0.12973261,-0.10337139,-0.025464332,0.0572526,0.090438664,0.062127937,-0.0003301287,-0.033443816
0.122424744,0.03979595,-0.013084658,-0.004045669,0.053583138,0.121955305,0.13149594,0.07559139,-0.016617285,-0.07915899,-0.07451252,-0.012842811,0.057270028,0.07279941,0.022882707,-0.06598476,-0.119078055,-0.094819136,-0.018968275,0.06894922,0.10350156,0.071659416,0.00960082,-0.011724094
0.01933446,0.023436742,-0.019283852,-0.08034577,-0.120814286,-0.1121966,-0.064989485,-0.019133119,-0.0056674927,-0.035301715,-0.08545451,-0.11393973,-0.09304679,-0.035473652,0.027685702,0.050539654,0.02312985,-0.030835418,-0.06286873,-0.044174794,0.014822912,0.065580554,0.0804383,0.0422898
0.0023846086,0.0020967594,-0.048734505,-0.11076232,-0.14359564,-0.123069786,-0.066303626,-0.015456567,-0.002126607,-0.033954903,-0.084412545,-0.10412346,-0.073320314,-0.010818603,0.0510389,0.06942961,0.028967116,-0.029380633,-0.06134288,-0.04276435,0.013250717,0.060480822,0.065977275,0.012715536
0.10989461,0.029436534,-0.022043394,-0.0048568416,0.061776284,0.1364745,0.14878322,0.09838474,0.012940278,-0.039283287,-0.028138652,0.0414575,0.10845593,0.12122932,0.06995701,-0.017224023,-0.07834415,-0.06278203,0.011022914,0.08459571,0.109319724,0.07131629,0.0079172,-0.01915782
-0.039212935,-0.09588881,-0.13452852,-0.12865485,-0.08340042,-0.036099806,-0.021431373,-0.04540692,-0.08881431,-0.11259472,-0.096457995,-0.041856814,0.01342383,0.032166578,0.00960954,-0.035767395,-0.069541365,-0.06014921,-0.015084624,0.031945296,0.04184292,0.0046951966,-0.053633336,-0.09536481
-0.15068345,-0.15023911,-0.10097329,-0.056645475,-0.058902107,-0.12180861,-0.20709354,-0.25928658,-0.25045377,-0.18729481,-0.119764216,-0.102226175,-0.13938646,-0.19516538,-0.22986475,-0.19448781,-0.09851259,-0.0051500853,0.03194336,0.0042456225,-0.058334682,-0.09391036,-0.075475015,-0.008848981
-0.041526362,-0.122111924,-0.1695765,-0.15128079,-0.07768015,-0.004367013,0.014874891,-0.023491774,-0.08781315,-0.11613528,-0.0882679,-0.007208656,0.066968136,0.087363586,0.0463047,-0.024748739,-0.07700487,-0.06547822,0.00057445996,0.060763475,0.06866735,0.009540615,-0.07576553,-0.12939872
0.15670468,0.11880766,0.053010393,0.010163463,0.021452514,0.08585559,0.14688048,0.16103828,0.11518247,0.042479165,-0.011558996,-0.0048269792,0.051806062,0.10818021,0.12336275,0.070717596,-0.010507664,-0.06474413,-0.05573148,0.008111669,0.08018201,0.105105974,0.074706495,0.023900378
0.09583168,0.052747622,0.029509375,0.03802621,0.06489598,0.09730327,0.09470399,0.057899095,0.004235655,-0.029787308,-0.026234461,0.0023227024,0.032460943,0.033960056,0.0034421578,-0.042934578,-0.06677123,-0.045415238,-0.0025514534,0.04248777,0.06040985,0.048205245,0.02497615,0.028185423
-0.01570398,0.057959877,0.12536767,0.12935075,0.055578016,-0.04581859,-0.110488065,-0.10441658,-0.0448736,0.011237478,0.017274555,-0.052746452,-0.14403562,-0.19012332,-0.1668017,-0.08136615,0.016850002,0.05418867,0.013737999,-0.054384433,-0.087512694,-0.04560059,0.050226957,0.14062189
-0.03826536,-0.08869992,-0.08597246,-0.039770324,0.006038609,0.014177237,-0.029603971,-0.09347785,-0.13899396,-0.13074031,-0.074428566,-0.01676817,0.000669735,-0.031172492,-0.08664483,-0.119182594,-0.09923824,-0.031806435,0.036172554,0.06063555,0.031075677,-0.022946808,-0.056767397,-0.03589888
0.09688054,0.011206648,-0.04696467,-0.03587412,0.02785932,0.09947609,0.10868603,0.054916307,-0.035142805,-0.09220397,-0.08233451,-0.011097575,0.062167995,0.0805616,0.032835893,-0.05550431,-0.110417925,-0.090800315,-0.012276255,0.07433867,0.10679286,0.067779526,0.0020104963,-0.028441915
0.11236768,0.06836871,0.039552666,0.047879767,0.08249499,0.119742274,0.1171647,0.079226665,0.019953186,-0.020898981,-0.021591142,0.0121844765,0.04758045,0.050069436,0.0142778475,-0.044738546,-0.07345115,-0.05732356,-0.011256854,0.04430665,0.065991744,0.048833758,0.019945487,0.016136551
0.011748678,-0.061762176,-0.109934434,-0.105008334,-0.056989796,-0.006709994,-0.0011116815,-0.043204993,-0.10882179,-0.14447908,-0.12830836,-0.06562939,-0.002789461,0.015079918,-0.01740254,-0.07228984,-0.10564577,-0.08122817,-0.014425911,0.05059743,0.07052066,0.03812247,-0.019629056,-0.04874973
0.08576901,0.18037279,0.21667828,0.17583263,0.093517646,0.034778625,0.0499915,0.12143954,0.19876955,0.21573433,0.15614878,0.054951932,-0.020446446,-0.018127304,0.04795075,0.12193388,0.14190938,0.079827584,-0.014191774,-0.08256049,-0.067519546,0.014180855,0.10290847,0.13569602
0.043231245,-0.0040942878,0.013221177,0.08292632,0.14868549,0.1739796,0.12679446,0.048885837,-0.011892558,-0.010340879,0.047934063,0.1085083,0.12213739,0.071609624,-0.015518838,-0.0807254,-0.07629749,-0.0020580715,0.069857635,0.0935985,0.049926832,-0.016883783,-0.0556557,-0.022606455
-0.015513001,0.037543733,0.053043067,0.026784362,-0.021222096,-0.050384834,-0.02719227,0.027158858,0.08394053,0.09741844,0.06750032,0.013680748,-0.018357541,-0.006175879,0.044012893,0.09367116,0.0994815,0.057155225,-0.0048390306,-0.0480701,-0.04356531,-0.0029967157,0.036641877,0.032172285
-0.014433692,0.047323223,0.06276494,0.026445227,-0.031694762,-0.06658593,-0.041000232,0.022062413,0.08711142,0.103669465,0.066824496,0.006077663,-0.029408531,-0.012653161,0.048919383,0.11280821,0.12274956,0.073050074,0.0012993747,-0.04713131,-0.037237,0.018124802,0.0696784,0.0661349
-0.009149844,-0.052455775,-0.10899038,-0.13953778,-0.12596123,-0.081538945,-0.042173173,-0.035207845,-0.063123375,-0.09982755,-0.11722849,-0.08900521,-0.03247832,0.013846387,0.028394783,0.0048017567,-0.041189004,-0.062353667,-0.04272972,0.0031126759,0.042216014,0.04509654,0.008016598,-0.045245446
0.012565889,0.022618975,0.064406686,0.102889255,0.10470744,0.07167323,0.021230217,-0.013383629,-0.013917834,0.015576527,0.049907453,0.050745543,0.016807849,-0.030401649,-0.06386903,-0.055506647,-0.009366576,0.042032845,0.059627637,0.03682333,-0.0024336006,-0.016843129,0.0048885955,0.061951175
0.020799417,-0.051221754,-0.10255456,-0.10223914,-0.059089795,-0.00985021,-0.005047892,-0.045805793,-0.1120427,-0.14969414,-0.13749309,-0.07778454,-0.01632128,0.0042598243,-0.023382587,-0.074767604,-0.107674226,-0.08470652,-0.020178683,0.04605878,0.07108606,0.04502068,-0.0056760455,-0.033597995
0.059544627,0.0110142045,0.020802848,0.08082182,0.13258323,0.14436428,0.08543086,0.004138034,-0.05950559,-0.059167337,-0.0036619944,0.053167827,0.061016705,0.013110405,-0.062023126,-0.11111836,-0.09342455,-0.014078213,0.062400546,0.090653,0.059140906,0.007712055,-0.011763636,0.032415934
0.12601537,0.14715345,0.117256336,0.06524849,0.029903239,0.04204749,0.091439284,0.13996135,0.15192617,0.11452062,0.0501392,0.0075101475,0.012095406,0.05523663,0.1033034,0.1097479,0.067801416,0.00015141282,-0.04051767,-0.031395026,0.02414195,0.081693284,0.105035916,0.08132029
0.03183372,0.0049564443,-0.042198434,-0.07086145,-0.06091654,-0.012438895,0.03989982,0.061075673,0.04370846,0.004528637,-0.023842625,-0.011870108,0.035861753,0.08341446,0.10356544,0.0735605,0.015681548,-0.028062327,-0.028628193,0.008163762,0.050244432,0.05613725,0.02401444,-0.031168915
0.21165408,0.1723017,0.107195355,0.07127618,0.092444144,0.17006475,0.23765409,0.24773175,0.19012152,0.10263096,0.04504709,0.052777857,0.112978026,0.16541964,0.1717914,0.101869896,0.005360169,-0.05361225,-0.04607909,0.026006706,0.10218838,0.12428183,0.08920081,0.03568498
0.08016326,0.094398595,0.033835307,-0.047815703,-0.08942001,-0.051223364,0.041464306,0.12193817,0.14151883,0.087805286,0.003526666,-0.03969706,-0.008827268,0.0743546,0.15960301,0.17387326,0.097535565,-0.009969515,-0.072411,-0.054427065,0.029184993,0.099695,0.110373504,0.03719805
0.07730422,0.049740605,0.0018769777,-0.023090096,0.00015426609,0.056606125,0.11100584,0.12813087,0.09936488,0.04850505,0.012470361,0.02551143,0.07253661,0.11398635,0.12040788,0.07372759,0.0031714474,-0.046877228,-0.04326628,-0.0002664558,0.04280131,0.044866793,0.0029842136,-0.05394666
-0.12441466,-0.120256044,-0.06708903,-0.01546003,-0.017332278,-0.07517033,-0.15793516,-0.20822538,-0.19772765,-0.13471782,-0.06490455,-0.049393874,-0.09214641,-0.1518564,-0.18594651,-0.1526781,-0.06405518,0.024787284,0.055278175,0.020099472,-0.0438844,-0.07933503,-0.053178016,0.016683223
-0.11214643,-0.08036045,-0.046548177,-0.04880498,-0.0910462,-0.15648702,-0.19796316,-0.19393843,-0.15040138,-0.099165596,-0.079227395,-0.10399569,-0.15005387,-0.17030235,-0.14676613,-0.07613116,-0.0042697475,0.023821699,0.008253599,-0.03636534,-0.06042737,-0.042353436,0.00583269,0.050006162
-0.035543032,0.009957156,0.024038218,-0.0033274696,-0.05009269,-0.08550997,-0.07656284,-0.03484354,0.013234477,0.02916915,0.005181157,-0.042695392,-0.07599755,-0.067222804,-0.020963399,0.03195969,0.05128263,0.022522219,-0.028515939,-0.06436061,-0.05810733,-0.020051222,0.020629263,0.024551926
0.1246228,0.07191426,0.044119798,0.060737334,0.1131093,0.17229958,0.17942438,0.13482887,0.06252542,0.013531539,0.015045805,0.058081787,0.103310145,0.10296134,0.051246602,-0.026785547,-0.074488,-0.056848563,-0.007938188,0.05165168,0.06868174,0.041729577,-0.003960811,-0.014887821
-0.093604624,-0.089494824,-0.055016056,-0.026502011,-0.033322506,-0.07839268,-0.13779186,-0.17110726,-0.1619348,-0.11674768,-0.07191852,-0.06343555,-0.092829086,-0.12980744,-0.14813983,-0.12002412,-0.052329388,0.0079846615,0.028762428,0.0073130387,-0.031745207,-0.051099148,-0.029276632,0.020306919
0.0104403095,-0.06609317,-0.11922218,-0.12183008,-0.0847176,-0.043806776,-0.048368398,-0.095376,-0.1642576,-0.19955891,-0.18501005,-0.12610433,-0.06699072,-0.046152506,-0.07213346,-0.11868151,-0.14049879,-0.10804332,-0.036193248,0.033645328,0.06145727,0.036711637,-0.009675935,-0.02891664
-0.08589848,-0.123084344,-0.108774126,-0.051149182,0.011251181,0.033004787,0.005480996,-0.0425055,-0.07173746,-0.054632474,0.0036953718,0.06239674,0.07998354,0.047236245,-0.013133723,-0.06014877,-0.05530889,-0.009876579,0.038816884,0.049975846,0.0045131017,-0.07272388,-0.12699321,-0.12981781
0.1528945,0.13179633,0.098175794,0.079983145,0.093388654,0.13670143,0.17251983,0.17315951,0.1355651,0.08090503,0.04496595,0.047659483,0.08210302,0.105415836,0.09791874,0.05108174,-0.0039968174,-0.02964042,-0.021019015,0.022565473,0.062011957,0.07744016,0.0571121,0.03433576
-0.13132372,-0.11741099,-0.07105013,-0.024820685,-0.0070614647,-0.03458073,-0.0765046,-0.097162396,-0.07689555,-0.026734594,0.023926241,0.0384759,0.008476495,-0.036823843,-0.06645472,-0.052059513,-0.006668533,0.034989238,0.039890222,0.0011975333,-0.05976792,-0.10357362,-0.10651613,-0.08225876
0.026221752,0.082062416,0.13711685,0.15758385,0.13590004,0.09284892,0.06913604,0.08124196,0.12268227,0.15797403,0.1608496,0.12108945,0.06300415,0.024422884,0.02078658,0.050350547,0.08533088,0.08660784,0.05122803,-0.004226974,-0.039662104,-0.028723301,0.013238937,0.058466613
0.06963148,-0.0067156362,-0.04990915,-0.01335019,0.09281041,0.19960529,0.23293139,0.19142845,0.108780086,0.059180755,0.07426783,0.16006126,0.23710936,0.24474007,0.1697374,0.049056634,-0.04396729,-0.050571214,0.013324571,0.07907791,0.08108503,0.0074174437,-0.0963584,-0.15769885
-0.044959884,0.0059038782,0.003955904,-0.05354812,-0.13265084,-0.1844145,-0.17093998,-0.11201529,-0.05016493,-0.03412289,-0.07491385,-0.13814323,-0.17090157,-0.1407846,-0.061766915,0.02136032,0.05110982,0.014139247,-0.045634843,-0.081238315,-0.05426854,0.016071888,0.08049498,0.084233135
0.12317106,0.20960388,0.24193329,0.20666656,0.13653757,0.093269825,0.11725912,0.18409051,0.2496353,0.25266373,0.19195092,0.09785031,0.03338892,0.035234887,0.090549864,0.14352734,0.14722405,0.08268256,-0.0064899153,-0.06310169,-0.04465748,0.029970856,0.106172,0.13239777
0.032198537,-0.033198833,-0.07486288,-0.06960089,-0.028889598,0.01826156,0.022246666,-0.019017197,-0.082302466,-0.119142026,-0.106501125,-0.05362142,0.0026764171,0.017565738,-0.013789373,-0.06787675,-0.09849471,-0.072425134,-0.013867345,0.048344612,0.06865997,0.04173897,-0.0057651456,-0.027017083
-0.04064285,-0.08515164,-0.14786047,-0.18732052,-0.17754424,-0.13219436,-0.08554127,-0.07197635,-0.095996305,-0.133682,-0.15393731,-0.12488698,-0.05854194,-0.0010613076,0.02334455,0.0043823617,-0.04096991,-0.0665785,-0.050538514,0.0012062958,0.045739144,0.050442602,0.008440263,-0.057738654
-0.039856035,-0.092356764,-0.12440291,-0.111748636,-0.059356645,-0.0055078925,0.015615074,-0.0059676575,-0.04732527,-0.0726583,-0.05599851,-0.0019688834,0.05507285,0.07061005,0.041381612,-0.014392095,-0.055097852,-0.049323026,-0.0102892155,0.035198532,0.038520936,-0.00737181,-0.074778885,-0.12275569
0.13797398,0.08164615,0.049091466,0.06435817,0.119135596,0.17670673,0.18586648,0.14206226,0.06804549,0.014351017,0.0130355405,0.057322107,0.10491288,0.10619233,0.05396164,-0.028775351,-0.07918787,-0.067030884,-0.012079273,0.052948035,0.07421997,0.04543411,-0.006804153,-0.0204972
0.074269794,0.037601486,0.04843548,0.09209117,0.13196793,0.1438697,0.101280354,0.036133457,-0.017396377,-0.023774413,0.011929586,0.049997464,0.056521647,0.018670836,-0.045711145,-0.093731314,-0.082938194,-0.022547666,0.0354732,0.06293694,0.04325276,0.0063207746,-0.011187363,0.029124865
-0.092110716,-0.0006164682,0.09409132,0.12640901,0.07831982,-0.013815938,-0.070638716,-0.052046325,0.03378072,0.12011214,0.14862098,0.091947064,-0.007925994,-0.07353358,-0.06563194,0.02129249,0.11232535,0.13973913,0.08137555,-0.025744462,-0.100718126,-0.08539857,-0.0058367257,0.070268326
-0.12302734,-0.07419931,-0.024708783,-0.021891134,-0.0734901,-0.15841249,-0.2141968,-0.20937127,-0.1527321,-0.08860731,-0.064851984,-0.09940398,-0.16290987,-0.19746813,-0.17578551,-0.089972384,0.0011172188,0.040235233,0.016856633,-0.043962017,-0.083082125,-0.060576994,0.003531912,0.06282145
-0.067282245,-0.11976301,-0.13231619,-0.11001894,-0.08486965,-0.08863796,-0.13034923,-0.18513569,-0.22413243,-0.2164017,-0.16974281,-0.117446214,-0.09419398,-0.1099902,-0.14396709,-0.15230148,-0.12269247,-0.054356914,0.013372336,0.041678857,0.025323085,-0.0067161997,-0.029709026,-0.0126294615
-0.0017935405,-0.04972146,-0.11226864,-0.14674982,-0.13193043,-0.076493554,-0.026440635,-0.016520157,-0.047504053,-0.09150762,-0.11350546,-0.08419076,-0.016160633,0.0410834,0.05885362,0.022881005,-0.032522954,-0.06225641,-0.044528067,0.0125229815,0.06156325,0.061624497,0.017298276,-0.045464106
0.07943046,0.031770114,0.051299747,0.1199538,0.18692784,0.20785747,0.15840217,0.07707561,0.011615237,0.008146477,0.061535176,0.11749315,0.12553282,0.07225661,-0.017171778,-0.08770042,-0.08172855,-0.014626541,0.060803097,0.09019073,0.0555149,-0.009806394,-0.04940766,-0.00770796
0.12229133,0.06538086,0.033884488,0.045982085,0.08696227,0.1281772,0.12216704,0.072954446,0.0025110142,-0.040122658,-0.034128986,0.009493787,0.051787987,0.053114936,0.009810307,-0.05437037,-0.08286128,-0.05749904,0.003157739,0.06611421,0.08906918,0.068740144,0.033571426,0.034850467
-0.010860857,0.04429787,0.09913944,0.10600257,0.05269466,-0.029755827,-0.08953889,-0.09299194,-0.051136702,-0.004734522,0.0049197953,-0.04416167,-0.117641404,-0.1611719,-0.1511875,-0.08393327,-0.0009322791,0.03776631,0.013745406,-0.039180208,-0.06978726,-0.038437944,0.03730711,0.11531538
0.06336803,0.018868841,0.029912405,0.08622683,0.1431205,0.16609707,0.12509514,0.053740524,-0.006898616,-0.014995412,0.03049724,0.08191882,0.09625677,0.054435655,-0.02116205,-0.08357275,-0.08072072,-0.018276088,0.046735693,0.07884883,0.05168721,-0.0033968524,-0.037209358,-0.006907196
0.11056203,0.0661308,0.04497886,0.06221063,0.10407112,0.14768167,0.14786682,0.10776538,0.048395302,0.01080655,0.015071043,0.050523497,0.08519944,0.082542114,0.037921943,-0.028308775,-0.062213276,-0.04440196,0.0013284025,0.050880946,0.063826,0.038717702,0.0027080458,0.0004058882
-0.05848151,-0.124089226,-0.12420404,-0.07183344,-0.017057233,-0.0061453218,-0.05891347,-0.1376205,-0.19351782,-0.18147159,-0.11258515,-0.03846658,-0.009845389,-0.0433485,-0.11082406,-0.15110908,-0.124362014,-0.039065573,0.048457984,0.08266011,0.04795779,-0.017055916,-0.061198607,-0.037078507
0.016010616,0.024765763,0.067610614,0.10754499,0.10224519,0.05617842,-0.014034263,-0.059927948,-0.06412691,-0.029755328,0.010170433,0.011013171,-0.030345751,-0.0823197,-0.11640416,-0.105395176,-0.040174372,0.02496259,0.0510224,0.03367688,-0.0029245438,-0.017881693,0.01749825,0.091408595
0.14413187,0.08935388,0.05397131,0.06788672,0.11990314,0.18235625,0.19586012,0.15676622,0.08506194,0.032922525,0.030825011,0.07580062,0.12597105,0.13280085,0.0873723,0.00825936,-0.046732575,-0.039617393,0.01083584,0.073053084,0.0967301,0.07294885,0.027026912,0.009574792
0.021920608,0.026180413,-0.0371817,-0.12406348,-0.17286931,-0.1541862,-0.07838005,-0.009777744,0.008340216,-0.039196894,-0.11250055,-0.14826538,-0.11288997,-0.03264767,0.051913816,0.08205346,0.032548826,-0.047276095,-0.092966855,-0.06725383,0.011870351,0.08264234,0.09184482,0.026328344
-0.06084419,-0.016427366,-0.013610967,-0.061047688,-0.13535258,-0.18767218,-0.18234433,-0.1343722,-0.078238174,-0.05858759,-0.08633016,-0.14225845,-0.17503382,-0.15249762,-0.08012441,0.0043370547,0.040264755,0.018654041,-0.033723816,-0.070005685,-0.05107572,0.011426845,0.07393408,0.08291295
0.11668648,0.027968396,-0.02716754,-0.013374792,0.054268796,0.1303775,0.13880445,0.0765715,-0.023909805,-0.08943396,-0.081332654,-0.011297152,0.06310284,0.07418601,0.013612405,-0.08149532,-0.14067985,-0.10817153,-0.025868833,0.06360421,0.09119912,0.053507484,-0.016498588,-0.04149896
0.19709094,0.23091096,0.19631606,0.12812792,0.08126516,0.10122713,0.17349508,0.2402581,0.25393823,0.19440082,0.10165097,0.034884248,0.036401,0.0909665,0.15385245,0.15609974,0.092209145,-0.0045044464,-0.06848706,-0.055640317,0.021857973,0.099938914,0.13049342,0.09885178
0.15228738,0.13524511,0.096866935,0.07336262,0.086114556,0.13622802,0.18115593,0.19191523,0.15753299,0.09937178,0.05541991,0.052427396,0.084372915,0.116473705,0.12013142,0.07071798,0.0052735778,-0.040538955,-0.043813966,-0.00014514689,0.04975746,0.06454585,0.044979244,0.011386438
0.07572925,0.092548065,0.049929615,-0.011194522,-0.042242832,-0.010095812,0.06532724,0.13171344,0.1503578,0.11059472,0.043491777,0.007622151,0.028053751,0.08990295,0.15492286,0.16740681,0.10335774,0.0150596015,-0.039115816,-0.033075493,0.02806902,0.086119466,0.09722986,0.041155558
-0.12431599,-0.079984754,-0.029711287,-0.011100981,-0.029472575,-0.078857586,-0.10398296,-0.088681065,-0.034198675,0.022613268,0.047627218,0.026553778,-0.021578249,-0.052975703,-0.044445835,0.010274839,0.060690686,0.071333855,0.0411523,-0.022176538,-0.07015766,-0.07410205,-0.04821467,-0.023050036
0.025379881,-0.054802857,-0.11513933,-0.1225616,-0.08415183,-0.03498729,-0.02697449,-0.06944151,-0.1415857,-0.18861121,-0.18068053,-0.12143831,-0.051247522,-0.02322556,-0.047096908,-0.100231394,-0.1338969,-0.107605785,-0.037050925,0.041330222,0.075674385,0.0534901,-0.0010767565,-0.03190676
-0.043477293,0.012502304,0.02484684,-0.021029495,-0.09791884,-0.15562813,-0.14893663,-0.0953368,-0.031338964,-0.010073338,-0.044252425,-0.11190962,-0.15424517,-0.13620678,-0.06643885,0.013770068,0.050293826,0.020954333,-0.039567973,-0.082308315,-0.066456154,-0.004299757,0.059255626,0.07356693
-0.017345857,0.073395036,0.16496576,0.19569969,0.14564835,0.060429618,0.009070834,0.025316741,0.10003272,0.16910425,0.18539841,0.12028907,0.022442475,-0.041045338,-0.03655217,0.034437146,0.113707766,0.13646175,0.07841416,-0.0170648,-0.08017984,-0.058525953,0.0233199,0.10397249
-0.090752296,-0.082842425,-0.0441403,-0.008705821,-0.0054282974,-0.045447737,-0.102107555,-0.13496631,-0.12722746,-0.08646015,-0.04256144,-0.03400638,-0.065909155,-0.11039912,-0.13837428,-0.11992581,-0.060418565,-0.002593377,0.014477887,-0.009072679,-0.055866867,-0.08409165,-0.071290046,-0.027790003
-0.038778063,-0.08846716,-0.07827245,-0.025239509,0.028598836,0.037692063,-0.011341727,-0.08156848,-0.12933356,-0.1158742,-0.05511827,0.0075065102,0.02509084,-0.013833417,-0.0818887,-0.12068004,-0.09713359,-0.023127541,0.04963649,0.07291224,0.03431282,-0.025743796,-0.064666994,-0.038810115
-0.031335276,0.022789678,0.027367365,-0.023275474,-0.09920455,-0.15066613,-0.13841695,-0.081201755,-0.019612325,-0.0031349154,-0.041768946,-0.10667086,-0.14462575,-0.12140083,-0.047415923,0.033614013,0.061849028,0.025724677,-0.035936795,-0.07644798,-0.054686528,0.013230293,0.078265205,0.08593573
0.055446915,0.077233896,0.033156887,-0.037607495,-0.078214735,-0.05485195,0.025966125,0.101891495,0.13108796,0.09169368,0.018624755,-0.024035469,-0.00014838969,0.06913216,0.14368398,0.16219902,0.10429449,0.0106445225,-0.04879738,-0.0403478,0.024659777,0.087180115,0.09642856,0.034471232
0.02642254,0.1060717,0.18774484,0.22962812,0.20783971,0.15118726,0.108196266,0.11882009,0.17416823,0.22933218,0.24297929,0.19319034,0.10428384,0.04041234,0.027168382,0.06395255,0.112800375,0.121182844,0.071823016,-0.012522222,-0.07329883,-0.07030849,-0.008458744,0.056836497
-0.026216077,0.016297773,0.020793758,-0.019037629,-0.077649035,-0.11303657,-0.09784913,-0.05162833,-0.0033531,0.006859207,-0.024345214,-0.0753403,-0.09954322,-0.07884023,-0.021639451,0.0370776,0.055696465,0.026772302,-0.024761453,-0.053477786,-0.03616891,0.015637178,0.06240788,0.06396313
0.0145098725,0.09226383,0.16852884,0.1937621,0.16242994,0.10048177,0.06504607,0.08027343,0.1367395,0.18440823,0.1889641,0.13340655,0.052461192,-0.0014028731,-0.0042846454,0.0407483,0.09428663,0.099687465,0.047646146,-0.026107227,-0.07362037,-0.05858973,0.0001324667,0.060952973
-0.005351265,5.176453e-06,-0.04997003,-0.12289097,-0.17046367,-0.16135056,-0.10767365,-0.05223206,-0.031893816,-0.057664126,-0.11305473,-0.14236961,-0.11872868,-0.05246834,0.021347873,0.059119005,0.029248985,-0.028925763,-0.0658842,-0.05418512,0.006528166,0.06981331,0.08944486,0.044747826
-0.0072798585,-0.047185384,-0.007561457,0.0880469,0.17857204,0.21125627,0.1641416,0.086150594,0.036428753,0.057510063,0.13601704,0.20857526,0.2147476,0.14659984,0.04186685,-0.03271267,-0.030650888,0.03881756,0.104049236,0.107601956,0.0365631,-0.05976905,-0.1163833,-0.08905027
0.053114668,-0.0125501575,-0.04964107,-0.02503743,0.054045405,0.13269699,0.15904057,0.1244889,0.05815744,0.016459966,0.030524824,0.09962998,0.16441019,0.17281432,0.11930635,0.031705588,-0.03589805,-0.037872784,0.016996074,0.074228704,0.08203279,0.029185442,-0.052292787,-0.099081874
-0.053285584,-0.10334837,-0.0969969,-0.045975026,0.0058395304,0.016320098,-0.031238755,-0.099529564,-0.14713888,-0.13699754,-0.076835945,-0.015041099,0.0046322923,-0.030309048,-0.09310452,-0.13291842,-0.11015866,-0.03742477,0.0314934,0.059168663,0.024143364,-0.038820077,-0.077791005,-0.058703184
-0.061298467,-0.11378873,-0.11353964,-0.0714264,-0.030970298,-0.026436426,-0.072789825,-0.13677238,-0.17970075,-0.16595691,-0.107066244,-0.0470111,-0.025848478,-0.053737253,-0.10516463,-0.12923184,-0.10234423,-0.028028987,0.042777974,0.06656147,0.0357075,-0.014372422,-0.04509305,-0.023667179
-0.025036693,0.04830191,0.12102149,0.14570661,0.10625358,0.030966498,-0.015130682,-0.0021161723,0.05925598,0.11589018,0.12834501,0.07430771,-0.00964734,-0.06240285,-0.05891836,-0.0024271798,0.065468095,0.08161797,0.03801767,-0.038187746,-0.08914875,-0.07729104,-0.014737475,0.05003072
-0.090129286,-0.12545319,-0.11710682,-0.07127279,-0.02049209,-0.0020550545,-0.02362019,-0.062120974,-0.08418219,-0.06379936,-0.010463635,0.044633944,0.06307712,0.039390568,-0.0056080846,-0.03318453,-0.028180672,0.011351821,0.055168167,0.059381742,0.020113604,-0.03926414,-0.082825385,-0.08718077
0.07571698,0.1342988,0.14534587,0.098026,0.02043296,-0.02488541,-0.013005887,0.03633976,0.08467812,0.08640144,0.036346965,-0.03963866,-0.08252617,-0.06584107,-0.00292735,0.060732815,0.080561005,0.04434844,-0.018570643,-0.05184163,-0.021254618,0.057589237,0.13387653,0.16049393
0.021540409,-0.054175798,-0.10238568,-0.09761016,-0.055279624,-0.012129136,-0.016790025,-0.066840395,-0.13629138,-0.17195939,-0.15290144,-0.08950898,-0.027011711,-0.012434264,-0.047381055,-0.10008238,-0.12270483,-0.08441963,-0.010861952,0.05897444,0.079284996,0.05075688,0.0012163717,-0.01693371
0.06961746,0.11876675,0.12644027,0.08755713,0.015564419,-0.03489664,-0.039510325,-0.0033545739,0.03627754,0.04129996,0.0017986526,-0.064430766,-0.10986271,-0.098684765,-0.042331096,0.016491063,0.045573972,0.020916913,-0.025538933,-0.05265473,-0.024341417,0.042188004,0.117882386,0.15126692
-0.036611658,-0.0012708871,0.094324686,0.18974766,0.22211327,0.18185602,0.10436613,0.05632378,0.073298395,0.14216645,0.21560462,0.22342676,0.15326759,0.055406433,-0.018221356,-0.020547185,0.04221791,0.111472964,0.11939669,0.05197174,-0.048102498,-0.109738186,-0.0929419,-0.0148751605
-0.1309914,-0.14279078,-0.113394715,-0.07870159,-0.077571005,-0.123340115,-0.19142678,-0.23685801,-0.23540014,-0.18583313,-0.1253871,-0.09994799,-0.12224071,-0.16279991,-0.18741766,-0.15593809,-0.081889465,-0.0041630263,0.03466614,0.01663626,-0.02943419,-0.0583698,-0.045379866,0.003890657
0.03431237,-0.0075844363,-0.06744076,-0.10242292,-0.08722493,-0.03036203,0.023318939,0.03656967,0.0046520294,-0.04310806,-0.072266795,-0.04916467,0.013070385,0.067879766,0.0856614,0.051476885,-0.010693354,-0.048583366,-0.03595177,0.01613728,0.06686408,0.075045265,0.034948986,-0.025618024
-0.14909306,-0.13650826,-0.06881727,0.0025862101,0.026520854,-0.01930632,-0.09142956,-0.13462007,-0.115227655,-0.04422835,0.033617187,0.057518788,0.012467762,-0.06013125,-0.11124787,-0.0912644,-0.018320715,0.057145704,0.07988805,0.027966248,-0.060021292,-0.11879434,-0.116668224,-0.06324817
0.029889107,0.12977748,0.23112452,0.2716264,0.24106497,0.1720127,0.12767723,0.14520952,0.2150842,0.27870777,0.28575414,0.21770632,0.11312487,0.041080255,0.026920073,0.070287,0.13003738,0.13405372,0.06796522,-0.02986598,-0.09679898,-0.08685011,-0.01661652,0.061833713
-0.022798851,-0.01923814,-0.0674191,-0.13262832,-0.17495462,-0.16850676,-0.12008695,-0.06856447,-0.049082037,-0.07314452,-0.12137839,-0.1463865,-0.123237714,-0.06134277,0.008591796,0.042970322,0.016955277,-0.03642753,-0.06907762,-0.05585544,-0.0012281396,0.050331123,0.06397417,0.016373795
0.12280537,0.07608017,0.044143002,0.046392992,0.07129237,0.10733007,0.10707177,0.070957795,0.012641903,-0.026410712,-0.03030351,-0.0013335358,0.034423962,0.04348982,0.014547361,-0.03716555,-0.06600158,-0.04890986,-0.00092916103,0.051503256,0.07788074,0.07141046,0.04943531,0.05195604
0.04943701,-0.039659675,-0.103610374,-0.10141601,-0.040653408,0.030075986,0.046640325,-0.0008899565,-0.08553998,-0.14144298,-0.13118963,-0.056881506,0.024263745,0.049059268,0.008801096,-0.06693655,-0.12141232,-0.10029568,-0.023438355,0.06164443,0.09309861,0.058506463,-0.013572839,-0.055390015
-0.017513515,0.06132771,0.0855704,0.042821884,-0.03043318,-0.07859015,-0.0508788,0.025655981,0.10831075,0.13178764,0.08750345,0.00898938,-0.040442575,-0.02322167,0.051462468,0.12982573,0.14743955,0.08651061,-0.0026455196,-0.064364,-0.053162094,0.01288852,0.07802635,0.080003165
0.022401815,0.02094829,-0.02972196,-0.09363017,-0.12910894,-0.11293574,-0.056328777,-0.0065570823,0.0042088376,-0.031985957,-0.08525185,-0.10982714,-0.08206463,-0.018622944,0.04712917,0.065978274,0.02733843,-0.036036883,-0.066661194,-0.043618206,0.020881563,0.07046488,0.07654122,0.027257375
0.10490614,0.051276434,0.029420888,0.060110368,0.12236293,0.17732683,0.17647882,0.12878188,0.06209679,0.026283031,0.04193446,0.09564984,0.13665195,0.12692212,0.067111365,-0.012507948,-0.0547964,-0.03470547,0.022283396,0.07282121,0.0759061,0.03418207,-0.016714096,-0.025287483
0.053577434,0.09185909,0.08934916,0.045249976,-0.018839365,-0.055853058,-0.045573737,-0.005096466,0.031362828,0.0323899,-0.0073898807,-0.06281829,-0.09283237,-0.07182003,-0.0128904255,0.045783855,0.0607497,0.028691025,-0.014011202,-0.037663154,-0.0056205136,0.061902802,0.12322633,0.14046931
0.06048846,0.108542204,0.117965765,0.08050033,0.016001055,-0.031142531,-0.03315611,0.0011900064,0.03780804,0.039618928,-0.00060852774,-0.06426163,-0.10617146,-0.09884041,-0.05163396,0.0022147372,0.027656727,0.006669256,-0.037957128,-0.06381856,-0.041823372,0.02064091,0.08512419,0.11382393
-0.006991142,-0.09707954,-0.15220341,-0.13292824,-0.050201558,0.028323272,0.04517073,-0.003128284,-0.08240477,-0.12398887,-0.098712765,-0.009398942,0.074150085,0.092189915,0.038340267,-0.049042143,-0.106334426,-0.08836177,-0.008511393,0.068425596,0.08022006,0.017631022,-0.07681539,-0.13122639
0.08765858,0.061840154,0.08422002,0.138964,0.18402232,0.18997034,0.14514525,0.08423201,0.03925751,0.040855926,0.080108866,0.115379475,0.1087941,0.059591074,-0.008322077,-0.052262418,-0.0412895,0.011252199,0.06451071,0.07630509,0.045393974,0.004887077,-0.010701206,0.03317633
-0.113766946,-0.12039313,-0.08163692,-0.04152071,-0.03779775,-0.0833658,-0.15061375,-0.19794708,-0.19621308,-0.14830568,-0.088691756,-0.06695071,-0.09065868,-0.13895139,-0.17400485,-0.14926933,-0.07592424,0.0067037004,0.043258134,0.023007268,-0.030880695,-0.061164677,-0.051355116,0.002767766
-0.12590325,-0.118198216,-0.062763,-0.013261073,-0.015842251,-0.077215746,-0.1572264,-0.20310661,-0.18820308,-0.123655155,-0.056199886,-0.04380296,-0.08937066,-0.1491102,-0.1802387,-0.14192328,-0.05269985,0.029622555,0.05704055,0.018130202,-0.045334905,-0.07798966,-0.05300514,0.015842533
-0.011227356,-0.011788672,-0.059793286,-0.1234734,-0.1616735,-0.1507181,-0.099160515,-0.050609067,-0.035352875,-0.063505076,-0.11077038,-0.13256939,-0.10477231,-0.043755222,0.021680081,0.05019551,0.020506881,-0.032029774,-0.061868433,-0.044334855,0.01171583,0.06200857,0.07046571,0.02295192
0.042735666,-0.031037683,-0.07626802,-0.06606201,-0.012561197,0.04556641,0.05175027,0.0047059925,-0.06826442,-0.10878276,-0.09322856,-0.029429195,0.034031335,0.047205385,0.0059256493,-0.057598397,-0.097835064,-0.07040055,-0.003198515,0.06297123,0.08090445,0.048504654,-0.009069339,-0.03471714
0.115870975,0.037098777,-0.008107988,0.0120335715,0.08023155,0.15130416,0.16252132,0.1085939,0.021206066,-0.035268635,-0.024666905,0.041019235,0.10758676,0.11562694,0.058221098,-0.035213266,-0.092696525,-0.07326983,0.0009346569,0.07947025,0.10239431,0.059830055,-0.00999212,-0.034777787
0.056986306,0.13377906,0.1594066,0.11835954,0.04705361,0.0010068741,0.020904932,0.0842425,0.14944544,0.15998518,0.10645246,0.02195422,-0.031612158,-0.021689234,0.037521135,0.09926654,0.11379653,0.061191313,-0.018818289,-0.07002009,-0.053805348,0.016895818,0.0855861,0.10452298
0.022500733,0.009084601,0.041607223,0.109358974,0.17618099,0.20218511,0.18116373,0.14094402,0.11574573,0.12665251,0.17131203,0.21341293,0.21140721,0.16221516,0.09104053,0.033676762,0.022532966,0.047965523,0.077671796,0.072824284,0.023390127,-0.043279376,-0.08441984,-0.074306406
-0.1415847,-0.19017653,-0.18896194,-0.14122571,-0.07988966,-0.059689395,-0.088648945,-0.13750665,-0.16771072,-0.14684643,-0.08442609,-0.013957543,0.014566296,-0.010414659,-0.06564565,-0.0997653,-0.08984564,-0.03499039,0.023879336,0.038430754,-0.0072368314,-0.081449576,-0.14079905,-0.1525113
0.051299125,0.08025825,0.07874116,0.038849454,-0.022565333,-0.06889624,-0.0808001,-0.06234464,-0.04160224,-0.044108186,-0.07763154,-0.12834372,-0.15927005,-0.1482866,-0.10557181,-0.057524357,-0.024640061,-0.03018831,-0.054338966,-0.061483033,-0.031270612,0.026423085,0.08535859,0.118137866
0.10364611,0.03980771,-0.05131967,-0.10776929,-0.09988201,-0.030915633,0.029716475,0.036932275,-0.019762717,-0.09534726,-0.14113529,-0.113903694,-0.03316139,0.041193467,0.06848852,0.026889952,-0.0502497,-0.090234734,-0.062051438,0.020092038,0.10471292,0.13372941,0.09878817,0.035760384
-0.05864316,-0.11549182,-0.15377244,-0.14896955,-0.106717505,-0.055731773,-0.034779627,-0.054881185,-0.09460805,-0.11635302,-0.09725069,-0.04207755,0.017263565,0.039779775,0.023515893,-0.014069543,-0.05002349,-0.039696313,-0.0004640738,0.04217753,0.050572697,0.01669161,-0.04042438,-0.0873892
-0.060979582,-0.029282922,0.06847894,0.16181898,0.19393213,0.14362583,0.057565648,0.0032821172,0.020485623,0.09450859,0.17174102,0.18252629,0.11344482,0.013545966,-0.06459675,-0.06615942,0.011148652,0.08888631,0.10609383,0.044187065,-0.057022814,-0.12264224,-0.11133527,-0.026816586
0.045246378,0.07383384,0.06801076,0.022258384,-0.043107014,-0.08800551,-0.09223349,-0.06677658,-0.04138856,-0.043959282,-0.08019876,-0.13146612,-0.15785761,-0.13954459,-0.08858137,-0.035413515,-0.0058838376,-0.018318504,-0.045711443,-0.05363194,-0.018967843,0.04407732,0.103025086,0.12978189
0.10350782,0.07757187,0.027546814,0.0003795162,0.021091273,0.08892662,0.15481223,0.17735523,0.14824764,0.09109719,0.049620148,0.060032185,0.11402648,0.16256231,0.17306496,0.12056304,0.038287744,-0.018689483,-0.02331568,0.021998044,0.07091897,0.0787158,0.039913528,-0.022162944
0.031681016,0.106246136,0.17777134,0.20657392,0.1814381,0.12879556,0.097270586,0.11323141,0.166141,0.21250537,0.21777071,0.16876262,0.0925527,0.041191872,0.037007652,0.076977886,0.12038788,0.12090992,0.07164797,-0.0021763823,-0.04979458,-0.03621861,0.020929301,0.076086536
0.09434416,0.03905925,0.0057877745,0.015390071,0.05147619,0.090119615,0.08858181,0.046605352,-0.015821127,-0.055566926,-0.048854474,-0.0075057787,0.035561893,0.041379724,0.006375476,-0.05081901,-0.07897083,-0.05642093,-0.00051862677,0.05806407,0.07956007,0.058821373,0.0228821,0.017077837
0.08961211,0.036310654,-0.040135995,-0.09110962,-0.09413694,-0.049714193,-0.0045221946,4.230772e-05,-0.046044946,-0.11106774,-0.1502531,-0.13371246,-0.07041405,-0.009900333,0.017502453,-0.008032664,-0.062361933,-0.08908692,-0.062190183,0.007949783,0.08120024,0.11163996,0.08765871,0.042197928
0.029031577,-0.011062772,-0.002954118,0.045237884,0.08711465,0.10086898,0.05939162,-0.0036105004,-0.052917723,-0.054823413,-0.009316443,0.03562867,0.046845306,0.012719401,-0.045157455,-0.09077325,-0.0788409,-0.017922072,0.038698766,0.06598066,0.04297991,-0.0052674757,-0.0273303,0.0010635764
0.15591332,0.12516934,0.07219874,0.042833645,0.055720683,0.11662723,0.16965358,0.17988124,0.13826564,0.074472725,0.02959809,0.035861854,0.084833816,0.12944604,0.13617426,0.08367677,0.00849411,-0.035034034,-0.028136287,0.024657246,0.081009015,0.099786535,0.07469593,0.0325023
0.14646223,0.086799264,0.052457143,0.07519959,0.13607891,0.2025603,0.21610753,0.17405967,0.099657334,0.04802006,0.051819533,0.10152615,0.14989467,0.1534185,0.10348402,0.015939321,-0.044182185,-0.0411367,0.013925837,0.07549512,0.097351015,0.061714336,0.008036634,-0.010547927
0.009753834,0.08000834,0.14520837,0.15122247,0.08495431,-0.010196585,-0.07327651,-0.06970634,-0.015739584,0.037229195,0.041477773,-0.023745233,-0.112599365,-0.16029717,-0.1445166,-0.067713134,0.023022896,0.05737747,0.022555025,-0.04337118,-0.07603676,-0.035030086,0.05639862,0.14739098
0.18421954,0.16310878,0.12535723,0.10079222,0.11166167,0.15832597,0.19706933,0.19869518,0.15603812,0.09500706,0.05051576,0.048846785,0.08210993,0.10922684,0.10515834,0.05834829,-0.0024636216,-0.034839615,-0.02795654,0.01858972,0.0678537,0.09286064,0.077831924,0.057233535
0.016935054,-0.026214488,-0.083398156,-0.11381656,-0.0956941,-0.041932236,0.008206614,0.019530546,-0.010288652,-0.05359378,-0.07675764,-0.050711494,0.009172303,0.060172282,0.075549304,0.0414211,-0.016808493,-0.05237559,-0.03708716,0.01256955,0.05868982,0.059809282,0.016340073,-0.043192282
-0.15033972,-0.09443492,-0.038179286,-0.03519748,-0.099908724,-0.19580272,-0.25559187,-0.24699183,-0.1785549,-0.10492241,-0.07725084,-0.11998781,-0.18909259,-0.2238103,-0.19475129,-0.09731175,0.006015547,0.052844875,0.022986358,-0.04678436,-0.09219147,-0.06741517,0.0063236123,0.07151679
0.040381413,-0.058007237,-0.12578873,-0.12797637,-0.072406486,-0.008182441,0.0014092057,-0.053609323,-0.14291471,-0.19707334,-0.18266313,-0.10530562,-0.021409092,0.006709079,-0.030078365,-0.10000391,-0.14357169,-0.113855794,-0.026417457,0.06584043,0.10414459,0.07239901,0.0023395303,-0.031559248
0.13269092,0.06476742,0.021615975,0.03033013,0.07267904,0.12312229,0.119747676,0.067916326,-0.011264212,-0.058773607,-0.054114465,-0.0051000244,0.043528825,0.05295135,0.012380445,-0.056609172,-0.09388819,-0.07045947,-0.0024979175,0.06706359,0.09883865,0.079302974,0.04328592,0.04171123
0.06573664,0.03961885,0.06387292,0.12327836,0.17067565,0.17758222,0.13148127,0.06937827,0.02534065,0.028601687,0.071422614,0.10746774,0.10227312,0.052501835,-0.018647736,-0.06878612,-0.056744542,-3.9273244e-05,0.053409364,0.066261835,0.0296537,-0.021269994,-0.042851306,-0.002894649
0.091859825,0.0652102,0.08218209,0.13487549,0.18181303,0.19666687,0.16048548,0.10548014,0.061374854,0.059859682,0.09513929,0.13119853,0.12857415,0.08523639,0.020112986,-0.029181527,-0.029533481,0.013704942,0.06318939,0.07503523,0.047378186,0.0063472535,-0.011810588,0.023756739
0.06679745,0.021991078,0.042717617,0.11110254,0.17128633,0.18617441,0.1286608,0.04578759,-0.016599325,-0.013842161,0.04205599,0.09634003,0.100436196,0.04586176,-0.041841883,-0.10576545,-0.09100143,-0.014911757,0.06037834,0.08579179,0.0470577,-0.015748365,-0.045579623,0.0023437398
-0.13235699,-0.12381188,-0.06464402,0.0028493232,0.02820834,-0.0045767855,-0.06384424,-0.10222837,-0.0867963,-0.026476888,0.045800682,0.07105893,0.036060818,-0.0275166,-0.07400652,-0.061952922,-0.003951268,0.062461063,0.08108391,0.03661779,-0.04231697,-0.09921491,-0.10082596,-0.059091445
0.17762241,0.20231055,0.16021346,0.09212789,0.04965221,0.07743665,0.1552977,0.22207229,0.23365091,0.1731466,0.085121736,0.028291171,0.04059984,0.09984671,0.1627442,0.16373895,0.09332864,-0.0006590391,-0.059311025,-0.044072084,0.03195644,0.10668778,0.12953675,0.088580646
0.120536454,0.20702597,0.24107291,0.21373968,0.15216713,0.11499439,0.13416485,0.19620621,0.25684062,0.26170403,0.20434818,0.114829786,0.049308904,0.047496844,0.09479484,0.13867213,0.13958545,0.07783842,-0.009452426,-0.06605531,-0.05397997,0.010572684,0.08397154,0.108245425
0.07293293,0.044734545,-0.0012582097,-0.023830218,0.007092611,0.0776362,0.14243558,0.16161613,0.13159828,0.078767456,0.042969406,0.060100354,0.115006045,0.15828392,0.15995736,0.10508232,0.023078017,-0.03024971,-0.032173697,0.010479153,0.05052181,0.04909204,-0.00093809766,-0.06637759
-0.060696423,-0.035731677,0.053094592,0.14166622,0.17369933,0.12992728,0.04902107,-0.005124857,0.007089707,0.075599395,0.1518115,0.16792952,0.10755819,0.012847287,-0.062444974,-0.06056597,0.010038054,0.0905395,0.11056451,0.05219617,-0.045740392,-0.10501917,-0.09428026,-0.016163792
0.042928804,-0.04762608,-0.10744874,-0.099944815,-0.039198007,0.026587052,0.034547206,-0.019173576,-0.104696125,-0.15364125,-0.13623752,-0.058992438,0.020612746,0.042415634,-0.00039697322,-0.073907316,-0.11906239,-0.08965207,-0.0065723574,0.07764206,0.10461034,0.066463195,-0.0035341382,-0.03850264
0.064715415,0.11894197,0.1241387,0.07358849,-0.0067976075,-0.06241458,-0.06294748,-0.019639602,0.025172677,0.028044222,-0.019603787,-0.09223924,-0.13878438,-0.124377556,-0.06013298,0.010991095,0.041851074,0.013887176,-0.039629057,-0.06903279,-0.036235925,0.044078823,0.12543446,0.15740195
0.09641762,0.16285498,0.1886331,0.16526072,0.11412232,0.08442729,0.101382285,0.15183303,0.20150818,0.20829937,0.16412483,0.09445875,0.043755222,0.04492593,0.08613204,0.12651427,0.12735182,0.077253416,0.009631463,-0.038047455,-0.02694063,0.028797347,0.089245126,0.11018747
0.013476558,-0.05134189,-0.1019429,-0.11267745,-0.0941966,-0.066364005,-0.071751855,-0.10772796,-0.16101955,-0.18696664,-0.17521366,-0.1265038,-0.07685939,-0.053379957,-0.062128995,-0.08464169,-0.09674223,-0.068853654,-0.008459037,0.04734777,0.07794021,0.072697185,0.049311265,0.03861194
0.08999474,0.12306865,0.07555263,-0.005654533,-0.05596524,-0.030777598,0.058718666,0.14709817,0.17933923,0.13068223,0.03860072,-0.022642903,-0.008548493,0.06745666,0.15347299,0.17249529,0.1031426,-0.009319793,-0.08497073,-0.07957171,-0.0026856274,0.07173545,0.0912637,0.026499959
0.0020183208,-0.085917346,-0.14604177,-0.15334085,-0.12033535,-0.07947342,-0.08434107,-0.13577758,-0.2083034,-0.24190226,-0.22215618,-0.15531403,-0.08573905,-0.05803005,-0.079592645,-0.119045176,-0.1363536,-0.09543012,-0.0130827315,0.062251613,0.094912216,0.07627388,0.030645313,0.013570075
0.11756685,0.07415702,0.0007490041,-0.03700976,0.0013310162,0.10071973,0.19354829,0.22232278,0.17803098,0.09942976,0.046536207,0.071597524,0.15281892,0.22195302,0.23483418,0.16046104,0.044488784,-0.036818977,-0.038368613,0.029075,0.09814244,0.102177106,0.03783377,-0.056523457
-0.0010029867,0.02756627,0.09421531,0.16019389,0.19019699,0.17197454,0.12831172,0.10046039,0.11156189,0.15288652,0.19593208,0.20028521,0.1548335,0.088871025,0.03414353,0.019796161,0.05076629,0.08423561,0.083543874,0.03994998,-0.02610637,-0.070962094,-0.06677115,-0.020805214
0.10697554,0.119811155,0.09278203,0.05118883,0.02544679,0.040464975,0.08242004,0.119255856,0.12350714,0.08845855,0.036278233,0.0039120354,0.011501263,0.04841388,0.08642841,0.08630918,0.048164487,-0.006758033,-0.03791968,-0.024939528,0.023404593,0.067422904,0.08276333,0.060523424
0.107353956,0.07789644,0.09871955,0.15767694,0.20748,0.22406408,0.18464127,0.12164299,0.070655726,0.06440504,0.10276123,0.13925688,0.13845223,0.091039136,0.018439773,-0.041326158,-0.040317994,0.010522112,0.06364762,0.08283275,0.054670874,0.0072735487,-0.013970848,0.026092848
-0.0855558,-0.052379698,-0.019446382,-0.016292797,-0.049899124,-0.10044572,-0.1331177,-0.12674555,-0.08745758,-0.04283931,-0.026413858,-0.049135547,-0.09081539,-0.11117843,-0.094113275,-0.036489435,0.01836345,0.04050682,0.020679956,-0.024279656,-0.05128834,-0.03653801,0.007029487,0.042877585
0.015974045,-0.0017981789,0.04053927,0.12586015,0.2034337,0.23333183,0.20112695,0.14621992,0.113273285,0.12948948,0.18759385,0.23708797,0.2332091,0.17133574,0.081362315,0.011464424,0.0036080414,0.048119962,0.086998224,0.08018191,0.0146005545,-0.06878999,-0.11566,-0.09675769
0.019642765,-0.025377896,-0.08526611,-0.11533339,-0.09567082,-0.043183688,0.0019730737,0.008585828,-0.027200472,-0.074771196,-0.09839339,-0.07084216,-0.010936875,0.03694953,0.048345808,0.013727719,-0.043362074,-0.071427576,-0.05179381,0.0015596239,0.04595398,0.046939097,0.0033553983,-0.05613913
0.027508456,0.088978834,0.14997245,0.17436998,0.15416588,0.10940823,0.08353386,0.09788305,0.14387716,0.18578264,0.18985642,0.14719573,0.079574294,0.037374683,0.034496065,0.066072404,0.101709805,0.095757134,0.05573893,-0.0085241115,-0.046234556,-0.03746672,0.008306766,0.057470813
-0.1338846,-0.12600182,-0.08010227,-0.030428696,-0.0038041798,-0.02760467,-0.06904133,-0.09371596,-0.07666018,-0.024964323,0.02920821,0.052564673,0.029845074,-0.016210936,-0.05498517,-0.049008287,-0.0050693993,0.038703702,0.053125635,0.01833977,-0.046501122,-0.097152404,-0.11158059,-0.08906289
0.05012792,0.116836354,0.12159544,0.05683602,-0.043811288,-0.11214515,-0.106218286,-0.046338823,0.015986616,0.022082549,-0.036528572,-0.12599817,-0.17715919,-0.15269037,-0.06902075,0.018026754,0.05563593,0.017364198,-0.05080888,-0.086507425,-0.047305476,0.04707543,0.1395407,0.16949327
0.061957706,0.01430575,0.038194142,0.116074465,0.184672,0.202336,0.14229724,0.054522514,-0.010731371,-0.0053481087,0.06074911,0.12440067,0.13012297,0.06945816,-0.022683565,-0.08519575,-0.07041506,0.010303374,0.08897781,0.1121438,0.0666838,-0.0019141397,-0.034396607,0.011697967
0.09055327,-0.005894226,-0.05840233,-0.03128637,0.05178635,0.13114455,0.1357191,0.06817141,-0.03170982,-0.086815946,-0.06315636,0.02324652,0.10089911,0.10752245,0.038674172,-0.06481779,-0.12251469,-0.091246165,0.0017253809,0.09010233,0.10958772,0.052090324,-0.031122703,-0.059331767
-0.016584361,-0.0040722387,0.047821954,0.09363745,0.09193808,0.03883905,-0.03548962,-0.08275077,-0.082169145,-0.041476034,0.004894488,0.0059932577,-0.040322334,-0.101644844,-0.14166299,-0.1244108,-0.052016314,0.020986302,0.046491314,0.020935906,-0.029150175,-0.050102413,-0.020659529,0.053666025
0.021523459,0.07311205,0.07739827,0.02159887,-0.067272946,-0.13144292,-0.1395584,-0.09951913,-0.05310333,-0.04465913,-0.08975119,-0.1648759,-0.21141833,-0.19331047,-0.124828115,-0.046334848,-0.0019099046,-0.018028837,-0.068367794,-0.0954228,-0.06324672,0.016039427,0.098831065,0.13402607
0.08781713,0.034474783,0.0019493005,0.011843379,0.05227693,0.09504479,0.09534914,0.054741107,-0.007868581,-0.04681573,-0.041110605,0.0018075671,0.044399664,0.04866886,0.01097664,-0.045669295,-0.077985615,-0.05696701,-0.0038542924,0.050944634,0.06867758,0.047982853,0.010142029,0.00070837914
-0.16928665,-0.14630933,-0.06095401,0.023207873,0.05356224,0.001578616,-0.081113674,-0.12882143,-0.10299207,-0.019751083,0.06673086,0.090490215,0.036037263,-0.050448947,-0.11436335,-0.09902581,-0.014229599,0.068254806,0.08727516,0.027070502,-0.07717145,-0.14892766,-0.14820439,-0.086743325
-0.03398481,0.027539788,0.048733585,0.016352206,-0.04347067,-0.08916475,-0.07670201,-0.021033522,0.043996755,0.06781591,0.038432837,-0.022739619,-0.06805976,-0.05961757,-0.00042396292,0.071436405,0.09484839,0.055970382,-0.011288584,-0.06433976,-0.059765074,-0.0073911245,0.048757333,0.05642358
-0.012351811,0.07624081,0.16636874,0.20176643,0.15940347,0.07916609,0.0284189,0.043531243,0.11397978,0.17994572,0.19687848,0.13382325,0.034010086,-0.03009828,-0.027114974,0.035635248,0.10860366,0.12377113,0.066358365,-0.026475454,-0.0871931,-0.07466367,0.0015589433,0.07734651
-0.016835554,-0.058255624,-0.03402824,0.03792905,0.116660714,0.14809978,0.11315901,0.047189217,0.00015939875,0.012831804,0.075264044,0.1421856,0.15764666,0.10674269,0.018918302,-0.043290734,-0.04496596,0.0136979725,0.07470361,0.08572732,0.031099591,-0.04621247,-0.10212669,-0.086624295
-0.074134715,-0.023454439,0.02232625,0.025522565,-0.02439977,-0.09678437,-0.14289832,-0.13520238,-0.08599584,-0.03697328,-0.024388619,-0.066321194,-0.12900631,-0.16117626,-0.14146319,-0.07022491,0.0022791245,0.033100735,0.0032127607,-0.053053815,-0.08623258,-0.062088218,0.0016364695,0.055768307
0.09799473,0.098343104,0.051443435,-0.016338341,-0.06586928,-0.06439211,-0.030037312,0.0033388375,0.0006871507,-0.039022677,-0.09940035,-0.13607153,-0.12458628,-0.07171708,-0.012620324,0.01258021,-0.01067947,-0.054728366,-0.07507855,-0.050022256,0.02106926,0.09172251,0.12467244,0.111728124
0.0916924,0.09486322,0.04617946,-0.025892066,-0.07644095,-0.069654115,-0.025927577,0.014774026,0.015879173,-0.027404519,-0.09267619,-0.1321966,-0.116449274,-0.057207238,0.0072553772,0.029038642,-0.00037269347,-0.053970728,-0.08313278,-0.05555162,0.0203294,0.090850286,0.1207651,0.09846603
-0.034667727,-0.03402939,-0.08315014,-0.1518362,-0.19672652,-0.19216208,-0.14311847,-0.091147155,-0.06940393,-0.08902276,-0.1354118,-0.1583342,-0.13295022,-0.06831178,0.004441145,0.045263518,0.022597615,-0.02952869,-0.059489228,-0.0481104,0.007402039,0.06294922,0.076948576,0.031464085
0.053905267,0.01124586,0.01454541,0.054298736,0.08986526,0.093482904,0.04633264,-0.01963499,-0.07294534,-0.0777123,-0.038555942,0.0033467102,0.012029981,-0.022111617,-0.07892167,-0.11614961,-0.09785725,-0.03340023,0.03263689,0.06291032,0.04593904,0.010779271,-0.0059812358,0.032131735
0.028031638,0.06512896,0.09942462,0.100274265,0.05519765,-0.002505665,-0.041899733,-0.043842956,-0.017496139,0.008500866,0.009863111,-0.029819239,-0.08025477,-0.106720515,-0.09511318,-0.047745124,0.0072299563,0.033925574,0.017957905,-0.015761355,-0.029331587,0.0021018845,0.06250071,0.1219626
0.0954163,0.17983161,0.21226208,0.1753545,0.10358575,0.055888887,0.07785843,0.14437032,0.21280901,0.2215015,0.1647649,0.07334352,0.011734035,0.016247803,0.07456703,0.1335139,0.14470598,0.08338702,-0.0028590232,-0.059064604,-0.041946113,0.031265125,0.10494199,0.1298196
0.07519549,0.029152164,-0.045881387,-0.103827134,-0.111250795,-0.06815793,-0.0223027,-0.011333713,-0.050574772,-0.1086081,-0.1531484,-0.14114094,-0.08104735,-0.01531716,0.018227957,-0.001955382,-0.053039882,-0.08790128,-0.06889802,-0.0030951274,0.07275127,0.10818772,0.089712836,0.043820873
0.08505816,0.05653997,0.06987652,0.11524109,0.15322419,0.16229558,0.1230958,0.06536323,0.018516444,0.010988146,0.04255596,0.073717155,0.074710876,0.035394337,-0.026259772,-0.07484964,-0.0674531,-0.015463493,0.03525838,0.057610344,0.036040388,-0.0014529797,-0.017506583,0.019631842
0.11020865,0.04174398,-0.057623148,-0.121391475,-0.11483723,-0.046124812,0.012783641,0.016807763,-0.047734275,-0.13161783,-0.18426666,-0.1574786,-0.07103335,0.009165033,0.03668259,-0.010652409,-0.08687985,-0.12526904,-0.091250725,0.0046109166,0.097838104,0.12801202,0.089783944,0.02387097
-0.039557952,-0.0013904402,0.09234441,0.17741694,0.20228483,0.15693682,0.08209088,0.038284883,0.057974495,0.12337385,0.1890319,0.1897533,0.11943634,0.026236176,-0.040819403,-0.038416892,0.027935328,0.0932132,0.09649314,0.03294299,-0.059214734,-0.11300268,-0.09418447,-0.016296266
0.048180744,-0.00035857182,0.025148602,0.10312777,0.17219128,0.19265926,0.13992228,0.056613494,-0.003378946,0.004804178,0.072064415,0.13564166,0.1449478,0.08808513,-0.002301448,-0.06696455,-0.055191267,0.020352084,0.096822366,0.1178767,0.0717548,-0.00031002593,-0.0394178,0.0027519504
0.10533573,0.060668346,-0.00924441,-0.053622894,-0.043340325,0.014993981,0.067149214,0.07543461,0.029101398,-0.0373304,-0.081925035,-0.06539328,-0.0024258331,0.0545294,0.070087016,0.026605153,-0.041662775,-0.07962864,-0.061903454,0.005388412,0.07196758,0.09363206,0.061416432,0.008325268
0.062246494,0.021885432,-0.03869116,-0.08389299,-0.09237641,-0.06286162,-0.034953393,-0.035062727,-0.072896935,-0.12322206,-0.15662418,-0.14660221,-0.09786242,-0.050060872,-0.029267216,-0.046876542,-0.08046456,-0.091926835,-0.06961785,-0.010803874,0.04727926,0.07528026,0.06240076,0.03238408
0.057335775,0.023792673,0.044549253,0.098481566,0.14603724,0.15197352,0.10134095,0.03158863,-0.020408332,-0.019704327,0.02397506,0.064100504,0.062207345,0.01277094,-0.060021937,-0.10683283,-0.08937765,-0.024369635,0.035831004,0.05606837,0.024498884,-0.022518866,-0.044829573,-0.0007948778
0.018972807,-0.04638076,-0.040293153,0.022504482,0.08658429,0.10133495,0.038988512,-0.055134967,-0.12926604,-0.13044964,-0.06508248,0.0072465343,0.030202791,-0.017449424,-0.10489565,-0.16550747,-0.14253198,-0.049173277,0.04546086,0.08957481,0.055199727,-0.012473693,-0.054958493,-0.016235614
-0.032476727,-0.1201122,-0.17238152,-0.15178241,-0.07550403,0.004276368,0.024788229,-0.019912781,-0.09253301,-0.13032241,-0.10035094,-0.012625786,0.07484539,0.09601568,0.047714703,-0.034799017,-0.090132244,-0.066253655,0.0061820457,0.07918644,0.08619139,0.023379382,-0.0677,-0.12575725
-0.06911445,-0.11009599,-0.097061686,-0.03708205,0.03090589,0.058083642,0.033890784,-0.016014898,-0.049014874,-0.035013888,0.024003696,0.087937646,0.11052597,0.076201305,0.009780624,-0.04248086,-0.043761104,0.0023469904,0.055533722,0.06827719,0.021373115,-0.05585617,-0.11486387,-0.118489884
0.023808237,-0.027697219,-0.06458123,-0.06689234,-0.040684257,-0.008292921,-0.006120001,-0.036242496,-0.08407827,-0.112612575,-0.105252296,-0.06521532,-0.021663468,-0.0062501286,-0.023971533,-0.059114147,-0.079522744,-0.06116059,-0.015006292,0.0346989,0.0563023,0.041876983,0.009883269,-0.005744565
0.2043066,0.2409522,0.2014805,0.1272609,0.07856652,0.10128532,0.18158656,0.25726697,0.2747747,0.21267436,0.11293419,0.043199115,0.045942895,0.10821929,0.18005934,0.18290249,0.11244991,0.00045001117,-0.069817275,-0.056145698,0.029629592,0.1115212,0.14260529,0.10300065
0.10476766,0.07277504,0.0149975745,-0.016442165,0.014583212,0.09385617,0.17022271,0.1956643,0.16129039,0.0963373,0.0489416,0.06458044,0.1268007,0.18170382,0.19031061,0.12638418,0.03069644,-0.039662916,-0.042744517,0.0108586,0.067218855,0.07021793,0.016649995,-0.05833384
0.019492833,0.06305776,0.10310842,0.103154026,0.051105436,-0.015635727,-0.06334459,-0.0660832,-0.03516303,-0.0024831926,0.00022661091,-0.04472452,-0.10322625,-0.13204941,-0.11646266,-0.06140622,0.0056520547,0.03520045,0.014924305,-0.022256043,-0.03586872,-0.0016811058,0.06929904,0.13719544
-0.06537869,-0.12958476,-0.12258525,-0.05784777,0.0058685625,0.016021434,-0.04401231,-0.12826495,-0.184689,-0.16771466,-0.090834014,-0.012131145,0.01207618,-0.031667095,-0.11058216,-0.15786256,-0.12875713,-0.037129615,0.05418284,0.084261976,0.03718985,-0.040702906,-0.08966763,-0.063159026
-0.10302822,-0.15019009,-0.14026372,-0.08200069,-0.01701284,0.0025725714,-0.03516807,-0.09466141,-0.13299948,-0.11540802,-0.05012083,0.017939368,0.03962287,0.0037458502,-0.06288722,-0.10740885,-0.09503388,-0.032186564,0.029769614,0.04668017,-0.0018782598,-0.08082165,-0.13660741,-0.13524333
0.14572263,0.066979036,0.027272757,0.05251515,0.12187153,0.18926984,0.19322786,0.13278066,0.041955642,-0.012141723,0.0021755402,0.06841715,0.12763377,0.12802976,0.066653796,-0.024921775,-0.07800362,-0.056348935,0.021851618,0.097476825,0.12091763,0.08136602,0.018892601,0.007663231
0.066365324,0.10301204,0.10432787,0.06460614,0.00033174118,-0.040810455,-0.04054571,-0.009933478,0.020438064,0.020532025,-0.0153685305,-0.07034498,-0.10458267,-0.092278115,-0.04146493,0.016069775,0.037747364,0.019416088,-0.017666046,-0.039942253,-0.011476876,0.05610322,0.12223192,0.1513453
-0.024786582,0.036324557,0.05194861,0.011722236,-0.049506072,-0.0888904,-0.065805174,-0.0043272176,0.05930992,0.074584834,0.035600707,-0.029623551,-0.06876579,-0.05216057,0.01109973,0.07860624,0.09270769,0.04513567,-0.026571674,-0.07374644,-0.06122686,-0.004474227,0.046895728,0.04604361
0.067227855,-0.0128352605,-0.04947962,-0.0049105957,0.10003369,0.19867685,0.22517489,0.17521186,0.09122932,0.04224519,0.06707064,0.15416785,0.23202747,0.23312698,0.15329704,0.03098724,-0.05099936,-0.043992847,0.027111595,0.09710107,0.094608165,0.014059365,-0.09249563,-0.14597164
-0.04877802,-0.08982784,-0.07834317,-0.031567656,0.010974021,0.016679935,-0.027848165,-0.08876416,-0.12696804,-0.11196145,-0.056183435,-0.0032138266,0.01122581,-0.023253907,-0.080520034,-0.11000859,-0.08502688,-0.014917325,0.045073804,0.062435612,0.02551161,-0.02627781,-0.055868752,-0.03181044
0.0006387147,0.015661646,0.07885001,0.13664436,0.13642575,0.07826312,-0.0061926614,-0.060564667,-0.058458135,-0.007121721,0.049013607,0.052235126,-0.0026674052,-0.076236084,-0.1256395,-0.10541349,-0.02583652,0.05777283,0.08843751,0.051121056,-0.011191654,-0.032788377,0.0044468828,0.0955437
-0.048099663,9.553829e-05,0.010527731,-0.019567631,-0.06693301,-0.094706,-0.07208689,-0.017630054,0.04011126,0.05915121,0.033497185,-0.012443663,-0.039986264,-0.024527196,0.028639374,0.08720826,0.09499274,0.05639572,-0.0025479794,-0.048125517,-0.045280226,-0.0025324074,0.036938276,0.028600516
-0.122571334,-0.085803404,-0.04273691,-0.037813433,-0.08112585,-0.15471219,-0.20417674,-0.20339902,-0.15615648,-0.097577386,-0.072008364,-0.09899441,-0.15124711,-0.17970924,-0.1615536,-0.08676521,-0.0055938144,0.032907784,0.018465007,-0.033539746,-0.06961003,-0.054880958,-0.0047280393,0.04644434
-0.0026356617,0.06002265,0.11865076,0.12663347,0.06981321,-0.010492859,-0.065095484,-0.061164513,-0.012056844,0.036519054,0.042745896,-0.0134588415,-0.09127411,-0.13312097,-0.11949168,-0.054474063,0.023776544,0.053801823,0.0199982,-0.039637227,-0.07081873,-0.039207965,0.04076408,0.11825572
0.1884808,0.14826791,0.084313326,0.049514353,0.07230672,0.14986797,0.21311374,0.2205985,0.16290668,0.080631204,0.025302012,0.03449357,0.09296805,0.14360185,0.14545211,0.07555293,-0.018399455,-0.07081376,-0.060825154,0.007706348,0.07729398,0.09540008,0.058378883,0.0063999547
0.0010086882,-0.07509705,-0.12472998,-0.109303914,-0.03792079,0.03985419,0.063229024,0.025930434,-0.043245338,-0.084511615,-0.067125194,0.007941815,0.08513563,0.10548321,0.06065665,-0.020007456,-0.079900116,-0.06823674,-0.0067076795,0.060778074,0.07238063,0.019701065,-0.062444013,-0.11716908
0.11457283,0.20899566,0.24306662,0.20317268,0.1260879,0.078013614,0.10282352,0.17775364,0.25275764,0.26451927,0.20154208,0.10345744,0.035142966,0.0411135,0.106416665,0.17315567,0.1810764,0.109720014,0.01339279,-0.052427273,-0.034077648,0.04956616,0.13522339,0.16119759
0.16055353,0.18490505,0.14891072,0.08700555,0.04653217,0.06869937,0.13525485,0.19385596,0.20428753,0.1506797,0.07032907,0.016644971,0.026271496,0.0793249,0.13519242,0.13472275,0.07594284,-0.0064491485,-0.059543166,-0.043827623,0.02505262,0.09207458,0.1147773,0.081157126
0.015821975,-0.0009331523,0.025056925,0.08581115,0.14868353,0.17963411,0.16275832,0.12328519,0.09472392,0.100485586,0.1413498,0.18343976,0.18942767,0.14821227,0.08165971,0.024199475,0.010505858,0.0380769,0.06637161,0.06864738,0.02516997,-0.037122138,-0.077883095,-0.073367976
-0.016402913,0.036937997,0.081665404,0.07524023,0.012230244,-0.07131678,-0.124246635,-0.12051445,-0.07611423,-0.034799226,-0.033312246,-0.08637018,-0.15435724,-0.18681678,-0.16502355,-0.09126707,-0.01013075,0.02359578,-0.0030287725,-0.051228385,-0.07134929,-0.029634915,0.048872244,0.120981134
0.008915009,0.044286605,0.07715642,0.076575376,0.027627928,-0.03533532,-0.083788365,-0.0894562,-0.06375654,-0.032725383,-0.027554298,-0.06678766,-0.1224813,-0.14842114,-0.13182098,-0.07808975,-0.0140977185,0.016211515,0.0018828955,-0.03167537,-0.0421252,-0.011557156,0.056145962,0.1206355
0.1983718,0.23151258,0.18738076,0.10673371,0.056241397,0.079178534,0.16116135,0.23719029,0.25381216,0.19115457,0.08866155,0.020745242,0.028181337,0.09399125,0.16599496,0.17168249,0.10118918,-0.008292139,-0.07483118,-0.05935413,0.02800738,0.11542301,0.14494932,0.104850955
0.042138185,-0.015919913,-0.0077077695,0.05099532,0.10277768,0.10689649,0.039735846,-0.05069737,-0.11948484,-0.11698173,-0.056676414,0.0043712007,0.015090343,-0.03279197,-0.11132844,-0.15993884,-0.13080494,-0.041032016,0.049605623,0.085684,0.055537175,3.3119864e-05,-0.026101211,0.024367152
0.029206445,0.08598667,0.14554918,0.17071839,0.14754039,0.10201972,0.07420487,0.0829071,0.12380346,0.1599082,0.16690236,0.12523815,0.06388018,0.022776196,0.019799411,0.047985848,0.08776182,0.09159445,0.05495057,0.00074621505,-0.034072116,-0.02704,0.018226366,0.06796015
0.0036764245,-0.0543861,-0.036632635,0.039323036,0.1117928,0.12761833,0.06384563,-0.028318489,-0.09502623,-0.08628994,-0.012490402,0.06118875,0.07501787,0.01810746,-0.07434173,-0.13686562,-0.11476958,-0.026195392,0.061785657,0.09265233,0.045851417,-0.034091827,-0.07886901,-0.040545266
0.014636088,-0.039930154,-0.02623908,0.03541314,0.093973264,0.10156752,0.04232691,-0.042208187,-0.10349326,-0.09744967,-0.034764163,0.028528238,0.04212975,-0.0068817,-0.088115014,-0.13976048,-0.11413043,-0.030795464,0.053590108,0.08531842,0.048384465,-0.015018475,-0.052707512,-0.011612111
0.025663244,0.07174483,0.0760737,0.0285809,-0.049888957,-0.109080024,-0.117514536,-0.082883954,-0.04181598,-0.035851806,-0.07478458,-0.1408407,-0.18147472,-0.1670588,-0.10733592,-0.039376773,0.0017265296,-0.011519705,-0.054713305,-0.07634983,-0.048175998,0.020581974,0.093418464,0.124702305
0.020024734,0.08802238,0.15788004,0.18771006,0.1587262,0.10482392,0.07073619,0.08296592,0.13500708,0.18321826,0.19420989,0.1464755,0.07054837,0.020370249,0.018535595,0.059921514,0.10659723,0.11367979,0.068694174,-0.0045847767,-0.05081685,-0.039484978,0.019422539,0.07935024
-0.02640602,-0.012116072,0.05429295,0.12165945,0.13344575,0.08094181,-0.0048310286,-0.060817007,-0.058612354,-0.002342284,0.06212615,0.07331347,0.017890405,-0.05927788,-0.11336931,-0.09974898,-0.022475839,0.057885874,0.08785735,0.048585933,-0.020371962,-0.057791073,-0.029220335,0.054161593
0.16546534,0.19452037,0.16634496,0.10969804,0.073979534,0.09310827,0.15562218,0.21241634,0.22367263,0.172844,0.09175385,0.034228366,0.03622962,0.083078645,0.13150288,0.123740114,0.067244254,-0.01802872,-0.07129607,-0.05794488,0.0066405926,0.06600122,0.08434236,0.055453874
0.13652109,0.11112305,0.068314135,0.04196511,0.051624462,0.09219163,0.1286534,0.13266751,0.09536409,0.038731802,-0.0013287126,-0.0006813286,0.032769267,0.0643877,0.0668932,0.021968959,-0.03277097,-0.06716579,-0.057246096,-0.008493762,0.04191293,0.056348443,0.03468102,0.0071244496
0.084959745,0.034112442,-0.04415853,-0.099096484,-0.09683531,-0.043951117,0.0069844057,0.014174627,-0.03493119,-0.105582066,-0.1525432,-0.13718364,-0.069892235,-0.0059498698,0.018228572,-0.016463615,-0.07849568,-0.111217156,-0.08990584,-0.014505312,0.06062937,0.08851426,0.057223514,0.002213061
