-0.12545647,-0.118257046,-0.062083945,-0.009686878,-0.008998168,-0.062603444,-0.14254664,-0.19803764,-0.1908676,-0.12597464,-0.058127165,-0.042743813,-0.083602056,-0.15019192,-0.18360622,-0.14998612,-0.059823766,0.027402608,0.052549247,0.013761448,-0.05348105,-0.089185506,-0.06333713,0.00884247
0.05155002,0.023713842,-0.017705753,-0.038756423,-0.0142452875,0.045565538,0.10049283,0.116639666,0.091357544,0.04522481,0.018623043,0.03861943,0.08717853,0.1302477,0.12961198,0.08477558,0.015690295,-0.023122292,-0.02078899,0.018855222,0.05339017,0.054313146,0.010876628,-0.047550563
-0.09294989,-0.13331436,-0.13382187,-0.0923034,-0.039959334,-0.018449249,-0.037130807,-0.0815,-0.11132077,-0.10058523,-0.052399006,0.0057985135,0.0313207,0.012999251,-0.034482345,-0.075969055,-0.07211954,-0.030637873,0.017809937,0.03379071,-0.0008744449,-0.067744,-0.12096967,-0.13395873
0.01391002,0.053370837,0.09057814,0.09603179,0.054901216,-0.0073174704,-0.054758992,-0.05663199,-0.028308379,0.0063561173,0.013445148,-0.02515732,-0.0801558,-0.1157712,-0.10137574,-0.047960468,0.014102595,0.03775245,0.023296796,-0.014537494,-0.030294413,-0.0028784147,0.060501564,0.12358329
-0.0017480946,-0.003152611,-0.06319089,-0.14665966,-0.19738723,-0.188565,-0.123853415,-0.058652814,-0.03459708,-0.07384724,-0.14116542,-0.174959,-0.13996173,-0.056741577,0.023702806,0.056702092,0.012316078,-0.05446473,-0.094016254,-0.07186718,-0.0026733382,0.06068696,0.07253503,0.014782801
-0.07694448,-0.018088626,0.0418265,0.06694907,0.04218145,-0.0018423449,-0.031036329,-0.018660726,0.038353268,0.10095694,0.11284331,0.07654666,0.019103471,-0.020718431,-0.012409839,0.03706424,0.08338894,0.0898818,0.037305716,-0.03858377,-0.092918,-0.09567301,-0.0484394,-0.0063694636
-0.031449523,0.018183267,0.034997787,0.008978466,-0.041775372,-0.07456994,-0.061893973,-0.0141007425,0.044230826,0.070044115,0.037555657,-0.016404971,-0.04699203,-0.03378088,0.016707517,0.07339957,0.08491526,0.0499445,-0.012572884,-0.061007436,-0.063087344,-0.024235524,0.022535203,0.029178789
0.058049254,0.074721895,0.04576546,-0.00095254293,-0.025355889,-0.0016347959,0.060707327,0.12079473,0.14396966,0.11573545,0.059698306,0.028515644,0.043036126,0.09497014,0.14530602,0.15749057,0.10100065,0.025820687,-0.023458669,-0.02353544,0.018451044,0.06366051,0.070677236,0.026012009
0.12708564,0.067320056,0.03015857,0.04748257,0.11154834,0.16884093,0.17786518,0.13859299,0.05983597,0.002370601,0.016124954,0.071526416,0.113030076,0.1127832,0.059433747,-0.024878155,-0.072858825,-0.0668519,0.003964519,0.075563155,0.10477556,0.07383084,0.011976122,-0.012281323
0.11584782,0.1956476,0.22713767,0.20569198,0.15206201,0.119297974,0.1340819,0.19637762,0.2555134,0.2672623,0.21557468,0.13607411,0.0776548,0.07295699,0.11999621,0.17129223,0.16929162,0.10707924,0.02484146,-0.030951556,-0.022203662,0.04084808,0.11260048,0.13584603
0.046796925,0.013875762,0.022083675,0.0638042,0.10114111,0.10483053,0.067292474,0.013116933,-0.03290161,-0.038598653,0.005506064,0.044919457,0.047888983,0.010988905,-0.04209587,-0.08118965,-0.06257242,-0.011516071,0.05099463,0.07923817,0.06511674,0.029513877,0.005616528,0.033699494
0.044753976,-0.011133428,-0.09121233,-0.14041899,-0.119206496,-0.052289438,0.016692035,0.037117325,-0.002864249,-0.0716513,-0.108330764,-0.07408442,0.005168326,0.08143847,0.098754205,0.052528955,-0.028762884,-0.075885914,-0.05173407,0.021596571,0.089741334,0.10166752,0.04418959,-0.03964124
0.08747279,0.046590745,-0.02203455,-0.0768926,-0.08137744,-0.049525697,-0.012150371,-0.00048327865,-0.04107757,-0.10973605,-0.14846939,-0.14009087,-0.08909225,-0.03170339,-0.008477623,-0.033762872,-0.079012014,-0.10597406,-0.079511,-0.0070531676,0.06920599,0.10334567,0.08301138,0.036809586
-0.015958736,0.004923979,0.06413874,0.12748058,0.15569355,0.14152946,0.09870093,0.06542841,0.06977572,0.114806116,0.1593266,0.16897757,0.12864715,0.06447557,0.015676534,0.008194272,0.0428649,0.07824796,0.08318445,0.041235104,-0.021645665,-0.06356521,-0.061531946,-0.014837358
0.15863493,0.185594,0.15177688,0.089688696,0.051322896,0.066914625,0.12312394,0.18705745,0.20072202,0.15370145,0.07810815,0.027592316,0.029803744,0.07922154,0.13350119,0.14734952,0.09224844,0.010980628,-0.03787002,-0.026139425,0.041052092,0.11688759,0.14802131,0.11884402
0.0057147457,0.05466489,0.1013446,0.10841725,0.06338612,0.0024306735,-0.042697303,-0.041636966,-0.0059339055,0.03456869,0.03972428,-0.0052507822,-0.06422493,-0.10209306,-0.08773771,-0.029894168,0.032993484,0.057204664,0.02948882,-0.018206242,-0.041133333,-0.0110110575,0.057831723,0.12360851
0.015738575,0.019802561,-0.026637947,-0.10011088,-0.14709003,-0.14164092,-0.08810716,-0.03365434,-0.014624926,-0.051505122,-0.11206706,-0.14673878,-0.12105116,-0.054232392,0.013286128,0.04438129,0.009903318,-0.044658523,-0.082771026,-0.06317495,-0.0017965297,0.060282495,0.076597854,0.0337385
0.030953277,-0.023469266,-0.10743916,-0.15874122,-0.13675013,-0.060595952,0.021156458,0.05231011,0.019872438,-0.04670894,-0.087447606,-0.05160187,0.03291338,0.118211426,0.14247712,0.09768682,0.0030471717,-0.056210235,-0.042407896,0.024672292,0.090692945,0.10224525,0.042197343,-0.05415443
0.05235837,0.023436686,-0.018630296,-0.03257102,0.006788547,0.073213264,0.13418919,0.15284348,0.12750915,0.07955697,0.052655797,0.07878756,0.12913363,0.16907978,0.15983237,0.10086938,0.020769317,-0.028506428,-0.024286894,0.014681721,0.043687556,0.029930148,-0.030272031,-0.100186035
0.074831076,0.023131892,-0.056666095,-0.118282475,-0.12389932,-0.09115939,-0.04608707,-0.031846594,-0.07216689,-0.14407888,-0.1818718,-0.16298126,-0.09807696,-0.029708626,-0.0008514826,-0.022073241,-0.07072682,-0.097069055,-0.062236104,0.0184155,0.0997026,0.13714458,0.10908837,0.0536381
-0.0032058954,-0.03949831,-0.005292204,0.08363941,0.16991645,0.20248091,0.1640842,0.09023848,0.039030734,0.054985244,0.12940213,0.19978423,0.20378754,0.13938807,0.04123884,-0.034821566,-0.02933328,0.029504003,0.09514788,0.10427801,0.043605763,-0.047695115,-0.11032321,-0.089883976
0.023669396,0.030929023,-0.012863316,-0.0817488,-0.12819102,-0.12559132,-0.07304907,-0.01542331,0.008958994,-0.021437444,-0.08116433,-0.116698794,-0.09533321,-0.030112464,0.03678482,0.067237146,0.03266165,-0.0265718,-0.06396097,-0.050971754,0.006918091,0.06655295,0.08391706,0.043740224
0.029914543,-0.050006893,-0.108882695,-0.11099807,-0.060472623,-0.009465761,0.0002622684,-0.0418918,-0.11681886,-0.17154293,-0.15395674,-0.08490174,-0.015589577,0.009790628,-0.027878176,-0.09884344,-0.13391964,-0.107323036,-0.024780342,0.061714098,0.097205296,0.065456405,-0.0028634106,-0.044411037
0.08007943,0.04941382,0.073236726,0.1415508,0.20503277,0.22154266,0.17553842,0.10671362,0.04868831,0.04574571,0.10272741,0.15420094,0.14846888,0.086050116,0.001845638,-0.06079204,-0.048260022,0.010182875,0.079473056,0.10249625,0.06899114,0.013386364,-0.020766329,0.015374919
0.21184798,0.2512325,0.21052097,0.13301323,0.08446654,0.10573711,0.18319625,0.2699335,0.29076654,0.22369029,0.11965134,0.04198485,0.040459227,0.10401448,0.17222594,0.17496249,0.09798271,-0.016109116,-0.086492576,-0.070957154,0.017193358,0.10419887,0.13667265,0.09367914
0.047152985,-0.018188633,-0.113309026,-0.17074539,-0.14668119,-0.06816715,0.010709755,0.034161877,-0.01261054,-0.09413931,-0.13735054,-0.09925211,-0.007348967,0.08184902,0.102155454,0.044644307,-0.050433572,-0.103921816,-0.07687651,0.009633163,0.089342214,0.099686846,0.033785217,-0.065613806
-0.120859325,-0.060602248,0.0038671144,0.024519822,-0.019981606,-0.085447386,-0.12601152,-0.115217425,-0.047540512,0.027162094,0.046004966,0.0024248296,-0.06257067,-0.103990525,-0.08127354,-0.004419149,0.06445271,0.08738385,0.03321907,-0.05191669,-0.112017065,-0.10592908,-0.042189743,0.014723747
0.079606764,0.097425744,0.05462317,-0.010324737,-0.042287603,-0.015174579,0.056452308,0.12741138,0.1499355,0.10939967,0.03535956,-0.0056684706,0.013925987,0.08169378,0.14310573,0.15164904,0.085936405,-0.0052470686,-0.059763808,-0.04991818,0.012949847,0.0698265,0.07991635,0.024804749
0.020956257,-0.046388835,-0.09529409,-0.09522561,-0.050241824,-0.006782744,0.0011203873,-0.03383592,-0.09617751,-0.1377641,-0.119294025,-0.05591119,0.0028694842,0.023975415,-0.0060009337,-0.0601525,-0.08933355,-0.069502845,0.00049922406,0.07041266,0.09844403,0.07265798,0.015941484,-0.019124847
0.07513906,0.03859096,-0.020582585,-0.06484641,-0.06503868,-0.03605479,-0.002787248,0.00806063,-0.025121486,-0.079773754,-0.109569095,-0.09616862,-0.051408276,-0.0028193954,0.015535478,-0.005678631,-0.046567377,-0.07154147,-0.046625666,0.012612212,0.075261764,0.10313837,0.08438928,0.044791583
0.09341833,0.04785131,-0.025080845,-0.06627547,-0.032925997,0.05003475,0.13129619,0.15770817,0.1165021,0.03759567,-0.010751902,0.014594323,0.09006547,0.16151756,0.1645292,0.09157949,-0.0105213085,-0.07408272,-0.061716065,0.010098806,0.07647896,0.07975505,0.011190179,-0.08094686
0.020425415,-0.015651263,0.014298927,0.09253782,0.16394469,0.18011715,0.1253432,0.044621836,-0.013826119,-0.0036133267,0.06821953,0.13270791,0.13208912,0.06478097,-0.02789642,-0.08939624,-0.065573946,0.009560061,0.085034646,0.10411382,0.05454447,-0.017302087,-0.060467973,-0.025103297
0.0784491,0.054516245,0.008404075,-0.01601106,0.007771518,0.068411924,0.13039263,0.15584643,0.13302061,0.07813364,0.042460762,0.056243237,0.10480388,0.15235616,0.15652722,0.10620283,0.028152779,-0.025043402,-0.026905453,0.016593711,0.059085842,0.061632395,0.016257439,-0.050823193
0.07547743,0.031514253,-0.033906847,-0.08243025,-0.08336616,-0.049625054,-0.01683843,-0.011344378,-0.052412976,-0.1130186,-0.14301975,-0.12675978,-0.07514446,-0.021810725,-0.0053127366,-0.031862285,-0.073447466,-0.09114648,-0.0603975,0.008396174,0.07730015,0.10646593,0.08681109,0.046304036
-0.093583055,-0.051764276,-0.012892155,-0.017346038,-0.07398204,-0.14540307,-0.1897015,-0.18406259,-0.13392165,-0.07787758,-0.06780279,-0.10895925,-0.15944773,-0.18214852,-0.14843436,-0.06860996,0.006623971,0.035364352,0.004792254,-0.050065346,-0.07666277,-0.049720917,0.01852692,0.07606781
-0.022584934,0.015525736,0.01809696,-0.019488774,-0.07968121,-0.12028648,-0.113188624,-0.06855306,-0.019432502,-0.0034601914,-0.034342133,-0.08574847,-0.11242361,-0.09271406,-0.02956752,0.038582038,0.0566217,0.02732364,-0.02274371,-0.056507904,-0.042152,0.009543852,0.065360345,0.07577297
-0.13657264,-0.083605036,-0.031775463,-0.033518463,-0.1013941,-0.18819946,-0.2425626,-0.23617682,-0.17070723,-0.095138885,-0.080092564,-0.12737583,-0.18911426,-0.21993533,-0.18139908,-0.079452924,0.013354287,0.05420597,0.014048159,-0.060899116,-0.10487823,-0.074527465,0.007898962,0.077648066
0.0028523412,-0.08241477,-0.13851097,-0.13785444,-0.08814892,-0.044468883,-0.046715453,-0.09881826,-0.17672665,-0.22144341,-0.19153026,-0.11455672,-0.04721093,-0.027096258,-0.06491916,-0.123706825,-0.14416145,-0.10369339,-0.012391041,0.07155518,0.101900734,0.0703355,0.007236093,-0.022981128
0.020491218,0.069413275,0.117428824,0.13528259,0.10845655,0.06938028,0.04412661,0.053460862,0.08977703,0.12535843,0.12862636,0.08855374,0.035060067,0.00015543685,0.0073279315,0.043356664,0.07941574,0.08069777,0.044387657,-0.005925186,-0.032845583,-0.01882689,0.029322803,0.077051975
-0.052716076,-0.007388393,-0.014606849,-0.07979377,-0.16534352,-0.21957184,-0.20252019,-0.13915393,-0.07190641,-0.056220975,-0.10610771,-0.17537273,-0.199848,-0.16034149,-0.07056308,0.019744147,0.04290747,0.0026686296,-0.06374859,-0.10007377,-0.07092756,0.0017694813,0.06988165,0.07377939
-0.038465586,-0.09560003,-0.1310421,-0.121490665,-0.07041382,-0.018200854,0.0037936263,-0.02108577,-0.06452148,-0.09118597,-0.071856245,-0.011930439,0.045205023,0.06639303,0.035823032,-0.02032673,-0.059059083,-0.050484017,-0.004215766,0.043147396,0.049636453,0.006027802,-0.062914,-0.110360794
0.01839666,-0.029846687,-0.10000776,-0.14459078,-0.12602943,-0.06735198,-0.0017187659,0.020656118,-0.008632793,-0.06712248,-0.100743555,-0.07347162,-0.0030131303,0.06805374,0.08715794,0.045392085,-0.027530622,-0.076072596,-0.06041683,0.0013448608,0.061165527,0.06592115,0.00993476,-0.06943998
0.11292458,0.06404656,-0.018071005,-0.07746876,-0.07083397,-0.014778803,0.04591205,0.06669498,0.018714065,-0.06670665,-0.11673238,-0.103405245,-0.03729702,0.03483675,0.057339206,0.01258659,-0.06345367,-0.11035377,-0.08598843,-0.0028873272,0.08339007,0.11516942,0.07683597,0.007491996
-0.054885313,-0.11496843,-0.103997104,-0.036498077,0.030963665,0.045197453,-0.008470478,-0.095027894,-0.1572,-0.14690046,-0.06666618,0.012323951,0.031488817,-0.018386759,-0.10019496,-0.1549613,-0.12558608,-0.03683349,0.054904174,0.086617045,0.04172547,-0.03687531,-0.09177038,-0.068136066
0.06733382,0.04523178,0.06081421,0.10261596,0.13426332,0.13185164,0.08478541,0.030133007,-0.015326443,-0.017233476,0.024503766,0.05400946,0.04309707,-0.0022542328,-0.054179642,-0.08567689,-0.05967574,-0.0081240395,0.047774784,0.06864073,0.054617718,0.027992746,0.021130593,0.06260018
0.018593084,-0.055397037,-0.100330845,-0.0762646,0.004047875,0.07970091,0.10754457,0.072463565,0.0052963323,-0.039277606,-0.013552001,0.06891249,0.13807105,0.15371953,0.09939194,0.008734866,-0.053808063,-0.048308834,0.020165406,0.08668433,0.09551621,0.035249725,-0.058261942,-0.11726179
0.039976373,0.056793183,0.033352196,0.0008063911,-0.004564547,0.030114017,0.09192933,0.14583202,0.16566661,0.13872474,0.08825408,0.06558802,0.08298514,0.12690884,0.1599132,0.15114088,0.088491686,0.014265552,-0.034775943,-0.03541018,-0.0064523527,0.014403203,0.0037171335,-0.05197533
0.08580347,0.058706984,0.0077443477,-0.021626867,0.0022430986,0.06447242,0.12916663,0.15557806,0.12963912,0.07177004,0.032591622,0.047885213,0.10000245,0.15211712,0.15776564,0.1078426,0.027083293,-0.02907484,-0.027138242,0.020311838,0.06832651,0.075644225,0.028291497,-0.040768046
-0.016239008,0.044829987,0.10010861,0.102764286,0.03621714,-0.053390138,-0.11737345,-0.11447417,-0.06439562,-0.0063069947,0.0019384661,-0.056474637,-0.13328114,-0.17734282,-0.14736336,-0.058226787,0.032968163,0.065931104,0.03369736,-0.029155752,-0.05556963,-0.01182924,0.08396688,0.17106761
0.0107929595,0.02882462,0.070584126,0.10686173,0.10743483,0.07626476,0.026159953,-0.0027738935,-0.001432447,0.03290393,0.06629612,0.0642464,0.024425035,-0.024959382,-0.049033515,-0.03379309,0.014660992,0.053050973,0.06311122,0.036405098,0.0033965784,-0.005734942,0.023875184,0.0805229
-0.10696958,-0.043635614,0.020211263,0.028861547,-0.034528594,-0.12483303,-0.18556195,-0.1798318,-0.113376684,-0.03462246,-0.016543932,-0.06949526,-0.14602578,-0.19081447,-0.15754904,-0.05753769,0.038018342,0.072659306,0.027484743,-0.055311006,-0.10344794,-0.07580664,0.012450226,0.09269514
0.038073085,-0.0070268353,-0.035347916,-0.01852188,0.035312288,0.08765625,0.10530058,0.081455916,0.032543004,-0.005293285,0.006562732,0.0537801,0.095754065,0.102885425,0.06333314,-0.005574483,-0.050279874,-0.048519123,-0.0059183314,0.04220476,0.05166698,0.011395154,-0.049440242,-0.08832792
0.09596067,0.10657022,0.06253021,-0.005949118,-0.05235884,-0.052761983,-0.012463594,0.039159086,0.049076732,0.0083389245,-0.05564714,-0.09827083,-0.08884655,-0.033263225,0.028317008,0.0531719,0.020955617,-0.038745925,-0.067593,-0.04643153,0.02370321,0.093995586,0.124635115,0.09926027
0.17761302,0.14242487,0.07208942,0.023815917,0.040533923,0.10116682,0.15989965,0.18028577,0.12841403,0.03549008,-0.022195354,-0.019214999,0.033284407,0.08900741,0.09341934,0.027535632,-0.056485076,-0.110489346,-0.09142924,-0.01084088,0.071792245,0.09853779,0.058992047,-0.005007408
-0.034146674,-0.015119883,0.05868166,0.1317858,0.14210296,0.09246843,0.0070818616,-0.05279823,-0.052156396,0.009291996,0.07871983,0.08631054,0.02738436,-0.060386732,-0.11307003,-0.09758401,-0.01360712,0.06925571,0.09487823,0.05067775,-0.02221529,-0.06013814,-0.029928563,0.06012503
-0.08537511,-0.09101911,-0.06587557,-0.035649583,-0.029766575,-0.057699036,-0.1025912,-0.1378921,-0.13807073,-0.1022429,-0.06079982,-0.04295618,-0.05838895,-0.09329027,-0.11640413,-0.102962084,-0.05397345,0.00047119413,0.02569309,0.0090014255,-0.03066447,-0.05771087,-0.053193,-0.017881984
-0.028073238,-0.0895324,-0.13574103,-0.13522258,-0.09040561,-0.03940288,-0.016836392,-0.038754474,-0.08495389,-0.117081314,-0.10201649,-0.042497043,0.01886531,0.049043134,0.027447768,-0.024913587,-0.064881444,-0.05906139,-0.008602183,0.046351608,0.06457262,0.029488076,-0.033912133,-0.083990954
-0.060697988,3.3076985e-06,0.017379988,-0.020297866,-0.080945164,-0.11658819,-0.09478079,-0.032059073,0.04157772,0.072497465,0.030539423,-0.03439223,-0.06817956,-0.0465117,0.020718884,0.092047274,0.10238833,0.051513784,-0.032844298,-0.09202552,-0.09096574,-0.044279415,0.010321068,0.010275319
-0.12907842,-0.11246314,-0.059114292,-0.0059321043,0.0013290179,-0.031612743,-0.08655397,-0.12019789,-0.09969325,-0.035323057,0.020165568,0.03102007,-0.0052720946,-0.058759972,-0.08452724,-0.06161141,-0.0015445679,0.05372647,0.05416696,0.0039968453,-0.065835066,-0.10943373,-0.09223962,-0.046087578
0.10458155,0.023222197,-0.023342405,0.0017270477,0.084946856,0.15734643,0.16970447,0.11706804,0.023712581,-0.038520563,-0.012719665,0.068856455,0.13120589,0.13369147,0.0640349,-0.038370345,-0.09461179,-0.07523076,0.017151738,0.10351286,0.12717664,0.07850669,-0.008921987,-0.046242934
-0.14220679,-0.13554853,-0.08462122,-0.03058303,-0.015665956,-0.0480209,-0.102690846,-0.1431976,-0.12935407,-0.06628387,-0.006690645,0.013758056,-0.015731491,-0.06967098,-0.10231642,-0.082727574,-0.021425584,0.039522037,0.05272582,0.008509285,-0.06313037,-0.111863166,-0.10884614,-0.06466856
-0.037402272,0.012505386,0.014097842,-0.043029655,-0.12450272,-0.17869122,-0.16983905,-0.11290475,-0.049304135,-0.027940232,-0.07388218,-0.1418246,-0.17257722,-0.14279495,-0.062176492,0.027767604,0.0555603,0.021463595,-0.042575844,-0.0838989,-0.061806858,0.011174452,0.083647646,0.097305425
0.05570633,0.01732588,0.0008546502,0.029711269,0.09116688,0.14828017,0.17093155,0.15039304,0.107463524,0.078293346,0.09252028,0.13870503,0.1734173,0.17394437,0.12659842,0.051068924,-0.0002629753,-0.008738745,0.02853543,0.063735805,0.06383545,0.017260734,-0.0481672,-0.082272485
0.0759398,0.040534873,-0.015198232,-0.057684828,-0.06153705,-0.03762599,-0.008577461,-0.00063251273,-0.034093086,-0.089264974,-0.1181162,-0.1089299,-0.066899784,-0.021369537,-0.003688353,-0.023551047,-0.058870025,-0.077466674,-0.05127906,0.008310646,0.0690028,0.09699682,0.0799958,0.044837028
0.14742997,0.17061684,0.13959031,0.08665018,0.05549857,0.07059915,0.121931516,0.17903791,0.18920755,0.1417837,0.07291207,0.024449024,0.026159033,0.07055436,0.11746213,0.119849354,0.06751865,-0.0095990235,-0.052330457,-0.037563678,0.025027277,0.08476108,0.10584016,0.075312465
0.09724259,0.09874254,0.041133195,-0.046385553,-0.10766754,-0.11802949,-0.07795101,-0.026631145,-0.021504212,-0.07448517,-0.1461981,-0.19442433,-0.17844519,-0.111605525,-0.0383002,-0.0050566965,-0.029969396,-0.08318848,-0.10346362,-0.06661646,0.021831369,0.10745442,0.1422907,0.11834301
0.020561032,-0.03905627,-0.11930221,-0.16692182,-0.14811283,-0.08277252,-0.014666384,0.003014407,-0.034762293,-0.1025041,-0.13610265,-0.10252852,-0.02064773,0.056870878,0.073170915,0.023264877,-0.055030216,-0.093734324,-0.068403475,0.0056588002,0.069716685,0.07392808,0.012749223,-0.0723677
0.11023198,0.07239464,0.0071856542,-0.02715616,0.0050391476,0.08122242,0.15515809,0.1822951,0.1441503,0.06999775,0.024958571,0.044125114,0.10598477,0.16765662,0.17172551,0.10273243,0.0054786196,-0.06168376,-0.05309398,0.010498789,0.07372785,0.076690316,0.017809115,-0.0640254
-0.08472393,-0.12131141,-0.10898046,-0.06068498,-0.010557742,0.0021755088,-0.025002604,-0.07572539,-0.10352515,-0.08222066,-0.024901155,0.034666583,0.051841598,0.022388678,-0.029835852,-0.06059661,-0.043404903,0.0073676,0.05857644,0.066550985,0.024872882,-0.03617317,-0.08159495,-0.07560947
0.013366257,0.09521331,0.17896599,0.21412551,0.18043569,0.12067624,0.07764338,0.08903412,0.14715593,0.21053627,0.21732326,0.15732718,0.06843435,0.0028917105,0.0037393505,0.060405836,0.11742982,0.124782965,0.065038346,-0.02462986,-0.08323688,-0.06777525,0.0036051348,0.079063475
-0.020109668,0.024889283,0.120011315,0.20943582,0.23366503,0.19381289,0.1225294,0.080188796,0.09996463,0.17277409,0.23636444,0.23561446,0.16124834,0.060853526,0.001781535,0.011480418,0.07763214,0.13046093,0.12563913,0.053209566,-0.03971025,-0.08847995,-0.06340395,0.018730713
-0.013241378,-0.026494522,0.004736288,0.06637869,0.124321006,0.14289613,0.121142216,0.07927714,0.05640119,0.07300293,0.11937036,0.16037984,0.15781894,0.11199508,0.04779429,8.829144e-05,0.0038978565,0.03398284,0.065464295,0.06111435,0.013745523,-0.050237183,-0.09389182,-0.0835083
0.19039147,0.22306885,0.17988563,0.10129901,0.051916685,0.072066486,0.14545819,0.22628637,0.244921,0.18299234,0.08601485,0.017201837,0.023630714,0.09215964,0.16123399,0.16827911,0.09934293,-0.0065027364,-0.068991296,-0.048960254,0.040753752,0.12742327,0.15903245,0.116876364
-0.011380189,-0.062183313,-0.09231713,-0.08153813,-0.033373926,0.010489199,0.025536556,0.00025494664,-0.042847805,-0.068018,-0.050234325,0.003747735,0.049946405,0.062365737,0.030184474,-0.021062138,-0.053915672,-0.04485854,0.002355447,0.04541077,0.051552024,0.014988281,-0.045063186,-0.08066147
-0.10909185,-0.158754,-0.14084339,-0.06764317,0.0063945195,0.03446739,0.0010431987,-0.06808155,-0.10734695,-0.079836674,-0.00017951985,0.082249805,0.10704826,0.06655862,-0.009718274,-0.0637994,-0.050052054,0.01710088,0.083049566,0.093040526,0.032420885,-0.059545062,-0.12447358,-0.12126704
0.02631191,0.07664983,0.12130171,0.12220239,0.06942038,-0.0031340015,-0.05425526,-0.052820664,-0.018585257,0.017651293,0.017103972,-0.037987206,-0.10392691,-0.14238434,-0.123579696,-0.062755644,0.0075901262,0.030541563,0.0077236667,-0.036107928,-0.049781483,-0.012565044,0.061995868,0.13553126
-0.1292272,-0.12287802,-0.08135484,-0.040788025,-0.028992834,-0.05006288,-0.08463299,-0.11302118,-0.09668046,-0.045991678,-0.0018365342,0.014225326,-0.0028264676,-0.04002562,-0.066181086,-0.053258907,-0.008666626,0.03715267,0.041061662,0.0048999796,-0.053618632,-0.09421087,-0.09867184,-0.07089616
-0.022032673,-0.09452905,-0.13435641,-0.11146196,-0.037664637,0.029963665,0.052955694,0.014909467,-0.04681877,-0.08448322,-0.054557163,0.025005205,0.093814604,0.109655455,0.05952566,-0.021810446,-0.07148782,-0.057274405,0.0075286515,0.07073524,0.07505602,0.012627271,-0.0790638,-0.13537149
-0.025392512,-0.0069270497,0.05032704,0.11101813,0.13531762,0.11653323,0.07128814,0.036089376,0.04036503,0.083134964,0.12812863,0.1364561,0.096982405,0.032918558,-0.01449833,-0.020459386,0.018811723,0.060672563,0.067809574,0.029159803,-0.03281283,-0.07469345,-0.07206142,-0.02448323
-0.103849925,-0.1533387,-0.13865675,-0.06528112,0.0138540715,0.04442282,0.011780626,-0.056211546,-0.09891866,-0.07768498,-0.0023649049,0.078207895,0.10165776,0.059482165,-0.018959116,-0.08036803,-0.072600536,-0.010139892,0.055906396,0.068431735,0.0083004385,-0.088822424,-0.15883073,-0.16221887
0.030892603,-0.032437574,-0.074449465,-0.07303762,-0.03343336,0.004480925,0.011805625,-0.023074575,-0.08160397,-0.12249893,-0.10559683,-0.051325355,0.0007903905,0.017706767,-0.013975921,-0.06871036,-0.09396929,-0.07171423,-0.0046051145,0.06147577,0.0878513,0.06374382,0.009433919,-0.016774945
-0.039801385,0.016325906,0.025939353,-0.023840286,-0.10178319,-0.15363261,-0.14336933,-0.08411478,-0.015653836,0.011136621,-0.032845102,-0.10281819,-0.1411415,-0.11898098,-0.04137532,0.048975043,0.073008664,0.035946842,-0.036595304,-0.08939672,-0.0777547,-0.00883426,0.06496933,0.081056386
-0.05998413,-0.013008945,-0.01555157,-0.07683956,-0.16142933,-0.2134233,-0.20189339,-0.1433481,-0.07727609,-0.053414542,-0.09864598,-0.16362505,-0.18943574,-0.1537371,-0.06816302,0.026681183,0.053659853,0.021734374,-0.044587005,-0.08680508,-0.064945765,0.009593006,0.08385688,0.093867935
-0.031111287,0.030838918,0.050068546,0.01618487,-0.043579843,-0.07646241,-0.05389951,0.007500357,0.07757452,0.101480946,0.05777119,-0.00978441,-0.044938542,-0.027492227,0.034014255,0.0977232,0.10357733,0.055438075,-0.02824657,-0.084171586,-0.083476596,-0.036082443,0.018656367,0.020406757
0.09338283,0.1633161,0.19175935,0.16838948,0.117936194,0.08842579,0.09812235,0.14852019,0.1968104,0.20598795,0.15727238,0.08264172,0.030020965,0.025400274,0.06475309,0.11020989,0.112601824,0.06536371,-0.007126298,-0.05511314,-0.04675117,0.011728734,0.07703713,0.101613894
0.037309617,0.002918927,0.010829188,0.047848925,0.085731775,0.087868884,0.047826614,-0.010405803,-0.05993288,-0.06554216,-0.022514554,0.01927221,0.024482975,-0.012875727,-0.06846406,-0.104117334,-0.080373116,-0.024053033,0.041612323,0.072531156,0.05945326,0.027680388,0.0024282625,0.03209202
-0.01918043,0.054698117,0.1262734,0.14619204,0.10070777,0.032399602,-0.010729885,0.0030735976,0.06342414,0.1274832,0.13265134,0.07482122,-0.0058543473,-0.058245927,-0.042061422,0.031166442,0.09614267,0.10715778,0.052580018,-0.03136434,-0.080477975,-0.05453896,0.021131115,0.09363608
0.017372599,-0.0755863,-0.14380053,-0.14813904,-0.09773684,-0.04843776,-0.040402062,-0.08719922,-0.16791378,-0.22484694,-0.199881,-0.120138496,-0.04179174,-0.010566749,-0.04380531,-0.11070579,-0.14273626,-0.11006741,-0.014133156,0.08196544,0.1225971,0.090669595,0.018574206,-0.025077337
0.18723604,0.15531489,0.09184333,0.050041497,0.073273785,0.13642967,0.19731957,0.21832514,0.16856785,0.079948984,0.026536902,0.032666363,0.082457595,0.13376078,0.13418216,0.06601034,-0.019356033,-0.08073147,-0.06445705,0.011798485,0.092222065,0.11556156,0.07308835,0.011629481
-0.03101868,-0.014630891,0.05554902,0.12338376,0.13651058,0.08476036,-0.0011239415,-0.061795298,-0.064249426,-0.0037796411,0.062574275,0.07226912,0.014929348,-0.070920415,-0.12499229,-0.11054272,-0.024667481,0.05426834,0.08625362,0.04618384,-0.02054858,-0.056599613,-0.031105284,0.058727566
0.034617458,-0.046287987,-0.105708845,-0.1094298,-0.058273174,-0.0059036133,0.0049300585,-0.037057873,-0.11423984,-0.16832727,-0.15167531,-0.08168866,-0.0126140015,0.0137917865,-0.02274296,-0.090264,-0.12682527,-0.102731764,-0.018806063,0.06675597,0.103665315,0.07634602,0.008419635,-0.03153267
0.11963408,0.046012584,-0.0035530317,0.0046935542,0.06550362,0.12530576,0.13618334,0.090384275,0.0025470294,-0.06601725,-0.0528457,0.009875334,0.0689968,0.08047791,0.026869344,-0.062910646,-0.10921058,-0.09055089,-0.0067379205,0.08463896,0.12471232,0.0960813,0.026605733,-0.004974095
0.019855328,0.022170385,-0.019682448,-0.08012591,-0.11899398,-0.11233919,-0.06836197,-0.021896714,-0.006597096,-0.036920227,-0.08667482,-0.115340814,-0.09326474,-0.03369131,0.02480855,0.046293523,0.015779553,-0.034650847,-0.06520873,-0.046953823,0.009108922,0.05815172,0.07344229,0.036318537
0.003259604,0.00021474044,-0.04952382,-0.111173145,-0.14322081,-0.1250968,-0.07150417,-0.02113612,-0.005727372,-0.03770739,-0.08914642,-0.10879614,-0.07689782,-0.0109006185,0.04651378,0.06268634,0.018853988,-0.035005625,-0.066369876,-0.0475839,0.0050116056,0.049088534,0.055429533,0.004000786
0.10731787,0.03532076,-0.013045178,0.0031344262,0.07223806,0.13873835,0.1524949,0.11146624,0.029300211,-0.028213663,-0.009855663,0.060959157,0.11768194,0.12707545,0.07287263,-0.015734645,-0.07042541,-0.060052607,0.019788332,0.09825549,0.12774976,0.0920786,0.022217585,-0.013054767
-0.039363164,-0.09468239,-0.13179745,-0.12698576,-0.083996534,-0.040844403,-0.024295475,-0.048278276,-0.08946757,-0.11598471,-0.09833284,-0.043799244,0.009251711,0.030353582,0.0057957107,-0.042916,-0.07420933,-0.06266125,-0.016165392,0.03137688,0.041221756,0.0031212384,-0.057345107,-0.10013309
-0.14971341,-0.15113127,-0.103417985,-0.060181387,-0.065811366,-0.12504475,-0.20558631,-0.26315454,-0.25699472,-0.19365457,-0.1277601,-0.111507215,-0.14352368,-0.19998896,-0.22864127,-0.19271186,-0.09614308,-0.0022691982,0.03207822,0.0016535918,-0.05921285,-0.093675874,-0.07285102,-0.00412291
-0.0420712,-0.119790345,-0.16540849,-0.14843032,-0.07807738,-0.010676962,0.011581373,-0.026233276,-0.0879914,-0.12017105,-0.089699544,-0.008403129,0.062110666,0.08507864,0.041325655,-0.034109544,-0.08201157,-0.06847661,-0.0007704972,0.06074481,0.06882346,0.009166462,-0.07933743,-0.13415085
0.15485315,0.12210718,0.05898106,0.016802656,0.0325949,0.089798644,0.1479621,0.17080756,0.1291481,0.052993342,0.004808819,0.012517899,0.06140447,0.115908265,0.12467981,0.071007356,-0.007856967,-0.06435717,-0.04891187,0.01764154,0.09151177,0.117121056,0.08186246,0.024265453
0.09386048,0.056973986,0.035638902,0.043741338,0.07359833,0.10127632,0.09928221,0.06990059,0.018351011,-0.01921036,-0.010066532,0.019408999,0.04235615,0.039875302,0.007839119,-0.038214292,-0.057865348,-0.04182893,0.006178143,0.05428845,0.07583552,0.066572756,0.038831968,0.035547163
-0.015105545,0.05605067,0.12111639,0.12583764,0.054376423,-0.040093258,-0.105512924,-0.1009056,-0.045147132,0.014022255,0.018035632,-0.05288411,-0.13853085,-0.18879613,-0.16006926,-0.07009933,0.024720335,0.059067607,0.01669377,-0.053318292,-0.08551833,-0.04158572,0.058070753,0.14993241
-0.039074093,-0.08582592,-0.08220451,-0.037641622,0.006844293,0.013035476,-0.026705846,-0.088837065,-0.13452114,-0.12923764,-0.070290744,-0.012642233,0.0019777268,-0.03170156,-0.08487857,-0.11845309,-0.094461575,-0.029640619,0.039595716,0.0660139,0.0388774,-0.01303726,-0.049155273,-0.030398652
0.09435874,0.017071601,-0.03778577,-0.027799398,0.03827955,0.10137778,0.11203663,0.06740428,-0.018627895,-0.08166057,-0.0637219,0.008013974,0.071689464,0.086923644,0.035513025,-0.054549366,-0.10298815,-0.087475315,-0.0019892799,0.087942906,0.1255876,0.08880495,0.016309917,-0.023401055
0.11012036,0.07300117,0.04630444,0.05426678,0.09226054,0.12434086,0.122005604,0.09225813,0.035738815,-0.008836213,-0.0029092769,0.031134794,0.058923453,0.057159808,0.019345181,-0.039103635,-0.06308229,-0.051992014,-6.023362e-05,0.057375517,0.08454345,0.06975055,0.035756428,0.023095693
0.010557641,-0.05837228,-0.10414058,-0.10028503,-0.05237127,-0.008538936,-0.0008034658,-0.038542543,-0.10125276,-0.14157017,-0.12086828,-0.057634167,-0.0005238934,0.01686965,-0.017634964,-0.07533789,-0.10454618,-0.08136141,-0.01039527,0.05703659,0.079374336,0.04749601,-0.014474779,-0.048198473
0.08635627,0.17748186,0.21170433,0.17307912,0.09489059,0.041658342,0.05190554,0.12352726,0.19813892,0.21978004,0.15736851,0.05611275,-0.015244563,-0.015084576,0.051791918,0.12947156,0.14413165,0.08089248,-0.015146396,-0.08418328,-0.07114925,0.010153229,0.1026701,0.13817215
0.041163456,0.00057092105,0.018869659,0.08731264,0.15341444,0.17632368,0.13294463,0.05995824,-0.0005035005,-0.001508845,0.06067107,0.12224017,0.1289354,0.07400281,-0.010474889,-0.07407141,-0.06329227,0.0038803173,0.07837116,0.105004184,0.06699029,0.004485255,-0.038511757,-0.011553052
-0.014138405,0.033869673,0.048106596,0.02275045,-0.025315229,-0.050403666,-0.03003614,0.020381307,0.075736515,0.092686825,0.057836745,0.004126217,-0.023332473,-0.008651217,0.04153256,0.09220121,0.09295873,0.053460024,-0.011761649,-0.055993337,-0.05572382,-0.016722344,0.026356483,0.027048187
-0.013004298,0.043445285,0.057408474,0.022311626,-0.035626456,-0.06614122,-0.04397139,0.015139936,0.078517824,0.098755695,0.0568867,-0.003423709,-0.03397499,-0.014665292,0.04685856,0.11219266,0.11612468,0.06921731,-0.0062072463,-0.055631686,-0.04992891,0.0032501167,0.058713924,0.060848854
-0.009042008,-0.052100744,-0.1067513,-0.13775922,-0.124631755,-0.08513249,-0.046040308,-0.038128167,-0.06321848,-0.102286115,-0.118555926,-0.08999766,-0.035664827,0.013399341,0.02432716,-0.0025925133,-0.04821885,-0.06651005,-0.04489675,0.0021580965,0.040188603,0.041015435,0.0023398567,-0.051671952
0.011795177,0.024113573,0.06519529,0.10350675,0.10623675,0.07527418,0.026594002,-0.00645316,-0.008903564,0.020710066,0.055659283,0.057144426,0.021926502,-0.029044854,-0.058635615,-0.047214594,0.00027589622,0.046736617,0.064106084,0.042363975,0.0061097518,-0.0052400767,0.016053027,0.0715256
0.01950064,-0.04764015,-0.09644749,-0.09721375,-0.053583447,-0.010959613,-0.0044648903,-0.040098116,-0.10335322,-0.14580214,-0.12851468,-0.06840414,-0.012631863,0.006932468,-0.022860073,-0.07700495,-0.105852455,-0.084549725,-0.015435521,0.05342799,0.08107405,0.055487808,0.00063097157,-0.032317895
0.057111215,0.016571758,0.027772399,0.086347125,0.14009911,0.1490216,0.09329074,0.019533059,-0.04408338,-0.047435842,0.0138567705,0.07132305,0.072246715,0.017963395,-0.054192513,-0.10173831,-0.078003354,-0.007221776,0.07310906,0.10544102,0.08022366,0.033301663,0.00948129,0.046554875
0.12534551,0.14740005,0.11831414,0.06775168,0.036922265,0.04705196,0.09204469,0.1454438,0.15895768,0.12163168,0.05898899,0.016952662,0.019081734,0.06091124,0.105004594,0.11246104,0.068700776,0.00013110189,-0.037822813,-0.02758769,0.028020626,0.08514502,0.107485324,0.08107849
0.031679153,0.0052218605,-0.04044389,-0.06903518,-0.05881542,-0.014250679,0.036579464,0.059017133,0.044330433,0.003663666,-0.023787335,-0.01135954,0.034048762,0.08413347,0.099242724,0.0674643,0.009526795,-0.031501386,-0.03033061,0.0070066606,0.047582224,0.05262468,0.018755883,-0.037159074
0.20899849,0.17690255,0.114835516,0.0796112,0.106436856,0.17665632,0.24055865,0.26195803,0.20900856,0.11768816,0.067335084,0.07655675,0.1264333,0.17571461,0.1750369,0.105017945,0.011692825,-0.052099764,-0.036775198,0.03907955,0.117451385,0.14139365,0.09999394,0.037963446
0.0805476,0.09273097,0.03332995,-0.047074594,-0.08609395,-0.050512183,0.036268327,0.118722655,0.14074068,0.08725909,0.0027500289,-0.039957322,-0.009050954,0.07712452,0.15541545,0.16777281,0.08724227,-0.01667673,-0.077594206,-0.058432564,0.019984536,0.08764621,0.09872684,0.027603013
0.076548,0.050884333,0.0046227532,-0.019927239,0.004468396,0.05646563,0.10908008,0.12970197,0.103905864,0.051451065,0.017645948,0.03102858,0.074043915,0.11647956,0.11850392,0.06979625,0.00059871795,-0.04874932,-0.04202277,0.0019113135,0.044903804,0.045951515,0.0013372741,-0.05869714
-0.12369786,-0.12059594,-0.06884881,-0.018631764,-0.023055034,-0.07681819,-0.15538624,-0.20984012,-0.20262189,-0.13915199,-0.070860796,-0.056369364,-0.09479009,-0.15587667,-0.18419938,-0.1497124,-0.060531914,0.0276061,0.05498659,0.018787006,-0.04423637,-0.07769737,-0.049194574,0.023439081
-0.11056779,-0.082905054,-0.050886814,-0.053282876,-0.09722357,-0.15831475,-0.19850717,-0.19967176,-0.15932424,-0.10648626,-0.0894479,-0.115221396,-0.15444772,-0.17413303,-0.14698632,-0.076247826,-0.0074610002,0.023113437,0.0037361993,-0.042597268,-0.068674795,-0.05151034,0.0008565367,0.05062302
-0.03415598,0.0067438427,0.019488197,-0.007198095,-0.054254536,-0.0859036,-0.078988604,-0.04104495,0.005536171,0.024151538,-0.0031700684,-0.051816985,-0.07962877,-0.06917997,-0.022425935,0.030508127,0.045728356,0.019889325,-0.033693835,-0.07130304,-0.06876288,-0.032534696,0.01173903,0.020381214
0.122152835,0.077038094,0.051390003,0.06764592,0.12279283,0.17619187,0.18401513,0.14773843,0.07864216,0.026063608,0.034245044,0.07833338,0.114095934,0.10974348,0.05589515,-0.02190312,-0.06352895,-0.05210325,0.0028344397,0.065135814,0.0871813,0.062868305,0.011406802,-0.008200621
-0.0930384,-0.08983423,-0.056445625,-0.028717296,-0.037273858,-0.07970777,-0.13620588,-0.172674,-0.16559511,-0.12030978,-0.076041885,-0.06858476,-0.09432219,-0.13223884,-0.14694902,-0.11796128,-0.050028887,0.010558265,0.029352905,0.006136091,-0.03164775,-0.049918953,-0.026332567,0.024740854
0.009197135,-0.062362406,-0.11289023,-0.11671102,-0.0788557,-0.04494978,-0.047340073,-0.089015014,-0.15491004,-0.19557601,-0.1751374,-0.116363555,-0.062336907,-0.043148752,-0.07117941,-0.12089105,-0.13828455,-0.10723935,-0.030187663,0.041906323,0.072656594,0.0487179,-0.0017720012,-0.026449872
-0.08576401,-0.122358434,-0.10822501,-0.05208832,0.005906727,0.027823525,0.0044552125,-0.047066044,-0.07665977,-0.060258444,-0.0023639894,0.055460524,0.07341753,0.04245252,-0.016406232,-0.06490882,-0.056585867,-0.009438387,0.03752522,0.047305413,0.002451465,-0.074088804,-0.12905471,-0.131169
0.15095744,0.13495545,0.10327074,0.085786425,0.10341734,0.14198372,0.17575173,0.18423589,0.14981507,0.093045205,0.061463516,0.065764315,0.09197329,0.11249781,0.10165115,0.055935353,0.003268229,-0.027055744,-0.013065994,0.033067066,0.075815655,0.09268315,0.0677251,0.037661366
-0.1299567,-0.119595796,-0.075172015,-0.02982029,-0.01686388,-0.03948166,-0.078393355,-0.10636461,-0.088912,-0.036351398,0.010132546,0.02351915,-0.00083710166,-0.043878067,-0.06903489,-0.0550409,-0.009916363,0.03425387,0.03414776,-0.0070141144,-0.06962448,-0.114155106,-0.11385465,-0.08437381
0.02629021,0.08093099,0.13398653,0.15543434,0.13459846,0.09661214,0.07224335,0.083059736,0.121646605,0.16032137,0.16059504,0.12118729,0.06495965,0.024436342,0.024162022,0.05761661,0.0910356,0.0898334,0.0516509,-0.0046259738,-0.039146263,-0.026989045,0.016939925,0.063386455
0.06776715,-0.0025653297,-0.043638654,-0.007869412,0.09699153,0.19686092,0.2322571,0.19517767,0.11597264,0.06343054,0.0827559,0.1692412,0.23780629,0.24579054,0.16786464,0.04445293,-0.041333124,-0.0497193,0.017352443,0.08524408,0.09101171,0.017341763,-0.0918211,-0.15934095
-0.04317107,0.0019112895,-0.0009892549,-0.057602815,-0.1358031,-0.18460335,-0.1741669,-0.118795566,-0.058169357,-0.039806034,-0.084195934,-0.14811477,-0.17434442,-0.14224114,-0.063445136,0.01963347,0.043172132,0.010395275,-0.05165465,-0.08875688,-0.06563788,0.001930122,0.07070467,0.07944048
0.12324783,0.20771934,0.23848592,0.20531899,0.13999374,0.10136173,0.12026676,0.18889746,0.25243944,0.2597201,0.19707389,0.103397764,0.040283445,0.03964599,0.09478474,0.15201251,0.15135385,0.08457984,-0.0056496193,-0.062229905,-0.045147855,0.029804325,0.10828705,0.13557419
0.030819252,-0.029637925,-0.06898026,-0.06467937,-0.023277976,0.01791828,0.023513854,-0.012828113,-0.07307514,-0.1142413,-0.09676962,-0.043254208,0.0068967515,0.020591458,-0.0130675575,-0.06882802,-0.095327616,-0.071426265,-0.0082866205,0.05607681,0.07913281,0.053580202,0.0017181762,-0.02485703
-0.04014877,-0.08566809,-0.146546,-0.18634,-0.17813039,-0.13762204,-0.0914278,-0.07878211,-0.0993284,-0.13946714,-0.15942223,-0.13004568,-0.06468489,-0.0026791075,0.017202767,-0.005347062,-0.051365487,-0.07210305,-0.054409333,-0.0029651446,0.039770786,0.041752543,-0.0015399995,-0.06769555
-0.039915908,-0.09157862,-0.12234504,-0.1106332,-0.061235286,-0.010844772,0.012121871,-0.010697471,-0.04954915,-0.076907545,-0.059663206,-0.0055585536,0.049141053,0.06799492,0.03642925,-0.022174738,-0.060372453,-0.051916365,-0.011931177,0.033080433,0.03607415,-0.010640865,-0.08029493,-0.12919214
0.13536014,0.08701956,0.05685576,0.07184518,0.129831,0.18110417,0.19100362,0.15636167,0.0856299,0.027889498,0.03365131,0.07883243,0.11640457,0.113410875,0.058892194,-0.023877274,-0.06806119,-0.061929036,-0.0004105624,0.067428604,0.09421247,0.068042405,0.009424755,-0.013858002
0.07212186,0.042440813,0.054280277,0.097209,0.13936117,0.1484833,0.10858678,0.0499638,-0.0029928256,-0.01226806,0.029067319,0.067723885,0.06741986,0.023916215,-0.038976636,-0.085086904,-0.06855036,-0.015211484,0.046717986,0.07641811,0.06280193,0.030036643,0.008309052,0.041442376
-0.09030794,-0.004872104,0.0859367,0.11884502,0.06873192,-0.013075485,-0.06950741,-0.05885642,0.021021105,0.11367741,0.1346811,0.07786236,-0.0137197515,-0.079218134,-0.063839525,0.027403168,0.11366114,0.14096156,0.07463022,-0.034654118,-0.11137462,-0.09639966,-0.010361235,0.07343993
-0.121210545,-0.07746118,-0.030263942,-0.02749769,-0.08078086,-0.1596301,-0.21418877,-0.21548882,-0.16275914,-0.09585486,-0.07632596,-0.111901216,-0.16762151,-0.20192003,-0.17466094,-0.08773988,-0.0005414951,0.040398546,0.012292568,-0.050638933,-0.091054134,-0.06990352,-0.0006701472,0.064275846
-0.067577,-0.11775357,-0.12906745,-0.10834318,-0.08438077,-0.09093399,-0.12885162,-0.18243843,-0.22120623,-0.21687105,-0.1681969,-0.11574983,-0.09439256,-0.11119047,-0.1427069,-0.1529975,-0.12087352,-0.053926032,0.015241061,0.045742605,0.031461734,4.2313965e-05,-0.024565587,-0.009042788
-0.0017855249,-0.049202435,-0.1096927,-0.1445355,-0.130179,-0.08036476,-0.030817408,-0.020233374,-0.047456384,-0.09421502,-0.1144461,-0.08489179,-0.019459845,0.041268125,0.05310785,0.014403505,-0.040447872,-0.06593426,-0.045761645,0.011083653,0.05923475,0.05798467,0.011359432,-0.052886482
0.07684678,0.037547007,0.057967093,0.12569857,0.19412299,0.21234088,0.16676408,0.092379,0.026973018,0.020128446,0.079662696,0.13619316,0.13649021,0.07706069,-0.01029333,-0.07909874,-0.06575985,-0.006516247,0.07266703,0.10462835,0.07642607,0.016315622,-0.028448688,0.005800653
0.11962092,0.071060285,0.04198454,0.053679787,0.09832886,0.13325024,0.12818998,0.0885614,0.020948851,-0.026529059,-0.012831374,0.03174264,0.0647249,0.061009232,0.015612292,-0.047931798,-0.070866905,-0.051802404,0.015435303,0.081409276,0.11040588,0.093390375,0.052078146,0.043924786
-0.010551414,0.043301985,0.09631879,0.103679195,0.05234398,-0.024865571,-0.08474736,-0.088675424,-0.05002847,-0.0014351045,0.007225486,-0.042524226,-0.112176426,-0.1597483,-0.14452612,-0.0737975,0.007141737,0.042523082,0.017141862,-0.036805317,-0.06565414,-0.033027768,0.045558207,0.12401222
0.06116433,0.02380998,0.035941407,0.09122553,0.14933474,0.1696923,0.13173048,0.066312484,0.0063824006,-0.0047350866,0.046029177,0.0980018,0.10539618,0.058694873,-0.015450368,-0.07631199,-0.06728519,-0.011611132,0.057011906,0.09127637,0.06973686,0.018900426,-0.01947283,0.0039466573
0.10835847,0.07066733,0.05136879,0.06829669,0.11293941,0.15159333,0.15256698,0.11987224,0.0630463,0.022193106,0.032358803,0.06853885,0.095188685,0.088643126,0.04211272,-0.023372067,-0.0520625,-0.03943609,0.011521715,0.06316276,0.08108001,0.05890808,0.017771754,0.0074734087
-0.05939836,-0.12070591,-0.11968734,-0.06914356,-0.016269224,-0.008448511,-0.05589847,-0.1331477,-0.18875702,-0.18057808,-0.10858634,-0.034193803,-0.009232047,-0.044366375,-0.109580204,-0.1507656,-0.119124,-0.036169726,0.05282592,0.08863078,0.057801202,-0.0047043855,-0.05186593,-0.03084436
0.014990306,0.027068678,0.069345765,0.10878466,0.10547887,0.061308708,-0.006905375,-0.05004009,-0.05623122,-0.022494541,0.02008833,0.020422857,-0.021611756,-0.07903494,-0.10944329,-0.09478461,-0.027522046,0.032553695,0.05934182,0.04206111,0.0102873165,-0.0007986194,0.033990677,0.10436569
0.141362,0.09482662,0.061955705,0.075619414,0.13106944,0.18710671,0.2006948,0.17116402,0.10273559,0.04651099,0.051230997,0.09766378,0.13761628,0.14030708,0.092065185,0.013608226,-0.035851732,-0.035206575,0.021477101,0.08729045,0.11630069,0.095432766,0.043200023,0.016596645
0.022876192,0.023907352,-0.03814372,-0.124133304,-0.17138463,-0.15545548,-0.08413721,-0.01520716,0.0055709654,-0.042436205,-0.11649884,-0.15193163,-0.11563388,-0.0315618,0.047503076,0.07474188,0.020622732,-0.05441225,-0.09846829,-0.0723772,0.0018847025,0.06876898,0.07864316,0.015271962
-0.059105925,-0.020146597,-0.01824856,-0.06518238,-0.13916257,-0.1881426,-0.18530802,-0.14097375,-0.0863662,-0.06476463,-0.09624804,-0.15254363,-0.17887527,-0.15448429,-0.08156772,0.0026611693,0.03255803,0.01416409,-0.040573504,-0.07744295,-0.06325801,-0.002838947,0.063969836,0.07891119
0.113921106,0.034189552,-0.017456947,-0.004673313,0.065723896,0.132906,0.1430302,0.09094136,-0.0049766144,-0.076336384,-0.06012319,0.011159877,0.07395432,0.08105901,0.017973574,-0.07887179,-0.13062432,-0.104593694,-0.014217125,0.079625726,0.11280016,0.07758131,0.00017564693,-0.035236005
0.19596852,0.23148483,0.19786668,0.13175131,0.09140515,0.10931141,0.17507853,0.24916683,0.2650547,0.20588194,0.11595476,0.049935836,0.047589224,0.09976816,0.15701978,0.16077104,0.09482035,-0.004241812,-0.0638141,-0.049471103,0.027195508,0.10541563,0.13425359,0.09885272
0.15054685,0.13809232,0.10144303,0.0785686,0.095367424,0.14113541,0.18324363,0.20140418,0.17003834,0.10999909,0.07101362,0.06836082,0.094122976,0.12373995,0.12266879,0.07336808,0.0103065185,-0.038507417,-0.03658644,0.008625202,0.060310483,0.07622004,0.05279902,0.0130395405
0.0759073,0.091284126,0.04940656,-0.010542748,-0.039426185,-0.00901863,0.06152651,0.12974593,0.14993453,0.11083533,0.043040797,0.00818938,0.028054733,0.09207243,0.15210937,0.16359682,0.09608052,0.009607016,-0.043895785,-0.03608105,0.020993553,0.07680365,0.08831962,0.03424522
-0.122376606,-0.083889835,-0.03623872,-0.017482325,-0.039907947,-0.08285894,-0.10677175,-0.099720426,-0.049048215,0.011519847,0.030185016,0.008756353,-0.031955626,-0.060358576,-0.047358334,0.0075645065,0.054417994,0.06835401,0.031728137,-0.03366217,-0.08538386,-0.09106071,-0.06027209,-0.026980458
0.024016747,-0.051063966,-0.10838931,-0.11691786,-0.077587724,-0.03596714,-0.026275054,-0.062970586,-0.13131972,-0.1839186,-0.17042276,-0.11065704,-0.04697451,-0.019949084,-0.046615735,-0.102726825,-0.13232313,-0.107612565,-0.031252276,0.049744725,0.086769275,0.065389246,0.0059109223,-0.03092795
-0.041724667,0.0084518865,0.01945284,-0.025465513,-0.10169074,-0.15541871,-0.15132949,-0.10176469,-0.039389666,-0.015379852,-0.053543612,-0.12187848,-0.15758312,-0.13794585,-0.06777097,0.012975011,0.04366208,0.017926563,-0.045058504,-0.0897187,-0.07789581,-0.017488012,0.05037635,0.06987541
-0.01651516,0.07056447,0.15882392,0.19050595,0.1408159,0.064814046,0.01283082,0.024780402,0.09452965,0.16921069,0.180003,0.11520814,0.022611743,-0.042946033,-0.03218734,0.044668704,0.1201168,0.14003786,0.07650868,-0.020473061,-0.08368987,-0.06043435,0.025972268,0.11085035
-0.09007004,-0.08355923,-0.046091028,-0.0115122665,-0.010466536,-0.047120683,-0.10096166,-0.13748711,-0.13182454,-0.09012963,-0.047479562,-0.040313546,-0.06844025,-0.113578446,-0.13706404,-0.1183482,-0.058174033,-0.00024408921,0.014705826,-0.01083273,-0.056724396,-0.0846179,-0.06985798,-0.02493241
-0.039757185,-0.08540372,-0.074634455,-0.022908252,0.0291917,0.036305323,-0.008082147,-0.07697343,-0.12481118,-0.11414714,-0.050744727,0.012239174,0.026389958,-0.014479997,-0.07976612,-0.118828095,-0.0905962,-0.019637117,0.054158553,0.07856641,0.04397192,-0.013884542,-0.055424936,-0.03263744
-0.02973187,0.0190286,0.022546653,-0.027184967,-0.10203034,-0.1500295,-0.14091587,-0.08673035,-0.026703527,-0.0076688672,-0.05000495,-0.115334824,-0.14726074,-0.12257983,-0.04829758,0.03301324,0.055211123,0.02212051,-0.04186212,-0.0832019,-0.06550707,0.00011165723,0.06936866,0.082164384
0.056067217,0.07493428,0.03147605,-0.037815474,-0.07678875,-0.054845672,0.021023832,0.09695442,0.12819812,0.08971429,0.014878206,-0.026865395,-0.0026591544,0.0703173,0.13915813,0.15699445,0.094483525,0.0049147215,-0.054194424,-0.045899935,0.015075628,0.07481161,0.084611565,0.024657445
0.02658303,0.104492955,0.18326925,0.22592834,0.20498303,0.15620995,0.11230446,0.12091347,0.17170578,0.23218946,0.24212143,0.1919196,0.10688004,0.039860316,0.03227317,0.07398741,0.12123563,0.1257885,0.071955346,-0.013212555,-0.07301328,-0.06854342,-0.0030824288,0.064403035
-0.024928166,0.013176102,0.016821207,-0.022199431,-0.080306076,-0.11293839,-0.10027231,-0.057123084,-0.009559446,0.002798143,-0.03167112,-0.0826728,-0.10254991,-0.07995698,-0.02325497,0.036233373,0.04998477,0.02386004,-0.029543106,-0.059609443,-0.045561347,0.0047000605,0.054500684,0.059986755
0.014900795,0.0903689,0.1637075,0.19008204,0.15928541,0.10492178,0.06864397,0.08113826,0.13372836,0.18616216,0.187314,0.13158636,0.05441685,-0.0017166011,0.00018341697,0.04979055,0.10115028,0.10386747,0.047952257,-0.027855532,-0.074917644,-0.058903664,0.0030869804,0.066241816
-0.004334877,-0.0021485137,-0.05128726,-0.12351618,-0.17001377,-0.16320837,-0.1128338,-0.057883292,-0.035882894,-0.06185478,-0.118234694,-0.14724335,-0.121706314,-0.052363202,0.01744976,0.052925706,0.018983109,-0.034964234,-0.07144735,-0.0592456,-0.0022994678,0.057669196,0.07880125,0.036836054
-0.008692359,-0.043537997,-0.004165341,0.08997104,0.1777131,0.21042228,0.16841777,0.09109633,0.040159795,0.060374066,0.14053181,0.21372868,0.21521778,0.14497332,0.04362686,-0.029793795,-0.021163194,0.043625265,0.107875496,0.112939864,0.045760274,-0.047017694,-0.10643983,-0.08136671
0.0515697,-0.008908314,-0.044086315,-0.02019427,0.058033627,0.13103329,0.15915108,0.12868403,0.06499084,0.020109413,0.037907887,0.10804833,0.16543512,0.17411904,0.11807351,0.028281482,-0.034120332,-0.037745193,0.019953351,0.07961498,0.08975614,0.03724359,-0.04901147,-0.10020577
-0.054009818,-0.10069314,-0.093662694,-0.044288237,0.005447656,0.014310429,-0.02893624,-0.09665557,-0.14401826,-0.13659418,-0.073839694,-0.0124729,0.0049798028,-0.031270754,-0.09191691,-0.13250576,-0.105315395,-0.03442945,0.03561893,0.06355614,0.031666115,-0.029346744,-0.07054595,-0.054192457
-0.061894495,-0.11131799,-0.1101471,-0.06965519,-0.030945532,-0.028635446,-0.07068898,-0.13380356,-0.17673874,-0.16606045,-0.10521703,-0.04479987,-0.026081229,-0.05515065,-0.10411355,-0.12908816,-0.09874358,-0.026513852,0.045165244,0.07079397,0.042570964,-0.005680705,-0.038395084,-0.01870327
-0.02413985,0.045659658,0.11560355,0.14097492,0.101610206,0.033981938,-0.012376648,-0.0032423346,0.0539102,0.115093336,0.12329722,0.068367265,-0.009860582,-0.064414464,-0.055471767,0.0046654884,0.06977755,0.08477248,0.036919042,-0.0414277,-0.092525534,-0.0799086,-0.013263265,0.054748666
-0.08989394,-0.124975674,-0.11671815,-0.072175816,-0.02556335,-0.007289423,-0.025166651,-0.06687836,-0.08971215,-0.07016998,-0.018028967,0.03722706,0.05593348,0.034295935,-0.008896489,-0.03807155,-0.030944018,0.00979808,0.051301055,0.055961072,0.016384145,-0.04281192,-0.08659198,-0.088627264
0.075826414,0.13294975,0.14333174,0.097538196,0.0244026,-0.018538896,-0.010805144,0.040664896,0.0881325,0.091735035,0.041070566,-0.034288563,-0.07580415,-0.061370052,0.0008326702,0.06776027,0.08320522,0.045197964,-0.017306386,-0.050208423,-0.02062925,0.058782376,0.13683179,0.16400962
0.020094424,-0.050188955,-0.09567751,-0.092116795,-0.048962932,-0.012692022,-0.0150828315,-0.059652984,-0.1259109,-0.16672483,-0.14231318,-0.078239314,-0.022503948,-0.0093567725,-0.046153687,-0.100772135,-0.11903123,-0.082972646,-0.0044479053,0.06795902,0.09218582,0.06473354,0.010409659,-0.014026621
0.069529384,0.11808265,0.125393,0.08751136,0.020297227,-0.028189734,-0.036427747,0.002903755,0.041417643,0.047437735,0.008681409,-0.058086112,-0.101367414,-0.09365622,-0.03755443,0.023884835,0.04950766,0.022996753,-0.022312518,-0.049094066,-0.0208511,0.046665795,0.12398144,0.15675989
-0.036859494,-0.0009023602,0.09196981,0.18676852,0.21682288,0.18367366,0.10965027,0.05840625,0.07060099,0.14288092,0.21364206,0.22128871,0.15312797,0.052217837,-0.014021123,-0.012172268,0.0528265,0.11727592,0.12039654,0.05248136,-0.04544793,-0.10355041,-0.08490451,-0.004826441
-0.13019934,-0.14304595,-0.11441377,-0.08113721,-0.08273678,-0.12636265,-0.19036442,-0.23939952,-0.24037726,-0.19145744,-0.13199203,-0.10740747,-0.12595852,-0.16696182,-0.18674025,-0.1557914,-0.081332214,-0.0032424466,0.033239406,0.014860112,-0.030697519,-0.05902853,-0.044166908,0.007830118
0.033847485,-0.006563616,-0.06443605,-0.099335104,-0.08374693,-0.032408863,0.020023314,0.035785925,0.00732791,-0.0431421,-0.07017548,-0.046156533,0.012400848,0.06944655,0.08195461,0.045379434,-0.016242549,-0.0522219,-0.03664115,0.016640218,0.06654847,0.07369178,0.030965144,-0.03142475
-0.14790994,-0.1380959,-0.07267375,-0.0025079683,0.016321829,-0.023601722,-0.09102751,-0.14151406,-0.12627041,-0.05296169,0.020372735,0.04353233,0.0037616596,-0.06793951,-0.11193309,-0.091377616,-0.01801761,0.057956867,0.074913196,0.021540532,-0.06689326,-0.12510318,-0.11976321,-0.061021537
0.030261151,0.12753555,0.22495472,0.2670072,0.2371031,0.17743789,0.13230154,0.14620236,0.21113725,0.2813621,0.28418,0.21572629,0.11572177,0.04054774,0.032195713,0.08177722,0.13979727,0.14044476,0.06909178,-0.031787902,-0.0972111,-0.085636996,-0.011253974,0.06955446
-0.021661632,-0.021696335,-0.06904167,-0.13383114,-0.17576437,-0.17099443,-0.12572059,-0.07541635,-0.05430569,-0.078594044,-0.12825201,-0.15351672,-0.12744863,-0.06207541,0.004238303,0.035948984,0.005780951,-0.04277793,-0.07503703,-0.061943077,-0.011461467,0.0367981,0.052080613,0.0073471097
0.12042474,0.08088956,0.051243063,0.053371068,0.08238045,0.11231227,0.11231184,0.08524002,0.029664323,-0.013508564,-0.010829765,0.019259755,0.046628557,0.05091322,0.019713495,-0.031066773,-0.055389717,-0.044160865,0.009987725,0.06560171,0.097382136,0.09420351,0.06692504,0.060844902
0.047682267,-0.03504582,-0.0957168,-0.09476917,-0.03320357,0.02915847,0.04761014,0.006854671,-0.07373698,-0.13526635,-0.1189047,-0.04367042,0.028825805,0.05263246,0.009368605,-0.0695506,-0.11867887,-0.10003225,-0.01731873,0.07136261,0.10612899,0.072026245,-0.0058852537,-0.054528553
-0.01571229,0.05658043,0.07877173,0.037567906,-0.03536373,-0.07779315,-0.05401583,0.017411917,0.09774661,0.12583233,0.07571848,-0.0026902417,-0.045581,-0.025513604,0.048941955,0.1292306,0.13973604,0.08269654,-0.011046659,-0.07472815,-0.06856216,-0.0048076333,0.065219685,0.074150205
0.022941764,0.01970001,-0.02985972,-0.093214214,-0.12725115,-0.11350925,-0.060284045,-0.009618813,0.0030623775,-0.034091745,-0.087028675,-0.111710325,-0.083057284,-0.017145444,0.043599337,0.060205333,0.018385153,-0.041097786,-0.07018003,-0.04686727,0.013845458,0.061268836,0.06757732,0.01984244
0.10260532,0.056265615,0.036379147,0.06640116,0.13068701,0.18038039,0.18106411,0.14075571,0.07626391,0.037123203,0.05854368,0.11308703,0.14529948,0.13202372,0.070892446,-0.008534046,-0.044794306,-0.029968388,0.031497248,0.08500836,0.09341971,0.054089777,-0.002196996,-0.01856823
0.053665195,0.09098408,0.08830146,0.04525306,-0.015102739,-0.051055085,-0.044087153,-0.0010626588,0.034409374,0.036084145,-0.0038534722,-0.05874801,-0.087411,-0.06834452,-0.009896333,0.050310466,0.061405014,0.028003694,-0.014222428,-0.03618175,-0.005577531,0.06203728,0.12484814,0.14328413
0.060567234,0.107429445,0.11636678,0.08006467,0.019558795,-0.02554373,-0.03076608,0.005883079,0.041718677,0.044957485,0.004655791,-0.059256814,-0.0994157,-0.09490618,-0.04701237,0.008888247,0.031190852,0.00824214,-0.03526775,-0.061078653,-0.03911108,0.023482569,0.089539446,0.117511526
-0.008118413,-0.09364877,-0.14626704,-0.1283277,-0.047732104,0.023537565,0.04347589,-0.0019834798,-0.07774448,-0.12399175,-0.0945848,-0.0049649207,0.07237593,0.09185701,0.035364415,-0.056090392,-0.10783866,-0.08930344,-0.006011289,0.07247275,0.08684937,0.023742447,-0.075493455,-0.13454993
0.08534248,0.066622704,0.08959556,0.14383714,0.19113119,0.19561523,0.15318295,0.099172056,0.053543363,0.052867893,0.09683187,0.13303024,0.11983687,0.06446912,-0.00055298186,-0.042221487,-0.026021907,0.018260414,0.074413754,0.089549854,0.064339615,0.028038563,0.0085507,0.046218608
-0.11314208,-0.12062908,-0.08278428,-0.0437588,-0.042624637,-0.08574262,-0.14877596,-0.19976817,-0.20014761,-0.15233314,-0.09425728,-0.072637305,-0.09411523,-0.14293288,-0.17273779,-0.14735821,-0.073326595,0.008613907,0.042948805,0.0220751,-0.030370329,-0.059598327,-0.048522227,0.0072614523
-0.12512493,-0.11874713,-0.064982176,-0.016623517,-0.022012321,-0.07893867,-0.15478651,-0.20508349,-0.19382015,-0.12872966,-0.06308932,-0.051546767,-0.092463434,-0.1534118,-0.17851341,-0.13920775,-0.049800407,0.03194311,0.05591178,0.015987217,-0.047015816,-0.07796271,-0.050474767,0.02189117
-0.010273729,-0.013754211,-0.06080487,-0.12405526,-0.16171354,-0.15280332,-0.10414551,-0.056314778,-0.03927132,-0.067945324,-0.1162056,-0.13781533,-0.10842321,-0.04399115,0.017418828,0.04355545,0.010100608,-0.038033556,-0.06725265,-0.049510527,0.0025563564,0.049924634,0.059336774,0.01437992
0.04105177,-0.026866976,-0.06956592,-0.060326554,-0.0062295417,0.04514577,0.053226765,0.012029658,-0.05779745,-0.10299425,-0.0822903,-0.017304458,0.03861759,0.050329212,0.007155253,-0.058366776,-0.09375179,-0.06963322,0.0023750546,0.071848884,0.09298522,0.061806664,-0.00071563676,-0.032122076
0.11319111,0.042973254,0.00074134255,0.020110395,0.09064158,0.15397032,0.16677824,0.12199014,0.03832505,-0.023483481,-0.0055281892,0.06135136,0.11725251,0.121877335,0.06145032,-0.03293558,-0.08371015,-0.06961401,0.011310026,0.093482174,0.121481694,0.08184296,0.0049253483,-0.029029394
0.057693124,0.13082016,0.15477876,0.11575127,0.04730616,0.0055564046,0.021274148,0.0836354,0.14733864,0.16176412,0.10520444,0.02098723,-0.029203178,-0.01985653,0.039364308,0.1042394,0.1138305,0.061288316,-0.02035566,-0.073008634,-0.058641765,0.011403709,0.083142,0.10436367
0.021463785,0.011312342,0.043348886,0.110426724,0.17552406,0.20260026,0.1841351,0.14441271,0.118036404,0.12936214,0.17459999,0.21698444,0.21176052,0.16136695,0.092304505,0.03617519,0.029135969,0.051523533,0.079915375,0.075740166,0.028780468,-0.036011778,-0.078977875,-0.07038927
-0.14076689,-0.19032994,-0.18905456,-0.14315005,-0.08754619,-0.0679959,-0.09197249,-0.14608693,-0.17653471,-0.1566231,-0.09580944,-0.026164802,0.0038272762,-0.01777746,-0.07043353,-0.10798285,-0.09519225,-0.03703786,0.019382615,0.033056658,-0.012656102,-0.088288784,-0.14742848,-0.1569534
0.051164895,0.08015425,0.078686796,0.03956454,-0.017587757,-0.06350034,-0.07767244,-0.055860057,-0.035280995,-0.03798963,-0.06946517,-0.12095681,-0.15071341,-0.1432755,-0.100515105,-0.051100697,-0.0201473,-0.027425978,-0.049041733,-0.056435183,-0.025145914,0.03312322,0.09275809,0.123280756
0.10217439,0.043153714,-0.044366047,-0.10094543,-0.08935999,-0.029572343,0.028899398,0.044389423,-0.0074222046,-0.088201836,-0.1279043,-0.09946108,-0.026254494,0.047668457,0.06795641,0.02355785,-0.051869225,-0.09257911,-0.057723556,0.028340185,0.1138142,0.14248422,0.10270519,0.034042567
-0.05854639,-0.11477098,-0.15156704,-0.14794376,-0.10873641,-0.061495468,-0.03880467,-0.05999941,-0.09757967,-0.12185492,-0.10248317,-0.046582542,0.010723242,0.036757328,0.018383073,-0.02253181,-0.056960978,-0.044354875,-0.004518725,0.039411597,0.04603339,0.0112071335,-0.04762507,-0.093592085
-0.060993474,-0.029054994,0.065731294,0.15859608,0.18781114,0.14438348,0.06294048,0.0042511486,0.016809164,0.09387776,0.16890442,0.17900342,0.11250304,0.009875961,-0.060898196,-0.058467414,0.021548504,0.09608505,0.10849993,0.044132046,-0.053739924,-0.11612418,-0.10308662,-0.017257802
0.04526453,0.073436454,0.0677334,0.02281969,-0.03846043,-0.083129466,-0.08980842,-0.06142818,-0.03619663,-0.039011974,-0.07380073,-0.12541556,-0.15064442,-0.13506445,-0.08460655,-0.030082723,-0.0032512564,-0.016705142,-0.04204278,-0.04987576,-0.0148005625,0.04858856,0.10833687,0.13375933
0.10244868,0.07905271,0.030877696,0.0042498806,0.026753947,0.08974972,0.15303408,0.17976047,0.15424009,0.095552005,0.056319606,0.06793819,0.116393395,0.16612406,0.17073277,0.11761558,0.03636216,-0.020549266,-0.021868786,0.024802705,0.07371946,0.08139824,0.039229177,-0.026388451
0.031712506,0.10481097,0.1736995,0.20364605,0.17939776,0.13376857,0.10095679,0.11535267,0.16440108,0.21530466,0.21716088,0.16855031,0.09517894,0.041275747,0.04177469,0.08668783,0.12785581,0.12465456,0.07151695,-0.003043236,-0.049820684,-0.035031017,0.025010923,0.08217248
0.0921957,0.04371347,0.012827212,0.021842761,0.060784765,0.0936731,0.09301698,0.058945093,-0.0007592288,-0.044918712,-0.03204307,0.010129282,0.045259144,0.047428217,0.010324468,-0.046818446,-0.070435345,-0.052639183,0.0089924,0.07043861,0.09645144,0.07851877,0.037208315,0.023658684
0.08837678,0.039102428,-0.034113966,-0.0852317,-0.08455059,-0.047681842,-0.004318187,0.00789588,-0.034178723,-0.10396213,-0.13800688,-0.120425396,-0.06358064,-0.004025816,0.018151633,-0.009822579,-0.06315513,-0.09108264,-0.05786186,0.01605711,0.08983277,0.12028477,0.09202784,0.041512955
0.027418759,-0.0071037994,0.002034557,0.048874915,0.09153086,0.1033743,0.06459331,0.005934077,-0.042923287,-0.047617044,0.002253209,0.04717115,0.053758554,0.015817687,-0.041062333,-0.085540585,-0.06883341,-0.01274772,0.046669826,0.07558031,0.05660328,0.012210749,-0.013203498,0.010207316
0.15398979,0.12830822,0.07779159,0.049023442,0.06625406,0.120974585,0.17118397,0.18964295,0.15187119,0.085364245,0.04520307,0.052927863,0.093984716,0.13659886,0.13789274,0.08565168,0.012606824,-0.034286376,-0.021677054,0.034130152,0.09267107,0.11284304,0.08308831,0.034181263
0.14364278,0.09259074,0.060757577,0.08296676,0.14709446,0.20724268,0.2212333,0.18897869,0.11731509,0.061367486,0.0723649,0.123016044,0.16149135,0.16065744,0.107673824,0.02010509,-0.03386251,-0.036918588,0.024182705,0.08974939,0.1161025,0.08391118,0.023839513,-0.003174508
0.009986951,0.0788147,0.14183901,0.14874123,0.08541847,-0.0036556516,-0.06735165,-0.063869484,-0.013670127,0.04214547,0.045085926,-0.020710383,-0.105462894,-0.15810664,-0.13682516,-0.05530398,0.0328172,0.06318962,0.026790814,-0.04023637,-0.07073509,-0.027705729,0.06688396,0.1581468
0.18186347,0.16701652,0.1313238,0.10772241,0.12390474,0.1651576,0.2013039,0.21273558,0.17332096,0.109727845,0.07098979,0.07105613,0.09522911,0.118232355,0.110504225,0.06480981,0.0068530645,-0.031636816,-0.018389048,0.031496458,0.08440111,0.11116653,0.09109768,0.06241033
0.016717196,-0.025427468,-0.08076173,-0.11133416,-0.09338226,-0.04475522,0.004662185,0.017627502,-0.009144634,-0.055043895,-0.07638806,-0.04986238,0.0071409126,0.060763653,0.07112572,0.03409305,-0.023496063,-0.056220833,-0.038569324,0.012000124,0.056822874,0.056709938,0.010957721,-0.049600635
-0.14806192,-0.09871487,-0.044960022,-0.04212042,-0.10896738,-0.19786663,-0.25638273,-0.2557775,-0.19134864,-0.11431789,-0.092475854,-0.13616817,-0.19615212,-0.22968,-0.19500831,-0.09573894,0.0025778243,0.052310545,0.01688982,-0.055716034,-0.10314468,-0.07925118,0.000390082,0.072376676
0.038535442,-0.05283671,-0.11718708,-0.12069333,-0.06409541,-0.009012965,0.00310654,-0.04458446,-0.12983905,-0.19079255,-0.16904514,-0.09081088,-0.015613047,0.0109686805,-0.02928093,-0.102608435,-0.14056213,-0.11314982,-0.019217946,0.076625906,0.11841453,0.087859794,0.011573352,-0.029251507
0.1298234,0.07107567,0.03082313,0.038882736,0.085536554,0.12829646,0.12585369,0.08498176,0.008823239,-0.044302277,-0.030860083,0.018945137,0.057808537,0.061553195,0.018174414,-0.050901532,-0.08198164,-0.06510777,0.010158256,0.08389373,0.12160308,0.10574894,0.063309215,0.052049138
0.06372901,0.043698724,0.06845259,0.12719688,0.17599963,0.1818487,0.13836712,0.08154823,0.037248224,0.038635816,0.0853549,0.12174986,0.11111872,0.05610211,-0.0123523185,-0.060362533,-0.04304788,0.006760399,0.062899694,0.07766233,0.046513885,-0.00014256193,-0.025299648,0.0084886905
0.0896495,0.06982611,0.087535426,0.13962227,0.18883206,0.20185076,0.16778865,0.11952296,0.074907534,0.07140263,0.11112745,0.14799024,0.13875064,0.08976658,0.026832186,-0.020457366,-0.015583743,0.02013187,0.0722161,0.08761686,0.06530028,0.02816276,0.006259104,0.03590957
0.06436934,0.027458236,0.04908002,0.11638742,0.17814274,0.1904507,0.13682805,0.060472414,-0.0018606875,-0.0021925233,0.059479404,0.11412766,0.111185476,0.050353613,-0.034811515,-0.096679255,-0.07479545,-0.0064819804,0.07236953,0.10014932,0.068454735,0.010767133,-0.023680909,0.016560953
-0.13131312,-0.12515338,-0.06783101,-0.0017121617,0.018888317,-0.008574175,-0.0638137,-0.108860455,-0.09695827,-0.034530774,0.033449013,0.058248963,0.027529797,-0.034699414,-0.07542846,-0.062681854,-0.004398748,0.06256791,0.075808905,0.030416429,-0.0495778,-0.10570109,-0.10461795,-0.057684448
0.1767501,0.20262259,0.16185206,0.095482595,0.0588604,0.08399311,0.15570989,0.22909522,0.24305423,0.18281387,0.096630864,0.04103625,0.049064808,0.1071386,0.16437085,0.16626282,0.09348085,-0.002190681,-0.057017446,-0.03927723,0.035169847,0.10948975,0.13066627,0.086957954
0.12049619,0.20514636,0.23752211,0.212224,0.15510896,0.12272455,0.13672031,0.2004015,0.25921476,0.26858273,0.20943461,0.11980421,0.05635866,0.051802505,0.09921382,0.14729853,0.1444924,0.08027494,-0.007959584,-0.065210655,-0.053874224,0.011034749,0.0869381,0.111572646
0.07226077,0.04568977,0.001139274,-0.020930037,0.01030827,0.076397955,0.13949448,0.16105308,0.13437112,0.08045325,0.046173595,0.06430962,0.114528656,0.15995368,0.15660492,0.10000767,0.01948233,-0.032854,-0.032351114,0.011033661,0.05051147,0.047929157,-0.0048885066,-0.07267079
-0.06075052,-0.03537499,0.050936203,0.13885148,0.1680997,0.13047375,0.053962868,-0.0039013915,0.0039541656,0.07520214,0.14886065,0.16509207,0.10621151,0.009024925,-0.058564134,-0.0531154,0.019829573,0.09618303,0.11162689,0.052555818,-0.04254761,-0.09908899,-0.0867935,-0.0070188018
0.040979944,-0.042786535,-0.09943183,-0.0930758,-0.03165862,0.025824416,0.035941225,-0.010940907,-0.09251091,-0.1475067,-0.123832576,-0.045452796,0.025705835,0.046136186,0.0004957088,-0.075523056,-0.11536088,-0.088868916,0.0001169123,0.08766785,0.1185867,0.08178233,0.005771984,-0.036309276
0.064899825,0.11779469,0.12256356,0.073180944,-0.0023676977,-0.05587927,-0.060287938,-0.014092628,0.029563641,0.033775307,-0.013592561,-0.0865115,-0.13085821,-0.11956732,-0.0550074,0.018262744,0.044985786,0.015217643,-0.037329845,-0.06609111,-0.033778142,0.04627852,0.12971571,0.161644
0.096322805,0.16155154,0.1860478,0.16436182,0.11687065,0.09062927,0.10359091,0.15566927,0.20359586,0.21366477,0.16796027,0.09882957,0.049306992,0.0482794,0.089502126,0.13336986,0.13093467,0.07855846,0.009869757,-0.03732832,-0.027081076,0.029205007,0.091562375,0.11352468
0.012342533,-0.047821917,-0.09590365,-0.10778594,-0.087729946,-0.06631159,-0.07020822,-0.10053132,-0.1517314,-0.18271834,-0.16578011,-0.11651701,-0.07174242,-0.05008293,-0.06067553,-0.08534851,-0.094714254,-0.068626255,-0.004087716,0.055354144,0.0884687,0.08394808,0.057188783,0.042440284
0.09053198,0.1205585,0.07360624,-0.005835802,-0.05327086,-0.029320994,0.053799413,0.14341584,0.17782387,0.13064514,0.037450228,-0.023726312,-0.008444715,0.07016811,0.15001418,0.16787319,0.093971044,-0.014892834,-0.08922792,-0.08407618,-0.01188816,0.059682712,0.080251664,0.017017413
0.0006454346,-0.081694774,-0.138828,-0.14739408,-0.11354006,-0.080856636,-0.08307119,-0.12865156,-0.19802375,-0.23806882,-0.21223144,-0.14443299,-0.08119223,-0.054943632,-0.07900586,-0.121277384,-0.13455431,-0.095367126,-0.007716508,0.07108569,0.10682644,0.08955462,0.03921254,0.01701597
0.116313376,0.076188356,0.005207268,-0.031973857,0.007685896,0.10025963,0.19005735,0.22369406,0.18418579,0.103102885,0.053618155,0.079980575,0.15434048,0.22594528,0.23055954,0.15403464,0.03976178,-0.040240828,-0.037733514,0.0311949,0.09950535,0.10243465,0.033698644,-0.0643862
-0.0014028706,0.02801834,0.092640035,0.15856881,0.18709177,0.17372577,0.13202792,0.10219214,0.110352576,0.15434906,0.1959446,0.20016769,0.1553736,0.087437585,0.036920108,0.025965929,0.058874782,0.0892076,0.08529409,0.04044348,-0.02339997,-0.06596049,-0.06099117,-0.014620175
0.10630013,0.12029468,0.09407253,0.053559653,0.031514645,0.044641837,0.08294017,0.124137275,0.1299326,0.0946022,0.04436177,0.012385961,0.017741961,0.053471908,0.0877897,0.08832069,0.04902471,-0.006819227,-0.03526877,-0.021386726,0.026761545,0.07078398,0.084986106,0.060336344
0.1048054,0.08309465,0.10478746,0.16309148,0.21552803,0.23024921,0.19301663,0.13741715,0.08643844,0.077813834,0.12143931,0.15874086,0.15035743,0.09673227,0.025718993,-0.03117967,-0.024292331,0.018312879,0.07498027,0.097107805,0.07489404,0.03267172,0.0067780153,0.039553735
-0.084291354,-0.054726567,-0.02339104,-0.020305103,-0.05532314,-0.10172483,-0.13379426,-0.13185738,-0.09531324,-0.04860535,-0.03549102,-0.058659095,-0.094838224,-0.11466407,-0.094125666,-0.035791807,0.01623654,0.03961617,0.016132794,-0.029756278,-0.058455393,-0.04445419,0.002873823,0.04354538
0.014805126,0.0006525087,0.04241619,0.12680681,0.2021819,0.2333234,0.20451804,0.14969982,0.11566997,0.13254069,0.19098376,0.24078791,0.2333225,0.16986023,0.082779445,0.01460382,0.01201693,0.05255325,0.09015621,0.08385058,0.02144077,-0.059019256,-0.10792483,-0.09118551
0.019328047,-0.024525631,-0.08232994,-0.11266772,-0.09295407,-0.04570345,-0.0014292438,0.007537093,-0.024914976,-0.07516993,-0.09684901,-0.06896375,-0.012135779,0.037829783,0.045236725,0.0072702854,-0.048956245,-0.07524518,-0.052465793,0.002209902,0.045713972,0.045035575,-0.00091362157,-0.062397916
0.027589902,0.0878754,0.1464482,0.17189023,0.15244412,0.11337085,0.08683388,0.09978059,0.14209403,0.18768914,0.1894146,0.14662912,0.08195946,0.037367094,0.03796031,0.07321711,0.10747896,0.09922318,0.055753488,-0.009414437,-0.04666971,-0.036564164,0.011768498,0.06312083
-0.13261381,-0.12800352,-0.084035926,-0.035023123,-0.013611942,-0.033222813,-0.07091453,-0.103209965,-0.08871598,-0.034868352,0.015041578,0.037668925,0.019642273,-0.02375152,-0.058125615,-0.052265156,-0.008122417,0.038531497,0.047783397,0.010115126,-0.055110864,-0.10653669,-0.118346035,-0.09140592
0.05084779,0.11436914,0.11848593,0.055226915,-0.040565502,-0.106128484,-0.10474561,-0.04359289,0.017698748,0.025790777,-0.033912048,-0.12382317,-0.17117518,-0.14867362,-0.06537077,0.024239846,0.05601203,0.017914705,-0.049849983,-0.08622629,-0.048195995,0.045542866,0.14091119,0.1716348
0.059331078,0.020146744,0.04496204,0.121531785,0.19118002,0.2068,0.15065421,0.06971312,0.0040364186,0.0060744234,0.077631146,0.14228833,0.14052007,0.073675245,-0.015233339,-0.07557505,-0.054007746,0.0177534,0.099474266,0.12631376,0.08719428,0.023858836,-0.013379174,0.026045848
0.08791912,0.0005017389,-0.048725344,-0.022951102,0.061636247,0.13219708,0.13957722,0.08092122,-0.015153284,-0.07639267,-0.04467068,0.04253905,0.10937953,0.112905525,0.041134182,-0.06443708,-0.114307724,-0.08761697,0.011991381,0.10419062,0.1292232,0.07421945,-0.016331477,-0.053798452
-0.017150817,-0.002716503,0.048170764,0.09349571,0.09238369,0.042392146,-0.029338013,-0.075770676,-0.07762459,-0.036845926,0.010474881,0.011181276,-0.034761153,-0.10058211,-0.13518608,-0.11502226,-0.04097813,0.027240451,0.052538827,0.026814958,-0.019489566,-0.037420485,-0.007829839,0.064480305
0.02224465,0.07106708,0.07474581,0.020024503,-0.06490408,-0.12692074,-0.1382792,-0.09734923,-0.051703546,-0.041959487,-0.08717885,-0.16333613,-0.2056002,-0.1898585,-0.12103478,-0.041114908,-0.0009244623,-0.017053055,-0.06635227,-0.09455102,-0.06319923,0.015668096,0.10130852,0.13690665
0.08578435,0.038856372,0.008534013,0.017906364,0.060707204,0.09790717,0.0990795,0.06591101,0.005905883,-0.03698617,-0.025602126,0.018233761,0.053148743,0.054038532,0.014952333,-0.042149547,-0.06986111,-0.053826697,0.004591348,0.062484223,0.084486954,0.06576575,0.023011733,0.0063816416
-0.16789578,-0.14838138,-0.06609486,0.016971631,0.041135315,-0.0034578664,-0.080794804,-0.13795313,-0.1165908,-0.030027678,0.051378172,0.07382526,0.025906218,-0.059228655,-0.11551967,-0.0986866,-0.013073796,0.070901446,0.083013,0.018881368,-0.0847646,-0.15598741,-0.1515158,-0.0848909
-0.032367557,0.023630181,0.04308676,0.011670985,-0.04823393,-0.08895778,-0.07925737,-0.027848437,0.034783375,0.062201522,0.028121844,-0.033291925,-0.07238543,-0.06203875,-0.0017592811,0.07069968,0.08847136,0.05231796,-0.018738553,-0.072780974,-0.072907105,-0.022755092,0.037943453,0.052097496
-0.011622064,0.0736565,0.16043499,0.19660333,0.15448341,0.08367903,0.032126255,0.043348785,0.108609654,0.17997779,0.19222298,0.12856276,0.03491542,-0.031656917,-0.022758724,0.04499856,0.11473275,0.12737237,0.064771324,-0.029840132,-0.0913676,-0.07706921,0.0037834116,0.08398911
-0.017918989,-0.055260662,-0.031060735,0.03978891,0.115777455,0.146289,0.1159808,0.050419133,0.002853042,0.014373325,0.07824418,0.14601856,0.15703431,0.104936905,0.020096483,-0.04202762,-0.038087897,0.01697753,0.077465326,0.08985953,0.038663827,-0.036683507,-0.095179684,-0.08174439
-0.07279036,-0.026247798,0.017655268,0.020862611,-0.029429281,-0.09614991,-0.1421946,-0.13860019,-0.092569225,-0.04057278,-0.031633113,-0.074549444,-0.13089196,-0.16384695,-0.13914226,-0.0664256,0.002789299,0.033651896,0.0005015705,-0.057077978,-0.09151457,-0.06790476,0.00021281741,0.058358498
0.097339205,0.0993177,0.053898837,-0.012925326,-0.05738797,-0.05973037,-0.029015625,0.010731364,0.009943699,-0.03183248,-0.08837696,-0.124764666,-0.11533237,-0.06501722,-0.0095530255,0.014874462,-0.009846984,-0.055410065,-0.07118211,-0.043824054,0.026972003,0.09734086,0.1292139,0.113528
0.09127662,0.09537078,0.048069872,-0.023022125,-0.06894504,-0.06570899,-0.025958825,0.019974854,0.023329053,-0.021667277,-0.083410226,-0.12292857,-0.10866128,-0.050868332,0.008758278,0.029801356,-0.001414735,-0.054997627,-0.07991614,-0.05123368,0.023703167,0.09365461,0.12267697,0.098096564
-0.03340405,-0.036525108,-0.08487901,-0.15305898,-0.19781496,-0.19530591,-0.14892298,-0.09859109,-0.075448886,-0.09551557,-0.1435262,-0.16624367,-0.13807309,-0.06959887,-0.0005159686,0.037549112,0.01051324,-0.036387466,-0.06645408,-0.054850563,-0.0036316041,0.04851719,0.06424434,0.022459183
0.05190017,0.015880182,0.02048315,0.059281293,0.09694348,0.09760022,0.053202625,-0.0061167837,-0.05903981,-0.06740599,-0.022875931,0.019498318,0.022163251,-0.017461827,-0.07218683,-0.10839142,-0.08511877,-0.02739255,0.042694144,0.07590145,0.06439271,0.032995347,0.012211483,0.043731958
0.02779069,0.06514603,0.09864146,0.09992961,0.057752226,0.0029303676,-0.03711468,-0.037238024,-0.012835465,0.014127523,0.015512409,-0.023996076,-0.0734678,-0.103901155,-0.08916884,-0.038473144,0.014981051,0.03773062,0.021922482,-0.011169423,-0.023038296,0.010463725,0.07197757,0.13056754
0.09572571,0.1775007,0.20818926,0.17347597,0.10563121,0.06269313,0.079978146,0.14700167,0.21345119,0.22617924,0.16698843,0.07606763,0.016743314,0.01961735,0.07771185,0.14077361,0.14711064,0.0846362,-0.0031234443,-0.060108826,-0.044600233,0.028795728,0.10501058,0.13170443
0.07418796,0.03144884,-0.040887427,-0.09858499,-0.10275385,-0.067039974,-0.023098368,-0.0057511632,-0.041035023,-0.10339468,-0.14269212,-0.1301184,-0.0748736,-0.009697772,0.01807811,-0.004465565,-0.054701343,-0.08935847,-0.06468659,0.0031691506,0.080011085,0.114852585,0.09292396,0.042318266
0.08295853,0.060945522,0.075251825,0.119952016,0.16045167,0.16746992,0.13032909,0.07908227,0.03266183,0.022824228,0.05925581,0.090785824,0.085350595,0.040487368,-0.019515924,-0.065963,-0.053372517,-0.008318543,0.046132736,0.07064626,0.05484818,0.021443961,0.0013580683,0.03126896
0.10856347,0.04527107,-0.05021932,-0.11394455,-0.10326807,-0.044566784,0.011987323,0.024974762,-0.033696916,-0.12340942,-0.16882837,-0.14142476,-0.06250443,0.016794596,0.036830254,-0.013539029,-0.0875495,-0.12648553,-0.08425548,0.014214568,0.10955454,0.13929576,0.09567231,0.021936689
-0.03962071,-0.0012833897,0.08961099,0.17426874,0.1969133,0.15867193,0.08721848,0.039813254,0.055000935,0.123785496,0.18716037,0.18736492,0.119468935,0.023417337,-0.036726814,-0.030402306,0.03803273,0.09939251,0.098215796,0.033071566,-0.056980792,-0.10768435,-0.08693017,-0.007225803
0.04583829,0.0050219255,0.031268112,0.108026475,0.17742686,0.19587451,0.14745896,0.06952108,0.009084634,0.014133047,0.08604796,0.15084764,0.15291147,0.0910646,0.0030421158,-0.059376996,-0.04105439,0.027090602,0.10578418,0.12990469,0.08938791,0.022815716,-0.020968718,0.015680151
0.10398083,0.06327417,-0.0038785187,-0.047977854,-0.0344422,0.016715381,0.066724084,0.08188994,0.03996021,-0.030096587,-0.069750026,-0.052411534,0.0040375213,0.06036784,0.07035839,0.025082905,-0.041367836,-0.08032896,-0.056703966,0.01272905,0.081025295,0.10225802,0.06581943,0.0066071353
0.061361164,0.023899946,-0.034170292,-0.07940642,-0.084796034,-0.06144439,-0.03486566,-0.029271483,-0.063393615,-0.11738431,-0.14634134,-0.13593777,-0.091820955,-0.045064166,-0.028168788,-0.04750355,-0.08001806,-0.09225444,-0.064377144,-0.0038637528,0.05591382,0.08362156,0.067564406,0.032209262
0.0553145,0.028339764,0.04963781,0.10283828,0.15173858,0.15601294,0.1085775,0.044495378,-0.007650114,-0.0094894655,0.03927633,0.07966399,0.07204896,0.016922101,-0.052950997,-0.09844139,-0.07505129,-0.017252546,0.04625188,0.06845584,0.042452753,-0.0006735578,-0.026709892,0.011043828
0.016822215,-0.04095887,-0.03341445,0.027798671,0.092244774,0.10336697,0.045842055,-0.042576622,-0.115886025,-0.12155216,-0.050235048,0.022445606,0.03854856,-0.014131224,-0.09889849,-0.15893148,-0.12899074,-0.04223878,0.056505233,0.10281802,0.075169526,0.011676796,-0.035761014,-0.004563404
-0.03323292,-0.11751145,-0.16727951,-0.148248,-0.07489236,-0.0017021617,0.021732626,-0.021997193,-0.09078312,-0.13270359,-0.100304306,-0.011734464,0.07002934,0.094210945,0.042730622,-0.04307809,-0.09398841,-0.06867143,0.006323298,0.08058291,0.08898587,0.026044136,-0.06937799,-0.13069467
-0.069230266,-0.108884245,-0.09579326,-0.0372476,0.026665838,0.053410426,0.033524647,-0.019039264,-0.052316613,-0.0391714,0.019402528,0.08325901,0.10441321,0.07171343,0.006973023,-0.04638413,-0.043939803,0.002891333,0.054416496,0.066899106,0.021237168,-0.05524122,-0.115636975,-0.11911548
0.022767302,-0.02484587,-0.05981965,-0.06289947,-0.035817564,-0.00832873,-0.0050082253,-0.030900668,-0.07649558,-0.108714245,-0.09718545,-0.056795053,-0.017795276,-0.0035153304,-0.023119625,-0.059827644,-0.07731059,-0.060416043,-0.010579196,0.04102017,0.06479624,0.051122762,0.015856668,-0.0038599917
0.2031813,0.24143484,0.20292023,0.1309299,0.08889528,0.10952574,0.18270975,0.26584384,0.2855362,0.22375865,0.12706834,0.057821956,0.057236534,0.11738933,0.18267739,0.18688883,0.11393511,0.000400173,-0.06557614,-0.050724845,0.033846408,0.11560961,0.145094,0.102017164
0.10377378,0.0743251,0.01838873,-0.012401789,0.01993854,0.09368645,0.16763763,0.19704314,0.16654912,0.0998654,0.0553711,0.071726,0.12844925,0.18510127,0.1869948,0.12124124,0.027302658,-0.041734528,-0.041361336,0.01290975,0.06904197,0.0710698,0.013928725,-0.06461895
0.019308321,0.06301477,0.101925075,0.10244659,0.053340193,-0.00983548,-0.058261998,-0.059578225,-0.030890392,0.0028350218,0.0060763163,-0.03925716,-0.095541455,-0.12873328,-0.11011863,-0.051312175,0.014077043,0.040032115,0.019765971,-0.017894143,-0.029558405,0.006936148,0.07953072,0.14663304
-0.06627064,-0.12633266,-0.11836503,-0.055619344,0.005714477,0.013393988,-0.040937472,-0.1242868,-0.18068251,-0.16712189,-0.087643154,-0.0090170745,0.011921307,-0.033477284,-0.109249145,-0.15736914,-0.12293013,-0.033714432,0.05865596,0.089977436,0.04723883,-0.02815699,-0.07998122,-0.05683793
-0.10287809,-0.14920108,-0.13916521,-0.08270824,-0.02229909,-0.0032099457,-0.03609941,-0.09881242,-0.13734473,-0.121017255,-0.055817008,0.011386484,0.033138085,-0.0013081882,-0.06531113,-0.11207375,-0.09571113,-0.03183686,0.028895825,0.045080405,-0.0023253495,-0.081032135,-0.13758428,-0.13599572
0.14248876,0.07410302,0.0373472,0.06186324,0.13462102,0.19417566,0.19983009,0.15068497,0.06281873,0.0027970711,0.025971308,0.09375796,0.1410298,0.13619055,0.07209794,-0.01979594,-0.06557452,-0.051277008,0.033988044,0.11463111,0.14378265,0.10813683,0.037985675,0.017179867
0.06621817,0.10276907,0.10406499,0.065192536,0.005372274,-0.03481883,-0.037555758,-0.003245088,0.026106989,0.026671508,-0.00859268,-0.063028894,-0.09692369,-0.08778482,-0.03667054,0.022689829,0.041246224,0.020041207,-0.015850097,-0.035822157,-0.007947966,0.0601633,0.12740105,0.15658551
-0.023163179,0.03222545,0.046210703,0.0072139883,-0.054018233,-0.0888825,-0.06896642,-0.011761591,0.05015209,0.069022655,0.025376705,-0.03998012,-0.07324512,-0.054306757,0.009216751,0.07716891,0.08558336,0.041115846,-0.033842828,-0.08249527,-0.07488979,-0.020515729,0.0351134,0.040351544
0.06523296,-0.00840363,-0.04277863,0.0008195405,0.10445994,0.19657357,0.22562905,0.18008597,0.09966901,0.04719349,0.07620593,0.16434397,0.23292682,0.23436408,0.1514601,0.027363058,-0.047518924,-0.042573914,0.03208713,0.103984304,0.10526406,0.026120601,-0.08666982,-0.14672711
-0.04940494,-0.08756409,-0.075637035,-0.030166797,0.010540055,0.014953176,-0.025506614,-0.08618344,-0.124408714,-0.111505546,-0.054088913,-0.00076824246,0.011174846,-0.024470767,-0.079295784,-0.1087582,-0.080103844,-0.012261675,0.048212215,0.06630884,0.032458585,-0.017377507,-0.048847698,-0.02687348
-0.00031397544,0.01771727,0.07978823,0.13715278,0.13815409,0.08322297,0.0018230615,-0.050620325,-0.05179102,-0.00029017907,0.056648403,0.06047423,0.0045026564,-0.0747738,-0.11765241,-0.09316353,-0.011701666,0.06498504,0.09491215,0.059118733,0.0016353588,-0.015849378,0.021230612,0.11018107
-0.046339743,-0.0039702468,0.0051834434,-0.024237903,-0.0725318,-0.09651767,-0.07623435,-0.026800772,0.029238509,0.051776875,0.020536933,-0.025136633,-0.04740219,-0.028536186,0.025190528,0.083792806,0.086179495,0.051202584,-0.011917156,-0.057898216,-0.059879847,-0.019914513,0.023763431,0.022108855
-0.12094758,-0.088790976,-0.04776002,-0.042832416,-0.08823165,-0.15670925,-0.20468482,-0.20978798,-0.16589595,-0.105289675,-0.08373723,-0.11138376,-0.15647426,-0.18437679,-0.16139111,-0.08590467,-0.008137026,0.03217386,0.013629725,-0.040256128,-0.078034736,-0.06389239,-0.009346414,0.047404926
-0.002241185,0.058693253,0.11531871,0.12388277,0.06921977,-0.005433517,-0.060544647,-0.05759245,-0.011792365,0.039641622,0.044368263,-0.012638844,-0.08620024,-0.13182896,-0.113717586,-0.04457058,0.031373516,0.058704842,0.02301202,-0.038082223,-0.067771055,-0.034433197,0.0486951,0.12697946
0.18616502,0.15229201,0.09116768,0.057017773,0.084787354,0.15488324,0.21502718,0.23257619,0.17955422,0.09392399,0.045226213,0.05551812,0.10469883,0.15252538,0.14805584,0.07734211,-0.012995945,-0.06954729,-0.05214076,0.019597154,0.09148544,0.11084489,0.06821353,0.008032568
2.5892024e-05,-0.07236686,-0.11971536,-0.105428584,-0.03591356,0.03556028,0.06099437,0.025917098,-0.039630618,-0.08451798,-0.0641059,0.011565902,0.08300141,0.105157495,0.057398703,-0.026362788,-0.08169097,-0.069688335,-0.0051192148,0.063712284,0.077141985,0.024150163,-0.062172785,-0.120931365
0.11469541,0.206691,0.23886952,0.20146383,0.12895441,0.085945986,0.105170436,0.18142128,0.2540078,0.27024952,0.20462589,0.10743868,0.041421767,0.045190863,0.11049228,0.18200363,0.18442859,0.11086757,0.012635417,-0.053104687,-0.036216263,0.047491893,0.13608608,0.16412431
0.15972011,0.18518278,0.15027943,0.09005121,0.05496306,0.07479059,0.13580124,0.20021625,0.21306098,0.15968218,0.081370264,0.028499754,0.034572273,0.08635318,0.13684729,0.13762386,0.0768905,-0.006793367,-0.056117572,-0.039227325,0.028989747,0.09590206,0.11702795,0.08007032
0.014851627,0.0011252628,0.026847193,0.08690306,0.1479634,0.17949343,0.16489907,0.12564251,0.09669933,0.102698036,0.14417799,0.18666749,0.18938074,0.14747651,0.082341366,0.026123768,0.01634919,0.041182667,0.06865778,0.07117348,0.030070465,-0.030424362,-0.07308625,-0.07040252
-0.015836114,0.035556335,0.078753844,0.07280367,0.012035426,-0.06688649,-0.12020914,-0.11710545,-0.07548841,-0.03214869,-0.0318062,-0.08558416,-0.14958724,-0.18549974,-0.15909964,-0.082358554,-0.003899027,0.027512902,-0.00021442979,-0.04942097,-0.06819668,-0.025825331,0.055662464,0.12835008
0.0088465735,0.044360455,0.07631557,0.07582849,0.029672734,-0.030236106,-0.07914643,-0.08320531,-0.059859615,-0.028182935,-0.022038242,-0.06219358,-0.11510495,-0.14546452,-0.1258402,-0.069619335,-0.006888875,0.020280676,0.0061145015,-0.027346164,-0.03657433,-0.004002115,0.065554164,0.12982532
0.19737124,0.23186699,0.18880098,0.110507295,0.06665351,0.08673394,0.1619645,0.24528778,0.26433602,0.20193788,0.10227553,0.035228852,0.03877493,0.102737024,0.16846348,0.17522123,0.10226766,-0.0085972175,-0.07083089,-0.053904884,0.03276865,0.11940389,0.14729436,0.10350774
0.039737694,-0.010187744,-0.00055856584,0.056779157,0.11023823,0.11082996,0.047917727,-0.035201203,-0.103796825,-0.10590781,-0.039081395,0.022340445,0.026373606,-0.028090635,-0.10358305,-0.15118083,-0.11542826,-0.03356776,0.061566383,0.1008642,0.07759579,0.026964827,-0.0039310213,0.038878348
0.029133229,0.08515759,0.14266188,0.16865875,0.14646374,0.106538616,0.07794232,0.085543185,0.12349925,0.16272192,0.16773646,0.12609337,0.0669643,0.02353631,0.023301147,0.055892803,0.09417168,0.0954689,0.056270275,0.000729751,-0.03351737,-0.02421196,0.022854278,0.07382685
0.0017696609,-0.04941315,-0.030777179,0.043427333,0.11522254,0.12888454,0.07013282,-0.017813126,-0.084692836,-0.07952437,-0.0007550573,0.072872594,0.08130055,0.019942429,-0.06937982,-0.13146016,-0.10246561,-0.01977314,0.070713386,0.10350075,0.062287472,-0.013555446,-0.062398463,-0.029681426
0.012744313,-0.035118517,-0.020472249,0.03988856,0.09855364,0.10347114,0.048942912,-0.03086876,-0.092090584,-0.08982913,-0.022119248,0.041580763,0.04929388,-0.004341772,-0.082728975,-0.13363159,-0.10177141,-0.024330877,0.06306078,0.09675743,0.065754995,0.0063557345,-0.035597637,-0.00055553083
0.02617586,0.07007953,0.0739977,0.027434012,-0.047320474,-0.104470626,-0.11592218,-0.08014464,-0.03965337,-0.0326871,-0.0716807,-0.13859333,-0.1758373,-0.16360863,-0.10363789,-0.033967488,0.0032088044,-0.010248244,-0.052301742,-0.075027354,-0.04720926,0.021402411,0.0963891,0.1274137
0.020251336,0.086672485,0.15408753,0.18460146,0.15656865,0.10938267,0.074547276,0.08500729,0.13298407,0.1854165,0.19316514,0.14556937,0.07271474,0.020043494,0.022428825,0.068345286,0.112989776,0.117023185,0.06808022,-0.0054421164,-0.05173011,-0.03854088,0.023381397,0.08619512
-0.027095066,-0.010415932,0.054524347,0.12114378,0.13276644,0.08436391,0.0019267248,-0.05371893,-0.0551884,0.0015738447,0.06656861,0.077457264,0.022810563,-0.059181105,-0.10683744,-0.08978585,-0.010379258,0.06454485,0.092789635,0.053983398,-0.011119167,-0.044884767,-0.015762541,0.06681539
0.16459116,0.19474119,0.16720496,0.112538144,0.08204257,0.09927249,0.15655795,0.21879978,0.23229557,0.18200508,0.10336753,0.04594388,0.04513626,0.0902251,0.13341378,0.12688544,0.06923896,-0.016937757,-0.066329055,-0.05328532,0.011304708,0.07081201,0.087618254,0.05471415
0.13493183,0.11399478,0.07316135,0.04727369,0.06104655,0.09657753,0.13107137,0.14256178,0.10828943,0.049128585,0.014287323,0.015029181,0.042334836,0.07125255,0.06965475,0.024103452,-0.028007189,-0.06496993,-0.04938623,0.0010108611,0.053704686,0.06905812,0.04337751,0.009176734
0.083863296,0.036451407,-0.038827598,-0.09364999,-0.08829557,-0.0429672,0.0059252214,0.019762727,-0.024570307,-0.09947242,-0.1411937,-0.12536868,-0.06384678,-0.0002635413,0.018306432,-0.01926997,-0.079788715,-0.11283821,-0.08492305,-0.0075869565,0.06845335,0.09546701,0.060122825,-0.0006816546
