0.07350151,0.038544085,-0.023294182,-0.06370403,-0.0819474,-0.06047188,-0.041565794,-0.047022995,-0.08624412,-0.13331574,-0.17280911,-0.16546321,-0.12687777,-0.080386,-0.067496166,-0.0786167,-0.11226222,-0.12369972,-0.0963841,-0.032842603,0.026068754,0.057351418,0.044820778,0.014564108
-0.05955468,-0.109663844,-0.11000226,-0.057791654,-0.009949269,-0.009200011,-0.0599621,-0.13448866,-0.18008447,-0.1649583,-0.10491768,-0.03893426,-0.018526966,-0.05412192,-0.115507916,-0.14888436,-0.12412172,-0.047484174,0.027967826,0.054010514,0.020740796,-0.040054157,-0.07670481,-0.056523614
0.10925367,0.08495098,0.04029117,0.022804132,0.038988873,0.082131006,0.117946334,0.121500805,0.083083205,0.027230164,-0.0008907226,0.014475353,0.050494276,0.07786991,0.07670816,0.03481592,-0.02467807,-0.058955345,-0.04117605,0.0031518317,0.043785065,0.048867896,0.01450418,-0.030479735
-0.044677835,-0.099998385,-0.13472104,-0.126369,-0.08410818,-0.03775103,-0.021970369,-0.04498578,-0.08406082,-0.10358215,-0.082344905,-0.021726219,0.032947686,0.056842003,0.036951773,-0.0053395927,-0.033211634,-0.021634405,0.026973544,0.07119117,0.078325085,0.0392306,-0.020137252,-0.061815787
-0.1691116,-0.1138418,-0.038590685,-0.025619226,-0.06054314,-0.12666075,-0.16147193,-0.14436279,-0.06595374,0.014987148,0.051371947,0.011588572,-0.051003344,-0.090405814,-0.062209584,0.013631175,0.09819269,0.12432486,0.07349295,-0.016074644,-0.073689364,-0.06595183,-0.0041902987,0.055762365
0.15313295,0.122272044,0.04992946,0.010194473,0.014491439,0.069541305,0.11979737,0.13872786,0.091119625,0.014524098,-0.041746076,-0.031118507,0.017882438,0.07405386,0.08010083,0.037945732,-0.04264624,-0.09547599,-0.07863947,-0.009194631,0.05992804,0.08388285,0.045505576,-0.016426776
-0.013622807,-0.01645192,-0.059984047,-0.12259031,-0.16333018,-0.14818512,-0.09635012,-0.04629336,-0.028104514,-0.053511683,-0.09871767,-0.120915875,-0.09584462,-0.028605726,0.03144995,0.05940739,0.03646725,-0.010461407,-0.04206846,-0.022724798,0.031167604,0.07988261,0.08682622,0.04542611
-0.06365015,-0.09668031,-0.08326636,-0.029889708,0.022903379,0.03872582,0.012141677,-0.035785772,-0.06180305,-0.03843643,0.0148827555,0.06981318,0.08649991,0.055162173,-6.503626e-05,-0.033007048,-0.020708045,0.027074533,0.070351124,0.07812008,0.034264363,-0.029876787,-0.069368,-0.064737126
0.088694796,0.043017767,-0.03688473,-0.083259135,-0.09291403,-0.054416522,-0.019729208,-0.018518649,-0.06576336,-0.13014317,-0.173284,-0.15275808,-0.10073545,-0.040363576,-0.025498329,-0.047539666,-0.099996544,-0.12421362,-0.09276235,-0.018065296,0.05362209,0.08040754,0.05239619,0.00237025
0.013109789,0.026691193,0.069578715,0.111452475,0.11493304,0.07281685,0.006457464,-0.04121712,-0.050266348,-0.012537197,0.019143673,0.023548553,-0.02366185,-0.08833892,-0.12964624,-0.11986628,-0.07231597,-0.02002626,0.0013710775,-0.023711389,-0.06875533,-0.087742805,-0.059177496,0.004456609
0.10435026,0.11519282,0.0774026,0.02224601,-0.020484684,-0.012584145,0.023136305,0.057197556,0.056071103,0.01502647,-0.04672364,-0.08512174,-0.07925101,-0.035880774,0.005446572,0.019675527,-0.015113085,-0.0659742,-0.090649016,-0.06701895,-0.008719546,0.05190052,0.07053662,0.04651374
0.026316006,-0.040827386,-0.09310547,-0.08568774,-0.052929964,-0.016669907,-0.024489732,-0.0795463,-0.14742649,-0.18421485,-0.1719283,-0.10870136,-0.05467017,-0.040963262,-0.077325895,-0.12570791,-0.15309548,-0.12043435,-0.0419347,0.02903432,0.053198054,0.02674921,-0.023091743,-0.049344275
-0.058798358,-0.025238832,-0.01168557,-0.041896686,-0.07855778,-0.099594235,-0.08094757,-0.032969378,0.017107056,0.031931743,0.016764393,-0.021347927,-0.04159004,-0.022810575,0.027107941,0.07165427,0.08847322,0.061240133,0.011876767,-0.024841214,-0.018822003,0.013568208,0.04660506,0.048809156
0.01568968,0.029609041,0.06903125,0.11262401,0.12404585,0.08837172,0.03135218,-0.0049788705,-0.01154034,0.01900421,0.049422655,0.0515834,0.013315099,-0.045807563,-0.088359095,-0.08639406,-0.04957271,-0.0048032845,0.012804176,-0.010311657,-0.053117104,-0.07469772,-0.05779928,-0.0031072835
-0.0035841744,0.056496676,0.120777085,0.1342265,0.092313185,0.01930356,-0.0351255,-0.037327554,0.005350367,0.05667515,0.060153127,0.004848931,-0.072275944,-0.12678747,-0.12209148,-0.06981226,-0.0037979088,0.02221264,-0.013759565,-0.07564377,-0.113317095,-0.08954356,-0.012791328,0.064599924
0.038580332,-0.021089066,-0.07451922,-0.075840436,-0.058264866,-0.03177416,-0.038767908,-0.087258615,-0.1488124,-0.18180405,-0.18107188,-0.13384397,-0.08760704,-0.06883308,-0.09652727,-0.13122402,-0.15157916,-0.12210257,-0.058465224,0.011196336,0.040942077,0.027262464,-0.008519138,-0.028586807
-0.061626256,-0.033934277,-0.028985577,-0.0730183,-0.13235779,-0.1692387,-0.16176878,-0.12602365,-0.08206411,-0.06306245,-0.086297974,-0.13312723,-0.15439905,-0.1306696,-0.07115223,-0.008443777,0.024827808,0.012069445,-0.031732522,-0.056575086,-0.039661847,0.011861814,0.061422367,0.076019205
-0.0078060883,0.057262637,0.12222891,0.13505092,0.08989619,0.013618306,-0.040927064,-0.037168473,0.010654723,0.064118505,0.06944845,0.0127906315,-0.068219446,-0.12525362,-0.118588954,-0.05519369,0.012904173,0.03539077,-0.0045997207,-0.074005105,-0.113351524,-0.08597284,-0.008056698,0.06978352
0.038439997,0.011464838,0.029455094,0.09305563,0.14253144,0.13953942,0.082861036,0.008632602,-0.0416411,-0.027489476,0.01981511,0.06642703,0.060160078,-0.00049149053,-0.07772481,-0.11946211,-0.10512793,-0.043679368,0.016751777,0.030868342,-0.012061604,-0.06699086,-0.09160663,-0.055593096
-0.13686189,-0.12819684,-0.07304988,-0.03083816,-0.011749055,-0.040407512,-0.0797095,-0.1071275,-0.08178309,-0.02661647,0.031848986,0.045722947,0.020379085,-0.024139684,-0.04054364,-0.031087212,0.02354217,0.071887694,0.07862494,0.032076586,-0.027126998,-0.06684208,-0.0578069,-0.017658256
0.14190744,0.15715574,0.09905284,0.01283958,-0.051750686,-0.041180335,0.018091867,0.074299015,0.07819209,0.0150320195,-0.07888435,-0.13926241,-0.12729727,-0.054730844,0.015818426,0.033697676,-0.016037818,-0.09174204,-0.1350058,-0.09921846,-0.008322422,0.07944291,0.109625384,0.07061519
0.02605863,-0.005468212,0.00696077,0.06838297,0.12193139,0.12762898,0.07721101,0.0030593427,-0.04701583,-0.03950262,0.007346631,0.05870656,0.062150203,0.01028387,-0.064877,-0.112430945,-0.10466844,-0.04639614,0.019090073,0.037535805,0.00034143365,-0.057825368,-0.090163596,-0.06563122
0.008659891,-0.053821865,-0.1462615,-0.20294188,-0.1935349,-0.12002773,-0.04259117,-0.0178188,-0.055350374,-0.12807648,-0.16369466,-0.124872535,-0.0353748,0.057405625,0.09392246,0.05804927,-0.01716537,-0.06449137,-0.03936551,0.03897685,0.11619366,0.12821048,0.06549893,-0.030368682
-0.014779769,-0.006430073,0.037339497,0.09046601,0.101021,0.050950333,-0.027323175,-0.081394315,-0.08834451,-0.04448547,-4.2262942e-05,0.008727809,-0.03557155,-0.10328217,-0.15575796,-0.14764392,-0.08926568,-0.018349392,0.010958141,-0.012641171,-0.06397016,-0.09321809,-0.06980645,0.0030898785
-0.10554173,-0.042288322,0.037344426,0.055383008,0.029529603,-0.026078174,-0.054963112,-0.030625902,0.0401299,0.11147507,0.13498506,0.089809306,0.02261639,-0.021771083,-0.003934921,0.05298133,0.11803808,0.12794703,0.07073576,-0.016352741,-0.07499605,-0.0700477,-0.012068042,0.043869585
0.019666417,-0.02631996,-0.017597714,0.055910975,0.11621357,0.116460145,0.04859464,-0.04947988,-0.11279686,-0.100672506,-0.04058431,0.026024947,0.03124219,-0.030034835,-0.12192799,-0.17533968,-0.15562184,-0.071342304,0.012880522,0.041929547,-0.000690171,-0.07197838,-0.10605755,-0.07002233
0.19376893,0.17744805,0.119997844,0.09050837,0.099416815,0.15594509,0.2090048,0.22802122,0.1834142,0.10896233,0.048738718,0.045699064,0.08397821,0.12475603,0.12286216,0.07306939,-0.013509279,-0.07557083,-0.07274954,-0.013797119,0.04568033,0.06884192,0.035141744,-0.022702767
0.027772408,-0.01738371,-0.043198526,-0.011008151,0.056854498,0.11909449,0.14476332,0.12727399,0.08223681,0.05711282,0.079534985,0.1394438,0.18880379,0.19340543,0.14696479,0.08266426,0.031756256,0.025918141,0.060984004,0.09801971,0.09039965,0.03418928,-0.04159942,-0.08913191
-0.027066901,-0.055048518,-0.038615704,0.02325763,0.08448637,0.10440661,0.07716028,0.027921703,-0.0019525375,0.016175855,0.0702094,0.12689601,0.1370242,0.095522225,0.029422278,-0.011570808,-0.008141616,0.033396404,0.076410204,0.07999194,0.032636534,-0.036290847,-0.07913387,-0.07375958
0.07642276,0.16353697,0.19583933,0.14944908,0.07844213,0.043766573,0.07529545,0.15292223,0.22424397,0.23091818,0.16757335,0.06619117,0.005438471,0.012314989,0.0784654,0.14061421,0.14359652,0.07015137,-0.033475317,-0.095167875,-0.0782561,-0.0012089972,0.076192215,0.08956103
-0.090665,-0.039562065,-0.018061282,-0.06696996,-0.1194466,-0.14061697,-0.09762177,-0.01421291,0.062381312,0.0855878,0.05727537,-0.005065068,-0.026835421,0.008220913,0.08833467,0.15245794,0.1677263,0.113678746,0.029301522,-0.024426354,-0.016710846,0.034312963,0.07555847,0.067418694
0.01674866,-0.04386453,-0.081077255,-0.049566843,0.02173762,0.08796978,0.10345774,0.07304363,0.01349617,-0.018641647,0.008663222,0.08734507,0.14759676,0.15521708,0.10147123,0.03198081,-0.020565525,-0.01402211,0.048247956,0.10044937,0.09856004,0.038908634,-0.045726333,-0.09602232
-0.13518831,-0.093472466,-0.03997596,-0.044123184,-0.09637001,-0.17403965,-0.22168894,-0.22054376,-0.16286922,-0.10091471,-0.077613235,-0.1190422,-0.17443664,-0.20668839,-0.17216386,-0.09573107,-0.009683957,0.030572893,0.0040936065,-0.058970977,-0.09117191,-0.062481742,0.008350696,0.076129705
-0.05517438,-0.12653488,-0.16895968,-0.1549558,-0.10570788,-0.05827312,-0.04943631,-0.08904064,-0.14054051,-0.15918274,-0.12876856,-0.055225704,0.008362641,0.032366533,0.0028922139,-0.046187416,-0.06960994,-0.041541543,0.022238124,0.07955149,0.08629795,0.038211063,-0.02950322,-0.06861769
-0.08447793,-0.0924928,-0.06729157,-0.040698472,-0.03747473,-0.0646194,-0.10935994,-0.14719108,-0.14831206,-0.10718083,-0.06987453,-0.052720997,-0.06709639,-0.09741624,-0.11857696,-0.10230162,-0.053880572,-0.0008687136,0.022245392,0.010206287,-0.02532986,-0.047369115,-0.037295833,-0.0002687999
-0.11291328,-0.15410799,-0.14787099,-0.10117997,-0.04623305,-0.029947512,-0.05137032,-0.09517169,-0.115274936,-0.09685647,-0.030698504,0.036506,0.06224075,0.038897898,-0.0027610296,-0.032086026,-0.018045552,0.031553246,0.08340499,0.08736592,0.048752114,-0.016703075,-0.06383518,-0.066286825
0.017381115,-0.04005921,-0.124653496,-0.16972995,-0.15748094,-0.09240992,-0.029337525,-0.0065057823,-0.04476395,-0.109960325,-0.13979651,-0.10066287,-0.02010908,0.058454577,0.08035684,0.0475172,-0.021386009,-0.05976832,-0.03170635,0.041879017,0.107861154,0.11618911,0.055373542,-0.02728297
-0.007314578,-0.04788502,-0.10431922,-0.13462718,-0.1233922,-0.07382391,-0.026919287,-0.005084153,-0.029279206,-0.06763079,-0.0858478,-0.05352581,0.0038700597,0.06126941,0.07674335,0.05801411,0.011008387,-0.018705174,-0.0026079528,0.045368735,0.08512591,0.0853323,0.038414024,-0.023933537
-0.102924295,-0.06747417,-0.023256654,-0.0238011,-0.063916266,-0.12711565,-0.16702265,-0.16397004,-0.115998566,-0.06367495,-0.045807738,-0.08063854,-0.12911758,-0.15381578,-0.1304689,-0.06995609,-0.00026409628,0.031576384,0.0065108147,-0.04506213,-0.07261673,-0.05237358,0.0043986794,0.06199391
-0.062437948,0.019313654,0.10795664,0.13161895,0.09818876,0.024480777,-0.019338464,0.006838857,0.08348083,0.15364075,0.17317995,0.11204887,0.023589922,-0.03777515,-0.02657865,0.03854287,0.10943813,0.12033985,0.05724563,-0.042575683,-0.10325086,-0.089166544,-0.015354613,0.059752475
0.09951442,0.028081737,-0.025171,0.0035718745,0.07011917,0.13395222,0.14156516,0.08235103,-0.0033021143,-0.055370446,-0.04325893,0.029849812,0.091495454,0.09712112,0.034164485,-0.053850457,-0.11243289,-0.09531973,-0.018773856,0.0603848,0.078326836,0.026517166,-0.04991037,-0.092389695
0.114776,0.14062397,0.10209055,0.028829388,-0.023454348,-0.008009645,0.053327765,0.11627203,0.13357103,0.0831474,0.001926144,-0.05655031,-0.0517683,0.01051737,0.07550026,0.09142653,0.04150333,-0.040621206,-0.092085496,-0.07697375,-0.0052612806,0.070791654,0.095199436,0.056213193
0.100931756,0.072208144,0.010016751,-0.029347075,-0.04212396,-0.018898757,0.007823762,0.011353863,-0.025112797,-0.081664614,-0.12364505,-0.118820824,-0.08559602,-0.040208012,-0.024564942,-0.04272766,-0.08434222,-0.10700378,-0.08926748,-0.03234925,0.029342283,0.05633704,0.04316036,0.009214688
0.0028005189,0.019605324,0.060052358,0.09786216,0.09926405,0.058717277,0.0018485762,-0.035435293,-0.0358264,-0.00080817036,0.027591854,0.024671638,-0.017093139,-0.07444244,-0.108574584,-0.09614979,-0.05168088,-0.0059631993,0.0065449,-0.020384552,-0.06121684,-0.07625608,-0.04930351,0.0072697094
-0.03982412,-0.09068182,-0.09196841,-0.03345139,0.0232251,0.028015323,-0.024491485,-0.09757387,-0.14888929,-0.1385745,-0.07675321,-0.0047558383,0.015562107,-0.02454577,-0.09584328,-0.13734736,-0.12025657,-0.045556497,0.03465337,0.062356118,0.026754552,-0.039890427,-0.08413462,-0.0646233
0.047821596,0.029086348,0.04384253,0.100947246,0.14496268,0.14340296,0.09340327,0.031840693,-0.008480403,-0.003783935,0.031532798,0.06766886,0.062439725,0.0109717995,-0.060362652,-0.10410937,-0.0970084,-0.04510683,0.007708102,0.021737302,-0.011026003,-0.059219293,-0.07861929,-0.04913826
-0.0011017815,0.057026602,0.11509184,0.13249682,0.1152414,0.074809566,0.05593707,0.07912512,0.12687056,0.16756454,0.1698694,0.1226513,0.063729875,0.025197968,0.028873788,0.06134683,0.09626925,0.091039464,0.037573922,-0.02538631,-0.06373386,-0.057054177,-0.010859431,0.03229668
0.023938002,-0.021912832,-0.01723417,0.056208514,0.12334748,0.13183047,0.07647164,-0.008744474,-0.07002771,-0.06209772,-0.004179149,0.061909,0.073437616,0.019361202,-0.07149455,-0.12855712,-0.11885922,-0.046066664,0.029392282,0.05861659,0.01722383,-0.057668753,-0.102711305,-0.07740877
0.063117795,0.13224871,0.16050942,0.12267246,0.068145216,0.041117877,0.07157398,0.1345948,0.19069576,0.19455189,0.1425673,0.056130577,0.011264039,0.017565718,0.074849956,0.117575265,0.11780496,0.057567183,-0.029017448,-0.07688161,-0.06336209,-0.0017325607,0.05835859,0.06791397
-0.1384341,-0.19077955,-0.17684326,-0.11522916,-0.046525214,-0.028506668,-0.061134323,-0.12093321,-0.152201,-0.12015679,-0.036730554,0.04761363,0.07615753,0.04135584,-0.014845031,-0.049396172,-0.026575306,0.03963635,0.105101846,0.11066971,0.05438172,-0.029493973,-0.08744678,-0.084496886
-0.10163966,-0.09776448,-0.05963349,-0.027643913,-0.019165628,-0.043063786,-0.078030586,-0.102416076,-0.08662473,-0.037751026,0.0043962705,0.015143337,-0.0045527564,-0.038220193,-0.056833602,-0.039835315,0.0066771074,0.048626613,0.0541487,0.024547484,-0.021535521,-0.047588315,-0.038174883,-0.0037428758
0.009248756,-0.03263149,-0.011364368,0.07697909,0.150005,0.14929387,0.07528234,-0.019409113,-0.08045402,-0.05818783,0.013671579,0.08700581,0.0858264,0.012402234,-0.09101685,-0.14686972,-0.12353573,-0.03616135,0.046423018,0.06429888,0.0039921,-0.08288915,-0.1234496,-0.0824474
-0.053172015,0.014154596,0.04148554,-0.007728079,-0.07508516,-0.112856135,-0.084569074,-0.0026703586,0.080706514,0.10395071,0.06538925,-0.014084219,-0.0556618,-0.03049409,0.04587677,0.119328305,0.1423995,0.09127582,0.00146441,-0.05887694,-0.04793126,0.016542304,0.080553174,0.09047525
0.023442732,0.029516852,-0.0216288,-0.09924773,-0.15143918,-0.13604908,-0.07231555,-0.010622185,0.012087626,-0.028999297,-0.09335245,-0.13125066,-0.10886124,-0.0304711,0.04489133,0.07358125,0.040478263,-0.024092058,-0.067746535,-0.047543563,0.02446458,0.08820078,0.10449586,0.0558954
0.032091092,-0.03839602,-0.08331997,-0.04843705,0.03472539,0.1150505,0.13915466,0.10169409,0.032905933,-0.010784963,0.014161949,0.09744498,0.17226642,0.18610644,0.12547666,0.03390106,-0.032555573,-0.026948098,0.042045478,0.10869713,0.11297373,0.045584816,-0.05162752,-0.11335474
-0.031046873,-0.068110764,-0.11556876,-0.14846353,-0.14880218,-0.11526292,-0.07811064,-0.061609812,-0.0808277,-0.10714646,-0.12056619,-0.09382398,-0.045668837,0.003650976,0.028417623,0.023776477,-0.004132156,-0.022309208,-0.008644708,0.030942833,0.06476268,0.070430726,0.038986377,-0.009462774
0.021628972,0.042572018,0.010807259,-0.05235465,-0.081930816,-0.043705255,0.04284074,0.1264628,0.16404654,0.12805888,0.06912776,0.029199103,0.052366164,0.124260314,0.19230603,0.2062042,0.15103742,0.058356863,-0.006729781,-0.0071281097,0.045417443,0.09565142,0.093502834,0.028009476
0.11917825,0.1307443,0.076447085,0.0019540659,-0.056878407,-0.049901035,-0.0023002576,0.046525545,0.048948478,-0.0036259252,-0.08415686,-0.1348206,-0.123042144,-0.060195412,-0.0027442107,0.020567102,-0.019955736,-0.08204953,-0.11684575,-0.0834197,-0.0045883046,0.07419242,0.09933601,0.06684832
0.13047181,0.05216593,-0.013362859,0.013903339,0.08207866,0.14705408,0.14672488,0.08484196,-0.013968477,-0.0778496,-0.07170157,0.007584445,0.072513096,0.08246997,0.009456208,-0.085676774,-0.15244015,-0.13249193,-0.040568516,0.053627003,0.08145047,0.032099366,-0.050135348,-0.09099711
0.0222991,-0.014080947,-0.008875855,0.05141366,0.10849439,0.11896756,0.07662363,0.007157222,-0.041701067,-0.037349354,0.008000186,0.060242813,0.07077985,0.028578736,-0.045651667,-0.09817109,-0.09404164,-0.037525028,0.023139304,0.0473336,0.014596248,-0.04770913,-0.08551303,-0.06742867
0.106041014,0.11731201,0.07574834,0.018480117,-0.028233076,-0.029376304,0.0008814723,0.036103524,0.03633942,-0.008466702,-0.07010337,-0.109803356,-0.10713644,-0.06343277,-0.019295169,-0.0018889256,-0.031281833,-0.07663317,-0.09963356,-0.07598246,-0.01297315,0.04936718,0.073296845,0.05497855
0.12728716,0.086521134,0.0056445706,-0.048902202,-0.059996128,-0.013950461,0.033696696,0.039490823,-0.0113845235,-0.08964196,-0.14674117,-0.13589476,-0.0821552,-0.01838858,0.006208023,-0.026758874,-0.094047345,-0.13490105,-0.10968193,-0.032626025,0.04866332,0.08281838,0.05631147,-0.0033693684
0.08482641,0.17692626,0.21524988,0.17183657,0.1004371,0.06130646,0.09176789,0.16800961,0.24215887,0.25399694,0.19088489,0.08458227,0.01464424,0.01745885,0.08397508,0.14773831,0.15617454,0.08238564,-0.030284321,-0.09868963,-0.086031854,-0.012124016,0.0712938,0.090427354
-0.14971277,-0.10159891,-0.038501654,-0.034268524,-0.08370599,-0.16682419,-0.22183566,-0.215559,-0.15121697,-0.07935013,-0.05148493,-0.09339763,-0.15528159,-0.19353153,-0.16525571,-0.084562115,0.009217439,0.05393955,0.023345849,-0.048334945,-0.09182609,-0.07112048,0.0013133638,0.07483376
0.15397984,0.17314358,0.11015913,0.020371772,-0.05187861,-0.049660638,0.005705067,0.06970207,0.07572935,0.00989144,-0.09006879,-0.15695918,-0.14791429,-0.073778525,-0.0024336632,0.02374004,-0.0234915,-0.09836919,-0.14479356,-0.10743353,-0.011524403,0.08358607,0.11928583,0.08474616
0.009099573,-0.034091663,-0.018252857,0.06352872,0.12946962,0.13128188,0.060529422,-0.033272345,-0.09435026,-0.07426686,-0.010184953,0.059720956,0.063936755,-0.0026843755,-0.102644086,-0.1553523,-0.13396196,-0.048258867,0.034102708,0.05872636,0.004978013,-0.074673556,-0.112434275,-0.07647386
0.036498714,-0.01453918,-0.090245284,-0.12902217,-0.112622336,-0.04329582,0.019522702,0.038354862,-0.00062085007,-0.06594206,-0.098297685,-0.06077094,0.014469424,0.08456529,0.101229936,0.060415585,-0.012078615,-0.054193314,-0.028455228,0.040494725,0.10093231,0.103485554,0.04594879,-0.038090296
0.11497995,0.096926264,0.049059022,0.01897748,0.016140342,0.05176326,0.08614144,0.09271455,0.06313513,0.010256132,-0.033618223,-0.035672765,-0.006097726,0.033984393,0.04044263,0.009253281,-0.04461098,-0.08056096,-0.07256576,-0.024155702,0.028000949,0.050987616,0.033609647,-0.0042498065
0.13406679,0.07281455,0.015679378,0.032446433,0.08580149,0.14009859,0.14379205,0.095063165,0.00974225,-0.055094916,-0.055988725,0.0066303033,0.05980609,0.06554074,0.011986595,-0.068113424,-0.13107882,-0.12303924,-0.045661956,0.031543076,0.061882347,0.028238267,-0.037664164,-0.07585444
0.067806005,0.02350492,-0.04635641,-0.076280646,-0.04292766,0.041557584,0.12135873,0.14874476,0.11433943,0.045549452,0.011238829,0.042942584,0.11604224,0.1880792,0.19744188,0.13757566,0.04712088,-0.014603855,-0.006286411,0.056385037,0.11280555,0.105564766,0.03599309,-0.05598232
-0.053876244,-0.11316921,-0.10921499,-0.039377213,0.028877484,0.03723742,-0.01921686,-0.105556935,-0.16386463,-0.14483154,-0.07050598,0.012102684,0.034965187,-0.012588487,-0.09406789,-0.14345677,-0.12208029,-0.03702113,0.04956911,0.07862904,0.031382892,-0.04912619,-0.1012835,-0.078806356
0.09775149,0.09698867,0.045343064,-0.020111818,-0.068839476,-0.056783553,-0.016122274,0.011244563,0.003073486,-0.046359297,-0.11254907,-0.14695212,-0.1279373,-0.07408068,-0.025049252,-0.011577927,-0.048614383,-0.096070215,-0.111971766,-0.073941626,-0.002701225,0.06422946,0.08200125,0.04951453
0.14625046,0.11878095,0.055352885,0.022653561,0.033965494,0.09145866,0.1406874,0.1545263,0.11050194,0.03350798,-0.01780397,-0.0064923,0.041536096,0.09134227,0.09461228,0.04243165,-0.039024193,-0.0902301,-0.070972025,-0.0075410046,0.0563699,0.072699465,0.034061857,-0.02851618
0.015361651,0.022065915,-0.016276645,-0.07871013,-0.122190274,-0.10539213,-0.05105564,0.0029504087,0.021818994,-0.005461639,-0.059626114,-0.09113395,-0.07114925,-0.008891521,0.050032485,0.077733986,0.048930444,-0.0073825577,-0.046320558,-0.030389996,0.02265561,0.07647426,0.08806928,0.045423985
-0.12035057,-0.16494673,-0.1568424,-0.10708262,-0.048889503,-0.032192275,-0.057757255,-0.100510366,-0.1250063,-0.099945284,-0.032959882,0.03743569,0.06501645,0.042928223,-0.0043551354,-0.034022823,-0.017801745,0.035608243,0.08987106,0.097841844,0.053450294,-0.016770827,-0.06909706,-0.06960836
0.059966404,0.08037695,0.03477309,-0.04097049,-0.07860294,-0.03758568,0.05487898,0.15102126,0.18038096,0.13001597,0.05307318,0.0067140455,0.036695268,0.118858,0.1911738,0.20592666,0.13727844,0.033307824,-0.03140851,-0.017986953,0.049520373,0.11462381,0.11068171,0.037919126
-0.09896046,-0.09389092,-0.047629077,-0.0074428837,-0.0043317005,-0.04901767,-0.11120828,-0.15709619,-0.14657643,-0.091943026,-0.041453775,-0.03084224,-0.06373834,-0.1159287,-0.14282921,-0.12167924,-0.055129193,0.0117771495,0.032626737,0.000521078,-0.051280778,-0.07811386,-0.053872984,0.0044470425
0.017423814,0.022679672,-0.030176802,-0.11164491,-0.16626938,-0.14785773,-0.07777301,-0.008763248,0.014530222,-0.023552699,-0.09067219,-0.12933864,-0.10318841,-0.02083655,0.058461823,0.09229783,0.057597592,-0.011900098,-0.061369233,-0.039925676,0.031290073,0.09787105,0.11218376,0.058697637
-0.024417983,-0.042599466,-0.0036608204,0.07826289,0.15872465,0.18090057,0.14804783,0.09794645,0.07253461,0.097336896,0.16229594,0.21860076,0.220272,0.16172174,0.08047284,0.020599136,0.020841872,0.062703,0.104615845,0.0941364,0.02710803,-0.05857286,-0.107844576,-0.09503731
0.16533785,0.19810532,0.16684508,0.106663,0.06729425,0.090229265,0.15667996,0.21968095,0.231012,0.17746219,0.093959264,0.0319316,0.031734467,0.08097582,0.13269196,0.13501883,0.07357213,-0.018166522,-0.078979544,-0.06763767,-0.004501067,0.061807606,0.08052051,0.0392613
-0.1688883,-0.16294116,-0.10332588,-0.052861627,-0.033545237,-0.06865657,-0.12193314,-0.15212063,-0.12667702,-0.05543532,0.014594304,0.038714327,0.010532953,-0.04202521,-0.0688433,-0.045612674,0.022736657,0.08500485,0.09830611,0.04839663,-0.024576947,-0.070595115,-0.0626029,-0.014036425
0.007706631,0.054388832,0.0679347,0.027291141,-0.034463298,-0.076940805,-0.074572526,-0.034955107,0.009162329,0.016511021,-0.019183954,-0.07999052,-0.11905192,-0.110334195,-0.055624034,0.00047914355,0.025153857,0.0013006643,-0.048699096,-0.082563825,-0.06379877,-0.0063197617,0.056199513,0.07805377
-0.015234525,-0.0370028,-0.01273663,0.05402544,0.12618819,0.15144643,0.12918179,0.088896684,0.061611593,0.07600929,0.13087595,0.18427761,0.19297583,0.14933123,0.080377534,0.026751518,0.018926622,0.049828578,0.08943849,0.08681972,0.035239164,-0.037236385,-0.0888997,-0.085103594
-0.015039756,0.012538608,0.08952069,0.16539203,0.18046758,0.1205123,0.02489994,-0.034127664,-0.032252505,0.0373742,0.09127414,0.09169217,0.025552731,-0.072919786,-0.14387125,-0.13174282,-0.05920052,0.019691363,0.039302155,-0.006777748,-0.08981827,-0.12866288,-0.09375353,-0.0006238865
-0.12209748,-0.16971982,-0.15057552,-0.08251317,-0.009995855,0.0115757,-0.019450264,-0.076991946,-0.10621765,-0.07129253,0.005353241,0.08157306,0.10938763,0.07478523,0.009657759,-0.033979673,-0.014628659,0.049838874,0.10663878,0.11476627,0.05458216,-0.033953276,-0.09130702,-0.08818236
0.07450867,0.1428626,0.17187455,0.13842054,0.0850461,0.059158202,0.08646178,0.14170127,0.19501771,0.20432237,0.15324156,0.06866934,0.018015793,0.0219677,0.071521565,0.115431964,0.11807911,0.059496265,-0.028728368,-0.076441556,-0.06602715,-0.007695595,0.053729404,0.06735571
-0.051812716,-0.09959446,-0.13144706,-0.12686679,-0.09186583,-0.052956216,-0.037718967,-0.051993426,-0.08273938,-0.101826675,-0.08065604,-0.0270826,0.024034958,0.04454559,0.0315294,-0.00086803106,-0.025893532,-0.016566887,0.027609276,0.06398134,0.071236715,0.041659065,-0.011604507,-0.049773432
-0.021293182,-0.09484997,-0.14319214,-0.123427935,-0.061201103,0.0042238333,0.021926455,-0.013110251,-0.07444951,-0.10566556,-0.079186685,0.0023232722,0.076360345,0.098623976,0.056288492,-0.006934847,-0.052632406,-0.036920037,0.032492567,0.09742207,0.1050121,0.05190791,-0.032516904,-0.08727335
-0.044590216,-0.09125428,-0.09322425,-0.042856026,0.0002535336,-0.0011749521,-0.05068011,-0.12047328,-0.16596642,-0.15021296,-0.09617526,-0.036082868,-0.017950475,-0.05331747,-0.11446283,-0.14182761,-0.117015705,-0.04377408,0.024736723,0.05130554,0.019162288,-0.03718018,-0.070632994,-0.04998768
0.09058541,0.020424249,-0.035760086,-0.01252525,0.0531193,0.116006084,0.12362789,0.07538466,-0.008143941,-0.06488733,-0.052918963,0.024276134,0.08590508,0.09631223,0.039320108,-0.04430682,-0.1056427,-0.09392635,-0.013772679,0.062359385,0.08378075,0.034225516,-0.045420207,-0.0909958
-0.051872022,0.00019174532,0.021125883,-0.016814286,-0.06906467,-0.091271654,-0.05786215,0.00937175,0.07777716,0.10310437,0.073357835,0.012807682,-0.0169348,0.0050855074,0.06743483,0.13200776,0.15071124,0.1044619,0.021420775,-0.029076992,-0.025250733,0.020328404,0.068403214,0.06626694
0.20781703,0.18174896,0.11088638,0.07879139,0.09606336,0.16619751,0.2273816,0.24692343,0.19453983,0.10641533,0.041340772,0.048180297,0.09703928,0.15098216,0.14600053,0.08090681,-0.019885411,-0.087589495,-0.07777784,-0.0055754012,0.06487343,0.08148005,0.03636817,-0.034524456
0.017339638,0.03813726,0.08491266,0.1294235,0.13757014,0.09755717,0.037483,-0.0025924644,-0.0035923275,0.029495781,0.060618397,0.057725802,0.010702287,-0.05402462,-0.09443455,-0.09064016,-0.0495522,-0.004832867,0.009619533,-0.021844422,-0.06664385,-0.08617702,-0.060471036,-0.00017221933
-0.15448575,-0.08505899,0.0063502267,0.02699059,-0.0044381083,-0.07176938,-0.1058547,-0.083227344,0.0036845207,0.0896962,0.12415152,0.07256026,-0.00028231717,-0.049517784,-0.024875293,0.045280654,0.12812236,0.14759289,0.08412523,-0.017746584,-0.08531103,-0.07970365,-0.012731095,0.05232251
-0.002300232,-0.050224524,-0.11997494,-0.16162926,-0.15640216,-0.10149295,-0.045250427,-0.021850979,-0.05004932,-0.09721737,-0.12511861,-0.0948847,-0.026273394,0.045060057,0.068513244,0.048129607,-0.005268301,-0.03868509,-0.022167511,0.039239526,0.09279246,0.10128615,0.053101107,-0.018405387
0.07095576,0.10654679,0.10825462,0.07734633,0.025897449,-0.012154381,-0.015182709,0.006607158,0.02828019,0.023621248,-0.01565271,-0.07254073,-0.10686488,-0.10337064,-0.07016616,-0.033370513,-0.018548766,-0.03439858,-0.07311566,-0.08639654,-0.061919276,-0.010227532,0.043733925,0.06931063
-0.14423841,-0.14401178,-0.101398535,-0.06566139,-0.048521988,-0.07619278,-0.1172329,-0.14211616,-0.12137404,-0.07322389,-0.01692005,0.005188256,-0.012844906,-0.04688776,-0.061851174,-0.051781297,0.0009053949,0.052385893,0.0693256,0.03323191,-0.01658477,-0.054983616,-0.04998974,-0.013880382
-0.021690082,0.01684616,0.058438264,0.07125997,0.05935047,0.03220484,0.018823458,0.03533421,0.06982245,0.102660485,0.109421544,0.08217779,0.04381211,0.015148859,0.018582206,0.046387825,0.0737376,0.072419345,0.03750415,-0.008642527,-0.03975988,-0.03699608,-0.0065609263,0.021095907
0.028720705,-0.015230922,-0.07967388,-0.11233062,-0.099687,-0.04243611,0.009828143,0.02287383,-0.009870115,-0.06277465,-0.08885333,-0.058919888,0.004511717,0.06400079,0.0773138,0.045529824,-0.013796898,-0.04776734,-0.026283618,0.032345995,0.08350022,0.088037126,0.039198782,-0.02940012
0.20689091,0.24946995,0.20801756,0.13043801,0.07989998,0.110096596,0.1942241,0.2758845,0.2942231,0.22433317,0.11761886,0.04194285,0.03894736,0.10494553,0.17101088,0.17320697,0.09492537,-0.02261758,-0.09978757,-0.086863205,-0.0039034975,0.07820294,0.104916394,0.05140323
-0.16370973,-0.112431675,-0.042723797,-0.034282368,-0.062389154,-0.114862315,-0.13516216,-0.10730984,-0.032322124,0.039261654,0.07285726,0.03689938,-0.013792979,-0.04634603,-0.014768126,0.05128749,0.11846899,0.13107602,0.08073329,-0.003542148,-0.057035424,-0.047155738,0.0011539455,0.047338147
0.017276894,0.044808846,0.11315249,0.17812267,0.19131054,0.13323028,0.04720424,-0.011968764,-0.01449099,0.033837993,0.07998821,0.07559472,0.011749752,-0.08164518,-0.1386872,-0.13642839,-0.07561003,-0.007494797,0.014154173,-0.02899851,-0.09482135,-0.12526292,-0.08930137,-0.0029170236
0.06890609,0.038252708,0.04547214,0.10543584,0.15331209,0.15686803,0.105295524,0.03047564,-0.026908902,-0.02149566,0.0135086365,0.058087863,0.057379864,0.005138187,-0.075235255,-0.1228864,-0.11685585,-0.059468362,-0.00017198913,0.027124638,-0.0057994304,-0.059144523,-0.084627286,-0.055907685
0.06115571,0.023955328,-0.044156432,-0.08005671,-0.0636057,0.0051976163,0.0760853,0.10731811,0.07900326,0.017045174,-0.021439886,-0.0007470385,0.06534408,0.13374956,0.14927123,0.109628655,0.03232524,-0.023336101,-0.019341072,0.039511282,0.096416704,0.103366725,0.04867757,-0.032510683
-0.0663396,-0.10587155,-0.07341951,0.013143745,0.09748402,0.1138955,0.06494754,-0.013624953,-0.05338383,-0.024998268,0.061541934,0.13971159,0.1510198,0.08540444,-0.0005667992,-0.05910049,-0.044016533,0.026232423,0.09809181,0.096982464,0.027511077,-0.06538598,-0.121064134,-0.10078227
-0.10964882,-0.15914534,-0.13489893,-0.059543565,0.015444567,0.028799208,-0.019670026,-0.098103255,-0.13557824,-0.1021205,-0.017055508,0.06327058,0.083376676,0.034499563,-0.03984643,-0.09005704,-0.064771004,0.014009764,0.088479675,0.09644261,0.03400472,-0.055520345,-0.108576424,-0.09032262
-0.02038258,-0.05914144,-0.11689766,-0.15967675,-0.16169687,-0.120959155,-0.06956249,-0.04934177,-0.066225484,-0.10714528,-0.12833188,-0.10784694,-0.050991584,0.011305869,0.046288427,0.03439052,-0.0056159603,-0.03468922,-0.024029592,0.02132383,0.070885845,0.08497759,0.050458863,-0.008842093
0.062855296,0.033182777,-0.020416887,-0.039309405,-0.014882591,0.046566963,0.10195077,0.12912208,0.10172212,0.05057551,0.022805361,0.048286706,0.1011228,0.15022294,0.15016925,0.11222257,0.04406842,-0.002716003,0.0032210408,0.049535193,0.088453114,0.08191072,0.029013256,-0.040269215
0.04174484,0.01722588,0.034298617,0.09541641,0.13973394,0.12992191,0.06915037,-0.0052723656,-0.052440383,-0.04085343,0.0014933539,0.041332442,0.032513853,-0.024922028,-0.09954584,-0.14193875,-0.12318758,-0.057402447,0.0019836826,0.017985947,-0.019603526,-0.07213371,-0.08904168,-0.04844049
0.026353884,0.030185515,-0.014572972,-0.08634835,-0.13661101,-0.12690765,-0.07405417,-0.021769503,-0.0068671783,-0.042364623,-0.101471916,-0.13669527,-0.11752242,-0.050168082,0.018702228,0.045357358,0.018319672,-0.035887826,-0.07149023,-0.050152104,0.013919398,0.07527719,0.09279785,0.05440899
-0.04956939,-0.10044948,-0.10697263,-0.06075415,-0.021835608,-0.026710695,-0.08403415,-0.15582132,-0.20547943,-0.19158699,-0.13724844,-0.06955328,-0.0523681,-0.08651782,-0.147117,-0.17143768,-0.14363775,-0.06468497,0.0145741105,0.04538129,0.016749537,-0.037307374,-0.0677199,-0.043721158
0.03401158,-0.039619118,-0.09843132,-0.08812591,-0.04296861,0.0033689493,0.0013976335,-0.043982007,-0.11930416,-0.16158259,-0.14838214,-0.07642283,-0.0130469315,0.0064156177,-0.037217785,-0.09477512,-0.13506007,-0.10897411,-0.026768351,0.05144963,0.07518074,0.04179239,-0.02655624,-0.061272852
-0.15657791,-0.08479794,0.00942972,0.024335738,-0.016146403,-0.092134014,-0.1326482,-0.10961958,-0.024064679,0.06429775,0.09799196,0.043097403,-0.03398285,-0.088045366,-0.057225365,0.022188228,0.11035054,0.13225518,0.07251889,-0.03148194,-0.09923963,-0.08274068,-0.008785362,0.0639764
-0.15183103,-0.14696369,-0.086199224,-0.02693745,0.0005512603,-0.035180345,-0.09264011,-0.12721546,-0.107551984,-0.03786614,0.03642883,0.06385106,0.03399296,-0.026197402,-0.062635705,-0.046029937,0.021235272,0.087296546,0.10348564,0.05403652,-0.02333504,-0.07733573,-0.073988624,-0.02213982
0.0060442663,0.02591541,0.0821005,0.14118677,0.1600511,0.12018927,0.053957842,0.0066380445,0.004431451,0.047869366,0.09054047,0.096517175,0.045598965,-0.0308749,-0.08263189,-0.08245585,-0.034060422,0.019630402,0.034467794,-0.0031503332,-0.06337054,-0.10062085,-0.077676326,-0.01381282
0.05439614,0.020241369,-0.038901336,-0.07078356,-0.05082764,0.015770636,0.08303536,0.11523011,0.08757398,0.030965693,-0.0008453179,0.023914933,0.08366201,0.14326169,0.15846972,0.11934479,0.044931732,-0.010492719,-0.005913903,0.044132028,0.09184203,0.09453317,0.040314015,-0.03637909
0.06868167,0.028891787,-0.03428758,-0.063010864,-0.028853515,0.06320605,0.15111218,0.18302228,0.14970146,0.08547492,0.048671972,0.076181605,0.15265194,0.22057056,0.23019354,0.17206879,0.07574084,0.0048531103,0.0061867065,0.06531436,0.114853814,0.11021823,0.037391506,-0.06187635
0.15077178,0.18715067,0.15011492,0.07481076,0.024734767,0.047640834,0.1255867,0.20318718,0.22524233,0.16754195,0.077236995,0.009650401,0.010185597,0.072719075,0.14322336,0.15563597,0.092259996,-0.011489555,-0.082146615,-0.07490628,-0.0012331508,0.076616265,0.10071473,0.052192435
0.027440524,-0.004659734,-0.048160337,-0.06286368,-0.03200447,0.038504668,0.10301294,0.1262042,0.1033987,0.061937984,0.042230636,0.070680685,0.1304899,0.17724334,0.18053064,0.13687393,0.06967977,0.02289293,0.024637556,0.06606581,0.09426154,0.07997054,0.023066092,-0.053379674
0.054736245,0.018390618,0.03229419,0.110468,0.17531183,0.17741722,0.1103312,0.017961472,-0.044906177,-0.038872786,0.015128672,0.0749422,0.074150786,0.007396475,-0.09030322,-0.15173782,-0.14112511,-0.065996565,0.013420954,0.038300786,-0.005346802,-0.07751125,-0.11184232,-0.075788505
-0.0051287455,-0.0514181,-0.11793466,-0.15959556,-0.15521108,-0.10228911,-0.045803595,-0.024791326,-0.050636314,-0.09486787,-0.12135512,-0.09178143,-0.028283726,0.042039372,0.068945274,0.04983911,0.00079944247,-0.03256908,-0.02021166,0.03639539,0.088387,0.09439819,0.050661035,-0.018802907
-0.06226853,-0.029987875,0.05522023,0.13753836,0.1790965,0.14521645,0.08486758,0.04953351,0.07429334,0.14151844,0.20764038,0.21352218,0.15870534,0.073651806,0.013069969,0.00685163,0.060257953,0.11147337,0.10867863,0.042100556,-0.048624508,-0.11041672,-0.10020811,-0.03655053
0.010056028,0.013449874,-0.033794954,-0.106817186,-0.15591893,-0.1435215,-0.08890734,-0.030620271,-0.011431858,-0.047277693,-0.10305434,-0.13451006,-0.112205565,-0.04100006,0.028043935,0.058510154,0.028601814,-0.028612522,-0.061812457,-0.042448558,0.02233486,0.08544742,0.097295195,0.05544732
-0.04407301,-0.011129918,0.060665924,0.12766463,0.16052487,0.1288627,0.07740769,0.055408396,0.08056111,0.13130394,0.18382491,0.18600813,0.13602847,0.0640496,0.015966125,0.010569133,0.053069074,0.092343986,0.08872929,0.02895065,-0.044019572,-0.0930831,-0.08056623,-0.026245303
-0.11453562,-0.07559684,-0.03179748,-0.040750287,-0.095229305,-0.16869965,-0.2123843,-0.21034184,-0.15653385,-0.10194767,-0.08771872,-0.1303641,-0.18276995,-0.20604683,-0.17202106,-0.098414846,-0.0185397,0.01746921,-0.009786362,-0.06376645,-0.08621578,-0.054782387,0.015532079,0.07840509
-0.16391104,-0.16046591,-0.10766016,-0.060831677,-0.033515193,-0.056055322,-0.09133483,-0.112373926,-0.08600776,-0.02762557,0.03836206,0.060198825,0.04543435,0.0039001193,-0.016786417,-0.0062073776,0.046069942,0.09498271,0.103718705,0.0581756,-0.0065193116,-0.053556528,-0.058641877,-0.026503729
0.026083497,-0.04265124,-0.098943494,-0.093458824,-0.058780707,-0.018074473,-0.01999864,-0.06739299,-0.13548085,-0.17345573,-0.16240737,-0.095333,-0.038944215,-0.020478517,-0.055224795,-0.10254411,-0.13387108,-0.10701475,-0.032243006,0.039423205,0.064346895,0.035486482,-0.018815683,-0.05119103
-0.004891596,0.0015160743,-0.02019014,-0.06079227,-0.07794388,-0.052851655,0.0033977097,0.04958621,0.069830865,0.048934333,0.020531755,0.0026541478,0.021817146,0.06494911,0.111986235,0.12415962,0.09228865,0.037296504,0.0016225445,0.0006455729,0.032042053,0.06285067,0.057060484,0.013815033
0.06422183,0.047372725,0.06870779,0.1347128,0.18509023,0.18628034,0.13561259,0.06552981,0.021997558,0.031035291,0.067679845,0.101938784,0.09259897,0.034221776,-0.045500923,-0.09509816,-0.08789604,-0.035715327,0.013165092,0.024999456,-0.014724314,-0.07059933,-0.091190204,-0.059835587
0.100901626,0.08323991,0.09820503,0.16314721,0.2204011,0.22862196,0.18374376,0.12115029,0.0692576,0.063540384,0.09640436,0.13628772,0.12891652,0.069028676,-0.0126566505,-0.073088184,-0.081709005,-0.040255636,0.012145082,0.027610403,-0.0069336584,-0.063274644,-0.09143498,-0.06663642
-0.039704654,-0.0749038,-0.038605835,0.056848347,0.15132266,0.18191768,0.14327873,0.07021561,0.029377313,0.060527604,0.14131801,0.2189875,0.22996159,0.16346912,0.066185586,-0.00046002105,0.0036241128,0.061190825,0.11959631,0.11761187,0.040501155,-0.06354726,-0.12637761,-0.11634954
-0.09854984,-0.077729575,-0.048693057,-0.049475607,-0.07784921,-0.120788485,-0.14899997,-0.15336156,-0.11710313,-0.08176394,-0.062850215,-0.08001683,-0.108964495,-0.12622122,-0.10633096,-0.06263905,-0.010076147,0.018071257,0.007718226,-0.029512517,-0.047456093,-0.036381688,0.0040499307,0.039605074
0.06873945,0.03311322,-0.02611379,-0.050540715,-0.018836547,0.0613836,0.13565008,0.16331623,0.1329808,0.06945742,0.034481052,0.05998018,0.12806605,0.19008312,0.1959184,0.13827293,0.05185056,-0.007682289,-0.002051828,0.053950015,0.10241247,0.09486648,0.03151233,-0.056361217
-0.14772807,-0.08021699,0.006121866,0.021755645,-0.018407805,-0.09938204,-0.14902869,-0.12821443,-0.047335774,0.03611915,0.069449544,0.017550986,-0.059366126,-0.11012062,-0.08620361,-0.008014263,0.08127809,0.11067614,0.06022022,-0.036059827,-0.09800812,-0.08156885,-0.009645761,0.06887024
0.20939846,0.17670518,0.10011142,0.061735038,0.078527905,0.15720373,0.22625297,0.24044392,0.18228841,0.08898898,0.021858407,0.0315074,0.08835889,0.14764747,0.14766446,0.07868285,-0.029382247,-0.10180521,-0.08743306,-0.008502431,0.06831921,0.08995842,0.040410224,-0.038341016
0.08964161,0.05133373,-0.020167118,-0.06512728,-0.07015337,-0.020590244,0.027182596,0.034191586,-0.006077902,-0.06941536,-0.11411965,-0.098744676,-0.045925822,0.013363261,0.030908898,0.0040115234,-0.058369145,-0.09746686,-0.07664287,-0.010531368,0.05657187,0.08330842,0.05170137,-0.007843884
-0.07209371,-0.024861403,-0.02004873,-0.08356563,-0.16584723,-0.21706215,-0.20202969,-0.13789335,-0.06891224,-0.055420708,-0.09246243,-0.16210473,-0.19214037,-0.15839462,-0.07204988,0.0118136825,0.04862669,0.021268873,-0.04272156,-0.082324825,-0.05225415,0.023021488,0.092639655,0.107672356
0.08428001,0.037409253,-0.039526,-0.08764585,-0.0989977,-0.061460268,-0.029094594,-0.033142455,-0.081728615,-0.14481844,-0.18976507,-0.17170131,-0.11929988,-0.057478786,-0.0405097,-0.06671795,-0.11704828,-0.13791256,-0.10346854,-0.026031442,0.04641066,0.07445721,0.049478766,0.0020722935
-0.021917308,-0.027278034,-0.076362304,-0.14847787,-0.19409631,-0.18138224,-0.12464881,-0.069007404,-0.051422395,-0.083781525,-0.13158093,-0.15553424,-0.12417091,-0.05109147,0.022132497,0.05266876,0.028892625,-0.020147407,-0.050320476,-0.028458038,0.03311001,0.08829724,0.09505174,0.049018323
-0.045309678,-0.09236462,-0.0900664,-0.03342247,0.017969036,0.015418889,-0.041431874,-0.1170152,-0.16358949,-0.1511878,-0.08973944,-0.022634543,-0.008725011,-0.04945075,-0.11584941,-0.15383111,-0.12923802,-0.051080313,0.027137067,0.050258692,0.015695123,-0.048988916,-0.08435355,-0.058766756
0.025319286,-0.046342764,-0.091375925,-0.054736163,0.033524595,0.116984226,0.14611876,0.11472208,0.04733448,0.0057874876,0.03280696,0.118859366,0.19516139,0.21217804,0.15188013,0.05921268,-0.008365345,-0.006024276,0.057460215,0.122395284,0.123629265,0.04961628,-0.053077403,-0.11866991
-0.03690703,0.032196436,0.065372996,0.021379229,-0.040677182,-0.07477188,-0.042415798,0.035289098,0.11371795,0.1374204,0.099742755,0.019282313,-0.02289867,-0.0065533607,0.06838307,0.137124,0.15749954,0.102817155,0.009011693,-0.054555792,-0.049815193,0.009461244,0.07137457,0.07818832
-0.1579013,-0.14995788,-0.08263305,-0.029140122,-0.010816232,-0.052715853,-0.11337749,-0.15729831,-0.13424556,-0.06317967,0.008040532,0.028319981,-0.007238369,-0.06901619,-0.095165275,-0.07962636,-0.004666363,0.065917365,0.082270294,0.030203182,-0.044239044,-0.092269905,-0.07366363,-0.0155867785
0.011396739,-0.05440982,-0.10389967,-0.09250287,-0.051591925,-0.01725676,-0.025028192,-0.07096888,-0.13443351,-0.17197284,-0.15214825,-0.08475126,-0.031245854,-0.017957557,-0.053546656,-0.10456812,-0.13193476,-0.10004551,-0.021951256,0.04197316,0.06189439,0.027222762,-0.029610941,-0.055945978
-0.18998612,-0.13040707,-0.050447825,-0.041903682,-0.07626461,-0.13748063,-0.16005868,-0.13104676,-0.04237273,0.040242113,0.075961605,0.031886425,-0.028102221,-0.06139932,-0.022126433,0.053275663,0.13422738,0.14984207,0.088208266,-0.008708059,-0.06751736,-0.05895613,0.0013229209,0.0535351
-0.0262298,0.044345126,0.11947483,0.1384787,0.11267124,0.057272747,0.026460174,0.044355895,0.10591087,0.15797338,0.16783088,0.11255425,0.03724084,-0.013324871,-0.0032630295,0.04050589,0.091749445,0.0933539,0.03771622,-0.044375136,-0.09090045,-0.079168335,-0.0160705,0.04280299
0.05296379,0.06825687,0.025498321,-0.047484368,-0.088436626,-0.057827134,0.020807555,0.09351898,0.11721533,0.06994352,0.0011034142,-0.039571565,-0.016924648,0.05587418,0.12899156,0.14413561,0.09148312,0.0056568077,-0.047968503,-0.03533186,0.031125188,0.09101672,0.09887312,0.037687898
-0.11862706,-0.15920982,-0.13889806,-0.0770369,-0.016694319,-0.0066849156,-0.046202254,-0.10586469,-0.13004136,-0.0982102,-0.024635494,0.04414534,0.063437246,0.025556834,-0.03283184,-0.067384325,-0.041621916,0.025716051,0.085727334,0.08885702,0.034939665,-0.04128768,-0.08496474,-0.073078975
0.031101858,-0.042636085,-0.09081609,-0.055542428,0.025458988,0.10328752,0.12375362,0.08444751,0.01224,-0.026940392,-0.00036635995,0.087266915,0.16038874,0.17351821,0.11028188,0.026251484,-0.035103265,-0.025486488,0.04407834,0.112515345,0.11503224,0.04655782,-0.05003689,-0.10920385
-0.0010911698,0.016346585,0.06790904,0.12258479,0.13315235,0.08582945,0.016438106,-0.02903381,-0.031409133,0.016069692,0.054627944,0.05531095,0.006513381,-0.06478768,-0.11379427,-0.10477494,-0.04846475,0.011891508,0.024176933,-0.0072581163,-0.064606026,-0.09651331,-0.06916712,-0.0011299426
0.05616777,0.068598606,0.03019027,-0.031447586,-0.062182613,-0.030592468,0.044620913,0.11470435,0.13314457,0.09206379,0.02869875,-0.008734139,0.015196774,0.081804104,0.14285217,0.15145507,0.10009668,0.020279165,-0.033486288,-0.018894594,0.037191864,0.08561699,0.085812144,0.02781395
0.17120853,0.21146479,0.18506034,0.13007921,0.09215522,0.11590689,0.18138815,0.24941972,0.2666521,0.21243007,0.12709506,0.060298327,0.05912353,0.103377655,0.14874019,0.14855948,0.08348134,-0.010116554,-0.07349747,-0.065629415,-0.0057597873,0.06076521,0.08077226,0.03924862
-0.08217565,-0.1379628,-0.1380914,-0.08600862,-0.04042662,-0.048437014,-0.10734847,-0.18921489,-0.2358311,-0.21316203,-0.1456297,-0.0736782,-0.05755929,-0.09317006,-0.1514856,-0.17908847,-0.14010397,-0.051228546,0.027665878,0.052719817,0.016873978,-0.04905829,-0.08096783,-0.052239753
0.15773208,0.19076978,0.16651192,0.11781736,0.08783322,0.10872917,0.1637391,0.2235186,0.23266722,0.18181378,0.11002837,0.059572015,0.055537235,0.09160031,0.13177,0.13012363,0.07104119,-0.012554939,-0.06213601,-0.05645896,-0.004336607,0.05128316,0.065917104,0.030347148
-0.116465166,-0.08956573,-0.048583213,-0.045203403,-0.078672,-0.13520002,-0.1730486,-0.17594573,-0.13367903,-0.08179942,-0.058021996,-0.08011496,-0.12060127,-0.14640987,-0.1256644,-0.06970313,5.804419e-05,0.036983803,0.01820908,-0.029245488,-0.05980215,-0.051000826,-0.00027082555,0.049085874
-0.039112646,-0.12234646,-0.18011077,-0.16163684,-0.088349395,-0.011577116,0.01902583,-0.011516009,-0.073087975,-0.11268191,-0.07954447,0.012521725,0.09957566,0.13231124,0.09355243,0.020890027,-0.034741323,-0.024351167,0.047903482,0.11649732,0.1291807,0.06877387,-0.031600866,-0.09969799
-0.06856279,-0.116240665,-0.12613557,-0.096066624,-0.068858884,-0.07227562,-0.11413464,-0.17191453,-0.21021424,-0.19757986,-0.15491565,-0.10109065,-0.077930376,-0.09415511,-0.13385439,-0.15183492,-0.12568103,-0.058375,0.006116144,0.037327614,0.019247055,-0.022020075,-0.047239836,-0.03225927
-0.02913412,-0.06312672,-0.03798888,0.044221845,0.12551817,0.15003525,0.11273308,0.04985048,0.0097017,0.031572506,0.09999869,0.16868284,0.1834103,0.12688878,0.039335232,-0.018703947,-0.01650471,0.03782383,0.09555833,0.10119853,0.03839999,-0.049788743,-0.10722766,-0.09857545
0.13590938,0.1455846,0.08268677,-0.0069993264,-0.07777661,-0.072755076,-0.018943511,0.029949473,0.028689768,-0.032715585,-0.12564549,-0.1827846,-0.17030907,-0.09769971,-0.02442852,0.0010023752,-0.04063265,-0.10798628,-0.14579734,-0.105524085,-0.012137931,0.077951975,0.11236433,0.07668468
-0.00724312,-0.046168063,-0.09627773,-0.12799293,-0.121035606,-0.080441065,-0.03923785,-0.030033013,-0.053637512,-0.091771044,-0.10549061,-0.078007944,-0.028072229,0.021630948,0.043686356,0.023408828,-0.0159979,-0.039091818,-0.019672574,0.023031013,0.06360456,0.068898395,0.03220678,-0.018992312
0.049295068,-0.026792612,-0.087545834,-0.07050111,-0.01650484,0.039461993,0.04277966,-0.009806187,-0.088260554,-0.13597861,-0.12173662,-0.046647284,0.02130271,0.038925327,-0.0128107155,-0.08229613,-0.13064718,-0.106404305,-0.02325546,0.058217708,0.082377896,0.04151779,-0.032792434,-0.07441595
0.14293647,0.16553125,0.13980396,0.10032113,0.075548865,0.09396244,0.13864778,0.17990002,0.18306111,0.13839361,0.07498936,0.031055009,0.030969765,0.065321095,0.0937247,0.08656184,0.03745172,-0.026807908,-0.06626963,-0.05192917,-0.003416225,0.041651912,0.05404646,0.0252584
0.07105096,0.0911388,0.050339088,-0.020214703,-0.05292665,-0.009467764,0.08463132,0.17100129,0.19706087,0.14816734,0.07363137,0.025535697,0.053866044,0.13055466,0.2000117,0.2078175,0.13878967,0.035281863,-0.031374615,-0.019318357,0.044556733,0.10521403,0.10053164,0.028949738
0.005676643,0.030193387,0.09662953,0.16502042,0.17931391,0.12529169,0.040980782,-0.013050148,-0.015995555,0.042571545,0.088172965,0.08659393,0.02720752,-0.06234359,-0.12653187,-0.11693027,-0.053932063,0.015045334,0.030934472,-0.008287844,-0.080676146,-0.11583595,-0.08552436,-0.0029723935
0.11211997,0.055767357,-0.0443847,-0.10342983,-0.10810222,-0.04999484,0.0040309457,0.011564778,-0.04614963,-0.13772044,-0.19358216,-0.16878588,-0.09407047,-0.014848811,0.007352879,-0.03340355,-0.112784415,-0.15273328,-0.11173838,-0.017551314,0.07611177,0.108722225,0.06452669,-0.010150917
0.04330247,0.0053570555,-0.055755366,-0.089959025,-0.079097375,-0.024593584,0.029207407,0.048542432,0.017906569,-0.036126036,-0.06635339,-0.04321166,0.0151094785,0.07300864,0.08924995,0.057446588,-0.003690675,-0.043258615,-0.028363854,0.02642483,0.0775914,0.08571331,0.04025229,-0.02573912
0.055197205,0.10394319,0.105788425,0.052932084,-0.024825437,-0.07052046,-0.063684866,-0.019395722,0.016818454,0.017411796,-0.03664542,-0.11038548,-0.14942089,-0.13729644,-0.0774319,-0.009382588,0.010671462,-0.02133918,-0.07920148,-0.102583304,-0.07159526,0.0057770014,0.07641019,0.09739908
-0.040910024,-0.11297452,-0.1582527,-0.13956213,-0.08311295,-0.027213387,-0.012850555,-0.049436945,-0.10405819,-0.126464,-0.096797794,-0.019046305,0.048562203,0.071723156,0.03544987,-0.01838464,-0.050314978,-0.02801758,0.03419682,0.09330495,0.09860343,0.044445846,-0.03125505,-0.07869038
-0.04297004,-0.026074596,0.028617658,0.082520336,0.110383816,0.08959776,0.048582945,0.019273471,0.03143004,0.0742803,0.11936192,0.12662669,0.09394733,0.036889665,-0.0038287302,-0.011423125,0.023143137,0.060625114,0.0652548,0.025675567,-0.033087507,-0.07328821,-0.06735146,-0.025496673
0.027552433,-0.06109236,-0.14009637,-0.14101915,-0.10405228,-0.062198132,-0.06545074,-0.11954425,-0.20289256,-0.25738525,-0.24937075,-0.17352757,-0.09758842,-0.06347606,-0.09842089,-0.15715879,-0.19239427,-0.1532,-0.05966395,0.03795012,0.08066781,0.050306827,-0.014773109,-0.053020813
-0.074658185,-0.045133635,0.04011762,0.12019776,0.15752639,0.116193235,0.04758956,0.009438945,0.030957622,0.10003134,0.17049122,0.17929481,0.124497786,0.035384152,-0.022961598,-0.02284812,0.03685114,0.095944636,0.10234626,0.036468633,-0.05517668,-0.11215535,-0.10016827,-0.03000546
0.02294566,-0.05015954,-0.15846798,-0.22150566,-0.21119791,-0.12136448,-0.03392564,-0.008238025,-0.05612746,-0.1362876,-0.18060651,-0.13371691,-0.030612983,0.075472,0.10783901,0.06899015,-0.02087513,-0.07667541,-0.04633989,0.048816282,0.13578153,0.15121266,0.077071056,-0.03402665
0.03274836,-0.017437609,-0.04538774,-0.01271115,0.060908966,0.13091336,0.16006419,0.13463275,0.08420902,0.051508408,0.07392239,0.13736829,0.19367489,0.20008358,0.15268223,0.07556286,0.017286288,0.010902996,0.053756308,0.09662416,0.09309368,0.03396103,-0.047227304,-0.10092839
-0.1363366,-0.18433152,-0.1677932,-0.106242634,-0.0412226,-0.027887845,-0.06413849,-0.12805107,-0.15301597,-0.12162478,-0.040029623,0.03599017,0.060107287,0.025798114,-0.030725822,-0.0677837,-0.042401057,0.026910435,0.091325134,0.09548532,0.042752214,-0.03636676,-0.086855784,-0.07703371
0.037595715,0.07432498,0.07424453,0.028864792,-0.041311793,-0.09198238,-0.10021328,-0.07320835,-0.04502015,-0.043386336,-0.0843073,-0.14507703,-0.18208407,-0.1732946,-0.12348037,-0.0643123,-0.036250014,-0.04798396,-0.08575194,-0.10205817,-0.07293383,-0.00510127,0.061054457,0.09263638
0.018119913,-0.029324025,-0.07166241,-0.0770415,-0.06436412,-0.045245286,-0.050514646,-0.091862544,-0.13746265,-0.16961226,-0.16402772,-0.12368521,-0.087727815,-0.07366612,-0.08674517,-0.11543415,-0.13131467,-0.107885934,-0.051157054,-0.0009912841,0.027161933,0.019386496,-0.0064426325,-0.022431308
0.0010518625,0.0070418674,0.03658179,0.07230033,0.071559705,0.027329747,-0.03531667,-0.0808292,-0.0898346,-0.05757831,-0.028328624,-0.025886295,-0.061600745,-0.11442499,-0.15079305,-0.13753676,-0.088461876,-0.031262744,-0.008832401,-0.023413582,-0.05785848,-0.07274142,-0.047344174,0.0118384585
0.06613333,0.11726234,0.1303908,0.09392847,0.03695284,0.0021241603,0.010737301,0.050992575,0.08643117,0.08583824,0.040250745,-0.026744371,-0.0675366,-0.06513281,-0.019464819,0.026083041,0.036339637,0.001144385,-0.055297438,-0.08500016,-0.065464444,-0.006810947,0.053039905,0.07143514
0.083451234,0.052147415,-0.00722324,-0.048268992,-0.06082596,-0.03657941,-0.013290529,-0.013991279,-0.05211546,-0.10729828,-0.14529994,-0.13437437,-0.10015222,-0.0555359,-0.03729199,-0.05583459,-0.096029185,-0.11629383,-0.08942757,-0.03351995,0.026643611,0.0534877,0.03943593,0.0054105436
0.09700191,0.100810945,0.052872173,-0.013986951,-0.071780086,-0.083283715,-0.062467426,-0.0380931,-0.04365451,-0.09196692,-0.15668578,-0.19599727,-0.19207044,-0.1434881,-0.0901623,-0.070663124,-0.08943143,-0.121053174,-0.13236445,-0.099013865,-0.025850626,0.04275551,0.077476345,0.06611448
0.058937833,0.10679502,0.11686734,0.07659122,0.0119237695,-0.030106222,-0.032741804,-0.0037652387,0.029874459,0.028576879,-0.01678179,-0.084416814,-0.12620686,-0.12251679,-0.07717196,-0.028363977,-0.011533707,-0.035941515,-0.079913646,-0.10420453,-0.078349575,-0.011450016,0.05477939,0.08196388
-0.056035265,-0.01610293,-0.0002933538,-0.033302475,-0.0708523,-0.082280114,-0.047281217,0.012436302,0.070331044,0.08733338,0.06442309,0.019077314,0.0007132481,0.025068495,0.08097477,0.12733431,0.13721429,0.094430186,0.02660551,-0.014782317,-0.0099273315,0.022933295,0.055910483,0.04574538
0.025891991,-0.0082534,0.007208611,0.07431664,0.12569447,0.11873348,0.051818136,-0.03129971,-0.08715784,-0.070376426,-0.016132172,0.039144736,0.034067366,-0.028460892,-0.11168371,-0.15237984,-0.13123016,-0.057487115,0.014774692,0.033276934,-0.011404935,-0.07102308,-0.09795734,-0.056455728
-0.06785295,-0.039690558,0.04346216,0.12736188,0.17035697,0.13556503,0.07086391,0.031259775,0.05210264,0.118721746,0.19058712,0.20433205,0.15068686,0.06146978,-0.001540314,-0.0064415066,0.048598748,0.10496202,0.11043083,0.04473183,-0.047277715,-0.110679716,-0.1024327,-0.037509836
-0.15616687,-0.15276104,-0.0949381,-0.041509338,-0.014301131,-0.040763024,-0.08925913,-0.12303953,-0.10136527,-0.03751738,0.032404307,0.057521414,0.035674945,-0.016080398,-0.04803479,-0.037674773,0.01982659,0.07830902,0.09612106,0.05086572,-0.019457392,-0.067152165,-0.06769544,-0.02453749
0.033576284,0.0020059326,0.017956406,0.09110065,0.15348847,0.16448417,0.11222286,0.037008908,-0.016278334,-0.0044582044,0.047609907,0.104578175,0.10949657,0.04769894,-0.042490967,-0.09347259,-0.08936295,-0.029359806,0.03725344,0.055457365,0.00774997,-0.058132455,-0.09760865,-0.07378206
0.04970288,0.023139168,0.02759298,0.080505125,0.12498926,0.12827207,0.08403596,0.022697298,-0.023189591,-0.020805337,0.013227674,0.054976206,0.05520169,0.012219762,-0.057301454,-0.09866952,-0.09415974,-0.044884704,0.0077970685,0.028728874,0.0012642218,-0.047875684,-0.07340657,-0.050314203
-0.004373647,-0.057289816,-0.1291891,-0.16909559,-0.1563199,-0.095478006,-0.035080347,-0.01736928,-0.048834886,-0.10151692,-0.12414562,-0.087181956,-0.014273715,0.057571575,0.08152075,0.052683126,-0.005317341,-0.03974119,-0.018066928,0.04388173,0.099084176,0.10156832,0.046445455,-0.030468514
-0.12833211,-0.17272177,-0.15374401,-0.09118211,-0.032792684,-0.023911115,-0.06517622,-0.13014406,-0.1557212,-0.11770269,-0.04195489,0.029099924,0.048777204,0.011537789,-0.04800334,-0.07720865,-0.04512841,0.027523672,0.08701458,0.092028,0.036059607,-0.04200898,-0.08447337,-0.07117091
-0.013274241,-0.0007320517,0.04749176,0.09642664,0.10528657,0.06422189,-0.0026787035,-0.05480182,-0.058485467,-0.015302521,0.02302414,0.027934486,-0.014888892,-0.08068448,-0.12529047,-0.119837366,-0.06755402,-0.007996636,0.013460887,-0.013639944,-0.06468376,-0.092237845,-0.06603421,-0.0034444516
-0.008872785,-0.05444801,-0.12621611,-0.17375568,-0.16718084,-0.10619776,-0.03991962,-0.008981878,-0.030590666,-0.08686576,-0.117144875,-0.09018051,-0.016149407,0.063307606,0.09529386,0.069503866,0.0063788197,-0.037532758,-0.022188388,0.0370463,0.098194614,0.1112638,0.058699653,-0.021738756
0.11937363,0.07585549,0.03385469,0.051763043,0.09291285,0.13152315,0.13144514,0.09394618,0.028972855,-0.019875694,-0.024497312,0.018011421,0.05577131,0.05688779,0.009378962,-0.055137005,-0.101592466,-0.09212415,-0.03799633,0.022785569,0.04419358,0.015210193,-0.030899987,-0.056462258
0.068395965,0.03346743,-0.024349026,-0.044831704,-0.008640688,0.07286157,0.14859481,0.18043804,0.15118155,0.092668004,0.0625124,0.091686554,0.15601003,0.21601012,0.21814775,0.16398737,0.07750844,0.01466486,0.015272639,0.06612578,0.108720556,0.096825354,0.028900854,-0.05801142
0.1422445,0.10446073,0.0737713,0.10075232,0.1504553,0.18879707,0.18283617,0.1401468,0.071939275,0.0243834,0.023709185,0.06437964,0.0928875,0.082264416,0.025451066,-0.048503406,-0.09881017,-0.09149246,-0.03496408,0.019096613,0.032468185,0.00023461321,-0.048529364,-0.06545674
-0.03414993,-0.07748016,-0.081837215,-0.040974017,-0.0064102523,-0.0076660817,-0.053405903,-0.119523,-0.16296491,-0.1510955,-0.10519953,-0.05079422,-0.03531409,-0.06572065,-0.11875153,-0.14262865,-0.121332504,-0.055812594,0.009655057,0.036486544,0.011983087,-0.03303626,-0.059989277,-0.040238716
-0.048510764,-0.118354924,-0.16534708,-0.15439536,-0.09952552,-0.038674586,-0.013027021,-0.038821667,-0.08757965,-0.11577192,-0.08929821,-0.014979896,0.057751074,0.08771777,0.062210497,0.0075348485,-0.032442838,-0.02120068,0.03648274,0.09334569,0.10400939,0.056623768,-0.021546636,-0.07739778
0.031050872,0.05134451,0.090525836,0.12909046,0.12904316,0.085925944,0.026561972,-0.010162484,-0.013688546,0.01612665,0.039830834,0.034058098,-0.012157935,-0.07408191,-0.111289434,-0.10028894,-0.058403563,-0.014173576,-0.0023574803,-0.028420545,-0.06697432,-0.079910256,-0.049058866,0.010194827
-0.029474417,0.020148793,0.030479342,-0.021038052,-0.08902267,-0.12606373,-0.10695236,-0.04834809,0.013199314,0.025417438,-0.014765765,-0.08236496,-0.11605835,-0.0881336,-0.018751599,0.047379438,0.07056291,0.033871252,-0.033663794,-0.07211264,-0.048620272,0.015057376,0.07675602,0.087720215
0.051905375,0.12506703,0.15102544,0.10378306,0.03516571,-0.001847325,0.02705185,0.096436664,0.15962821,0.1678028,0.1111577,0.016855879,-0.032965347,-0.021457661,0.046499968,0.106415644,0.11600982,0.055911295,-0.037837844,-0.08890745,-0.07082844,0.0019239901,0.07266562,0.086868905
-0.16036004,-0.15157823,-0.08744651,-0.03200442,-0.005197959,-0.037103415,-0.0873483,-0.11780458,-0.0919634,-0.023116628,0.051744137,0.077159375,0.046616867,-0.012108041,-0.040900793,-0.023526091,0.039749097,0.0969724,0.10912771,0.052608144,-0.024128528,-0.07420502,-0.070792355,-0.023350244
-0.09676678,-0.09322065,-0.052926466,-0.022339882,-0.026862955,-0.07303578,-0.12990391,-0.16987504,-0.15962449,-0.10603408,-0.063382834,-0.05938207,-0.08938342,-0.131842,-0.15002985,-0.12353607,-0.057291888,0.005528189,0.020701408,-0.006024605,-0.05059302,-0.06847077,-0.042387802,0.014399253
-0.047827706,-0.026241977,-0.030181251,-0.072370976,-0.123519264,-0.14774042,-0.13352127,-0.09404268,-0.057757247,-0.04711226,-0.07411246,-0.111732796,-0.12280615,-0.09384664,-0.04118852,0.012526649,0.033488903,0.015312605,-0.024543736,-0.039767418,-0.019808065,0.024101919,0.06210188,0.06311767
0.0168896,0.017864572,-0.03520585,-0.11770717,-0.16960739,-0.14894569,-0.0786491,-0.016515028,0.0015155462,-0.04117166,-0.10476813,-0.14157945,-0.110375784,-0.030146524,0.050356492,0.07774624,0.038705185,-0.029661287,-0.06964277,-0.045164753,0.028080732,0.098339476,0.10773682,0.054188106
0.08348221,0.036635686,-0.039342068,-0.08440177,-0.096963935,-0.06477009,-0.034872815,-0.044951513,-0.093817435,-0.15597074,-0.19959109,-0.1874671,-0.13294685,-0.07494755,-0.05865819,-0.08358524,-0.12837179,-0.14219746,-0.108429104,-0.030026015,0.04174677,0.06990841,0.04672865,0.0021795577
-0.0072988397,0.0042495215,0.044204812,0.078977324,0.0806781,0.041371062,-0.017477902,-0.06074889,-0.06457765,-0.031724785,-0.003791243,-0.005335943,-0.042094555,-0.09484739,-0.12666722,-0.12173976,-0.07771916,-0.027569626,-0.0062094806,-0.02667248,-0.06392371,-0.07799507,-0.05220978,0.0046799914
0.0071892687,0.037984185,0.10718334,0.1768776,0.1957525,0.14411774,0.06635481,0.019886414,0.025601186,0.07889853,0.12577665,0.122185394,0.05997458,-0.029306602,-0.0901594,-0.086013585,-0.028298136,0.03264843,0.041875925,-0.006017811,-0.077542,-0.115934,-0.08610742,-0.007332494
0.032129034,0.05112968,0.09488488,0.14140908,0.1536361,0.12276485,0.07145504,0.03458031,0.03069015,0.06437038,0.08995175,0.084458575,0.043303177,-0.016768565,-0.06280736,-0.063602105,-0.030425875,0.0078088343,0.014704896,-0.010336969,-0.055611532,-0.07704839,-0.058313645,-0.005078032
0.086201824,0.089138776,0.049111016,-0.00052892155,-0.041852526,-0.04567866,-0.026417978,-0.00062927,-0.007660081,-0.046426117,-0.099555664,-0.12898315,-0.12192892,-0.08327162,-0.04786546,-0.033159927,-0.05444043,-0.0838845,-0.09438837,-0.065200835,-0.009800836,0.042180907,0.061946988,0.047947936
0.049875647,0.019473689,0.02423999,0.08232378,0.13401578,0.13759647,0.08885098,0.025538603,-0.027179953,-0.026502011,0.01398818,0.06621578,0.06726535,0.017968707,-0.05607394,-0.10121189,-0.09681552,-0.043450575,0.01755163,0.03841905,0.006257518,-0.05167893,-0.082903594,-0.060088072
-0.18419701,-0.16989242,-0.084543675,-0.008458681,0.01991553,-0.027799226,-0.100045405,-0.14835876,-0.11695912,-0.021863531,0.06779796,0.09032218,0.045160938,-0.03577622,-0.08152977,-0.05781803,0.031513575,0.11409964,0.12396098,0.05610938,-0.044872828,-0.107860886,-0.09200848,-0.021107603
-0.123854116,-0.12692831,-0.0885965,-0.05552575,-0.05538275,-0.10202432,-0.16381481,-0.21012953,-0.19992846,-0.14808752,-0.094687894,-0.07670294,-0.104233205,-0.1478984,-0.16577415,-0.1421402,-0.07098324,0.0013067982,0.028270373,0.00039289563,-0.044848878,-0.072248936,-0.047920022,0.007841874
0.13473052,0.15976778,0.12803787,0.07516059,0.042779814,0.06687341,0.12656054,0.18052521,0.19015351,0.14029373,0.07188956,0.023983188,0.028977834,0.07275606,0.11690611,0.119902454,0.06263423,-0.017900756,-0.06465912,-0.05386617,0.003166441,0.062149882,0.07281136,0.032366876
0.04510332,0.07345406,0.07591191,0.046701457,0.00043006687,-0.033459224,-0.038484283,-0.024818303,-0.006519869,-0.009676187,-0.039303463,-0.084062144,-0.11338652,-0.1112877,-0.078090645,-0.043747652,-0.027577288,-0.03828335,-0.065100364,-0.0784221,-0.057119127,-0.011184059,0.03663859,0.059190426
-0.10581285,-0.06244076,-0.0090932185,-0.0002572983,-0.017231353,-0.04858852,-0.05670991,-0.0278572,0.030436164,0.08386423,0.10290229,0.073294684,0.0341135,0.012706761,0.031876646,0.07847679,0.1206888,0.1189881,0.071680106,0.006962597,-0.03474748,-0.030993447,0.0013978732,0.029155359
-0.113222554,-0.07495667,-0.02051347,-0.0090739,-0.026897814,-0.06310024,-0.08016035,-0.060577404,-0.008811689,0.04901925,0.07233642,0.047027238,0.008628904,-0.018274646,-0.0025983783,0.045463346,0.09517015,0.10501906,0.06631546,0.0055603366,-0.039967716,-0.03805606,-0.0042384923,0.02959013
0.121064894,0.08121314,0.049440198,0.07598351,0.12583984,0.16946062,0.16835122,0.12688397,0.06278794,0.019323623,0.021450076,0.064916834,0.09862415,0.09163029,0.03541899,-0.034544583,-0.085244045,-0.07930759,-0.024223266,0.029257698,0.041056544,0.008731106,-0.043569546,-0.06625835
0.16130547,0.1975011,0.15644547,0.08053756,0.027266571,0.04481472,0.11807247,0.2008814,0.22002244,0.15944073,0.06251679,-0.010782635,-0.0062093404,0.058132987,0.12503433,0.13722262,0.07408102,-0.024697924,-0.09376078,-0.07785505,-0.0011161453,0.080483176,0.10510824,0.059532423
0.008173553,-0.029919488,-0.0854264,-0.119191796,-0.11466761,-0.07231012,-0.030199967,-0.016336272,-0.04215201,-0.0850017,-0.10516174,-0.07907421,-0.026743516,0.025179513,0.04476096,0.026173422,-0.018279936,-0.04483214,-0.025177235,0.022314211,0.06712345,0.07639749,0.03884415,-0.015844122
0.09509037,0.050766055,0.01516265,0.038277254,0.08532621,0.12834872,0.12912689,0.086693615,0.025230773,-0.016568674,-0.011961256,0.03636141,0.074092306,0.07255469,0.023341509,-0.04133723,-0.08547795,-0.07524452,-0.01995137,0.033917278,0.04764504,0.011611527,-0.038892105,-0.0663922
-0.0130102215,-0.016073562,-0.061972864,-0.13856319,-0.19181226,-0.17730805,-0.12013645,-0.073941536,-0.05656264,-0.08586789,-0.13872468,-0.16780905,-0.14137731,-0.069069356,0.0069514415,0.039775815,0.016607018,-0.035176136,-0.06673015,-0.045178156,0.018531036,0.08230796,0.09803291,0.0542646
0.10790015,0.091373876,0.04899888,0.027017,0.02938868,0.058878846,0.08559402,0.093271576,0.063318565,0.013127722,-0.023594094,-0.022537949,0.005359452,0.036040816,0.03732141,0.005796654,-0.042724524,-0.071053125,-0.059719514,-0.015724959,0.028053569,0.04317048,0.023985079,-0.009043522
-0.015078129,0.007694129,0.068574764,0.124787435,0.12892431,0.06641107,-0.021421118,-0.07572237,-0.074843526,-0.023111833,0.022591343,0.022642808,-0.037723433,-0.120650925,-0.1690109,-0.15306,-0.0834898,-0.01056476,0.013138221,-0.027194157,-0.08827077,-0.11569409,-0.07656002,0.007799243
0.1726975,0.1320792,0.045065038,-0.004241632,0.0018914148,0.075769946,0.14459468,0.16346033,0.10709159,0.018011458,-0.0502065,-0.036511883,0.027159393,0.09993965,0.11080311,0.057547953,-0.040325128,-0.106495745,-0.090690136,-0.0055231433,0.077505454,0.10339673,0.056014415,-0.025749901
0.02256712,-0.010832045,-0.06341345,-0.092116214,-0.08483142,-0.042769235,-0.00016110981,0.012073981,-0.011205656,-0.055788487,-0.07649201,-0.05543836,-0.006238344,0.04153679,0.056994755,0.03426891,-0.011668151,-0.039379984,-0.02422228,0.020099005,0.0638757,0.070804946,0.0346677,-0.018827796
-0.04553702,0.004655246,0.01845434,-0.040851347,-0.11906872,-0.16178979,-0.14351435,-0.08472385,-0.022741728,-0.00592526,-0.049107585,-0.12257264,-0.1546083,-0.12690353,-0.046389814,0.027872559,0.05771351,0.023641968,-0.04412418,-0.08237678,-0.058983542,0.014181279,0.08324428,0.0962932
-0.009330834,-0.059537772,-0.12842584,-0.17003974,-0.16089599,-0.10371398,-0.04584199,-0.02846407,-0.05781216,-0.10991953,-0.1318751,-0.096430115,-0.026082609,0.04252798,0.07010195,0.044526413,-0.010628973,-0.043979865,-0.021022156,0.037305616,0.09199668,0.09792057,0.04742361,-0.026986305
0.057235993,0.08607902,0.081152014,0.047232766,-0.004155224,-0.042154815,-0.049720995,-0.031275544,-0.011978951,-0.02124614,-0.05762729,-0.10568141,-0.13611473,-0.12745044,-0.09395221,-0.058985323,-0.043737844,-0.05384357,-0.080241,-0.08810338,-0.057933565,-0.006812786,0.045053143,0.07020461
-0.12210744,-0.05699063,0.021485256,0.03633517,0.0065485784,-0.05337394,-0.078274466,-0.05213019,0.026980542,0.09758221,0.123251356,0.07204017,0.006465542,-0.03492661,-0.008644856,0.053626645,0.12286818,0.13328874,0.07086265,-0.0206476,-0.075639926,-0.06671198,-0.0059559844,0.049346093
0.030823532,-0.028296178,-0.11681518,-0.16756767,-0.15822469,-0.084649265,-0.011550495,0.011422193,-0.03134807,-0.09813635,-0.13499373,-0.09476387,-0.011865332,0.07046442,0.09760498,0.06670082,-0.007651367,-0.055596385,-0.033264533,0.04319996,0.11223388,0.12238808,0.062005837,-0.030695146
-0.050354633,-0.099710956,-0.11032573,-0.073217764,-0.036016703,-0.036084708,-0.08180838,-0.14676628,-0.19086696,-0.1854392,-0.1351308,-0.07194799,-0.05179545,-0.07596958,-0.124816656,-0.15167876,-0.1322358,-0.06520452,0.009596149,0.03868685,0.019852534,-0.026981467,-0.059114624,-0.042511895
0.0067662876,-0.035384335,-0.015969373,0.07263131,0.14955978,0.15696883,0.09039301,-0.0007914605,-0.058564443,-0.040202513,0.027829155,0.0969876,0.1045173,0.038624097,-0.06683601,-0.13101833,-0.11638741,-0.033844125,0.047060546,0.069647424,0.012818658,-0.07361757,-0.12089257,-0.087595895
0.07271521,0.1685862,0.20759894,0.15477347,0.07379493,0.026935283,0.056641173,0.14236972,0.22236283,0.23428039,0.16633743,0.048547935,-0.020061908,-0.011495793,0.06483896,0.13522488,0.14518383,0.07000166,-0.043875813,-0.112035535,-0.094370216,-0.0050932923,0.081932075,0.10622745
0.03969264,0.008308055,0.019942144,0.08594764,0.14117415,0.14923969,0.09973302,0.024562556,-0.027257673,-0.018631367,0.026095126,0.076089896,0.08060762,0.026034646,-0.05653817,-0.10620448,-0.10023801,-0.041134723,0.020745486,0.04250579,0.0030955046,-0.057323806,-0.089972064,-0.06609083
-0.11379177,-0.077267475,-0.030807676,-0.030697944,-0.07091399,-0.13554499,-0.17480224,-0.17025858,-0.12006543,-0.06567076,-0.044109114,-0.07569567,-0.12558678,-0.15372314,-0.12667465,-0.061986215,0.01155946,0.04392978,0.016983204,-0.040149264,-0.0712151,-0.05463536,0.0039874967,0.059858758
0.01763779,0.081057206,0.13543023,0.13784453,0.08802088,0.010202591,-0.04247254,-0.035812538,0.0074028308,0.043883853,0.040100884,-0.018293666,-0.09780903,-0.1476402,-0.13281156,-0.07565656,-0.015070142,0.0031705473,-0.03131894,-0.093160965,-0.1166014,-0.081212886,-0.00012609035,0.07565553
0.07805135,0.036719058,-0.035451945,-0.06716783,-0.034882214,0.054671858,0.14126503,0.18164843,0.14731309,0.07917468,0.038867485,0.06968355,0.14481719,0.21873271,0.22735794,0.17335495,0.07643211,0.0046467213,0.005046997,0.067976564,0.12279914,0.11796513,0.044767726,-0.05440233
0.022226188,-0.02836008,-0.10388352,-0.14686294,-0.13534915,-0.07502063,-0.014906038,0.009358028,-0.026328279,-0.086942285,-0.11622817,-0.08040405,-0.0093931705,0.062273398,0.086020224,0.055145156,-0.009482599,-0.04940991,-0.026719771,0.037957188,0.09782419,0.1044021,0.049686506,-0.027479796
-0.027630396,-0.10271646,-0.15329665,-0.13571395,-0.07242631,-0.009397202,0.012535476,-0.021439046,-0.07902053,-0.11207137,-0.08368979,-0.0026996525,0.06975197,0.09742459,0.062256996,-0.0032707932,-0.04575501,-0.029943451,0.033720445,0.096381605,0.10756809,0.05028838,-0.0324394,-0.08704675
0.024587285,0.009096329,-0.016537247,-0.030547133,-0.016378444,0.028084401,0.07087037,0.09039542,0.07942265,0.056871302,0.037253108,0.04913687,0.08053017,0.11543313,0.12093491,0.097824566,0.05544879,0.018782875,0.011531391,0.035485428,0.05476447,0.05037346,0.019493757,-0.027395131
0.033479758,0.028577432,-0.033061266,-0.11256948,-0.15921089,-0.13358513,-0.064672634,0.0002203597,0.008345995,-0.039154936,-0.10646546,-0.1345697,-0.09772283,-0.0147970095,0.05644436,0.080134496,0.0358871,-0.031540204,-0.06634965,-0.031666983,0.042802684,0.1051043,0.10664021,0.04688848
0.056275513,0.123580374,0.13465911,0.07010076,-0.023166666,-0.081414714,-0.07103853,-0.011111427,0.04538209,0.047949005,-0.01703917,-0.11446017,-0.16930757,-0.15149152,-0.07304179,0.004695659,0.03006845,-0.013376296,-0.091999136,-0.1305493,-0.093756184,-0.00025329972,0.090022504,0.12003949
0.022839503,-0.019533072,-0.042775307,-0.014702631,0.042935856,0.09463263,0.107575096,0.084943265,0.041713607,0.017042413,0.034720797,0.089538746,0.13373028,0.13807431,0.09400724,0.032073263,-0.009900571,-0.0057066036,0.036718234,0.07599524,0.072381295,0.022707755,-0.039643567,-0.077233076
-0.07972634,-0.051450394,0.0393969,0.12516972,0.16165173,0.11361533,0.03462467,-0.012506765,0.0061484147,0.085922666,0.16176938,0.17313585,0.11150904,0.014528787,-0.04989681,-0.045416355,0.025441006,0.095318526,0.10361608,0.036158185,-0.06392747,-0.12512147,-0.10809333,-0.027226914
0.076421544,0.07660129,0.035153177,-0.023112403,-0.07206208,-0.073482215,-0.0468137,-0.02817699,-0.034146417,-0.070458956,-0.12436688,-0.15586224,-0.14813997,-0.105531074,-0.05851139,-0.03814438,-0.057136636,-0.089831926,-0.103947334,-0.07544848,-0.01570793,0.0443271,0.06960936,0.05297839
0.045196727,0.02678923,-0.0079687275,-0.021079795,0.0037390587,0.062061895,0.115298495,0.14200854,0.12709242,0.08781748,0.06499207,0.0811828,0.12484636,0.16492459,0.16508,0.12666044,0.063680336,0.016242102,0.014430999,0.04600382,0.0730167,0.06722071,0.021209273,-0.039797325
-0.12730531,-0.090928145,-0.04174678,-0.03790149,-0.0647731,-0.11035413,-0.13304979,-0.11336566,-0.0584137,-0.0012202687,0.021177063,-0.007138794,-0.04650793,-0.066596195,-0.044168442,0.011323317,0.06849127,0.084810965,0.049772013,-0.008318574,-0.04611537,-0.035838727,0.004090506,0.04471765
-0.07819398,-0.13037676,-0.16028999,-0.15399146,-0.11814692,-0.07634345,-0.05878477,-0.07832758,-0.10540845,-0.114228025,-0.09051858,-0.03614517,0.017734548,0.04459192,0.031357992,-0.00090898393,-0.019124892,-0.004728532,0.034729514,0.07274841,0.07626426,0.040301457,-0.012861816,-0.052126747
-0.027039867,0.009198996,0.088921875,0.15808001,0.19451232,0.17683537,0.13819139,0.11628914,0.13718034,0.19384162,0.24195349,0.24220918,0.19339849,0.115961,0.06694594,0.05976978,0.09295957,0.11770299,0.10331347,0.04035124,-0.041618645,-0.09170873,-0.08329163,-0.039473586
-0.033266842,-0.022468176,0.02868863,0.08147413,0.09300507,0.047016036,-0.024115436,-0.08113637,-0.082392864,-0.03627341,0.012089947,0.01985034,-0.023226537,-0.09372348,-0.13810474,-0.13162051,-0.07280314,-0.005461717,0.020052183,-0.011586138,-0.06646027,-0.09726027,-0.07203328,-0.0046316986
-0.08607133,-0.041652568,-0.028452907,-0.09405562,-0.17949563,-0.23110305,-0.21661441,-0.16488507,-0.098679066,-0.07524246,-0.11056902,-0.18234256,-0.21430717,-0.18238208,-0.09010778,-0.006735525,0.037464004,0.014184163,-0.050082754,-0.09030167,-0.06508879,0.0113311885,0.08637615,0.10581641
0.101005144,0.19067967,0.23078158,0.19922088,0.14241599,0.10647971,0.12815586,0.19902804,0.26491484,0.2696604,0.21541552,0.11798853,0.050034482,0.042235084,0.09171915,0.14068651,0.13957712,0.06989206,-0.025761304,-0.0919435,-0.0837173,-0.015910365,0.054364268,0.077600315
-0.025170073,-0.045150828,-0.010251836,0.07189794,0.15459323,0.17287886,0.1369828,0.09004528,0.06423597,0.084884554,0.15403979,0.21394841,0.21532917,0.15696377,0.07508001,0.015316814,0.015453133,0.05955284,0.10586087,0.095181,0.030423386,-0.055626485,-0.10826395,-0.092381105
-0.022513045,-0.006756834,0.044944823,0.09611023,0.10689451,0.062312875,-0.0054994393,-0.050127473,-0.048896153,-0.0034754674,0.036591124,0.038878538,-0.004796312,-0.07074885,-0.11519693,-0.10933577,-0.055073578,0.0050457907,0.022894321,-0.008030002,-0.06250768,-0.09243255,-0.067398846,-0.002708983
-0.04553674,0.03559537,0.123187646,0.1445771,0.11136896,0.0413889,-0.00076880684,0.024724213,0.09564261,0.16012293,0.17677957,0.11617477,0.02979749,-0.03417939,-0.023242371,0.037220635,0.10032625,0.10693368,0.048627425,-0.047804996,-0.10612038,-0.08663255,-0.014674403,0.058690872
-0.05802039,-0.014569075,0.0105882855,-0.012419188,-0.04327221,-0.061377056,-0.037082963,0.017960178,0.07820895,0.09924237,0.08488983,0.036973838,0.012664211,0.027929025,0.073968284,0.11427154,0.12757047,0.092603125,0.029744817,-0.016921794,-0.019559069,0.010348552,0.04148049,0.044462122
0.12187632,0.07153349,-0.021637812,-0.07680066,-0.07763247,-0.015951404,0.042982183,0.055459294,0.0016758773,-0.08451582,-0.14247502,-0.12069874,-0.052986514,0.02526283,0.045746878,0.0026800903,-0.078195676,-0.1259761,-0.0976375,-0.010298293,0.07708246,0.10333716,0.060223635,-0.015358594
-0.03108477,-0.018604334,0.03625285,0.094123475,0.10942284,0.064645395,-0.005808221,-0.06338009,-0.062401988,-0.012365496,0.03815773,0.04621164,-0.00039753492,-0.073546246,-0.1221374,-0.11836072,-0.058608826,0.0087326495,0.029062621,-0.005797106,-0.06550051,-0.102043115,-0.076314375,-0.007349502
-0.026466087,0.033233434,0.10683787,0.13574845,0.12409246,0.07915344,0.048156116,0.05903604,0.10866131,0.16156754,0.17827888,0.13612549,0.07121722,0.017224178,0.01329008,0.044025343,0.08894887,0.095970795,0.05058791,-0.021935305,-0.07570243,-0.07655996,-0.028549686,0.02546709
-0.11219586,-0.06635688,-0.0012057223,0.0162836,-0.0011283209,-0.05015362,-0.08206168,-0.067290455,-0.012287637,0.04737668,0.078202896,0.052526526,2.1467498e-05,-0.040338274,-0.026989799,0.021611316,0.08037583,0.09816818,0.06520072,-0.0073404624,-0.058845393,-0.05938245,-0.017047966,0.031600542
-0.081106186,-0.0780266,-0.042346314,-0.013638522,-0.01341398,-0.052680213,-0.105485976,-0.13856074,-0.1333163,-0.09155499,-0.051058114,-0.040402472,-0.06602719,-0.10871621,-0.12686037,-0.10651469,-0.052747685,0.0015323283,0.023289498,-0.001607773,-0.042182792,-0.060209755,-0.041436702,0.0065122847
0.036657758,0.01795956,0.03722478,0.09474188,0.14220007,0.14478897,0.10186782,0.04298298,0.0036257321,0.0143920425,0.054795273,0.0942754,0.08802964,0.034869704,-0.031701647,-0.07181437,-0.064645514,-0.019206498,0.027053311,0.03366109,-0.0058828904,-0.05780095,-0.081402324,-0.05598567
0.08186738,0.14450973,0.17027874,0.14393033,0.1037238,0.08133021,0.10398297,0.15714447,0.20100594,0.19940302,0.15618046,0.084100254,0.039906338,0.037917964,0.07863884,0.110130176,0.10442161,0.049226426,-0.022142427,-0.06619079,-0.056423694,-0.00675421,0.04096357,0.051732954
0.028277842,0.039909914,0.07145355,0.106851734,0.10792929,0.06829778,0.008445036,-0.029167177,-0.040139355,-0.013170855,0.006782467,0.00544702,-0.032220773,-0.08480484,-0.12355974,-0.11721677,-0.07778008,-0.030254375,-0.0111296065,-0.0246955,-0.058215488,-0.0726068,-0.0477648,0.007819539
0.050528947,0.008109792,0.008699118,0.07145143,0.12175861,0.117520146,0.051016692,-0.03663699,-0.104958124,-0.10225312,-0.05165666,0.011570434,0.013619009,-0.047548383,-0.13153754,-0.17411421,-0.15956369,-0.0848428,-0.0015917487,0.02865065,-0.0050572213,-0.062260937,-0.09249324,-0.057386704
0.033657365,-0.03905936,-0.08565818,-0.051711537,0.030079203,0.10393652,0.123661906,0.08430577,0.012565395,-0.029164383,-0.0005593456,0.08592723,0.15515447,0.16739334,0.10877932,0.022425361,-0.03778278,-0.02855763,0.04103189,0.10591651,0.10985101,0.04150007,-0.053700842,-0.10900537
0.07076552,0.08133434,0.046962284,-0.013050955,-0.06217697,-0.0662889,-0.033527102,-0.0017348473,0.0046404875,-0.03340605,-0.08862389,-0.12870775,-0.12572336,-0.08256446,-0.026310565,-0.006627471,-0.026957482,-0.06832763,-0.09387598,-0.07716401,-0.018115643,0.042746592,0.07180227,0.05404511
0.029782776,0.044665802,0.08272888,0.12774174,0.13368863,0.08981478,0.02389936,-0.026112378,-0.033242133,-0.0048049483,0.026841724,0.027174614,-0.019089868,-0.08464108,-0.12959087,-0.12575647,-0.08148328,-0.027655762,-0.0061712395,-0.029888187,-0.06864115,-0.087690316,-0.059350256,0.0048718248
0.11418192,0.055723123,0.009175507,0.033880327,0.09200044,0.1423976,0.14532956,0.09653878,0.018246453,-0.0342802,-0.026653858,0.035802796,0.08251595,0.08271,0.028367165,-0.05125119,-0.10422198,-0.091430195,-0.024062624,0.04305825,0.06120163,0.016412398,-0.04677121,-0.07929724
-0.16704318,-0.11642145,-0.04292475,-0.032339226,-0.062365104,-0.12062959,-0.15027818,-0.1288241,-0.056896478,0.02072344,0.054193847,0.020534426,-0.0361364,-0.07088663,-0.04104246,0.026879726,0.104071915,0.12514596,0.07716011,-0.006926293,-0.06422736,-0.0607547,-0.0059497636,0.046307605
0.042376567,0.015389158,0.034478623,0.1071458,0.16718742,0.16883424,0.11189402,0.035176754,-0.012313289,-0.0004956642,0.049190804,0.09724684,0.09149362,0.03255744,-0.05512508,-0.110501215,-0.10004312,-0.036723506,0.023750221,0.038805578,-0.005215892,-0.07141197,-0.10116067,-0.06581746
0.13578984,0.11335605,0.088089466,0.106600076,0.13919924,0.16801941,0.16383614,0.13693286,0.085329585,0.04539588,0.03614661,0.06242451,0.07911849,0.06933981,0.024339,-0.028327262,-0.070728585,-0.0715725,-0.033558086,0.0073986673,0.020680994,0.0017430724,-0.029513821,-0.042847704
-0.044313934,-0.0018312096,0.011402119,-0.032350533,-0.09219275,-0.13176338,-0.12114332,-0.07135108,-0.017036663,-0.002112603,-0.030689334,-0.08852015,-0.1187213,-0.09893556,-0.035956662,0.024991166,0.052910004,0.028549073,-0.026365178,-0.063100584,-0.047113195,0.007751521,0.06272246,0.07841617
0.107835695,0.048553966,-0.004926651,0.010231157,0.05915619,0.1135526,0.11583209,0.069227844,-0.007878912,-0.063660845,-0.06521712,-0.0042868885,0.04777739,0.059151433,0.0065204822,-0.06763604,-0.12531087,-0.115895875,-0.041405868,0.03361707,0.061522003,0.029161455,-0.032925192,-0.07024949
0.027561111,-0.013366762,-0.003526685,0.068200745,0.13293733,0.14300817,0.086540714,0.0033158192,-0.05671576,-0.04989346,0.0029911643,0.066998936,0.07652712,0.02068004,-0.06869122,-0.12819557,-0.12114938,-0.051766336,0.02504114,0.052579373,0.010610304,-0.062005147,-0.102503136,-0.078619964
-0.11128579,-0.06487339,-0.008705545,-0.009243144,-0.054072473,-0.1271169,-0.16961129,-0.16340856,-0.10518323,-0.04627345,-0.02523831,-0.06756721,-0.12925816,-0.16148719,-0.1296569,-0.061101034,0.017894618,0.0480856,0.013448131,-0.054493487,-0.088022135,-0.06616613,0.0017072057,0.0674567
0.066034086,0.11232841,0.11362127,0.06654044,-0.0064469334,-0.05213391,-0.04931856,-0.014798493,0.018891498,0.01814481,-0.033514567,-0.10626099,-0.14714916,-0.13670494,-0.08484498,-0.025179977,-0.0047103046,-0.030981388,-0.08552698,-0.10584765,-0.074240565,-0.0019301643,0.06833948,0.09397665
0.20757996,0.16353367,0.073251925,0.030804804,0.05251162,0.13793977,0.21061327,0.2226946,0.15624689,0.04958833,-0.017257696,0.0029430499,0.072670564,0.14122541,0.14272846,0.0655474,-0.050352,-0.12176076,-0.094441146,-0.0038172263,0.08373617,0.10224214,0.04210092,-0.04707987
-0.20867985,-0.19293484,-0.1019358,-0.029906504,0.0009418904,-0.041509554,-0.108020164,-0.15474907,-0.11698241,-0.023811009,0.06844888,0.094157584,0.049741916,-0.026898853,-0.061963856,-0.044252954,0.042666744,0.11945021,0.13076632,0.0558435,-0.044505987,-0.110464066,-0.09471924,-0.030351544
-0.04792186,-0.1281367,-0.1869215,-0.18204705,-0.13337475,-0.07250018,-0.050323684,-0.08522635,-0.14352542,-0.17445156,-0.15242033,-0.07340667,0.006158701,0.043647233,0.018334914,-0.033077497,-0.07021016,-0.05134442,0.015840601,0.08685167,0.10622944,0.062225647,-0.015187543,-0.07280927
0.064392604,0.0041399365,-0.036927633,-0.002903059,0.08069392,0.16508335,0.19678797,0.16676132,0.10046439,0.050825756,0.069892116,0.14372852,0.21384794,0.22321893,0.16343828,0.07009175,-0.008363371,-0.018690411,0.04207716,0.1019005,0.107328035,0.048319325,-0.049618904,-0.11389426
0.09877752,0.10087802,0.039152596,-0.040586952,-0.1021728,-0.09742989,-0.055045117,-0.011448827,-0.012822963,-0.068483144,-0.14645721,-0.1872153,-0.17061621,-0.10180977,-0.04031937,-0.01771007,-0.053323764,-0.105542086,-0.12784271,-0.08679318,-0.0019156917,0.07556382,0.10224863,0.06999452
0.08204487,0.1740492,0.21823181,0.18407543,0.122213386,0.08239695,0.10560134,0.17943096,0.25189874,0.26575458,0.21094637,0.10926507,0.037680086,0.03345142,0.08985618,0.14665732,0.15436909,0.08529296,-0.0200219,-0.09103682,-0.085890904,-0.018703481,0.057717074,0.082704276
-0.08764135,-0.05584344,-0.014266352,-0.016849872,-0.053085975,-0.10829148,-0.14185123,-0.1423971,-0.10155532,-0.058064647,-0.043960977,-0.07781817,-0.119313225,-0.14250441,-0.11762615,-0.068590105,-0.008784083,0.01827973,-0.002345014,-0.04750128,-0.07035073,-0.0497606,0.0020605563,0.0521693
-0.10611069,-0.09681372,-0.03989169,0.009484736,0.013192072,-0.0420642,-0.120472856,-0.17100799,-0.15969807,-0.09481018,-0.035886116,-0.02300231,-0.06634071,-0.13269228,-0.16891725,-0.14300324,-0.065417185,0.013133087,0.039297514,-0.00018586675,-0.06410506,-0.09456641,-0.06496511,0.008295487
-0.08519668,-0.034857716,-0.020437457,-0.08451168,-0.16925497,-0.22011967,-0.20136122,-0.14245297,-0.068389915,-0.04337997,-0.076162025,-0.14883728,-0.18629093,-0.1558974,-0.06356652,0.0258096,0.068493895,0.037863947,-0.035137188,-0.0847781,-0.061696947,0.0150109,0.090102,0.108617716
0.025381882,-0.038589463,-0.09574794,-0.09705969,-0.0709751,-0.039308485,-0.041409086,-0.0813229,-0.14342873,-0.18236338,-0.17842701,-0.12157144,-0.0688939,-0.044260927,-0.06918587,-0.11084378,-0.13618775,-0.10956681,-0.04287934,0.027448295,0.058063824,0.03428114,-0.011041874,-0.040123302
0.0161426,0.023725972,-0.0036935064,-0.049595516,-0.062467925,-0.027134074,0.043489017,0.10550807,0.12467787,0.0923398,0.053389274,0.03172724,0.05883086,0.11193499,0.16306531,0.16537005,0.1168147,0.045853812,0.0033561965,0.007670068,0.046167273,0.07864723,0.064083196,0.007858032
-0.04639364,-0.005442671,0.013659469,-0.014980192,-0.05356248,-0.072155185,-0.048071396,0.006545933,0.06054557,0.08092144,0.057494946,0.00879724,-0.013512722,0.005370097,0.053736217,0.100001544,0.11508698,0.080708854,0.017185774,-0.021521887,-0.019783854,0.013554999,0.049440887,0.049311653
0.09880513,0.12495101,0.10741498,0.06556461,0.033917494,0.045711312,0.088656016,0.13456059,0.14845155,0.11701706,0.060023785,0.013372616,0.011811225,0.044623017,0.08139672,0.08903515,0.051566057,-0.009053571,-0.05280983,-0.04832757,-0.007584766,0.041891523,0.05917289,0.03413017
-0.043847453,-0.12681784,-0.18425995,-0.17311123,-0.11521993,-0.053510595,-0.03622419,-0.078799725,-0.14010143,-0.1761009,-0.14820752,-0.06389,0.015116797,0.0497858,0.018070899,-0.046625588,-0.086020984,-0.062129162,0.014264204,0.08610291,0.10542237,0.053470306,-0.028294303,-0.08272143
0.006942647,0.0082718935,-0.044578582,-0.12960517,-0.18704182,-0.17191868,-0.10619637,-0.04403239,-0.02387148,-0.06311129,-0.13090397,-0.17213097,-0.14159392,-0.05631904,0.026577791,0.057418823,0.025694469,-0.037088234,-0.07803922,-0.050817057,0.02414074,0.09497426,0.110045575,0.059655443
0.06455444,0.1389359,0.17511252,0.144634,0.0907688,0.056831144,0.07581603,0.13345999,0.1918083,0.20229773,0.1565997,0.07152086,0.015056085,0.010673706,0.060315832,0.10713518,0.11464341,0.060186762,-0.024096746,-0.080501616,-0.07471681,-0.01593176,0.049333185,0.070039496
-0.111225344,-0.16692926,-0.15459454,-0.08012496,0.0027566785,0.02034142,-0.021312075,-0.09172154,-0.13110507,-0.10904131,-0.020735579,0.06883241,0.09689517,0.05571053,-0.016590098,-0.07061002,-0.05202446,0.023142535,0.100133196,0.11105869,0.05536805,-0.04176864,-0.106712475,-0.098654754
-0.017521013,-0.031060947,-0.0010463257,0.06272384,0.12981471,0.15414353,0.13928749,0.105347455,0.08792262,0.104682185,0.15501648,0.19782028,0.20319133,0.15998566,0.09947867,0.048656676,0.04186309,0.06608903,0.091916606,0.08187493,0.029760327,-0.038759302,-0.08244592,-0.08043671
0.051197782,-0.010861224,-0.057149913,-0.022439454,0.059349466,0.13629504,0.16229755,0.1433868,0.0786105,0.034453504,0.054169994,0.1336478,0.20167243,0.21552408,0.15402068,0.071614325,0.002593898,-0.0015895977,0.05551553,0.1161743,0.11904367,0.05259171,-0.04477433,-0.10675075
-0.06803538,-0.03254785,-0.012686267,-0.03520338,-0.06318152,-0.071055256,-0.03899692,0.011495149,0.06703053,0.0912739,0.08007687,0.041691504,0.025142955,0.04272686,0.08757477,0.13076866,0.1420334,0.10532604,0.042303104,-0.0005532333,-0.0052338024,0.019738171,0.043953992,0.03636963
0.11129982,0.047401723,-0.0044013658,0.019652633,0.08272374,0.1432777,0.14976452,0.103325956,0.020392817,-0.036760535,-0.031902526,0.033871986,0.09294311,0.10049223,0.04073424,-0.045849226,-0.10981144,-0.1002974,-0.024623161,0.052535947,0.07386771,0.030446159,-0.04529652,-0.086507306
-0.103810385,-0.058363024,-0.005257232,-0.006440936,-0.05065299,-0.12012404,-0.1590638,-0.14722513,-0.09082338,-0.031750236,-0.015066268,-0.058234964,-0.11680091,-0.14513262,-0.115797445,-0.047435477,0.027404187,0.053890288,0.01572625,-0.047743358,-0.0808575,-0.05853289,0.005686372,0.068138115
-0.12371133,-0.15656748,-0.14277087,-0.09717546,-0.046613127,-0.03363465,-0.054347966,-0.09010799,-0.10145105,-0.07717458,-0.013036468,0.04792418,0.06854583,0.04394506,0.0072732656,-0.0151494155,0.0028682512,0.04872535,0.091897644,0.08711067,0.044050556,-0.019569993,-0.06060361,-0.062247716
0.07508305,0.059189957,0.07365136,0.13173345,0.17802614,0.17707749,0.12878937,0.06778488,0.024400959,0.023356223,0.054411814,0.08811793,0.07889228,0.02564503,-0.04654675,-0.09571884,-0.09295949,-0.045928188,0.003532798,0.017113203,-0.013451602,-0.06371226,-0.08219584,-0.053192537
