0.047066938,0.11012891,0.12308631,0.059457093,-0.029239567,-0.08536462,-0.08780637,-0.038866315,0.02561141,0.049193494,-0.008763898,-0.09335659,-0.14675581,-0.12425416,-0.055367395,0.026785428,0.06264632,0.025068335,-0.04377129,-0.080765195,-0.05277433,0.03792151,0.12910432,0.16018069
0.057188395,-0.03364782,-0.09084967,-0.062595636,0.031391647,0.12057582,0.17840703,0.12489157,0.03191685,-0.049119387,-0.026562037,0.056878995,0.1542314,0.17471367,0.121943355,0.021714313,-0.05833279,-0.06186801,0.011507553,0.09475806,0.12198866,0.060215075,-0.046833284,-0.12170757
0.17520227,0.19785362,0.16479333,0.10021497,0.066522345,0.081550375,0.15098062,0.19846855,0.21549326,0.15387946,0.08884056,0.03223803,0.023372076,0.087599345,0.13841571,0.15350404,0.10098897,0.014730058,-0.037721846,-0.02540128,0.047167815,0.12653233,0.15499292,0.1140643
-0.007825512,0.04162913,0.05812836,0.02639947,-0.021248853,-0.04600744,-0.045864828,0.016879518,0.068553634,0.08798348,0.056578018,0.0046660113,-0.031602893,-0.0243766,0.020024424,0.064426154,0.07180813,0.03557273,-0.016229667,-0.059054974,-0.055844292,-0.013145483,0.029400488,0.036242988
-0.07063178,-0.019081052,-0.009049182,-0.06081302,-0.13692497,-0.18916053,-0.1972045,-0.13411042,-0.07365601,-0.02775746,-0.064188406,-0.12805386,-0.16491972,-0.1433536,-0.0800651,-0.0063373395,0.031497356,0.0049665584,-0.05560191,-0.09782916,-0.08873708,-0.027335033,0.035781197,0.053793028
0.07726225,0.14514482,0.176975,0.15118301,0.09611566,0.06105881,0.061326902,0.109725446,0.17091462,0.18500936,0.15000102,0.074575566,0.011203421,0.012330035,0.049154587,0.098765045,0.11032581,0.06949376,0.0014620157,-0.04624236,-0.03946075,0.019567287,0.08556438,0.10959608
-0.0032443034,0.067303285,0.13595338,0.14039934,0.074198626,-0.011520179,-0.09480106,-0.100595005,-0.033300187,0.03437785,0.044172406,-0.011549,-0.10608602,-0.1624378,-0.1530126,-0.066801846,0.024867373,0.07201919,0.034899093,-0.03475852,-0.07693211,-0.043450233,0.05842784,0.16037132
-0.009641976,-0.038425397,-0.025169604,0.038214438,0.091754444,0.11281183,0.092854574,0.045791592,0.0071882927,0.00754387,0.061044894,0.106688395,0.118226625,0.07898845,0.020937173,-0.03051841,-0.034311745,0.013153258,0.050414156,0.06182052,0.025468146,-0.036329597,-0.0791846,-0.07400505
0.19509554,0.22323751,0.19716966,0.13731617,0.10730265,0.128175,0.20470144,0.25363308,0.27495375,0.21069151,0.13714813,0.07273618,0.07076282,0.12581861,0.17469919,0.18597642,0.124487154,0.026052836,-0.0273884,-0.01684148,0.05205394,0.13082784,0.15649104,0.111911625
-0.04350777,-0.10849386,-0.15428887,-0.14822936,-0.09675988,-0.040737808,-0.010494137,-0.026180875,-0.08567053,-0.1234161,-0.113267265,-0.050774865,0.029315772,0.045705922,0.029350158,-0.029090475,-0.07416453,-0.06880296,-0.017144952,0.03422021,0.04777918,0.004650666,-0.069631904,-0.12414758
-0.030830806,-0.07252669,-0.07533894,-0.034454282,0.005471694,0.01348903,-0.010138344,-0.07023467,-0.112536594,-0.11045483,-0.06834411,-0.018280722,0.007247568,-0.018867116,-0.06392691,-0.09225382,-0.07768922,-0.025166998,0.029406976,0.05450027,0.031208863,-0.016035637,-0.048037175,-0.036334265
0.068988025,-0.0042655617,-0.043192603,-0.008724199,0.087382786,0.18300746,0.23574878,0.19882222,0.12100227,0.0413976,0.057006028,0.13510369,0.22023013,0.22438127,0.17237443,0.06719273,-0.021215424,-0.03368221,0.031394735,0.09672976,0.112610966,0.04526304,-0.059816696,-0.13162175
0.06888926,-0.021566365,-0.07956008,-0.047392167,0.05146995,0.14665635,0.2079864,0.16056938,0.065408446,-0.019566763,0.0047338023,0.09121159,0.18313256,0.20395334,0.15150937,0.04422166,-0.043466114,-0.051839247,0.018319493,0.099159725,0.12590846,0.06228081,-0.04963518,-0.13023463
-0.13423091,-0.13500261,-0.0948646,-0.052577432,-0.0565874,-0.10598032,-0.19600284,-0.2401079,-0.23578745,-0.17032139,-0.11088036,-0.08281073,-0.1081836,-0.17341301,-0.20602392,-0.17415367,-0.09240467,0.002824558,0.0376948,0.007638221,-0.05605882,-0.097605385,-0.075212196,-0.0018869637
0.07096708,0.09991864,0.05377365,-0.032026663,-0.072638035,-0.041034695,0.06139736,0.16435927,0.19732824,0.15050624,0.055369865,-0.012856821,0.011291064,0.10385956,0.185615,0.1910478,0.11194107,-0.016611226,-0.08966957,-0.08002785,-0.003148585,0.076142535,0.07847427,-0.0055429735
0.022811487,-0.033866163,-0.029348338,0.038312193,0.10702037,0.12075365,0.07678704,-0.029504254,-0.09137451,-0.10815478,-0.03601364,0.04228818,0.060797215,0.009062334,-0.07360036,-0.11454682,-0.09891852,-0.011285994,0.07622212,0.11069468,0.075844646,0.0036409176,-0.033532783,-0.0016809336
0.1057735,0.1075562,0.06560118,-0.00066561974,-0.03367102,-0.030186485,0.01766621,0.040014137,0.04605137,-0.0054528266,-0.06151067,-0.09983725,-0.08313111,-0.019865409,0.022086142,0.046589956,0.018640969,-0.03389318,-0.0503449,-0.024131782,0.040073734,0.1056951,0.131146,0.10563658
-0.11640308,-0.12220807,-0.097133495,-0.062033113,-0.06143552,-0.097165115,-0.15723962,-0.19529165,-0.19706872,-0.14262399,-0.09834159,-0.07599486,-0.08797124,-0.12898718,-0.15536582,-0.13902615,-0.078596175,-0.009416103,0.017582169,0.0030185396,-0.044603072,-0.07903531,-0.07060521,-0.022098903
0.04499554,0.08119375,0.10936999,0.10214909,0.06275615,0.014190546,-0.028164951,-0.037642285,-0.0048642997,0.014294955,0.017646682,-0.015172926,-0.07650795,-0.09170663,-0.08660167,-0.03624911,0.012295826,0.037306592,0.01797367,-0.012836296,-0.020565227,0.010285429,0.07516926,0.13399212
-0.048633434,-0.097222075,-0.106804796,-0.067787476,-0.029315524,-0.02896831,-0.06302953,-0.12921105,-0.1760908,-0.1741726,-0.12129959,-0.06408176,-0.041919675,-0.060696613,-0.10941659,-0.13173574,-0.106820956,-0.03838083,0.02545368,0.05291224,0.029653698,-0.019413522,-0.048546053,-0.029093457
0.007967012,-0.020928856,0.0014821638,0.07356766,0.14365949,0.17450966,0.15388851,0.09778776,0.0619932,0.05789262,0.10987969,0.16916768,0.17650968,0.12428807,0.05615925,-0.0002069479,-0.009898152,0.027645772,0.07758946,0.086257346,0.043163776,-0.032056652,-0.08402906,-0.07732988
0.06370204,0.12841295,0.14180808,0.082460105,6.978154e-05,-0.051651873,-0.054902837,-0.001324032,0.0627667,0.077606104,0.026452115,-0.05470706,-0.11926981,-0.0938496,-0.030575534,0.04576236,0.075004995,0.036822524,-0.032872196,-0.07404737,-0.046429288,0.040398307,0.12882705,0.15911339
-0.05975883,-0.054503866,-0.022874208,0.010444941,0.009613849,-0.021957355,-0.07337072,-0.10491279,-0.10006325,-0.05488859,-0.018984048,-0.0058384337,-0.03479128,-0.07705784,-0.09967256,-0.08363805,-0.031816073,0.018318329,0.03088111,0.009826909,-0.030238219,-0.05380128,-0.038310826,0.008213003
0.049011312,0.008420988,-0.009339982,0.014259539,0.07801343,0.13753925,0.16270465,0.13684821,0.0946633,0.04646424,0.05672865,0.11267575,0.14910406,0.14858207,0.11319629,0.048231456,-0.0037809259,-0.011269562,0.031008828,0.065545626,0.071243875,0.023762444,-0.039186522,-0.07547588
0.008005287,0.017050464,-0.026809344,-0.10274842,-0.14483148,-0.1352102,-0.07440515,-0.0075305193,0.010266318,-0.013261779,-0.08009276,-0.119434126,-0.09436175,-0.024028989,0.04607839,0.06772827,0.03225321,-0.04189405,-0.08397851,-0.070950516,-0.010776135,0.05269858,0.06322238,0.010982432
-0.0014603785,-0.028829314,-0.0044769994,0.080035016,0.15413336,0.17756678,0.1563856,0.08982585,0.05260913,0.051436856,0.1177994,0.1685416,0.17612422,0.12844056,0.043974336,-0.017162956,-0.026003513,0.024472656,0.07555669,0.087884374,0.03820332,-0.042432893,-0.09526571,-0.084845014
0.03132074,-0.031841338,-0.056678712,-0.022011416,0.05417691,0.12162711,0.15269749,0.10731252,0.04235719,-0.003848518,0.015285971,0.085392624,0.1532407,0.14303833,0.09827408,0.020948825,-0.03087555,-0.029643787,0.028625911,0.08071268,0.08500465,0.025744818,-0.056273706,-0.10305755
0.15394685,0.18434379,0.16913001,0.12723294,0.10353429,0.11564338,0.17378253,0.21555468,0.2385685,0.19065085,0.13731137,0.07999788,0.06448637,0.11393137,0.14650749,0.15248178,0.105320156,0.02844387,-0.019946886,-0.017241374,0.03356782,0.09426373,0.11718389,0.086363904
0.019312369,-0.044087783,-0.1381395,-0.1995767,-0.1730252,-0.10104661,-0.002730989,0.023641309,-0.026019907,-0.10807114,-0.16194184,-0.13437304,-0.03225872,0.066737585,0.09823107,0.049366515,-0.038364742,-0.111390114,-0.0855933,-0.0070423307,0.0722208,0.08631669,0.015290152,-0.08830293
-0.006299689,0.009592645,0.07903088,0.15258285,0.15938115,0.10742342,0.011800196,-0.063581534,-0.05713487,-2.4504103e-05,0.06762647,0.08166497,0.02093644,-0.07451115,-0.13413095,-0.11050365,-0.026021538,0.067232415,0.0937992,0.05510845,-0.018532705,-0.059015427,-0.021278594,0.07598923
-0.021316247,0.061298493,0.14821029,0.17539565,0.12883627,0.06445061,-0.007587589,0.012966742,0.08877425,0.1677352,0.17813034,0.12751743,0.02430048,-0.046049148,-0.040937662,0.017672352,0.08829195,0.10880888,0.055471305,-0.032634497,-0.09289885,-0.08223823,-0.006791682,0.07578943
0.022134269,0.10967379,0.20167232,0.23777539,0.20011482,0.14148468,0.07848939,0.093306154,0.16909643,0.23464921,0.24957903,0.1905788,0.085016124,0.012697754,0.004205759,0.053978942,0.11033884,0.1257832,0.06876953,-0.017493732,-0.07630762,-0.0668983,0.006665598,0.0862937
-0.08315003,-0.04330531,-0.03118098,-0.06608596,-0.1309843,-0.18091844,-0.19615756,-0.1531965,-0.10747623,-0.055020273,-0.07992911,-0.13104567,-0.15889496,-0.14734663,-0.09811937,-0.039683647,0.004540102,-0.0033048845,-0.05074966,-0.08393385,-0.08429837,-0.03827843,0.014417405,0.036173463
0.023785379,0.08880274,0.1543369,0.18159893,0.15054598,0.10134008,0.05739067,0.06674202,0.12301149,0.1771949,0.18864526,0.14282933,0.052373227,0.0071645887,0.0034866282,0.044464033,0.09406271,0.09792679,0.049465425,-0.015363934,-0.056498002,-0.043796945,0.013102774,0.0735898
0.06444805,0.07866681,0.043880593,-0.016511466,-0.046068907,-0.025935952,0.037753988,0.10814134,0.12527074,0.08845623,0.027711557,-0.012736348,-0.0024192282,0.05926786,0.11728651,0.12678576,0.07999979,-0.005820299,-0.052362185,-0.048367556,0.0070632296,0.06459059,0.06918249,0.01614557
0.034159243,0.056096874,0.022965742,-0.03902187,-0.07304473,-0.055245746,0.020539341,0.09866497,0.124997556,0.10040794,0.03245056,-0.021740142,-0.003114702,0.06408493,0.12675737,0.13696933,0.085453056,-0.011715332,-0.07025334,-0.066268906,-0.0126664955,0.047115456,0.04913456,-0.012768737
0.036287926,0.13178653,0.22523317,0.2556231,0.20922977,0.14682895,0.08786683,0.11082831,0.19517717,0.26467636,0.2687639,0.19973212,0.08500965,0.015882311,0.017600482,0.07576485,0.13518985,0.13553543,0.06747567,-0.024956986,-0.08138707,-0.06133478,0.019570205,0.10032008
-0.11613153,-0.104930885,-0.03645914,0.041681983,0.051515207,0.0023114353,-0.09252826,-0.14819767,-0.14074692,-0.05616302,0.019292649,0.044233583,-0.000430412,-0.09601814,-0.14928998,-0.132292,-0.04627754,0.04856315,0.07123942,0.0271214,-0.060014527,-0.11873773,-0.102187164,-0.020796975
0.06426192,0.026776463,0.037135288,0.092984505,0.14646906,0.16202879,0.13417977,0.05547409,0.009544904,-0.012385586,0.03893165,0.08904433,0.09884438,0.053956926,-0.012511938,-0.048478123,-0.04275112,0.012592236,0.0712323,0.09392794,0.07007602,0.019424036,-0.007088694,0.016548587
0.14030719,0.15490776,0.099474855,-0.001567032,-0.05855108,-0.054198626,0.018279519,0.06791685,0.08627098,0.023224398,-0.06651415,-0.12886514,-0.11558995,-0.023525998,0.05170253,0.0868355,0.04453462,-0.040079672,-0.083748914,-0.054693114,0.038995028,0.14069678,0.18268028,0.14103225
-0.02661082,0.060255844,0.09641543,0.059191696,-0.01347772,-0.05789479,-0.0523884,0.039614953,0.12723768,0.17689614,0.13107288,0.042201143,-0.025635533,-0.015924597,0.04802981,0.11245091,0.12726761,0.06599246,-0.028893938,-0.09847356,-0.10153954,-0.03866198,0.026679445,0.037730902
0.006826251,0.018765545,-0.012094215,-0.077447966,-0.110208,-0.09919062,-0.053088292,0.0029180031,0.02314807,-0.0015199351,-0.059770703,-0.09104097,-0.06646691,-0.016917478,0.039517686,0.05861411,0.022864059,-0.03413505,-0.06321564,-0.0546214,-0.007173088,0.042064715,0.053364966,0.012636826
-0.08675924,-0.041937154,-0.001084965,-0.008562261,-0.061662633,-0.12023256,-0.17933628,-0.15926236,-0.11003922,-0.045881297,-0.042364616,-0.07315901,-0.12565659,-0.15838899,-0.13456668,-0.072142065,-0.004656442,0.027108496,-0.0021045262,-0.055180162,-0.08702677,-0.068472184,-0.0074283103,0.05158425
-0.06830735,-0.014337169,-0.005341304,-0.058942422,-0.13564326,-0.1878337,-0.19646078,-0.13153176,-0.06943132,-0.024894625,-0.06460267,-0.1284221,-0.16826187,-0.14473379,-0.07865963,-0.0057007857,0.02909951,0.00376477,-0.055680405,-0.09792156,-0.08890533,-0.025755279,0.039726317,0.05782173
-0.0032673234,0.04239118,0.087285355,0.09087669,0.046175946,-0.009978516,-0.06396563,-0.0660871,-0.02369759,0.02095426,0.025103306,-0.014328448,-0.07252295,-0.107453614,-0.1011301,-0.048175003,0.012661227,0.04367781,0.020101443,-0.024167811,-0.051436912,-0.028408034,0.03758103,0.10337835
-0.1107477,-0.043455068,0.014900762,0.019140316,-0.04492806,-0.12589982,-0.20060799,-0.17775893,-0.10924211,-0.020969884,-0.00833843,-0.05823925,-0.1397947,-0.17504811,-0.15650941,-0.084464476,0.00022871686,0.043936662,4.395594e-05,-0.07092483,-0.1205832,-0.101005666,-0.022363568,0.056826856
0.014576869,0.01737197,0.054301202,0.09104737,0.09725056,0.070824526,0.00942428,-0.04560842,-0.047144033,-0.023383908,0.01136776,0.03104401,-0.0007470134,-0.061304107,-0.09473159,-0.07985323,-0.030829452,0.031344842,0.0597591,0.043919194,0.0054198653,-0.018230597,0.006897778,0.068579905
0.15799381,0.074604735,0.017086234,0.020094104,0.08536258,0.14599706,0.17593084,0.097585686,0.010094042,-0.090052955,-0.0762533,-0.0030164968,0.061708845,0.0777053,0.036087837,-0.021192517,-0.07201945,-0.05318622,0.029349452,0.11103578,0.15676762,0.13386205,0.08183793,0.049161814
-0.12448767,-0.111650996,-0.046954148,0.018649356,0.025912128,-0.02396048,-0.1235307,-0.17995259,-0.16644114,-0.08978118,-0.022091463,0.004712634,-0.034546107,-0.12566492,-0.17597128,-0.1522311,-0.07001254,0.031693794,0.065179534,0.024358181,-0.059742108,-0.117129035,-0.09433092,-0.008544544
0.042329997,0.10211127,0.1630936,0.19468394,0.17698166,0.14499214,0.11314846,0.12623012,0.17396435,0.21069373,0.22076167,0.17860673,0.104751766,0.058858447,0.049613845,0.072359554,0.09794935,0.09739887,0.05549464,-0.001698105,-0.0404932,-0.03439631,0.008111548,0.05266177
