-0.1263134,-0.11949192,-0.0633614,-0.007782463,-0.0009581059,-0.058052845,-0.14404517,-0.19670963,-0.18422176,-0.113615625,-0.041458614,-0.023147454,-0.0650851,-0.13876995,-0.18112625,-0.14100732,-0.04917102,0.032509062,0.05797203,0.021614974,-0.047327407,-0.08796822,-0.06464237,0.009607173
0.05351563,0.0245327,-0.018598935,-0.039926432,-0.018180465,0.044927113,0.104205236,0.12062467,0.093159944,0.0444524,0.013616001,0.033125114,0.0829706,0.1321508,0.13163088,0.07942432,0.013664705,-0.02800038,-0.021858048,0.018515753,0.05474414,0.050200567,0.012746253,-0.050292075
-0.08829452,-0.12747782,-0.12565356,-0.079652436,-0.02195857,0.0020680244,-0.01925823,-0.05996403,-0.08571189,-0.076624386,-0.020853361,0.04306342,0.06798147,0.044989564,-0.00828076,-0.047670107,-0.04908931,-0.0088031525,0.041677993,0.05283433,0.019388754,-0.03868347,-0.095921576,-0.10607675
0.0077826995,0.0459645,0.08177269,0.08393547,0.042520765,-0.025602804,-0.07647654,-0.08566246,-0.056133274,-0.020115972,-0.014375165,-0.055097282,-0.110169694,-0.14479917,-0.12804729,-0.06698915,-0.0035492447,0.021232009,0.0036548164,-0.03253671,-0.049776923,-0.02133553,0.038094655,0.10315474
0.00036384907,0.0023766027,-0.05493764,-0.13826072,-0.19217941,-0.1776009,-0.10696094,-0.03213424,-0.0123527525,-0.05205454,-0.12059946,-0.15822144,-0.12387677,-0.042565867,0.04755238,0.07603715,0.028139798,-0.041187443,-0.08524929,-0.06518747,0.0033320906,0.068456955,0.07809285,0.020003034
-0.0744902,-0.0113532925,0.054454606,0.082667254,0.06532107,0.017720291,-0.012109303,0.017932508,0.07650484,0.14332618,0.16614415,0.12500934,0.05907047,-0.00017336116,0.0071601365,0.055652093,0.10418111,0.10146185,0.051859442,-0.024034789,-0.07879657,-0.07758652,-0.037030578,0.0076387823
-0.030420052,0.023103535,0.04536946,0.020257695,-0.02759682,-0.060320735,-0.0471887,0.015849238,0.072796956,0.099738926,0.07298072,0.012700129,-0.02112275,-0.02245564,0.03563863,0.08835428,0.09928978,0.058356285,-0.008676389,-0.055437922,-0.056699898,-0.01401412,0.028778693,0.034613892
0.05646486,0.074239165,0.04598801,-0.0036687064,-0.032218315,-0.007319388,0.062402617,0.12665272,0.14644787,0.11772341,0.061404373,0.023447677,0.03755113,0.088032745,0.14256744,0.14404903,0.08401171,0.011264353,-0.036506306,-0.033978038,0.009618072,0.051426716,0.057018198,0.0105588
0.12434249,0.059577037,0.014990434,0.02715954,0.08237603,0.13805012,0.14988086,0.083229296,0.00520404,-0.05727966,-0.052555867,0.009667243,0.059831,0.08465043,0.023395533,-0.061502546,-0.113574706,-0.089002036,-0.011747023,0.05929581,0.09040475,0.055531587,-0.003016851,-0.028129697
0.10974681,0.18937519,0.22052248,0.1938537,0.13743441,0.09758566,0.11757511,0.1795358,0.23600061,0.24801688,0.1956352,0.10476142,0.04052395,0.033118136,0.08608823,0.13661219,0.13682602,0.07372756,-0.00459084,-0.059102494,-0.050684292,0.0139914155,0.081949174,0.10826973
0.039956745,0.00096652564,0.0028324595,0.041386575,0.07582672,0.077425405,0.03351807,-0.042586055,-0.086717986,-0.093720175,-0.056748267,-0.012020634,-0.0031421112,-0.024868986,-0.08222363,-0.1140254,-0.09675299,-0.03602743,0.024227958,0.052291565,0.039081782,0.0011970261,-0.01717412,0.011514373
0.04426089,-0.013718481,-0.096697666,-0.14868964,-0.13252904,-0.0583174,0.01400674,0.028339235,-0.015416479,-0.08913127,-0.13139857,-0.09498752,-0.011239848,0.07385379,0.0972175,0.045733083,-0.036735415,-0.08031305,-0.060163684,0.014965323,0.081749246,0.09265746,0.038439024,-0.050446507
0.0873416,0.044456266,-0.029629821,-0.087535806,-0.09980206,-0.064317405,-0.023229195,-0.025015589,-0.068715766,-0.1408993,-0.19109392,-0.17994232,-0.12530296,-0.048638012,-0.022805132,-0.041870147,-0.08627729,-0.10842195,-0.08244507,-0.01229304,0.060298495,0.092571095,0.075432934,0.030102082
-0.017322896,0.002571618,0.0621832,0.12559813,0.15712658,0.13860784,0.09215502,0.05820628,0.0654756,0.11225091,0.16164435,0.1715428,0.1316524,0.060779847,0.0051920507,-0.004775552,0.029484794,0.06876291,0.07573868,0.03861704,-0.022679795,-0.06710245,-0.06494892,-0.018962525
0.1541411,0.17943338,0.14194506,0.072731666,0.025728552,0.03828972,0.10311742,0.15847401,0.16769227,0.1174458,0.03330077,-0.024209293,-0.020765105,0.039837565,0.10084051,0.10911639,0.058178492,-0.020509314,-0.06579257,-0.050339628,0.016661271,0.086878896,0.11848045,0.08572711
0.00086071744,0.048511833,0.09369043,0.09894202,0.05500163,-0.011791079,-0.060268838,-0.060942158,-0.02434225,0.01917213,0.021925366,-0.02677915,-0.08750997,-0.1266729,-0.1112314,-0.046805173,0.022617672,0.041010566,0.011838317,-0.032518502,-0.05716035,-0.031419158,0.03727988,0.10342281
0.017959533,0.02408781,-0.021934345,-0.0946503,-0.14558265,-0.1354711,-0.07525262,-0.0123735545,0.0019321818,-0.03285162,-0.09814315,-0.13673285,-0.112730205,-0.04560216,0.02776137,0.056303263,0.022231985,-0.0358172,-0.0756684,-0.056674607,0.0018456014,0.059194546,0.07786345,0.035785753
0.029842008,-0.026281537,-0.11208228,-0.16645502,-0.14839086,-0.065851904,0.021054696,0.04929121,0.014287805,-0.058289807,-0.10162495,-0.06580603,0.0225248,0.114138745,0.14443156,0.08971275,-0.0067234603,-0.06668535,-0.054070104,0.014808445,0.08218169,0.09325265,0.033233054,-0.0698957
0.056788165,0.028282821,-0.012562689,-0.02540614,0.011848056,0.0822772,0.14896303,0.17030598,0.14243582,0.09026548,0.06356829,0.09023631,0.14109446,0.1823554,0.17545773,0.10724009,0.025497947,-0.02158167,-0.013940952,0.022246439,0.053760298,0.043829456,-0.013004605,-0.08511668
0.06966992,0.012908178,-0.07350982,-0.13918027,-0.1526014,-0.1146279,-0.067618124,-0.06914268,-0.11361999,-0.1894969,-0.24013369,-0.21906424,-0.14898527,-0.06334782,-0.025652133,-0.04233404,-0.09053378,-0.113599904,-0.08565163,-0.0058169737,0.07184354,0.10813881,0.085780874,0.029032761
-0.004638207,-0.044761106,-0.012882205,0.07638293,0.16476168,0.1959309,0.15117222,0.06585124,0.017992478,0.033439387,0.10976552,0.18716638,0.19485182,0.13392094,0.025412869,-0.052247636,-0.0487936,0.019891886,0.0880007,0.09824553,0.040700447,-0.052072275,-0.109476104,-0.090442166
0.022788633,0.031429496,-0.010785539,-0.08139525,-0.1309673,-0.12387649,-0.06869641,-0.006054277,0.013385533,-0.018006139,-0.08042686,-0.11952979,-0.09763121,-0.034292895,0.044743195,0.07109633,0.03610228,-0.024012113,-0.06928996,-0.055371042,0.001450969,0.062253553,0.08022486,0.037131064
0.02871811,-0.056091327,-0.12076335,-0.12413638,-0.07678531,-0.02161403,-0.014879929,-0.07472018,-0.14938956,-0.20988393,-0.20089653,-0.12323106,-0.04819756,-0.0041434807,-0.041239858,-0.10533112,-0.13839155,-0.10995888,-0.029553937,0.05310614,0.08780343,0.05835736,-0.0046162023,-0.048356097
0.07396972,0.036178194,0.05277415,0.11783922,0.17841162,0.18830977,0.13884762,0.04510427,-0.0088970205,-0.014501113,0.03586846,0.092675194,0.09270345,0.04836544,-0.045230314,-0.103878595,-0.08959574,-0.023033759,0.05265743,0.075222574,0.04522922,-0.014196253,-0.043071292,-0.00752051
0.21310064,0.25500977,0.21392405,0.13128135,0.072462335,0.093173176,0.17974357,0.2615713,0.2747782,0.20441349,0.091309875,0.006847077,0.003544047,0.08064567,0.15751766,0.15828164,0.08229706,-0.022963036,-0.08963939,-0.07879723,0.009834669,0.098810524,0.13383038,0.09271665
0.049244955,-0.016790349,-0.11398567,-0.17326812,-0.1540296,-0.067582674,0.015628822,0.034008406,-0.016274288,-0.104165636,-0.15266459,-0.111546025,-0.016701743,0.08438735,0.110437185,0.049500063,-0.046260417,-0.09891684,-0.07291288,0.010768676,0.089993455,0.10296087,0.03874629,-0.06454371
-0.11926788,-0.054353073,0.01631455,0.04167436,0.004598412,-0.065511405,-0.10597408,-0.074991554,-0.0035782093,0.07806478,0.107752725,0.058034357,-0.013853401,-0.07470882,-0.05616477,0.018623104,0.086092465,0.09757587,0.04719827,-0.038617454,-0.09636759,-0.09100604,-0.0346692,0.026091633
0.080578536,0.10130248,0.060411084,-0.008363652,-0.04465524,-0.014157678,0.06321465,0.13842367,0.1550696,0.11202188,0.03727298,-0.008581949,0.009374988,0.07641205,0.14721969,0.1487004,0.082657374,-0.00479355,-0.061318003,-0.049933985,0.011572701,0.07050666,0.07839347,0.020540586
0.016616102,-0.05616954,-0.111499876,-0.11483389,-0.07317402,-0.026710624,-0.020409826,-0.07315078,-0.13505203,-0.1810736,-0.1688269,-0.09927788,-0.03510757,0.00020657328,-0.030201279,-0.0803831,-0.11004181,-0.085576065,-0.017794302,0.05312283,0.07878832,0.052624352,-0.002366939,-0.039553575
0.071372315,0.031541314,-0.032530505,-0.08162886,-0.08828227,-0.05683443,-0.02159859,-0.0253151,-0.061482996,-0.1201869,-0.15876195,-0.14303245,-0.094085954,-0.030782402,-0.006528977,-0.025884591,-0.065224044,-0.08531852,-0.06360085,-0.003894269,0.056190826,0.08328111,0.066253655,0.023837084
0.0979702,0.051986966,-0.021752384,-0.06347351,-0.034509793,0.056358453,0.1405196,0.16484022,0.11813454,0.032749638,-0.02174918,0.006039406,0.08368012,0.16424674,0.17464761,0.09720886,-0.002401165,-0.063712716,-0.053377155,0.01578656,0.08227958,0.08903517,0.02875379,-0.067922495
0.016869325,-0.025573099,-0.0020579936,0.07541542,0.14714766,0.15879877,0.09926902,0.00040667388,-0.052975133,-0.04433904,0.023640638,0.094288185,0.098267384,0.04277995,-0.061555024,-0.11765742,-0.09161611,-0.012747499,0.06827,0.088847615,0.040615004,-0.035751082,-0.07393611,-0.038676284
0.08016176,0.055546314,0.008098724,-0.016741205,0.003740123,0.0682786,0.13495953,0.15902776,0.1330339,0.07448528,0.0351343,0.04759968,0.09476118,0.14931087,0.15579751,0.1028813,0.024353245,-0.028681103,-0.026952831,0.012061031,0.05541121,0.060679402,0.019517219,-0.04673103
0.07297167,0.02566254,-0.045302887,-0.09822931,-0.105392426,-0.068748415,-0.035291936,-0.04459237,-0.088659875,-0.15361293,-0.19490571,-0.17499417,-0.118958615,-0.04717046,-0.025126833,-0.048185598,-0.08340353,-0.1006472,-0.07253446,-0.0036600041,0.0627706,0.08849319,0.07303082,0.02747656
-0.09544528,-0.051327497,-0.009421803,-0.013271337,-0.06554442,-0.13883033,-0.18796377,-0.17347229,-0.12227416,-0.06153081,-0.047108695,-0.09031014,-0.14277482,-0.17757675,-0.14063095,-0.05724995,0.019945605,0.042838495,0.0052798563,-0.04568188,-0.07462196,-0.048894417,0.014361258,0.071455754
-0.025140775,0.015790608,0.020608792,-0.01829818,-0.07935063,-0.121845834,-0.110747166,-0.059708808,-0.010536859,0.0080732405,-0.019535711,-0.07756939,-0.106521316,-0.09268427,-0.027042069,0.039744202,0.05151407,0.021638539,-0.028739637,-0.062457748,-0.04782488,0.0043787085,0.051623,0.06574919
-0.1378155,-0.082369395,-0.02617065,-0.025409212,-0.08641017,-0.17746943,-0.23556866,-0.21360712,-0.1443567,-0.064106636,-0.042594515,-0.09410138,-0.15702125,-0.20502152,-0.16378908,-0.061867803,0.0351784,0.0606714,0.015497425,-0.053560287,-0.09703457,-0.070362456,0.0057730824,0.07229563
-0.0006380738,-0.09165235,-0.15499985,-0.15730223,-0.11153032,-0.064514376,-0.06933994,-0.14189526,-0.2184097,-0.26724303,-0.24549007,-0.15923797,-0.083519496,-0.045103427,-0.08564271,-0.1404573,-0.16033436,-0.11464194,-0.025859097,0.059946515,0.08835799,0.052489232,-0.0075860345,-0.042105637
0.01635499,0.06536374,0.113666,0.12969193,0.10368767,0.060699593,0.03266295,0.04210505,0.077789515,0.11716909,0.12148125,0.07717063,0.020310592,-0.019029789,-0.012103445,0.026273897,0.062931016,0.06644869,0.029199375,-0.019531386,-0.046955843,-0.034725405,0.013290016,0.06359509
-0.052627943,-0.0023918746,-0.0041761925,-0.068656586,-0.1536948,-0.20590352,-0.18661772,-0.108292535,-0.044388775,-0.024959583,-0.071223184,-0.14635079,-0.17468518,-0.14819215,-0.047261376,0.04205428,0.062083174,0.018237948,-0.05632739,-0.093337364,-0.06647892,0.010156888,0.07209592,0.07807041
-0.035895694,-0.0938992,-0.12988764,-0.11842322,-0.066716164,-0.008531033,0.012731449,-0.012775471,-0.056185808,-0.08442767,-0.06427149,0.0010161242,0.060353685,0.083087705,0.05001056,-0.009142207,-0.050964624,-0.039963204,0.005313105,0.05176446,0.05828098,0.0151822055,-0.050970424,-0.09998487
0.020693965,-0.026831418,-0.09681161,-0.14233336,-0.12738037,-0.058888014,0.00819043,0.030055674,-0.004650666,-0.06561341,-0.10131967,-0.07059756,0.0019662231,0.075638294,0.1013799,0.055333756,-0.022075698,-0.06183677,-0.053443667,0.007982521,0.06491243,0.0724613,0.019508235,-0.061967228
0.11418563,0.06369828,-0.023419589,-0.08581829,-0.08827248,-0.028297132,0.038653515,0.046420384,-0.00447125,-0.095297605,-0.15683298,-0.14148842,-0.07011102,0.02373557,0.04779577,0.0041491026,-0.07289195,-0.11411702,-0.08725722,-0.0071652513,0.078818046,0.10813967,0.07364671,0.003646096
-0.056144595,-0.12052768,-0.11346579,-0.044184733,0.024866993,0.037701175,-0.021756604,-0.12185159,-0.17752357,-0.16827837,-0.089130886,-0.0013410291,0.024793098,-0.015324883,-0.108999185,-0.16003114,-0.13381043,-0.04140557,0.05278586,0.08374473,0.042359497,-0.03924699,-0.09155963,-0.06835311
0.061034888,0.033422675,0.041531052,0.078556746,0.106216386,0.0983426,0.047424734,-0.03163123,-0.07383643,-0.07715776,-0.042928975,-0.008770641,-0.013830444,-0.040445548,-0.10105205,-0.124964945,-0.098093905,-0.03693668,0.022405032,0.04519603,0.03149068,-0.001161657,-0.0060608503,0.035640355
0.017915318,-0.05983325,-0.10773783,-0.08408252,-0.005460292,0.07325809,0.102488786,0.055863827,-0.009909593,-0.059720986,-0.034545884,0.05374759,0.12677372,0.15211329,0.09411649,-0.00091646786,-0.068551116,-0.057197496,0.015150632,0.07784288,0.08988766,0.033643663,-0.058151115,-0.118366234
0.044889394,0.06557299,0.045470838,0.013953604,0.007814881,0.045176465,0.11498924,0.18082629,0.19749768,0.16944858,0.12280381,0.09462332,0.10614167,0.144121,0.17935775,0.16462685,0.09896368,0.023438795,-0.020020258,-0.024070418,0.0047988533,0.030710487,0.017238095,-0.0351806
0.08659005,0.058044143,0.005289507,-0.025844544,-0.00626831,0.060247693,0.12924121,0.15222348,0.122743994,0.060061973,0.016400114,0.03091818,0.084779456,0.1437821,0.15374066,0.098673984,0.017448805,-0.035987616,-0.033578645,0.013375452,0.062041506,0.07048135,0.027868139,-0.04356678
-0.023957377,0.03595985,0.08970584,0.088561274,0.023339055,-0.073696256,-0.14237577,-0.14336212,-0.09121291,-0.029958874,-0.0224351,-0.085370295,-0.16294655,-0.21020272,-0.17791535,-0.079780035,0.015428882,0.04444397,0.007728253,-0.04927552,-0.078625925,-0.03790433,0.052240867,0.14028654
0.004158187,0.019102983,0.057194848,0.08916315,0.09005292,0.053545624,-0.001323495,-0.04152644,-0.03816597,-0.0022769175,0.030198172,0.02854549,-0.010354442,-0.057111207,-0.08521693,-0.0652247,-0.013866089,0.028377855,0.03807921,0.017278463,-0.0178831,-0.03191256,-0.004195381,0.051677324
-0.10939443,-0.043153554,0.024280082,0.03361401,-0.02467291,-0.12044373,-0.18355305,-0.16661601,-0.09726134,-0.011854202,0.013707113,-0.043693203,-0.12348289,-0.18449704,-0.15208706,-0.050519835,0.045266695,0.07417073,0.026361717,-0.05093948,-0.10095032,-0.07653288,0.0028569202,0.08447482
0.04116602,-0.005002518,-0.035364605,-0.017134033,0.035030443,0.08873622,0.10896788,0.078111656,0.030504167,-0.0107829105,-0.0007268864,0.050273858,0.09257739,0.110640645,0.064871594,-0.002136947,-0.049959738,-0.04530763,0.0051176976,0.045932535,0.0575281,0.02137947,-0.037822615,-0.07310002
0.0933499,0.10432676,0.05848804,-0.015907977,-0.069408834,-0.06972942,-0.024906812,0.019062882,0.025417605,-0.018867763,-0.08907804,-0.13476415,-0.122294374,-0.057069056,0.012719328,0.037157476,0.0046671266,-0.049598087,-0.081307545,-0.057932053,0.010646447,0.080777936,0.10818251,0.08058669
0.18235154,0.14611237,0.071470544,0.021348264,0.028758451,0.09115313,0.15680374,0.1632776,0.10787821,0.007186777,-0.06354424,-0.058228105,-0.0023983214,0.07827407,0.0850603,0.023469016,-0.057389155,-0.10669413,-0.08120196,-0.008321288,0.074955426,0.104854405,0.07195247,0.008922016
-0.039918948,-0.024266599,0.046632536,0.11906654,0.13271466,0.07587291,-0.017911203,-0.08689724,-0.08102191,-0.015785143,0.053706307,0.062962584,0.00554706,-0.080842294,-0.1428776,-0.1205697,-0.03419839,0.049094226,0.075698465,0.034833934,-0.036622044,-0.0810224,-0.049544003,0.041318264
-0.08525411,-0.0911894,-0.06466369,-0.031942282,-0.021684127,-0.051484402,-0.10079948,-0.13407853,-0.13009252,-0.09375468,-0.04862794,-0.027855339,-0.041095097,-0.08094797,-0.10611404,-0.091299556,-0.041925646,0.0076694773,0.030890225,0.015071684,-0.022715554,-0.0487623,-0.04622365,-0.012643395
-0.02784571,-0.090829544,-0.13877259,-0.13863063,-0.094015904,-0.03779854,-0.016337495,-0.043831076,-0.08938004,-0.12497188,-0.10976667,-0.04506856,0.019215617,0.054837175,0.03199517,-0.02112144,-0.06463773,-0.05643329,-0.007269591,0.046634562,0.0648062,0.03211083,-0.03187801,-0.083777845
-0.05664296,0.011027239,0.036045402,0.0004963467,-0.056558415,-0.09000229,-0.06497843,0.021223783,0.09123093,0.12712088,0.09448833,0.022687556,-0.019107288,-0.019289747,0.05453516,0.12055989,0.12926577,0.07463438,-0.0132344635,-0.07077229,-0.073028736,-0.023072595,0.02498112,0.027025035
-0.12728263,-0.107886314,-0.0511194,0.005818926,0.02160473,-0.014816613,-0.073419146,-0.09679904,-0.07028606,-0.0021295012,0.06434758,0.07520241,0.033256758,-0.032079108,-0.06747482,-0.041199885,0.017711533,0.06420194,0.07049043,0.01841786,-0.050260827,-0.091604464,-0.08305597,-0.033047777
0.10120916,0.0126884235,-0.041819222,-0.020619052,0.055186797,0.12718138,0.1409682,0.06106414,-0.030652644,-0.09972599,-0.083567545,0.006192526,0.079273105,0.10630149,0.030649783,-0.074419506,-0.13288343,-0.100233,-0.0032256774,0.08290436,0.11028083,0.057991143,-0.022873959,-0.06432167
-0.13973936,-0.13095489,-0.07610776,-0.017399432,0.0050956686,-0.028664557,-0.08742403,-0.11702169,-0.09787303,-0.030836383,0.03928317,0.06167045,0.031420216,-0.03770692,-0.07823103,-0.059991945,-0.0027136975,0.055248685,0.068653785,0.026901167,-0.043561835,-0.09229689,-0.09434752,-0.049011268
-0.03884251,0.014247512,0.019350363,-0.038911305,-0.119990624,-0.17427225,-0.16358435,-0.09476762,-0.033177547,-0.009708631,-0.053322393,-0.12783843,-0.1598629,-0.1417924,-0.05124967,0.03655764,0.064537056,0.024861969,-0.04663979,-0.08292106,-0.063141145,0.009465362,0.075956255,0.0879476
0.05548411,0.015106534,-0.002237931,0.025259115,0.08489129,0.14432836,0.16509703,0.13516077,0.09146488,0.058292795,0.07211277,0.1225903,0.16115126,0.168065,0.11958105,0.038793538,-0.01643101,-0.013915421,0.023198843,0.05682189,0.06070221,0.01750544,-0.043328352,-0.080026925
0.073261954,0.034705378,-0.026157888,-0.071932755,-0.082340226,-0.05592649,-0.02515118,-0.030887904,-0.06655836,-0.12542784,-0.16456199,-0.15353091,-0.10687221,-0.044791505,-0.02305699,-0.038441624,-0.07347391,-0.08843518,-0.064779334,-0.0064802044,0.052642763,0.07931954,0.06595708,0.030231616
0.14657806,0.17062703,0.1379274,0.08022296,0.0412914,0.055690385,0.113897264,0.16449326,0.1699737,0.12003884,0.0447759,-0.008671353,-0.0077314237,0.04729701,0.09891428,0.101077646,0.047471285,-0.02174523,-0.061539683,-0.048789408,0.013047922,0.073769785,0.09465568,0.0665967
0.095543414,0.09731608,0.037523806,-0.054639783,-0.12500206,-0.13333185,-0.089383654,-0.046746757,-0.04663093,-0.102022365,-0.18448669,-0.23388472,-0.2125888,-0.13239698,-0.04846505,-0.0134294145,-0.038376156,-0.08473046,-0.1119504,-0.07431978,0.011960185,0.095568255,0.13163133,0.10564323
0.023222785,-0.0368008,-0.11753879,-0.16464539,-0.148769,-0.07479004,-0.005649498,0.011097837,-0.030120442,-0.1026654,-0.14133397,-0.1045087,-0.019448638,0.066542506,0.08979518,0.036745537,-0.04183487,-0.08203531,-0.06113955,0.008879451,0.07428724,0.08105262,0.025491755,-0.06382749
0.11331792,0.07588155,0.009677309,-0.027019057,-0.00063397543,0.08112722,0.15955782,0.18020567,0.13741143,0.057556454,0.008304563,0.029266419,0.092333816,0.16540265,0.17308179,0.100372896,0.00044016968,-0.05738764,-0.04722643,0.012048265,0.075706854,0.08367496,0.02787268,-0.054684352
-0.086536504,-0.12575178,-0.11390938,-0.06430583,-0.010304844,0.005120927,-0.027998196,-0.08068056,-0.106512934,-0.08426682,-0.022796305,0.042423464,0.06244058,0.026599454,-0.028631339,-0.06144303,-0.04694065,0.007513074,0.053325493,0.065392755,0.022906316,-0.038640916,-0.08228158,-0.07879148
0.011910238,0.095023565,0.1810602,0.21650678,0.18540229,0.11613607,0.07434362,0.093297675,0.15400547,0.22151084,0.23269674,0.16499594,0.07301261,-0.003136224,-0.0067171496,0.0467434,0.10609306,0.10991498,0.056197636,-0.029131997,-0.08481706,-0.07420902,-0.0049874615,0.07183436
-0.024441214,0.018881649,0.11372259,0.20306458,0.23180509,0.18382064,0.10863456,0.064467266,0.08828427,0.16622648,0.23647602,0.23382825,0.1560087,0.046355926,-0.023406604,-0.0128290225,0.05192475,0.10932046,0.10991539,0.040980354,-0.05123189,-0.10269904,-0.07931197,0.007143425
-0.012525978,-0.027208583,0.004193818,0.06771955,0.12832965,0.14809178,0.12222785,0.07859625,0.056031097,0.07390646,0.1239881,0.16900004,0.16586564,0.11485628,0.045689106,-0.0023842286,-0.0016735258,0.036931362,0.067606255,0.06347472,0.015413937,-0.045976005,-0.08531345,-0.07271588
0.18795423,0.2211178,0.1756337,0.08970272,0.031154608,0.0538013,0.13112773,0.2046566,0.21388409,0.14918453,0.041899975,-0.032654036,-0.027780058,0.051816516,0.13342856,0.14160019,0.0766056,-0.020488676,-0.08735773,-0.066555426,0.019005457,0.1057115,0.14179122,0.09887192
-0.010531178,-0.063208744,-0.09457624,-0.08350647,-0.036376346,0.01094094,0.026171764,-0.0042600343,-0.04686848,-0.07467314,-0.057094023,0.0020392954,0.053055026,0.06897122,0.035072815,-0.021099998,-0.0572597,-0.042675413,0.0035794436,0.047705874,0.05493292,0.018216982,-0.039695196,-0.078464225
-0.11039519,-0.16273792,-0.14500728,-0.06947621,0.01123282,0.041784115,3.3799788e-05,-0.0708299,-0.10603526,-0.07831238,0.007944044,0.0972933,0.12333102,0.07723062,-0.0057537192,-0.060908727,-0.049150426,0.017661026,0.08157394,0.09260569,0.033554845,-0.05705958,-0.12086647,-0.12008354
0.022406377,0.07251158,0.11655801,0.11504537,0.061515544,-0.016217591,-0.072235845,-0.07603328,-0.041696914,-0.0034881444,-0.007248616,-0.06406644,-0.1288018,-0.1665143,-0.14431979,-0.07485651,-0.0016944283,0.023824017,-0.004916825,-0.04590494,-0.0614515,-0.024896644,0.049194746,0.12395922
-0.12602383,-0.11805527,-0.072329916,-0.026110621,-0.0064090784,-0.025029132,-0.06572135,-0.07922665,-0.061388876,-0.006159995,0.045575168,0.06356888,0.044222858,-0.010519852,-0.03842587,-0.026774362,0.018922187,0.058547307,0.05726428,0.023720188,-0.035640627,-0.07674088,-0.078903146,-0.05207983
-0.019867364,-0.094575904,-0.1366234,-0.11132675,-0.03773928,0.036211126,0.059306692,0.01639743,-0.045030646,-0.084368765,-0.05468825,0.03125785,0.101468824,0.1226925,0.066999674,-0.014906661,-0.07032236,-0.05085351,0.015676174,0.074698076,0.078815006,0.0185499,-0.06904191,-0.12308549
-0.02503386,-0.00692016,0.05139306,0.11430979,0.14227957,0.1193367,0.07090356,0.037138086,0.044539552,0.08979213,0.13894935,0.14796261,0.107755266,0.038005557,-0.016516902,-0.02283526,0.01622327,0.05925624,0.06968869,0.031746935,-0.02789334,-0.07085517,-0.066879556,-0.017864613
-0.09998149,-0.14941947,-0.13303563,-0.05488719,0.03059859,0.06193308,0.025787286,-0.04115058,-0.07757597,-0.057599027,0.026886964,0.1144294,0.13827382,0.09215486,0.0024893603,-0.059257265,-0.05782219,0.004857672,0.076371126,0.08449359,0.028026732,-0.06259431,-0.13619879,-0.13735761
0.027366377,-0.0410785,-0.08813378,-0.08887384,-0.052893795,-0.010805401,-0.008097084,-0.059523445,-0.119255796,-0.16347815,-0.15484066,-0.09327477,-0.034053437,-0.00303548,-0.032356054,-0.084651165,-0.10921601,-0.08029791,-0.01986661,0.046360932,0.07243649,0.046728276,0.00034167632,-0.030049741
-0.03986902,0.02053075,0.034902226,-0.015001043,-0.092597246,-0.14735232,-0.13143902,-0.057527974,0.010774547,0.04032154,0.0010038855,-0.076980755,-0.11672022,-0.10683255,-0.02369163,0.05894776,0.081599385,0.038046047,-0.03529491,-0.08424582,-0.07118943,-0.004818734,0.06087284,0.07525624
-0.06139907,-0.011086536,-0.009795124,-0.07189668,-0.15499105,-0.20748867,-0.19360228,-0.12072049,-0.055861104,-0.02981063,-0.07196405,-0.14394906,-0.17164499,-0.14831507,-0.053055696,0.037758715,0.06739276,0.02434816,-0.047701947,-0.084809504,-0.06421891,0.008165499,0.0754176,0.08165421
-0.027428536,0.04022946,0.06591499,0.035125367,-0.021535572,-0.05422408,-0.027648667,0.05549159,0.12296505,0.15101705,0.11346118,0.03758395,-0.005956655,-0.0049338387,0.062015537,0.122222885,0.12854771,0.07128065,-0.011899673,-0.07007407,-0.069672205,-0.01942859,0.031893995,0.036876347
0.093339376,0.16491364,0.19419312,0.16862833,0.11586243,0.07995633,0.095263794,0.15014775,0.19694602,0.2063273,0.1557349,0.07256509,0.017076435,0.011109082,0.053015746,0.0958145,0.103921905,0.052461013,-0.014353037,-0.059766516,-0.05044546,0.004668586,0.0690584,0.093237355
0.032187,-0.008645226,-0.00754367,0.027046993,0.06182122,0.06286976,0.01724909,-0.060617957,-0.10912264,-0.115313016,-0.080813855,-0.032569293,-0.01988179,-0.04460303,-0.10396991,-0.13400209,-0.10833778,-0.042876408,0.018666761,0.054153178,0.039243218,0.0007794877,-0.016246345,0.011404603
-0.02207405,0.052781597,0.12651587,0.14611521,0.10302642,0.026705287,-0.01565749,0.0057997433,0.06859728,0.137021,0.1466872,0.08172574,-0.00016775429,-0.06495889,-0.050613128,0.01887293,0.08477429,0.09257577,0.039642427,-0.037406802,-0.08498683,-0.06469295,0.0071570924,0.079574205
0.012074972,-0.08741608,-0.16325015,-0.17058782,-0.1246087,-0.07053916,-0.06608839,-0.13595967,-0.21595828,-0.27812546,-0.26232356,-0.17384914,-0.088178076,-0.03616461,-0.0692362,-0.12849212,-0.16325828,-0.12469971,-0.03319827,0.059844952,0.09925365,0.06884784,0.0003582182,-0.044132967
0.18817475,0.15392664,0.08515349,0.038836427,0.051989082,0.119250625,0.18453763,0.18841425,0.13147332,0.037897583,-0.028301882,-0.019135153,0.032610744,0.10475464,0.110104986,0.045242015,-0.037748076,-0.085183635,-0.06854011,0.0041365344,0.08054696,0.10538681,0.07164641,0.011041119
-0.036587458,-0.023526704,0.04455677,0.11026369,0.12595575,0.06952168,-0.026952742,-0.098251775,-0.09811628,-0.03456251,0.032288954,0.046656657,-0.006333174,-0.09498862,-0.15286474,-0.13351695,-0.045238778,0.04237342,0.06707325,0.03552603,-0.033288565,-0.0741136,-0.046405558,0.040757813
0.032396946,-0.053954605,-0.11992554,-0.12652186,-0.08009193,-0.024237866,-0.015251551,-0.076977395,-0.15333974,-0.21350539,-0.20566851,-0.12724954,-0.048577372,-0.003341302,-0.04068864,-0.10612494,-0.14230147,-0.11233423,-0.031170618,0.056102842,0.09275893,0.06278359,-0.00048588723,-0.045773808
0.11636437,0.035604127,-0.023241647,-0.018632485,0.034435026,0.096249886,0.10543486,0.0323844,-0.05651225,-0.13023104,-0.13152792,-0.060724884,0.0062935394,0.04518523,-0.011495192,-0.09476959,-0.13903078,-0.109756,-0.025382563,0.0639309,0.103430144,0.07080778,0.01228538,-0.020674778
0.0199623,0.024469376,-0.01693876,-0.07931446,-0.120915465,-0.10933244,-0.06349059,-0.013938166,-0.0034351528,-0.033290785,-0.085583314,-0.11643605,-0.09710133,-0.03624264,0.029446226,0.052650336,0.022009721,-0.027993238,-0.063132234,-0.046097904,0.0060194284,0.056027878,0.07013616,0.033905886
0.0047083427,0.0040587154,-0.0438468,-0.106102906,-0.13926038,-0.118257806,-0.059590004,-0.002162525,0.010877132,-0.023261813,-0.074731156,-0.09776587,-0.06866616,-0.002522605,0.062193565,0.07509665,0.0330448,-0.029362254,-0.059934076,-0.044314377,0.008555363,0.05557233,0.057920385,0.0046246243
0.10142239,0.022424694,-0.033887297,-0.024110222,0.038211018,0.102911584,0.11729555,0.04754464,-0.03282952,-0.09831955,-0.0884025,-0.0109394025,0.054826256,0.08905396,0.03133659,-0.058919556,-0.11367864,-0.093181625,-0.008595116,0.069818854,0.102890015,0.06558251,-0.0021401031,-0.04292667
-0.036531966,-0.092182174,-0.12960558,-0.12267831,-0.079181984,-0.030956663,-0.014668169,-0.04001135,-0.08055267,-0.10896966,-0.09047927,-0.030545957,0.024107846,0.04839162,0.021450525,-0.027722782,-0.06269949,-0.049556956,-0.003000813,0.04110358,0.05118899,0.016076528,-0.043674063,-0.08626902
-0.14907838,-0.15043111,-0.101237245,-0.053602,-0.051966436,-0.110916734,-0.20227253,-0.25469926,-0.24438652,-0.17673619,-0.10729455,-0.08563944,-0.115810364,-0.1819575,-0.21352714,-0.16919059,-0.07057044,0.01771798,0.043173447,0.016222648,-0.046888422,-0.08305487,-0.061514553,0.0066449726
-0.039925296,-0.118592046,-0.16489546,-0.14777991,-0.07769045,-0.0038115864,0.016734894,-0.026968516,-0.087898344,-0.123266414,-0.09060569,-0.000818805,0.075474575,0.10262916,0.05476485,-0.027000308,-0.08089428,-0.058139116,0.007761309,0.07033975,0.079632975,0.020346006,-0.06767823,-0.12696612
0.15306754,0.11759219,0.049868673,0.0017785238,0.008638665,0.06843969,0.12983826,0.1356859,0.08923779,0.006641799,-0.051918168,-0.04230643,0.011745126,0.08525504,0.09993194,0.04466063,-0.03293469,-0.0785821,-0.06413945,0.0020691375,0.075703934,0.10139655,0.07126568,0.009773077
0.08999535,0.047905065,0.019535445,0.02407749,0.047701236,0.073413335,0.071414925,0.021583851,-0.029208733,-0.069637805,-0.0711407,-0.038013507,-0.008362431,0.010029427,-0.026720531,-0.07012962,-0.08818588,-0.06532112,-0.01400487,0.0343549,0.05763615,0.041250523,0.019919287,0.014802408
-0.018143179,0.053748634,0.11881038,0.12337678,0.053849276,-0.048041184,-0.11697939,-0.1098879,-0.05176777,0.011822088,0.014464757,-0.061649945,-0.14936435,-0.20329201,-0.17495427,-0.07453325,0.024768509,0.052072104,0.008263379,-0.059269138,-0.09305798,-0.052688725,0.044528108,0.14006902
-0.042033892,-0.092417076,-0.09256179,-0.047645792,-0.003372591,0.0015016507,-0.0415014,-0.11649176,-0.15760256,-0.15187314,-0.09432394,-0.030453237,-0.010803957,-0.035530034,-0.09810056,-0.12867343,-0.109479345,-0.038943537,0.032324743,0.057565667,0.03252189,-0.022542346,-0.058020573,-0.037877534
0.09040354,0.0069061583,-0.056199804,-0.051118746,0.009044723,0.07391452,0.08296514,0.011088962,-0.075004496,-0.14478761,-0.13644065,-0.056388676,0.012767952,0.052602604,-0.0011866356,-0.08380347,-0.13194394,-0.106409,-0.019251153,0.06733478,0.10346348,0.06910873,8.027318e-05,-0.040072437
0.10693396,0.064489156,0.030326463,0.0344811,0.067634694,0.09913464,0.09574263,0.044263545,-0.013201986,-0.06251154,-0.066648334,-0.027950626,0.0013180857,0.019630888,-0.0189867,-0.0659735,-0.08564451,-0.069462836,-0.015069251,0.03871565,0.062322114,0.050318737,0.020853698,0.010669494
0.009316777,-0.063543074,-0.113735765,-0.111075714,-0.0664208,-0.019578671,-0.012693321,-0.06471544,-0.12629783,-0.17063983,-0.15520823,-0.08486612,-0.020598015,0.010144104,-0.02648278,-0.08379027,-0.11523753,-0.08617966,-0.01640502,0.05079791,0.07375977,0.04073293,-0.01815006,-0.054720066
0.08459456,0.17906338,0.21662618,0.17411833,0.093185306,0.03357115,0.048733104,0.12677167,0.19826794,0.22113381,0.15962756,0.048494298,-0.025404623,-0.03241647,0.042302236,0.11459584,0.1317114,0.069829844,-0.026138715,-0.09076559,-0.07713739,0.0033935374,0.09146925,0.12580213
0.036480498,-0.011124605,0.0002685031,0.06732335,0.13249348,0.14957996,0.10246829,0.009117894,-0.04523983,-0.0497414,0.006573973,0.07301519,0.086401395,0.04846826,-0.047093198,-0.10751184,-0.09434799,-0.026554655,0.055407718,0.082013406,0.049470317,-0.018571077,-0.05618911,-0.03136838
-0.013099171,0.038486976,0.05714135,0.03372163,-0.012749528,-0.039156195,-0.014778368,0.050511375,0.10530302,0.12458642,0.093980074,0.03208363,-0.00015496321,0.0041934717,0.057564568,0.103969954,0.102402136,0.055378348,-0.007923972,-0.05442726,-0.051252473,-0.010711051,0.029211001,0.032596614
-0.014332599,0.044746015,0.061891776,0.026760606,-0.02979723,-0.061673313,-0.03486623,0.03876166,0.10022256,0.123609215,0.08561652,0.015820399,-0.020880757,-0.014423803,0.052538976,0.11358326,0.118000396,0.062585935,-0.012472834,-0.06019878,-0.05523276,-0.0027134467,0.048497666,0.052183285
-0.0074911937,-0.05072675,-0.10529912,-0.13606034,-0.12428006,-0.080734216,-0.039331216,-0.03186635,-0.057540227,-0.10036955,-0.117968716,-0.086995676,-0.03004051,0.023721704,0.038440026,0.0072657354,-0.038651124,-0.060002375,-0.039069626,0.0056538032,0.045536827,0.048415363,0.009650141,-0.048346106
0.0055843014,0.01352695,0.050737597,0.08716858,0.08985503,0.053327914,0.0005457225,-0.042531215,-0.041963827,-0.011156316,0.020352295,0.021633295,-0.010071726,-0.05703213,-0.09055644,-0.07599866,-0.026252458,0.020640401,0.03769553,0.02038335,-0.014559559,-0.03236399,-0.008090383,0.046332788
0.017884774,-0.053155046,-0.107239045,-0.11018197,-0.07025478,-0.025936719,-0.019042253,-0.070784494,-0.13226905,-0.17929251,-0.1676285,-0.10097641,-0.038884386,-0.0033832816,-0.036508862,-0.08857408,-0.118704855,-0.09301089,-0.02232107,0.045924947,0.07363921,0.04682712,-0.007503182,-0.042633653
0.048781477,0.00029908455,0.0016229396,0.055370785,0.10582998,0.10599687,0.04890885,-0.054071568,-0.110223554,-0.1173865,-0.06306464,-0.0013136431,0.005766446,-0.025051782,-0.11077715,-0.14990222,-0.12599005,-0.051697824,0.039532878,0.07162747,0.04928414,-0.0027323572,-0.028363029,0.010164303
0.12241268,0.14403164,0.113760315,0.05750785,0.021008648,0.03050952,0.07924489,0.12622005,0.13497223,0.09341144,0.02556682,-0.020628367,-0.018309643,0.030017823,0.08451394,0.09046692,0.049573343,-0.015289562,-0.05527987,-0.044165693,0.010406993,0.07074085,0.09273354,0.06385915
0.03184627,0.0055712718,-0.039959386,-0.06991287,-0.061528143,-0.011441398,0.039402887,0.060868204,0.0426985,-0.000720752,-0.029857026,-0.01681694,0.028418588,0.082253344,0.10293929,0.06876978,0.009832115,-0.02935808,-0.03145038,0.0032267848,0.044140678,0.05259837,0.020988764,-0.03685731
0.20615856,0.16977528,0.099446714,0.057972986,0.07308814,0.14429438,0.2156322,0.21497008,0.15718137,0.061093718,-0.0033635383,0.0055407,0.05752109,0.13325858,0.131598,0.06392485,-0.02977422,-0.0807374,-0.058265783,0.014025271,0.09087301,0.11154279,0.077012725,0.017893922
0.08161199,0.09742542,0.039061107,-0.04503986,-0.08996433,-0.051775694,0.045667138,0.13275164,0.14996697,0.09491981,0.009349913,-0.040383678,-0.012999468,0.07687275,0.16002531,0.16497554,0.08114489,-0.021142703,-0.07706153,-0.05985231,0.018373359,0.08585192,0.091347694,0.020998819
0.07986418,0.05482295,0.0087819,-0.016604071,0.0037745195,0.059485555,0.11646587,0.1339132,0.10525772,0.04773602,0.0120607475,0.026669733,0.07135706,0.11996949,0.1255187,0.07317555,0.00042416007,-0.041830692,-0.034129467,0.0064160614,0.050314464,0.057594333,0.01429341,-0.0458396
-0.12653682,-0.12413802,-0.07256147,-0.020238101,-0.018702907,-0.076042175,-0.1628839,-0.217259,-0.20428237,-0.13582325,-0.063934736,-0.04655151,-0.084862456,-0.14995006,-0.186195,-0.14496472,-0.054749902,0.027560713,0.053788897,0.018866152,-0.04348356,-0.081620276,-0.055736627,0.017695257
-0.11196634,-0.08183925,-0.04656539,-0.04840327,-0.08878875,-0.15015891,-0.19441563,-0.18702754,-0.14620036,-0.08743656,-0.06498843,-0.090707734,-0.13016823,-0.16334908,-0.13449824,-0.064642034,0.0036253042,0.034105625,0.006707951,-0.03344149,-0.062456504,-0.0493118,-0.0017351913,0.046175864
-0.030532232,0.015315741,0.032400634,0.007991195,-0.03787104,-0.069694825,-0.058889173,-0.0065848557,0.039037995,0.061628018,0.038700946,-0.014811076,-0.04729711,-0.046818312,0.0004405851,0.051766418,0.06467893,0.035897776,-0.016249217,-0.054810606,-0.053203657,-0.01700275,0.022685405,0.035055183
0.12188806,0.07127275,0.03773651,0.051962826,0.1009745,0.15286714,0.16307443,0.10743787,0.0384201,-0.017978858,-0.021777729,0.026999172,0.06724864,0.085606776,0.02470708,-0.0498066,-0.08542911,-0.06997878,-0.0066285646,0.054470614,0.07672623,0.04524855,0.0033911325,-0.017436083
-0.09505482,-0.092184104,-0.058750514,-0.030308325,-0.03409489,-0.076638445,-0.14170653,-0.1778195,-0.16888663,-0.12000883,-0.07346495,-0.06250844,-0.088931836,-0.1323867,-0.14833105,-0.11171159,-0.040681034,0.017153174,0.029397523,0.009091302,-0.032241497,-0.051883616,-0.02942466,0.021269256
0.008285951,-0.06644806,-0.12162766,-0.12772517,-0.09376401,-0.057381652,-0.061808698,-0.12095118,-0.18517825,-0.23052529,-0.21621174,-0.1486173,-0.08615729,-0.0498479,-0.08014537,-0.1265975,-0.14546782,-0.107344665,-0.032161064,0.03973638,0.07052935,0.045640666,-0.0041628904,-0.032407176
-0.08205046,-0.1178307,-0.10173082,-0.040943917,0.022419512,0.048301116,0.019057253,-0.02943433,-0.056988914,-0.03891624,0.02525907,0.08958381,0.105532065,0.06942498,0.003619965,-0.041951623,-0.03836072,0.011944427,0.058509897,0.06343037,0.018747048,-0.052312013,-0.10597621,-0.104327396
0.14862904,0.12761655,0.09004674,0.06965962,0.08031493,0.117976725,0.15550436,0.14962901,0.11249863,0.050805327,0.0071268645,0.010831139,0.04055433,0.07817099,0.070532076,0.025995715,-0.021722443,-0.050162792,-0.033337504,0.01142023,0.054971967,0.069630854,0.054323275,0.022911372
-0.124861546,-0.11084894,-0.061640892,-0.010027344,0.0105235055,-0.012512275,-0.053189505,-0.066021524,-0.044489264,0.012888424,0.06991217,0.084080875,0.055021003,-0.0030161368,-0.03670213,-0.022771576,0.018880619,0.05769054,0.061363995,0.018183783,-0.043699812,-0.086521134,-0.09063082,-0.05675306
0.023206819,0.07728681,0.13148528,0.15177934,0.13264497,0.08968845,0.06359222,0.077040546,0.11550519,0.15552808,0.15774393,0.113548554,0.055716284,0.006797759,0.00926172,0.041556932,0.07787209,0.07569674,0.035947006,-0.016129512,-0.050164677,-0.03805008,0.006516458,0.05233561
0.071776085,-0.0011127834,-0.043874647,-0.009019188,0.09447753,0.19609341,0.2337384,0.18531407,0.10730229,0.045388274,0.0653711,0.15945406,0.23264278,0.25100434,0.16938333,0.03807769,-0.047203712,-0.049366456,0.02525502,0.09114931,0.10096683,0.03361291,-0.07357946,-0.1470808
-0.0432544,0.0059097465,0.0072527276,-0.049675047,-0.12662652,-0.17569987,-0.16325614,-0.09508151,-0.03602901,-0.015875885,-0.05712735,-0.12695462,-0.15647452,-0.13451475,-0.046548236,0.035686597,0.06059404,0.019304797,-0.04740488,-0.0833798,-0.06164277,0.00794781,0.06955902,0.077475905
0.12037132,0.2063906,0.23862374,0.20188378,0.13250814,0.08791394,0.112225324,0.18393987,0.24297743,0.2521732,0.1870118,0.08329096,0.015912497,0.012424223,0.07488205,0.12845942,0.13134389,0.066244,-0.022106037,-0.077600054,-0.060036544,0.013578435,0.09257236,0.121039905
0.02935767,-0.03546248,-0.08052914,-0.07730319,-0.039323337,0.004110225,0.008486157,-0.042536043,-0.10201828,-0.14615421,-0.13669132,-0.07731416,-0.022029685,0.008129567,-0.029112248,-0.081055745,-0.10635535,-0.0801269,-0.015985994,0.046895217,0.07003684,0.040715553,-0.005450192,-0.033551548
-0.03751587,-0.08280714,-0.14341679,-0.18133189,-0.1726857,-0.12383685,-0.07726872,-0.05948331,-0.082522705,-0.12494208,-0.14620335,-0.11459345,-0.049599316,0.012342143,0.038364697,0.01611944,-0.029626496,-0.056454293,-0.04389085,0.00508748,0.045462288,0.050918955,0.009675192,-0.05798996
-0.03495452,-0.08656522,-0.11694413,-0.1006072,-0.049359046,0.007960542,0.03000957,0.010965547,-0.028374022,-0.056392346,-0.03854834,0.020274736,0.07390716,0.09325751,0.0590772,0.0015077597,-0.039378107,-0.031979308,0.008132233,0.047426708,0.050210804,0.007125134,-0.05738339,-0.103840135
0.13431136,0.08028424,0.043056745,0.05562853,0.10662866,0.15780284,0.16878028,0.11215419,0.04016498,-0.022554915,-0.028347688,0.022745568,0.06603476,0.08466897,0.02748349,-0.051199067,-0.09341266,-0.07668792,-0.011798759,0.05340699,0.08005338,0.052906148,0.004079734,-0.019063996
0.066993184,0.030714454,0.035125464,0.07477069,0.113497615,0.11885472,0.07406572,-0.0069702724,-0.05827616,-0.06919134,-0.037486725,0.0071342424,0.012971981,-0.012903022,-0.081339866,-0.12150695,-0.099241056,-0.03964798,0.023435703,0.05539145,0.04188822,0.0020606439,-0.0115447445,0.018813329
-0.0928362,-0.005583905,0.08957655,0.124676645,0.08223737,-0.008083667,-0.06525423,-0.037449874,0.04614341,0.14526314,0.17567962,0.11030274,0.012495626,-0.074835844,-0.0610692,0.026757844,0.117682666,0.13073376,0.06713941,-0.03650009,-0.11188503,-0.10101353,-0.020785252,0.063029766
-0.12230234,-0.07643969,-0.025776695,-0.020878127,-0.06861129,-0.15082064,-0.20805529,-0.1974086,-0.14226376,-0.06989502,-0.04423344,-0.08203022,-0.14012663,-0.19028853,-0.16127774,-0.07273695,0.017068138,0.04896428,0.016301751,-0.041989535,-0.08481224,-0.06564149,-0.0026431053,0.06190849
-0.070997804,-0.12514634,-0.13976136,-0.11844018,-0.09445257,-0.10231387,-0.14276972,-0.20701228,-0.24049905,-0.23726161,-0.19070548,-0.13241151,-0.1034653,-0.11268528,-0.14873649,-0.15756504,-0.12827626,-0.061921705,0.0061842697,0.037321948,0.025759295,-0.008813141,-0.03416399,-0.020896662
-0.0010471652,-0.048959628,-0.10981637,-0.14502361,-0.13111112,-0.07208056,-0.026227828,-0.016102491,-0.04816494,-0.097402416,-0.12120033,-0.08767835,-0.022678388,0.041889746,0.062480617,0.024962684,-0.026634809,-0.053930875,-0.04217457,0.011821199,0.05747612,0.059755407,0.018794287,-0.04929456
0.07118248,0.025038762,0.038260635,0.10238301,0.16672432,0.18227644,0.13032998,0.029577626,-0.034230556,-0.042349033,0.009794189,0.074437186,0.08272882,0.039804477,-0.05569096,-0.11989258,-0.10819852,-0.03083773,0.047477916,0.08202914,0.054203983,-0.010614883,-0.047087558,-0.013274717
0.11314529,0.05700797,0.018541306,0.024433225,0.06222674,0.097121224,0.089167655,0.021571936,-0.0475484,-0.09936367,-0.0983745,-0.047646593,-0.0086355265,0.010223063,-0.0355977,-0.090744756,-0.110446796,-0.08016403,-0.014761885,0.052248716,0.07788787,0.058376685,0.024801075,0.01570134
-0.013368247,0.040184177,0.092439786,0.09924097,0.0491095,-0.035489216,-0.09689647,-0.10103539,-0.059880722,-0.008254644,-0.0008533921,-0.05391227,-0.124374285,-0.17439926,-0.15987922,-0.08171049,0.004237405,0.03394531,0.008733435,-0.041830607,-0.072568044,-0.043432504,0.03227272,0.112569176
0.057009824,0.013319069,0.017800028,0.071250014,0.12672232,0.14401342,0.102328524,0.01562696,-0.04169189,-0.053876575,-0.010999443,0.04662025,0.057765163,0.02849383,-0.055440847,-0.108124636,-0.09725844,-0.03493325,0.03846462,0.07169898,0.050088964,-0.005581063,-0.037005626,-0.011484364
0.10583143,0.06284929,0.03711388,0.05092287,0.09077063,0.12899236,0.12779434,0.075316966,0.017649882,-0.027463648,-0.027437476,0.01374225,0.044953696,0.05728723,0.009187429,-0.051196925,-0.07526291,-0.056374393,-0.00407604,0.046440948,0.06427468,0.04017119,0.007577622,-0.0045379326
-0.06443942,-0.13149533,-0.13500725,-0.08472683,-0.030585978,-0.021645289,-0.078168206,-0.17073332,-0.22274806,-0.2151021,-0.14607684,-0.062574506,-0.030273864,-0.057669345,-0.12727627,-0.1642811,-0.1334352,-0.046179965,0.036797576,0.07461619,0.044533808,-0.021093758,-0.06345193,-0.04579407
0.006971011,0.014601307,0.051815737,0.08711358,0.08464991,0.03543475,-0.04184858,-0.101244316,-0.105612956,-0.07086311,-0.032483015,-0.029696653,-0.07158234,-0.12176333,-0.15358502,-0.12522171,-0.052271597,0.009348122,0.03250038,0.017295992,-0.018084515,-0.030077165,0.005098355,0.07671193
0.13630079,0.082505904,0.040470216,0.048846733,0.097510144,0.15181522,0.16663182,0.111708485,0.043131612,-0.019171339,-0.02597105,0.023916837,0.06863696,0.09498391,0.043392528,-0.030493291,-0.076600395,-0.069354795,-0.007104349,0.05805091,0.08688707,0.063420616,0.017641967,-0.009829609
0.025851449,0.030070208,-0.03034182,-0.11587499,-0.16752467,-0.14661665,-0.065998144,0.012447783,0.028499734,-0.01932433,-0.09602317,-0.13628685,-0.10244177,-0.018322729,0.06816493,0.09119062,0.034542225,-0.043577336,-0.08770044,-0.06472841,0.0077577145,0.074779786,0.08314416,0.021570364
-0.059486665,-0.016890073,-0.01238555,-0.0586136,-0.13212107,-0.18296555,-0.17564133,-0.11922272,-0.063599914,-0.03798807,-0.067024305,-0.13024744,-0.15914167,-0.14145455,-0.0675396,0.01529888,0.043058902,0.015880626,-0.037644774,-0.0737269,-0.059103847,-0.0030669777,0.056168243,0.07307478
0.113923885,0.027414856,-0.03313,-0.021694273,0.04100345,0.10659929,0.12036167,0.043478627,-0.049528595,-0.1280397,-0.12558873,-0.046945885,0.025914077,0.06311628,-0.008443365,-0.1034141,-0.15285519,-0.12275999,-0.022715943,0.067760564,0.105279535,0.06388888,-0.0045859218,-0.042612202
0.1953405,0.23161675,0.19590376,0.124388985,0.07413506,0.09101325,0.16580987,0.23321888,0.24237494,0.18069935,0.08161859,0.00885416,0.00530576,0.0697679,0.13373724,0.13611785,0.070754744,-0.019410992,-0.075458154,-0.062906586,0.012588426,0.090338126,0.12177463,0.08872406
0.1513879,0.13784927,0.09718946,0.07073996,0.080368586,0.12665814,0.17369097,0.17934689,0.14424418,0.08047363,0.033332735,0.030877173,0.05623716,0.10260356,0.10125935,0.055127777,-0.00693689,-0.047030088,-0.03923727,0.0017307186,0.051865503,0.06899231,0.04917907,0.012286338
0.075171515,0.09240537,0.05073346,-0.01324114,-0.047242578,-0.01699321,0.06378473,0.13474323,0.15205926,0.11107494,0.04265554,0.00055304705,0.018850088,0.08559116,0.14867866,0.15012304,0.08072573,-0.0056251157,-0.05285828,-0.04390792,0.014683102,0.06754322,0.073975906,0.018209876
-0.12028454,-0.07788714,-0.023984376,-0.0010347589,-0.017583301,-0.061193626,-0.08503255,-0.058915272,-0.0062926505,0.060186885,0.090028964,0.065115,0.0221279,-0.02861352,-0.017629739,0.02932049,0.0706642,0.082340494,0.04347763,-0.017331503,-0.0680472,-0.0753737,-0.04949924,-0.0155111775
0.022916459,-0.056547016,-0.1195683,-0.12889458,-0.094193965,-0.049114354,-0.040012527,-0.09318705,-0.16047217,-0.21743907,-0.21274433,-0.1457556,-0.07436252,-0.02877705,-0.057360575,-0.109170556,-0.14080146,-0.11170996,-0.036500834,0.0419567,0.079468444,0.0566971,0.0019387222,-0.03605012
-0.040447567,0.014292387,0.030208122,-0.013279216,-0.088330306,-0.14189216,-0.13705246,-0.07295666,-0.012241593,0.015278051,-0.020377152,-0.09442137,-0.13243294,-0.123566285,-0.046396926,0.033261474,0.06324822,0.03202945,-0.03649493,-0.08050609,-0.06868785,-0.008247743,0.056363933,0.07637176
-0.020927943,0.0659206,0.15563603,0.1879315,0.14300139,0.05775809,0.004114763,0.025292763,0.0977099,0.17740867,0.19151825,0.117472485,0.019702893,-0.058583822,-0.048922855,0.029121626,0.11047069,0.11833335,0.057653844,-0.035385173,-0.096852444,-0.078224294,0.0072298115,0.09363877
-0.08666431,-0.07844886,-0.0392037,-6.568733e-05,0.0061010835,-0.032433685,-0.08949329,-0.1199638,-0.110448495,-0.06539673,-0.018548248,-0.008820024,-0.039425522,-0.09025389,-0.12023099,-0.09473336,-0.033859696,0.01859005,0.03567635,0.0077243145,-0.039121542,-0.065885484,-0.053507477,-0.004522657
-0.043065105,-0.093731485,-0.08695853,-0.035167128,0.018016294,0.025273709,-0.025744645,-0.10699582,-0.15174982,-0.1414398,-0.080215074,-0.009675256,0.010654874,-0.02526589,-0.09564385,-0.13196479,-0.103770606,-0.028066242,0.04197637,0.06983786,0.03501533,-0.026336689,-0.06317177,-0.043055553
-0.029995818,0.022621186,0.029782148,-0.020132612,-0.09471734,-0.14481433,-0.13145435,-0.06544426,-0.00584954,0.015512,-0.023887498,-0.09638262,-0.13112423,-0.11481158,-0.03514093,0.043776676,0.06519336,0.02491972,-0.03977257,-0.08025299,-0.06226972,0.003034362,0.0648651,0.078320846
0.055840828,0.07659712,0.034963775,-0.036241204,-0.078221,-0.05109412,0.029971575,0.11434538,0.13882175,0.09944355,0.023221822,-0.025051402,-0.00480865,0.06364032,0.14459684,0.15738836,0.094657235,0.0036521778,-0.060013354,-0.05204629,0.0066032265,0.069338374,0.07997194,0.019626351
0.024844466,0.104155876,0.18502222,0.22647534,0.2093453,0.1486283,0.10677967,0.11939947,0.1749096,0.2356914,0.25271815,0.19469954,0.10416671,0.029675128,0.016819837,0.058425035,0.108771384,0.106154785,0.06385574,-0.020646937,-0.076632105,-0.069646575,-0.0130568165,0.057008825
-0.024906581,0.015598626,0.021551652,-0.016435098,-0.073518366,-0.105597556,-0.09138259,-0.036306843,0.009301166,0.024874853,-0.009296233,-0.06626081,-0.090171516,-0.07522083,-0.0131874485,0.04650381,0.06255209,0.027548458,-0.028440509,-0.05811144,-0.045386065,0.0028536508,0.051863454,0.05827368
0.014700922,0.09138933,0.16653411,0.19403142,0.16585128,0.10554583,0.0698224,0.09100501,0.14326803,0.20076656,0.20488995,0.1429263,0.059767477,-0.0084556285,-0.008050672,0.043242674,0.098387904,0.09859763,0.04533117,-0.027472524,-0.07680033,-0.0628197,-0.00039628742,0.06693535
-0.003947743,0.000569569,-0.046836235,-0.12124967,-0.1699527,-0.16082607,-0.10533932,-0.04374143,-0.024093073,-0.05190331,-0.1088685,-0.14135808,-0.11489009,-0.046545267,0.0315863,0.059595224,0.028025657,-0.0324708,-0.07108587,-0.055979524,0.0011896226,0.058699664,0.07526584,0.026931373
-0.011096274,-0.05054325,-0.014614704,0.07993741,0.16998245,0.19968586,0.15287688,0.06414211,0.017480008,0.03848637,0.12020038,0.19929497,0.20321107,0.1372488,0.02246484,-0.053272612,-0.045047242,0.026212309,0.09688903,0.103244804,0.039456192,-0.05853122,-0.11284938,-0.08888163
0.051596615,-0.012543411,-0.051037833,-0.02825498,0.0468783,0.12303416,0.15298769,0.11072602,0.046188056,-0.0026213876,0.013058374,0.08900608,0.1501088,0.16740774,0.10818495,0.013262717,-0.05225805,-0.045345485,0.015034966,0.07393572,0.08468208,0.033348955,-0.048266847,-0.10111629
-0.05450588,-0.10422659,-0.100706734,-0.04926014,0.0026304065,0.012350429,-0.036335956,-0.11301254,-0.15681045,-0.148493,-0.08692734,-0.018347474,0.00051741506,-0.029308267,-0.09878025,-0.13079248,-0.104618065,-0.03231905,0.038793452,0.0641096,0.030864798,-0.030767018,-0.06950053,-0.049920093
-0.066347785,-0.12051072,-0.12337663,-0.082891986,-0.042988382,-0.04168102,-0.08911361,-0.16415448,-0.20198734,-0.19195546,-0.13290146,-0.066445746,-0.041269813,-0.06306297,-0.118350506,-0.14087701,-0.11206134,-0.03982285,0.03064414,0.057888757,0.03203458,-0.020473108,-0.051940262,-0.034747213
-0.023957232,0.04850304,0.12266229,0.14995365,0.11485822,0.04071265,-0.0071941763,0.01141666,0.07088627,0.13498588,0.14928217,0.08908068,0.006942996,-0.060073376,-0.051090408,0.01144571,0.07650278,0.087300874,0.040334262,-0.03825858,-0.08766042,-0.070928946,-0.0085906815,0.06324973
-0.090581276,-0.1266447,-0.11776113,-0.07144958,-0.02097629,-0.0011960852,-0.022414528,-0.06368048,-0.08297733,-0.062574886,-0.0042572273,0.054967124,0.07564345,0.04889353,-0.00067952904,-0.034226894,-0.032533802,0.010250345,0.051627405,0.057607036,0.020411048,-0.039334416,-0.08480409,-0.088114224
0.07038884,0.12695818,0.13551697,0.08524181,0.008265557,-0.038846154,-0.0289447,0.021253133,0.06583188,0.07118378,0.014171592,-0.06910524,-0.111845925,-0.09475528,-0.02598285,0.042245667,0.06370724,0.02171821,-0.04244287,-0.071202174,-0.0430379,0.029486356,0.10819822,0.13403544
0.016359136,-0.05997094,-0.11198806,-0.11031651,-0.07017068,-0.03170361,-0.037005097,-0.0998762,-0.16509683,-0.2103672,-0.1945446,-0.123195015,-0.06116942,-0.03111563,-0.06787492,-0.11698436,-0.13274881,-0.09583027,-0.019545233,0.05165724,0.07525679,0.04684822,-0.0023836447,-0.029805139
0.0639404,0.11299839,0.11879444,0.07511272,0.0044849254,-0.049327683,-0.056854323,-0.024590101,0.013101367,0.018517938,-0.023760058,-0.09616403,-0.14101328,-0.12702905,-0.06583214,0.0027435618,0.030148007,0.0037051428,-0.042059377,-0.068659045,-0.04189673,0.027002582,0.09750205,0.13235529
-0.03898994,-0.004144487,0.08868927,0.18504627,0.22071703,0.17837726,0.10082302,0.049439166,0.06829961,0.14465353,0.2221546,0.22826797,0.15747738,0.050461132,-0.030368855,-0.027900383,0.03695097,0.09995897,0.113036,0.0466767,-0.047210194,-0.109564625,-0.092970975,-0.009579395
-0.13267405,-0.14626357,-0.11761201,-0.08263537,-0.07971432,-0.12515152,-0.19521037,-0.24473412,-0.24055149,-0.18800186,-0.12470818,-0.096045434,-0.11209821,-0.15745121,-0.18271473,-0.14832145,-0.07532632,-0.00017427324,0.033142354,0.017395316,-0.02807767,-0.06002574,-0.049297195,0.0019844058
0.03353577,-0.008175235,-0.06796375,-0.10489804,-0.092606865,-0.0352407,0.018324995,0.030039532,-0.0016751324,-0.055536848,-0.08676004,-0.061067086,7.6231554e-05,0.06367421,0.0809749,0.041330732,-0.0205397,-0.05418774,-0.04229697,0.011670599,0.06060064,0.06724809,0.027829673,-0.038300205
-0.14669952,-0.13569054,-0.06664327,0.009140188,0.036135975,-0.0072341287,-0.07894903,-0.11924625,-0.09726464,-0.018888095,0.064983085,0.08947522,0.04872125,-0.03774339,-0.09194085,-0.072837085,-0.004054305,0.067415744,0.08679872,0.034115482,-0.050904583,-0.1100632,-0.10867862,-0.047534794
0.030715209,0.13004303,0.23131426,0.2735192,0.24834034,0.18063559,0.13302654,0.15749837,0.2220077,0.29579023,0.30395016,0.2290908,0.12303098,0.031838965,0.024486935,0.07302441,0.14009354,0.13665356,0.06689926,-0.028323106,-0.0944165,-0.08350974,-0.008507613,0.07149437
-0.019379994,-0.015823465,-0.06075742,-0.12568353,-0.16867319,-0.1611049,-0.1101455,-0.05120816,-0.031065695,-0.057045057,-0.10513094,-0.13412167,-0.10968147,-0.04564795,0.025837885,0.05532211,0.022655725,-0.03252783,-0.06427399,-0.053396992,-0.0028873745,0.048393313,0.05631666,0.011705931
0.11379923,0.06738019,0.029935619,0.025506841,0.048202556,0.076350875,0.07271262,0.019564992,-0.03606841,-0.08617768,-0.09561274,-0.060963687,-0.024528954,0.0024255204,-0.026470535,-0.07327526,-0.092462435,-0.0749379,-0.023268778,0.03506459,0.068216294,0.0619721,0.041127454,0.028549816
0.046462335,-0.041716766,-0.10894207,-0.109230705,-0.052938912,0.011660723,0.032411166,-0.02699004,-0.10644035,-0.17316498,-0.16532856,-0.082709745,-0.0032927291,0.040552877,-0.0064337365,-0.08444937,-0.13446374,-0.111117475,-0.024777807,0.060872253,0.0967202,0.060886193,-0.012196821,-0.06257075
-0.016910933,0.05939345,0.08650932,0.04520089,-0.025953064,-0.06829712,-0.04163813,0.047737446,0.12378833,0.15695213,0.11174597,0.023363769,-0.027322037,-0.024853298,0.058402758,0.13437115,0.14533418,0.08266339,-0.015074688,-0.07656912,-0.07278379,-0.008683658,0.058036815,0.068796076
0.023346942,0.02277522,-0.025822084,-0.0910179,-0.12899275,-0.11017087,-0.05262588,0.0008651826,0.008961982,-0.02785188,-0.082139924,-0.109196216,-0.08245445,-0.01512164,0.051706877,0.06714199,0.02065205,-0.034404017,-0.0666604,-0.045575652,0.01243386,0.061762266,0.06522063,0.019675002
0.09896867,0.046632703,0.020431401,0.04667183,0.106737435,0.15466662,0.15463844,0.092511445,0.028325368,-0.016283343,-0.0020264548,0.058105998,0.0945751,0.09900654,0.035427056,-0.041947313,-0.075063206,-0.052922584,0.0125970105,0.06446947,0.073820956,0.03535575,-0.015694717,-0.034273837
0.046825316,0.08355398,0.07925983,0.030188434,-0.034815527,-0.07534777,-0.06508511,-0.027784878,0.0069694766,0.00851026,-0.034560747,-0.095644355,-0.12191223,-0.099255,-0.03587762,0.021882283,0.032240175,0.00094615645,-0.042749047,-0.05955037,-0.028425686,0.034501962,0.091822945,0.108060785
0.05940772,0.10732004,0.11606911,0.07776419,0.014148063,-0.03622852,-0.037738204,-0.0018716592,0.033970714,0.036436506,-0.0076830843,-0.077164024,-0.11712016,-0.10884265,-0.057130124,0.0022263913,0.026639627,0.0004455259,-0.041373275,-0.06715216,-0.04469006,0.017722603,0.08053052,0.10998653
-0.0060054273,-0.09447156,-0.14942603,-0.13076158,-0.051109243,0.026401747,0.044952534,-0.010710084,-0.086212106,-0.13783613,-0.109533794,-0.010301548,0.07215354,0.09971828,0.042005286,-0.050495826,-0.10568159,-0.07993594,0.0016166577,0.07769552,0.09181382,0.034188405,-0.06189414,-0.12326294
0.0778465,0.0522215,0.06788297,0.11727619,0.16014424,0.15797213,0.11391311,0.035008308,-0.007245149,-0.0103339795,0.027632,0.06729445,0.061151557,0.020995421,-0.051780775,-0.090845436,-0.07642979,-0.019525148,0.040529713,0.05908724,0.035536513,-0.0051273447,-0.022113474,0.015554302
-0.115045376,-0.12485643,-0.08740637,-0.044658016,-0.038683172,-0.08330459,-0.1532646,-0.20232378,-0.19848995,-0.14673826,-0.08815082,-0.06318024,-0.081509694,-0.13562183,-0.168853,-0.14060085,-0.063968696,0.010732199,0.040251095,0.022476193,-0.029034317,-0.064290926,-0.049577273,0.00406795
-0.12806907,-0.12215139,-0.06802312,-0.017698994,-0.018059807,-0.077470966,-0.16090591,-0.21025462,-0.19433992,-0.12318736,-0.053119715,-0.038714215,-0.07829703,-0.1467272,-0.1789781,-0.13546067,-0.048448365,0.0334057,0.053371202,0.017212506,-0.04627751,-0.08253587,-0.057334546,0.016225914
-0.009326586,-0.010538853,-0.056230478,-0.11972149,-0.15945466,-0.14645794,-0.09288431,-0.037884817,-0.023709869,-0.05226734,-0.101356104,-0.1261487,-0.09821494,-0.034837563,0.032639246,0.055606037,0.02064012,-0.031549998,-0.06262081,-0.046069354,0.0048705596,0.05199017,0.058787417,0.01348013
0.038935363,-0.03451447,-0.08385668,-0.07649884,-0.026843728,0.02508355,0.034367,-0.024158347,-0.09177727,-0.14149494,-0.12874378,-0.0579491,0.005852121,0.03559325,-0.013023252,-0.07917981,-0.11409474,-0.08686027,-0.011119582,0.05932262,0.08232863,0.045164477,-0.012635578,-0.047865003
0.109786,0.032732587,-0.017451493,-0.0014729684,0.062093116,0.12692599,0.13884674,0.06848922,-0.015665045,-0.082993366,-0.07616011,-0.0019241021,0.06178365,0.089730516,0.02599278,-0.06528766,-0.117316194,-0.090399735,-0.008325366,0.071812704,0.1007088,0.05967304,-0.00809759,-0.04300003
0.0573341,0.1328859,0.15975247,0.11934607,0.049730238,0.0055104047,0.02363768,0.095828086,0.15556207,0.17153372,0.11396906,0.021428613,-0.03140857,-0.030512478,0.038076874,0.0999118,0.11420869,0.058178183,-0.027132807,-0.075803354,-0.06220946,0.00640755,0.07928379,0.09890969
0.020329926,0.007836418,0.038453516,0.10585804,0.172477,0.19756909,0.17823565,0.13242447,0.10726557,0.11935665,0.1680854,0.21272808,0.20472981,0.15358812,0.07649284,0.019914854,0.010097677,0.04026549,0.0749032,0.06858549,0.02191051,-0.040209476,-0.081496686,-0.06873409
-0.13517115,-0.18345797,-0.17856453,-0.12619787,-0.06380835,-0.04125366,-0.06833339,-0.11456444,-0.14014174,-0.120392054,-0.05084092,0.02598367,0.057113606,0.027312845,-0.031560205,-0.07206054,-0.06326661,-0.009278771,0.048180524,0.058472775,0.015860084,-0.054821163,-0.11613688,-0.12646717
0.049476013,0.078958616,0.07618638,0.034236662,-0.026554275,-0.075130515,-0.089463085,-0.07329538,-0.05419603,-0.05717117,-0.094772466,-0.14767882,-0.17617178,-0.16182722,-0.11353574,-0.05632213,-0.021876005,-0.028390115,-0.05362877,-0.060641576,-0.032050073,0.026091198,0.084311716,0.115579076
0.09758015,0.034372717,-0.059660394,-0.12282503,-0.119885184,-0.056933414,0.0053030485,0.0016709302,-0.053072613,-0.14014457,-0.19090368,-0.15978125,-0.08046262,0.01550173,0.04078451,-0.0050445073,-0.07879234,-0.11472188,-0.08029468,0.0058368146,0.0909794,0.116374485,0.07851247,0.0042740363
-0.0568214,-0.11405551,-0.15238926,-0.1459833,-0.10636611,-0.05476544,-0.02993766,-0.04979097,-0.08533994,-0.109307826,-0.089847736,-0.031223372,0.02755373,0.057269897,0.031751286,-0.012843096,-0.051367935,-0.04184582,0.002246331,0.0441223,0.052736588,0.013088594,-0.044129804,-0.089958645
-0.06203499,-0.031052016,0.065478206,0.16092463,0.19718596,0.1502206,0.05836456,0.001904431,0.016569396,0.09909136,0.18020105,0.19339482,0.12487073,0.008850499,-0.06752248,-0.061862472,0.020860534,0.09920811,0.107674316,0.047358375,-0.0516962,-0.11481935,-0.097358234,-0.01070395
0.041371014,0.06926483,0.06214163,0.013481432,-0.05150882,-0.09782593,-0.10548434,-0.08269286,-0.059905298,-0.062623635,-0.10359119,-0.15732367,-0.18088447,-0.1602664,-0.10158097,-0.041335315,-0.0112038925,-0.023684517,-0.055748627,-0.061522376,-0.029263048,0.033073798,0.092177,0.116699144
0.10220712,0.07713188,0.026472177,-0.00270138,0.01571717,0.08244522,0.14871567,0.169904,0.14042765,0.07707373,0.032390676,0.042899508,0.09079136,0.15016375,0.15900223,0.1040102,0.02447677,-0.03125032,-0.030878548,0.012993897,0.06225073,0.071973614,0.034833826,-0.03205383
0.027883532,0.100512885,0.16954185,0.19766697,0.17573951,0.12144915,0.09040685,0.108168416,0.15907131,0.21192329,0.2177227,0.16094032,0.082541265,0.019456267,0.017781414,0.063117914,0.1072127,0.09960981,0.052328575,-0.017856158,-0.0649992,-0.051038485,0.0046036677,0.06462255
0.08694417,0.03218835,-0.0063148495,-0.0012290226,0.032074843,0.06518702,0.062288724,0.0050040833,-0.054966584,-0.10331393,-0.10104395,-0.053878933,-0.013257565,0.009492999,-0.028667524,-0.07846201,-0.101637565,-0.07584011,-0.01483329,0.044742536,0.07010629,0.051488962,0.016466904,0.0032757444
0.08438645,0.031363618,-0.04750804,-0.102824435,-0.11083898,-0.07178774,-0.024181271,-0.029015588,-0.07286114,-0.14724223,-0.19226868,-0.17290348,-0.109234884,-0.029179187,-0.0034577628,-0.031109676,-0.0873361,-0.10910743,-0.07661859,-0.004999243,0.069907896,0.0980726,0.07249353,0.02054752
0.023147563,-0.016143337,-0.013793582,0.0315394,0.07303937,0.08224327,0.03916447,-0.037716217,-0.08337794,-0.087828286,-0.04393338,0.0056258705,0.012821076,-0.0084873475,-0.075966455,-0.10919961,-0.09145418,-0.032551605,0.032716084,0.057614777,0.038291223,-0.0095051145,-0.03174436,-0.0038514026
0.15065871,0.12091782,0.06481054,0.030480374,0.04040861,0.0948046,0.1481765,0.14981782,0.10987186,0.035962466,-0.014657371,-0.0075924923,0.03776636,0.100624904,0.10549899,0.05279374,-0.016814409,-0.06106291,-0.04517219,0.00936072,0.07043731,0.08988902,0.06498634,0.012305312
0.13866144,0.08180227,0.042137414,0.05835178,0.11471245,0.17347503,0.18835922,0.12826052,0.056454383,-0.0049825367,-0.0028333103,0.052681524,0.096702814,0.12007502,0.061520867,-0.023445763,-0.080610916,-0.06741217,-0.0007648762,0.062353343,0.090074524,0.05758499,0.0013541989,-0.024701638
0.0051661665,0.07336573,0.13605511,0.14077286,0.078484975,-0.019043708,-0.08661203,-0.08503352,-0.032909304,0.025082374,0.02632119,-0.0437716,-0.12806234,-0.18378353,-0.15953876,-0.07102648,0.023123788,0.04899913,0.009221085,-0.05272952,-0.08408307,-0.043628253,0.0486731,0.13955978
0.17885423,0.15877487,0.11586102,0.087026864,0.093662366,0.1326314,0.17456125,0.16706182,0.12487438,0.05587656,0.0036209282,0.0031299954,0.03300939,0.0769051,0.0706102,0.023996426,-0.02938488,-0.06115268,-0.043397408,0.00832644,0.061588373,0.08247266,0.07059875,0.039085973
0.01720288,-0.02519185,-0.08094763,-0.112767346,-0.09751421,-0.042030826,0.007704873,0.018041924,-0.012296137,-0.060670353,-0.08422281,-0.05483794,0.004262932,0.062153384,0.07750023,0.036879785,-0.02318903,-0.050657354,-0.037966866,0.011706183,0.055762846,0.05736278,0.014258879,-0.049096346
-0.14958283,-0.09801995,-0.039939646,-0.03351783,-0.0924928,-0.18427429,-0.24890973,-0.23227681,-0.16473669,-0.08184689,-0.05424551,-0.101435006,-0.16439827,-0.21512507,-0.17704195,-0.07425343,0.028899832,0.061925955,0.019724172,-0.04976468,-0.09737747,-0.075714506,-6.299882e-07,0.07062771
0.034934,-0.06268041,-0.1344836,-0.14097887,-0.090920195,-0.03087262,-0.020576587,-0.09119206,-0.17743926,-0.24182925,-0.23062928,-0.14230919,-0.057515506,-0.01053357,-0.05200239,-0.12371318,-0.16343829,-0.12375699,-0.034300104,0.062281914,0.102461495,0.0671237,-0.0016912175,-0.04624129
0.12224967,0.056189608,0.006433805,0.006128081,0.044632565,0.08564777,0.08034261,0.0061211074,-0.069888584,-0.12978941,-0.12859881,-0.0715369,-0.023205485,0.008558685,-0.036376644,-0.10054871,-0.12929648,-0.09889825,-0.023757204,0.0519843,0.08969978,0.07040595,0.031764533,0.015570803
0.059792213,0.034612883,0.053992674,0.11076365,0.15763862,0.15837297,0.11112738,0.03477898,-0.0054895515,-0.0071465946,0.03486556,0.0752802,0.06992704,0.02884643,-0.047515124,-0.089190416,-0.07331255,-0.015701717,0.044378415,0.05824851,0.029935196,-0.016737035,-0.03850176,-0.0028646472
0.08234497,0.05623784,0.06767182,0.11436706,0.15968433,0.16545247,0.12989163,0.0571534,0.016197661,0.008788179,0.04389332,0.08406547,0.081416816,0.04816969,-0.021369612,-0.068276666,-0.063959785,-0.017751059,0.039748475,0.05714046,0.0385908,-0.00094773754,-0.022060623,0.0055640796
0.058587823,0.014769664,0.029289987,0.09287429,0.1524063,0.16000837,0.09903613,-0.0032295655,-0.061905272,-0.06559121,-0.010908014,0.051333215,0.055987716,0.013043532,-0.0796129,-0.13501363,-0.1104926,-0.03266543,0.047347497,0.07684865,0.047189828,-0.013768817,-0.04235698,-0.004699973
-0.13100724,-0.12420212,-0.06464313,0.006856637,0.03497841,0.004139197,-0.054000527,-0.08984271,-0.071541056,-0.0034297162,0.073442906,0.09812339,0.0638932,-0.009352282,-0.062137257,-0.049437672,0.004986365,0.06479981,0.08417325,0.036692217,-0.0397447,-0.09820542,-0.10028334,-0.04888612
0.17511491,0.20092028,0.15818916,0.08702888,0.041152302,0.064322226,0.14624801,0.21399753,0.2229111,0.15936735,0.064576566,0.0014578539,0.009349372,0.08012036,0.14381397,0.14031167,0.068369634,-0.0237918,-0.072895624,-0.057790846,0.019076617,0.09167864,0.1150896,0.0714223
0.12021853,0.20772557,0.24190708,0.21328413,0.15375893,0.11382704,0.13395333,0.20155367,0.25841528,0.26707152,0.20778981,0.108016476,0.03899576,0.033161588,0.084313676,0.13176508,0.13322781,0.06644124,-0.014513049,-0.072235145,-0.059805393,0.0072316416,0.07877755,0.10573016
0.07627838,0.04971903,0.0049297926,-0.016993966,0.011020288,0.08189341,0.14956622,0.17202404,0.1414926,0.084063075,0.046683777,0.06532468,0.11612153,0.16601235,0.16517769,0.101669565,0.022280635,-0.02772881,-0.02511648,0.01702788,0.057231132,0.05479448,0.008087825,-0.062510885
-0.06293058,-0.039963383,0.046339426,0.1369154,0.17210935,0.1276929,0.045749083,-0.01091027,0.002066805,0.07784884,0.15630524,0.17327851,0.11410478,0.007731947,-0.06948668,-0.06473454,0.011082183,0.08483361,0.10357589,0.04886589,-0.04391702,-0.10621794,-0.09125994,-0.011771816
0.037186895,-0.053247966,-0.11767503,-0.11418894,-0.057515055,0.0030349414,0.011951777,-0.056634825,-0.13699967,-0.19770396,-0.18289258,-0.0968903,-0.017621737,0.022422485,-0.02579741,-0.09812205,-0.13931833,-0.10668855,-0.018493177,0.06913188,0.09953111,0.06102105,-0.010251439,-0.054689895
0.060696617,0.114182,0.11768478,0.06385663,-0.01583752,-0.075522706,-0.07532145,-0.032554332,0.010150143,0.01477213,-0.036913145,-0.11640716,-0.16204682,-0.14624068,-0.07647718,0.0005025995,0.030664925,-0.0019136721,-0.052826732,-0.080355845,-0.04964282,0.028548604,0.10604301,0.13921043
0.09253131,0.15855472,0.18366857,0.15705396,0.10667163,0.07417473,0.091028206,0.14292204,0.18906556,0.19856013,0.15230346,0.07483181,0.023831846,0.0215115,0.06739451,0.10643687,0.106779724,0.055180732,-0.010948044,-0.05416005,-0.042202186,0.012228261,0.07138348,0.09136569
0.00457602,-0.061079428,-0.11566953,-0.13373786,-0.118014306,-0.09679096,-0.10267785,-0.15476494,-0.20427288,-0.23954095,-0.22902666,-0.17394412,-0.121271916,-0.0827435,-0.092603505,-0.11598845,-0.12460114,-0.094211414,-0.032359656,0.030270707,0.06319147,0.054927107,0.025766918,0.004753301
0.095050454,0.1304935,0.08713,0.0059326445,-0.04622415,-0.01987337,0.0730572,0.17227818,0.2017244,0.15162374,0.05842395,-0.010317335,0.0014080305,0.08022778,0.16764475,0.1793858,0.102690935,-0.0058086324,-0.07675607,-0.07492847,-0.0019279765,0.07431181,0.09031905,0.028369902
-0.0063031763,-0.09526695,-0.15958782,-0.17319977,-0.14413561,-0.10789581,-0.11551605,-0.18396427,-0.25257725,-0.2968513,-0.2803095,-0.2034792,-0.12810732,-0.08387744,-0.10640872,-0.14798595,-0.16097198,-0.11429263,-0.03545724,0.049019992,0.084406085,0.060194466,0.014000079,-0.01708707
0.117470905,0.07621187,0.002391504,-0.038003363,-0.0041146693,0.09600265,0.19107206,0.21902362,0.17265546,0.08743523,0.032757156,0.059475273,0.13181503,0.212824,0.22160988,0.14119329,0.026669294,-0.045640793,-0.041655455,0.024885025,0.09001849,0.0950377,0.031718098,-0.066601984
-0.0023151713,0.0262809,0.09098412,0.15759806,0.19017889,0.17281894,0.12750812,0.09828555,0.10789362,0.15484123,0.20089836,0.20456383,0.15527882,0.08018529,0.023102408,0.014389514,0.04928654,0.08135131,0.081195354,0.03777173,-0.027109547,-0.06961744,-0.0634415,-0.013962523
0.1046379,0.11859299,0.09075712,0.045916487,0.018638637,0.0317244,0.07368683,0.10905458,0.11103005,0.073040776,0.017839646,-0.017372044,-0.012504671,0.030819999,0.07074644,0.07163631,0.033405814,-0.018088771,-0.046304457,-0.032839887,0.013985858,0.059365284,0.07353579,0.048988808
0.097618036,0.068899974,0.08276126,0.13667233,0.18500467,0.19422899,0.15316057,0.071760595,0.023097647,0.012336553,0.047953006,0.08902937,0.08527438,0.05045461,-0.02850993,-0.07888278,-0.0715931,-0.01812042,0.04298723,0.06464833,0.044215042,-0.0013854566,-0.021331903,0.01304557
-0.085542746,-0.05432854,-0.020785755,-0.017147865,-0.04838669,-0.09825175,-0.1311816,-0.12108879,-0.08154623,-0.031581044,-0.0133386785,-0.039192513,-0.07627559,-0.10570249,-0.08664694,-0.03029499,0.023181789,0.03897995,0.015457707,-0.025938798,-0.05412586,-0.044385325,-0.0032843917,0.035357762
0.015564361,-0.0009651853,0.039546672,0.1259502,0.2043893,0.23182102,0.20067394,0.14059214,0.110606,0.1268679,0.18836632,0.24092953,0.23243535,0.17124568,0.07232346,0.003545703,0.00052396854,0.043094862,0.09045338,0.08096209,0.02305965,-0.056647085,-0.10201557,-0.083116025
0.022545805,-0.021116072,-0.07975493,-0.10937796,-0.09262246,-0.041520577,0.0077949935,0.014933329,-0.017694192,-0.07216342,-0.09610535,-0.06649814,-0.007382394,0.050646473,0.058129225,0.018245406,-0.04175375,-0.0679772,-0.042067137,0.0084332945,0.05338637,0.055580992,0.0090620415,-0.052072305
0.024389371,0.08560798,0.14642766,0.16876034,0.15058589,0.10620557,0.07770828,0.09197332,0.13382438,0.18113026,0.18789476,0.14109387,0.07515322,0.020349827,0.02262102,0.05420801,0.08864177,0.08682645,0.041337475,-0.017429588,-0.054801553,-0.044285826,0.00068117876,0.05071494
-0.12916678,-0.12259289,-0.07338938,-0.018779924,0.011179153,-0.006156127,-0.050239615,-0.06822306,-0.051888175,0.0053752754,0.06538913,0.09084341,0.07047573,0.0075361617,-0.027777256,-0.023572564,0.019511579,0.06263806,0.06623145,0.030242763,-0.035552517,-0.08285208,-0.094611906,-0.06800455
0.046714008,0.111641645,0.116441116,0.04960728,-0.04870752,-0.11780193,-0.11534933,-0.0525764,0.0056964946,0.014246401,-0.049718685,-0.14701553,-0.1968745,-0.17467146,-0.079077855,0.016511038,0.05321041,0.00908462,-0.0641787,-0.10026108,-0.064585745,0.031284813,0.12300436,0.1543974
0.050652593,0.0029768257,0.017881671,0.09001168,0.15653847,0.16546193,0.106098235,-0.0033694701,-0.06342204,-0.06286998,0.0022234654,0.07181339,0.07585332,0.028413344,-0.074953265,-0.1283237,-0.108503185,-0.026789602,0.06269919,0.091528766,0.053574562,-0.016718807,-0.051477406,-0.009687577
0.08455324,-0.009753519,-0.0666521,-0.04458626,0.03394131,0.10663084,0.11184054,0.02571259,-0.0703446,-0.1377345,-0.11542356,-0.017845463,0.05730975,0.08419744,0.009094827,-0.09405867,-0.14471775,-0.10428776,-0.0041682916,0.08586831,0.11148575,0.05665089,-0.026684016,-0.066944495
-0.021025274,-0.009706501,0.037959572,0.08345433,0.083840996,0.028292252,-0.048679687,-0.10356277,-0.10157751,-0.058391854,-0.013446961,-0.011170477,-0.055732403,-0.11864904,-0.158907,-0.12875503,-0.05290941,0.015134391,0.040328585,0.015953382,-0.03149261,-0.052190743,-0.021382838,0.054299016
0.022434292,0.0741338,0.07891587,0.022530332,-0.064408794,-0.12999587,-0.14030133,-0.096551955,-0.05159148,-0.041413363,-0.09059782,-0.17098679,-0.21314748,-0.19503745,-0.119929396,-0.034342404,0.011032106,-0.011406442,-0.063154034,-0.090402834,-0.060227647,0.017106919,0.09874882,0.13364677
0.08278006,0.030309215,-0.0070776353,-0.000783289,0.03655145,0.0721098,0.074758895,0.021374203,-0.03714665,-0.08494893,-0.08265291,-0.034574963,0.0065062833,0.027084153,-0.016094062,-0.069806166,-0.09648971,-0.075400606,-0.012484438,0.04481176,0.067637034,0.046147656,0.0074237585,-0.010165077
-0.16442965,-0.14291443,-0.05564274,0.034787867,0.07057785,0.02549642,-0.060757358,-0.10214826,-0.0766267,0.016619666,0.10997658,0.1353819,0.08195232,-0.025255527,-0.08858811,-0.06796849,0.018111208,0.09554506,0.10521951,0.04173905,-0.063444585,-0.1320084,-0.12795044,-0.057911307
-0.03146156,0.029001586,0.05276542,0.022204295,-0.036896627,-0.08002212,-0.06423012,0.002321155,0.064449005,0.09639773,0.06790471,-0.0015462706,-0.04531481,-0.04757636,0.013756856,0.08053304,0.09525415,0.05514689,-0.013270673,-0.06575258,-0.065754205,-0.017876277,0.035807323,0.052640166
-0.013658543,0.073931314,0.16311164,0.19977255,0.16157046,0.08176703,0.030329157,0.049825154,0.1181996,0.19503577,0.2136346,0.14163652,0.041161597,-0.03672442,-0.033858422,0.037120707,0.10627969,0.11487697,0.058862064,-0.034959987,-0.09551365,-0.08220701,-0.00749604,0.07952434
-0.018602995,-0.06019103,-0.038593348,0.03356502,0.11104184,0.14021255,0.107095875,0.033915352,-0.010555351,0.0011802342,0.06561774,0.13944994,0.15504698,0.10446297,0.010382792,-0.05712025,-0.052633584,0.007608804,0.071231656,0.08741965,0.038621064,-0.042789683,-0.09499282,-0.08527808
-0.07133086,-0.021958824,0.024717519,0.03097106,-0.015390399,-0.0890556,-0.13330248,-0.11915836,-0.06790798,-0.012783707,0.00040563894,-0.047076896,-0.105787866,-0.14567465,-0.12531587,-0.05024955,0.020775886,0.038556747,0.0114052575,-0.046720773,-0.078573324,-0.05719337,0.0036052626,0.06406593
0.094477594,0.09615606,0.04772516,-0.025629262,-0.07863345,-0.08251403,-0.046668444,-0.018495822,-0.021555478,-0.06672663,-0.13146567,-0.16932122,-0.15352152,-0.08898821,-0.028285632,-0.006334832,-0.030329565,-0.06917,-0.086089425,-0.054449067,0.01610563,0.08096219,0.11000233,0.08943329
0.08989207,0.0946794,0.04501768,-0.031414907,-0.08476972,-0.08011591,-0.036563415,0.0020071086,0.0005979139,-0.045828987,-0.115821294,-0.15668996,-0.14026316,-0.07076341,-0.0045330906,0.017086387,-0.01142267,-0.05959648,-0.08718827,-0.05648664,0.015289229,0.08090506,0.10965159,0.08239017
-0.03345412,-0.034058187,-0.07991455,-0.1496167,-0.19571353,-0.18918076,-0.1394476,-0.0813603,-0.060549706,-0.081746414,-0.12866782,-0.15409563,-0.12454327,-0.06019239,0.017895492,0.04902746,0.020757372,-0.030202866,-0.06592612,-0.051512666,-0.0004342302,0.051207304,0.061972193,0.015033053
0.045589883,0.0030170144,8.622608e-05,0.035470773,0.06922473,0.065433525,0.017773645,-0.065724716,-0.114907205,-0.12577058,-0.08918584,-0.04141374,-0.031291112,-0.05272208,-0.11418417,-0.14321329,-0.12066811,-0.054854207,0.016994895,0.051073425,0.04056381,0.0053503243,-0.012445889,0.019442193
0.02203851,0.057053953,0.087847784,0.086584084,0.0432491,-0.018509263,-0.060134538,-0.066930056,-0.04026371,-0.012430595,-0.01553813,-0.058716465,-0.106310055,-0.13219991,-0.11717894,-0.061201233,-0.0039768014,0.014640267,-0.0011704862,-0.031477306,-0.04230631,-0.01355101,0.047386352,0.10586434
0.092356816,0.17554195,0.20801839,0.16992702,0.09908201,0.053033646,0.07278528,0.14488861,0.20566298,0.22113356,0.15992229,0.059761018,-0.0033264286,-0.0076369233,0.0603852,0.1208201,0.13003798,0.07052839,-0.021505874,-0.07476884,-0.06112346,0.011065175,0.08924665,0.11649851
0.07109352,0.025799017,-0.050852306,-0.1143999,-0.12544909,-0.084977664,-0.040647935,-0.037655503,-0.07722648,-0.14467376,-0.19307154,-0.17691068,-0.11568675,-0.035894737,0.0006642264,-0.021311603,-0.06930996,-0.09719873,-0.079836644,-0.009129302,0.06440602,0.098155186,0.07823872,0.021586258
0.078525655,0.050742187,0.058643278,0.10094908,0.13841413,0.1405813,0.10002488,0.027619295,-0.016218351,-0.028872546,-0.0003968561,0.035312574,0.03419772,0.006800984,-0.058902156,-0.09739014,-0.08232043,-0.031963114,0.026364103,0.04864034,0.034631453,2.8400078e-05,-0.014440302,0.016697872
0.106888406,0.04016062,-0.061717205,-0.13091236,-0.12854712,-0.064589314,-0.005789068,-0.011550364,-0.07393719,-0.17161655,-0.22946385,-0.19760181,-0.11304971,-0.010526165,0.016702738,-0.028474797,-0.09973722,-0.13445045,-0.09522137,0.0014389844,0.093693756,0.12514812,0.08427476,0.0070523014
-0.039653163,-0.0015097061,0.09016017,0.17765918,0.20564455,0.1611826,0.08512969,0.040749893,0.059641037,0.13455291,0.20325679,0.203423,0.13186099,0.026994651,-0.044836085,-0.036274705,0.033564497,0.095961034,0.10022346,0.03682341,-0.052619904,-0.10782455,-0.085238256,-0.0016018746
0.036445435,-0.012813528,0.0051239394,0.07761267,0.14468025,0.16002409,0.103791855,-0.00012521463,-0.057733335,-0.05282151,0.012706937,0.08375066,0.09274082,0.045585122,-0.051845577,-0.11046658,-0.093359716,-0.012065488,0.066055454,0.09418298,0.054874405,-0.019436786,-0.055465102,-0.020037176
0.10352335,0.060093716,-0.011465089,-0.05909648,-0.05197289,0.0021338963,0.055648964,0.058322188,0.013385268,-0.06314703,-0.112165384,-0.09273839,-0.03254838,0.040493842,0.055946253,0.011905554,-0.05139055,-0.088419884,-0.06463693,0.00297187,0.07034747,0.09285306,0.060099635,-0.0021381634
0.060855214,0.020874212,-0.04134421,-0.08860215,-0.099162474,-0.07377872,-0.045591194,-0.05081091,-0.08627447,-0.14517784,-0.18416068,-0.17113285,-0.12229454,-0.059211936,-0.037375223,-0.052468244,-0.08079815,-0.09546141,-0.06902743,-0.010567217,0.048722703,0.07578858,0.06330949,0.02499122
0.052914854,0.020921865,0.036109023,0.08783205,0.13331221,0.1333671,0.08355429,-4.488315e-05,-0.04915627,-0.051659424,-0.009513799,0.037007686,0.03607711,-0.0045211464,-0.084401205,-0.12525892,-0.10198219,-0.033095,0.03408463,0.05834203,0.032738533,-0.01660467,-0.037018817,0.0014122955
0.011976446,-0.05335988,-0.054089032,0.0060291574,0.068767846,0.077915885,0.013807902,-0.09854235,-0.16778025,-0.17505543,-0.111871,-0.03017123,-0.007171424,-0.042314705,-0.13619818,-0.18552257,-0.15483133,-0.061284952,0.03781464,0.08413745,0.055671375,-0.011635341,-0.052252606,-0.019860806
-0.031977173,-0.1199687,-0.17294355,-0.1513572,-0.076705605,0.0030235932,0.02387046,-0.025420297,-0.09297266,-0.13868226,-0.10891151,-0.013468995,0.07043236,0.1031893,0.048619766,-0.035862796,-0.08663271,-0.0657528,0.009965547,0.079498746,0.089212015,0.02793442,-0.061172616,-0.12404311
-0.06809528,-0.10918703,-0.095284045,-0.03296516,0.03551199,0.065207645,0.039924115,-0.012460611,-0.043814987,-0.029798048,0.033421755,0.10323998,0.12419883,0.08710185,0.017402526,-0.03638602,-0.03720284,0.011973294,0.06243683,0.07179348,0.027640989,-0.045118045,-0.10183602,-0.10426256
0.020345641,-0.030802015,-0.07044966,-0.075618595,-0.0517251,-0.022438217,-0.020135006,-0.05937512,-0.10490624,-0.13944629,-0.13395159,-0.08859683,-0.04551712,-0.018530438,-0.039279323,-0.07273245,-0.08960284,-0.06896895,-0.01992847,0.03129249,0.053835932,0.038055073,0.005410948,-0.01578203
0.20158888,0.24121916,0.20086478,0.12178563,0.06957772,0.09064367,0.17234188,0.24779871,0.25906584,0.19480656,0.09051318,0.014452131,0.010771021,0.081432275,0.15552866,0.15981819,0.0855688,-0.014626829,-0.07933206,-0.06614646,0.014545671,0.099270456,0.12878688,0.08963442
0.106558226,0.077201836,0.020730458,-0.012126055,0.015537385,0.09611694,0.1731929,0.19916171,0.16208169,0.091201805,0.04296306,0.060936697,0.1171409,0.17988856,0.18804683,0.11791093,0.023966217,-0.036135525,-0.037366327,0.014628581,0.06881649,0.07529074,0.02391648,-0.0562723
0.013412818,0.055440225,0.091275714,0.08839302,0.038910527,-0.030033713,-0.082288325,-0.09027685,-0.060675416,-0.024480367,-0.02550627,-0.07379898,-0.13096718,-0.16089472,-0.14180158,-0.07285642,-0.0017893638,0.021104725,-0.001181851,-0.035245936,-0.050117765,-0.018138023,0.052964147,0.121494085
-0.06972428,-0.13486601,-0.13037288,-0.066574305,-0.0024335734,0.0051963297,-0.058026057,-0.15528366,-0.20639841,-0.19470412,-0.115922086,-0.028147675,-0.0008852781,-0.03936319,-0.12089221,-0.16333644,-0.13070358,-0.039347768,0.049724825,0.08012767,0.03964718,-0.034317087,-0.083416715,-0.061788496
-0.097988136,-0.14394118,-0.1325607,-0.07032059,-0.0045886966,0.01634457,-0.020068025,-0.08018797,-0.11389818,-0.09695716,-0.02608751,0.0482923,0.07033033,0.03353175,-0.040404506,-0.08523564,-0.07268599,-0.01016034,0.054209232,0.06561609,0.020293506,-0.0551464,-0.11185877,-0.107720174
0.13439797,0.05728637,0.010098661,0.02733258,0.09030818,0.14985803,0.15469687,0.07125066,-0.01807049,-0.08218369,-0.07156519,0.003938936,0.060680125,0.08191613,0.013382336,-0.0771654,-0.12575974,-0.08934755,-0.0040147454,0.07889744,0.1070871,0.065624505,0.0038624103,-0.018652672
0.059691276,0.09491892,0.0934337,0.04916155,-0.016128296,-0.063318074,-0.061253965,-0.034915242,-0.0049954434,-0.004308798,-0.045053072,-0.105473295,-0.13639371,-0.119131364,-0.0659582,-0.0083836345,0.011613513,-0.009969415,-0.04317907,-0.05933316,-0.02957923,0.030994877,0.093969285,0.12114276
-0.020233693,0.040132932,0.05889976,0.021907967,-0.038944755,-0.07447014,-0.04830596,0.026650494,0.08683131,0.110248186,0.07077709,-0.0025230325,-0.040102277,-0.03403259,0.0317149,0.093635514,0.09967242,0.05110066,-0.022570472,-0.0697511,-0.06225675,-0.010781135,0.041045222,0.04867337
0.06689263,-0.011100644,-0.04877599,-0.0045729107,0.097517535,0.19410665,0.22176789,0.16346407,0.0825018,0.02394804,0.05001178,0.14573936,0.21758966,0.23020601,0.14406331,0.01817475,-0.058506798,-0.045274694,0.032054383,0.099083856,0.10275446,0.029255532,-0.07462507,-0.13563362
-0.051966697,-0.094476506,-0.08619553,-0.03954821,0.0033149822,0.0074821357,-0.038959086,-0.107809976,-0.14261106,-0.12921178,-0.07419884,-0.015238081,0.0004606729,-0.030472279,-0.091088615,-0.11684356,-0.0857296,-0.019945385,0.039380047,0.05905353,0.025702873,-0.028965339,-0.05546998,-0.03555677
-0.010097708,0.0015943872,0.058640204,0.1127665,0.11463467,0.05069491,-0.03769398,-0.10556196,-0.10152875,-0.04912248,0.004387763,0.00877236,-0.04160662,-0.11641618,-0.16332896,-0.13394912,-0.04877134,0.027787838,0.055958066,0.026895676,-0.028613864,-0.052964363,-0.014299531,0.07194312
-0.045516755,0.00042767354,0.014443895,-0.013366017,-0.059314877,-0.08582105,-0.05968908,0.0064590652,0.06341256,0.087916076,0.06290063,0.009161535,-0.016540265,-0.010111409,0.046313625,0.09533264,0.097091846,0.05082256,-0.008595544,-0.053915706,-0.051862396,-0.013317128,0.024126198,0.02100248
-0.12185979,-0.087724194,-0.043280516,-0.036303315,-0.07702056,-0.14703357,-0.19925132,-0.19366986,-0.14708723,-0.081804276,-0.054776743,-0.08375786,-0.12733406,-0.16966578,-0.14583506,-0.070931725,0.0057051773,0.041363165,0.0153978225,-0.031911522,-0.070193745,-0.059903998,-0.009540866,0.045311175
-0.0055580325,0.05565691,0.11255666,0.11976648,0.067338854,-0.014526664,-0.07366181,-0.07019055,-0.022574406,0.031236475,0.035480034,-0.025330916,-0.100830816,-0.1494544,-0.12976229,-0.05332304,0.029631011,0.04983433,0.012969762,-0.04555934,-0.07592243,-0.044327706,0.03622397,0.11461168
0.18720242,0.15078859,0.08397429,0.045206796,0.06291667,0.13305861,0.20038621,0.20038018,0.14452013,0.0518273,-0.008952716,0.0024415138,0.056662716,0.12942944,0.124130026,0.05156932,-0.0366826,-0.084877826,-0.05944813,0.009664099,0.083696395,0.100025974,0.0632841,0.00093281106
0.0028665888,-0.07215434,-0.122246645,-0.10633567,-0.036977332,0.038892724,0.06469034,0.023282021,-0.040845815,-0.09083531,-0.072621666,0.009228295,0.08338344,0.11525154,0.063667916,-0.020382194,-0.075633354,-0.06546837,0.0029764504,0.06793387,0.08291917,0.032236353,-0.050370764,-0.110883795
0.10853988,0.20113112,0.2339174,0.19003847,0.11404986,0.06470698,0.08858775,0.16689217,0.23519534,0.25224203,0.18570086,0.07668705,0.007064207,0.0045567234,0.07933601,0.14615196,0.15244974,0.0799715,-0.01910142,-0.077966236,-0.06246934,0.019198585,0.104602665,0.13131326
0.15893614,0.18452072,0.14789806,0.083475955,0.040981084,0.060574714,0.12803477,0.18790409,0.1950019,0.13848156,0.051683515,-0.0070114564,-0.0022118483,0.0602214,0.118789665,0.11874799,0.061317164,-0.02005279,-0.06740272,-0.052879613,0.015171987,0.08245875,0.107192084,0.070430435
0.014942245,-0.00122652,0.022197139,0.083637744,0.14685442,0.17704342,0.16166873,0.11857157,0.09111944,0.09798565,0.14090258,0.18513517,0.18394616,0.14334631,0.06908942,0.014868932,0.00598257,0.03181917,0.067300335,0.06703971,0.025726685,-0.03466146,-0.07382138,-0.06710072
-0.018369254,0.032965302,0.07605895,0.06999064,0.010370657,-0.07519774,-0.1301063,-0.12578467,-0.08225279,-0.036257986,-0.037987262,-0.094969,-0.15949444,-0.19773903,-0.16902004,-0.08534654,-0.000551113,0.022622291,-0.0065739425,-0.053479467,-0.073542416,-0.033915717,0.045433335,0.1186251
0.0043922984,0.039798673,0.06967492,0.06568963,0.018538818,-0.04829007,-0.09909693,-0.11074347,-0.084712684,-0.05117372,-0.047199044,-0.08921054,-0.14172117,-0.1663894,-0.14964865,-0.08566334,-0.020517627,0.0061280923,-0.00635896,-0.037785877,-0.04785987,-0.019349338,0.044243228,0.109944284
0.1958364,0.23090331,0.18663919,0.1014056,0.04751093,0.06801595,0.15120426,0.22783011,0.23828556,0.17194448,0.06375439,-0.009194002,-0.0053642425,0.06755484,0.1462619,0.1484448,0.07769095,-0.022580793,-0.0868094,-0.068471484,0.015868802,0.103889845,0.1342301,0.08850341
0.03204763,-0.02568008,-0.024833752,0.02813929,0.078002766,0.07383314,0.00456919,-0.1083824,-0.17169149,-0.1770732,-0.11820528,-0.048614122,-0.034330655,-0.0681847,-0.15261939,-0.19149764,-0.15751581,-0.06417359,0.031080201,0.07313516,0.050954197,-0.0040092547,-0.032314736,0.009703464
0.02523729,0.08096129,0.13839652,0.16291906,0.1421892,0.09868886,0.066672325,0.075186215,0.111936726,0.15513638,0.16119277,0.11478037,0.05090484,0.000989796,0.0006344444,0.03791546,0.07736515,0.08099941,0.040226664,-0.013183022,-0.049788468,-0.041078866,0.007211576,0.062456727
-0.0022906538,-0.05928652,-0.04737117,0.025869006,0.09706227,0.10823473,0.043763943,-0.065532304,-0.12779506,-0.12283125,-0.047712646,0.034391433,0.047229823,-0.0001708685,-0.10218544,-0.15533315,-0.1290326,-0.036351316,0.057618134,0.089362435,0.04767407,-0.030626006,-0.07643562,-0.040227316
0.0071487483,-0.04760961,-0.039600916,0.019021587,0.0759401,0.07982176,0.017625052,-0.08418887,-0.14290813,-0.14121513,-0.079770826,-0.007313638,0.008078109,-0.033249382,-0.11781847,-0.16185549,-0.13119692,-0.041895267,0.041376483,0.07764336,0.04566299,-0.017382002,-0.05216693,-0.017497694
0.02508539,0.07068603,0.07471071,0.026810631,-0.049604774,-0.10943905,-0.12047707,-0.08348108,-0.044125218,-0.03648408,-0.07974536,-0.15100107,-0.1901085,-0.17547706,-0.109067105,-0.030285906,0.010664112,-0.008659688,-0.053536758,-0.0776366,-0.05235432,0.017680673,0.0897171,0.12347354
0.015748484,0.08224662,0.15055843,0.17912446,0.15308213,0.09735623,0.06222009,0.07471619,0.12470672,0.18026839,0.19157891,0.1371791,0.06080847,0.0015890523,0.0011468729,0.04528493,0.092230916,0.09360489,0.049533915,-0.021023279,-0.06469776,-0.05479046,0.0038189217,0.06745405
-0.034167547,-0.021264188,0.040053107,0.1043549,0.11845821,0.062352978,-0.026356444,-0.093962744,-0.09006136,-0.030885678,0.03534381,0.047566067,-0.0058596847,-0.08653935,-0.1426352,-0.11807594,-0.0385039,0.039214958,0.069016084,0.034158505,-0.031399056,-0.068403475,-0.042501524,0.04230479
0.1668844,0.19904791,0.1721159,0.11388788,0.07644351,0.09572873,0.15651695,0.21597484,0.22188734,0.16811281,0.08258317,0.021923952,0.020669715,0.072674006,0.12652306,0.11990906,0.0642831,-0.012470972,-0.06523556,-0.053865924,0.009018589,0.073116094,0.09492544,0.061998513
0.13605177,0.11397808,0.07043804,0.0417556,0.048206083,0.08505713,0.12240886,0.12048701,0.08254624,0.018644195,-0.024634972,-0.021234768,0.00946484,0.054507446,0.056505132,0.012983111,-0.03957123,-0.06539074,-0.04932922,-0.0032620532,0.049451444,0.06851574,0.047698483,0.014102326
0.08590087,0.036951873,-0.042466603,-0.098821774,-0.100658946,-0.051274307,0.0027309037,0.0064416174,-0.040508714,-0.12043075,-0.17251767,-0.15383768,-0.08788012,-0.006314234,0.015345303,-0.01971595,-0.079381436,-0.11011016,-0.08128823,-0.007241448,0.067541055,0.09398476,0.062601924,0.0010377467
