0.019033007,0.07013608,0.113580704,0.115920715,0.07489245,0.011275962,-0.033774108,-0.035042398,-0.0004981888,0.03041533,0.02415244,-0.023025272,-0.08771365,-0.12883012,-0.12142608,-0.07493366,-0.02899577,-0.018695492,-0.04764893,-0.092640534,-0.11390238,-0.087235376,-0.022539258,0.039218493
0.062065624,0.029539539,0.040635303,0.082780786,0.120839946,0.12343863,0.078328244,0.012155211,-0.04204162,-0.047006812,-0.019895187,0.007392995,0.005537517,-0.042164538,-0.10329478,-0.1439358,-0.13618948,-0.08951474,-0.03872601,-0.019209612,-0.0392042,-0.07753386,-0.09367374,-0.06444511
-0.009455472,-0.0020938835,-0.031647556,-0.07908215,-0.11177468,-0.107254185,-0.069078244,-0.026372585,-0.0060381326,-0.023211233,-0.057822984,-0.077378646,-0.062979475,-0.015411182,0.033240724,0.055671625,0.039933506,0.0034545085,-0.021956567,-0.013565979,0.023586031,0.062849656,0.07268264,0.043970425
-0.0075626024,0.0061525945,-0.031337406,-0.09020821,-0.12220828,-0.09928473,-0.030898357,0.03666815,0.06770085,0.046002842,0.0022693449,-0.019251313,0.0027463573,0.067679435,0.12851009,0.14841375,0.11659765,0.057084735,0.013190229,0.015425106,0.057406772,0.10038451,0.10259954,0.05269168
-0.14912711,-0.07705367,-0.0023219576,0.026534483,-0.0072964323,-0.07557298,-0.11493156,-0.0920771,-0.0053761047,0.07790389,0.11628876,0.08629733,0.020024637,-0.023098506,-0.008646821,0.06275026,0.13697428,0.1578725,0.10945075,0.021682521,-0.04615146,-0.049006023,0.005486858,0.0635938
0.043389972,0.113424756,0.13742433,0.10699346,0.051642254,0.015959406,0.03255505,0.090510316,0.14939457,0.16006322,0.117787465,0.049925547,-0.0014919378,0.0026571178,0.047901515,0.09606721,0.10181044,0.053897418,-0.018462025,-0.06813156,-0.06335811,-0.009537833,0.04772565,0.064729735
0.07321983,0.15714024,0.19497107,0.17285632,0.12168133,0.08625322,0.10429253,0.16605365,0.2292745,0.24190827,0.1952688,0.11702938,0.054335564,0.0486294,0.08712139,0.13055746,0.12951463,0.072480775,-0.011697796,-0.07213253,-0.0739752,-0.023101997,0.03608086,0.056602396
-0.025407568,-0.11366433,-0.16320892,-0.13750105,-0.054610923,0.027858082,0.051527347,0.009486831,-0.062880665,-0.09832423,-0.06305626,0.025891643,0.11112579,0.13343586,0.088249415,0.008541588,-0.03892539,-0.016455544,0.058314342,0.12711146,0.13485518,0.07035708,-0.02516812,-0.088588886
0.0561957,0.027528513,0.036986772,0.07355321,0.105792314,0.10729602,0.06816392,0.010337928,-0.037599202,-0.042764883,-0.019750258,0.002960696,0.0011946622,-0.03974663,-0.09272907,-0.12833244,-0.12171047,-0.08067595,-0.036663897,-0.019190213,-0.03545085,-0.06789095,-0.08195427,-0.05650848
0.07673184,0.078864664,0.033244006,-0.037927207,-0.09123721,-0.097097605,-0.06458699,-0.03049337,-0.030799551,-0.07329857,-0.13704878,-0.1759725,-0.16685517,-0.117940664,-0.06451719,-0.042206056,-0.061759166,-0.10123491,-0.120844305,-0.094856195,-0.030883614,0.035618108,0.0656508,0.047886588
-0.007249059,0.068391345,0.14114253,0.17394157,0.15467592,0.10950588,0.08719789,0.111559056,0.17222016,0.22414735,0.23527204,0.18957224,0.116263285,0.06766089,0.064848565,0.10045555,0.13357061,0.12550554,0.06598182,-0.014150608,-0.067113645,-0.0646474,-0.019798987,0.028119221
0.057428934,0.11728578,0.13445134,0.104593836,0.056221586,0.03089595,0.05143953,0.10400311,0.15116246,0.15358336,0.10933228,0.047809355,0.0063441815,0.013859195,0.053582128,0.09034692,0.08771271,0.039124586,-0.025709063,-0.06430513,-0.053922374,-0.0043629785,0.043131705,0.053152982
-0.024564682,0.0735743,0.16676214,0.20675898,0.18060395,0.11548636,0.07934765,0.108940825,0.19045214,0.26009145,0.2766812,0.21890879,0.12221369,0.05896152,0.05932987,0.11255043,0.15978642,0.152969,0.079880446,-0.022690741,-0.09119642,-0.086139336,-0.02374652,0.041387223
-0.06132957,-0.11524307,-0.11048335,-0.06276658,-0.018141104,-0.018348755,-0.073660634,-0.14992875,-0.19805987,-0.18235855,-0.12226719,-0.06326183,-0.04466845,-0.08385742,-0.14106178,-0.16936666,-0.13768893,-0.06183237,0.011921845,0.037469927,0.006425578,-0.050460868,-0.0798996,-0.054443114
0.16171171,0.19392611,0.15106884,0.06964274,0.020467695,0.045516208,0.1260344,0.20408326,0.21901338,0.15851451,0.05857581,-0.0063662482,-0.00045447904,0.06467498,0.1292903,0.13583525,0.06859189,-0.031653814,-0.0964349,-0.08339022,-0.007955594,0.07032598,0.092692934,0.043850377
0.021638734,-0.024205327,-0.09035662,-0.13157448,-0.11719395,-0.054913256,0.0073751574,0.02760373,-0.0034696383,-0.053733397,-0.081481926,-0.054021213,0.012657653,0.07647804,0.09731962,0.064321384,0.00981045,-0.024059542,-0.008591281,0.045876324,0.09709556,0.104170695,0.058447216,-0.011193507
-0.07524022,-0.14013906,-0.13755591,-0.08134514,-0.025049783,-0.020184254,-0.07891806,-0.16480228,-0.22120196,-0.20553707,-0.13455361,-0.0626637,-0.036856502,-0.07748401,-0.14311227,-0.17962049,-0.14845225,-0.06263991,0.02307268,0.05494328,0.01995449,-0.048223056,-0.08910192,-0.06662668
0.03006259,0.052354656,0.10793462,0.15768994,0.16463201,0.11930632,0.05030978,0.003378946,0.00052489893,0.03497486,0.06661979,0.05752689,0.0013173121,-0.075066835,-0.122359954,-0.11762924,-0.071824856,-0.025204176,-0.01426935,-0.049835443,-0.101277135,-0.12352699,-0.09169783,-0.021032209
0.04194606,0.08201477,0.08371669,0.04028156,-0.022926925,-0.06765314,-0.06783053,-0.03554368,-0.003400762,-0.006451024,-0.050253075,-0.10952197,-0.14525263,-0.13236673,-0.08606809,-0.037263628,-0.023131447,-0.048454,-0.089403026,-0.107048474,-0.07934094,-0.018006586,0.03986082,0.062044553
-0.12696074,-0.12401028,-0.0727114,-0.016033063,-0.0047854604,-0.05584891,-0.13094789,-0.17935818,-0.16643153,-0.106724605,-0.037614018,-0.014212352,-0.046992823,-0.10712189,-0.14318983,-0.12046501,-0.05009228,0.025475714,0.055838984,0.023935853,-0.039769925,-0.08072935,-0.066195,-0.0048660613
-0.022627352,-0.09027341,-0.1288726,-0.11051555,-0.04786837,0.016116003,0.03642763,0.0061366674,-0.04861508,-0.075265825,-0.049647983,0.016724087,0.08304741,0.10495703,0.07341721,0.013459883,-0.025656428,-0.012252633,0.042309918,0.09682344,0.107518956,0.05943313,-0.015418476,-0.06652022
0.12084758,0.14802615,0.13411173,0.09986915,0.081608966,0.10101492,0.1477687,0.19204628,0.20042443,0.1675102,0.111739814,0.071476415,0.06465651,0.09093043,0.11784191,0.1123285,0.06798821,0.0050018304,-0.04103098,-0.043948784,-0.009890775,0.02875756,0.03888468,0.012295979
0.0764288,0.018187994,-0.06287558,-0.11907449,-0.11732123,-0.06736238,-0.022135878,-0.021499258,-0.07572904,-0.14474688,-0.18906063,-0.17060432,-0.105599426,-0.042695127,-0.0211847,-0.05353618,-0.10633097,-0.13260537,-0.100538895,-0.023882145,0.050189108,0.07549953,0.043914363,-0.013426244
0.0028910856,0.024111994,0.090740375,0.15654953,0.1711567,0.11940437,0.03668961,-0.02030655,-0.022043195,0.023787417,0.07207877,0.07055878,0.010479014,-0.07820887,-0.13579135,-0.13087526,-0.074648775,-0.012991657,0.0056367274,-0.035761777,-0.1019465,-0.13656303,-0.10751398,-0.028346607
0.025886104,-0.052059554,-0.10484834,-0.107751034,-0.0703415,-0.029057149,-0.030605583,-0.08093419,-0.15490621,-0.19662666,-0.18800192,-0.13339499,-0.073721625,-0.057002224,-0.085268214,-0.1354124,-0.15832613,-0.1288945,-0.05710898,0.0150027685,0.044876102,0.020666141,-0.027452463,-0.05463243
-0.028587712,-0.067668274,-0.06996571,-0.039650448,-0.005116033,0.0010376709,-0.034202248,-0.08668331,-0.12343169,-0.1189009,-0.08144555,-0.03859777,-0.022524005,-0.048725694,-0.08813869,-0.11208361,-0.09556686,-0.04727657,0.004995391,0.02555611,0.006212568,-0.031725857,-0.05387864,-0.04201395
0.075067624,0.1640802,0.18798716,0.14096029,0.06700363,0.028444873,0.06262066,0.14410137,0.21723579,0.22189623,0.15723267,0.06534021,0.00514335,0.020169854,0.08292545,0.14050908,0.13796626,0.06657166,-0.031440075,-0.09059585,-0.07471657,-5.0571514e-05,0.070329204,0.08289986
-0.04468346,-0.1152079,-0.15797736,-0.1444652,-0.08642566,-0.026792971,-0.012137591,-0.045527853,-0.098274454,-0.12349714,-0.09773778,-0.028952742,0.04223687,0.067543045,0.041132066,-0.0114821745,-0.04441844,-0.027039386,0.03376576,0.094183736,0.10741517,0.061550934,-0.010128644,-0.06007549
-0.00892438,-0.054138348,-0.11051683,-0.14420529,-0.13554102,-0.09340532,-0.052572075,-0.044782836,-0.07254492,-0.10917785,-0.12345781,-0.09573943,-0.0395155,0.012586861,0.03043643,0.0097482195,-0.023280468,-0.036665898,-0.01400262,0.034392934,0.076307364,0.08121849,0.045706086,-0.0052166446
-0.05675969,-0.03794011,0.014496645,0.066116065,0.0879129,0.07018425,0.035370357,0.014718878,0.031478092,0.077726945,0.122973405,0.13431178,0.105628006,0.054452337,0.016797734,0.018234603,0.051096518,0.08371658,0.08557025,0.04621558,-0.012434673,-0.054872002,-0.05286302,-0.015607454
-0.14404939,-0.09638737,-0.04745936,-0.030244302,-0.054603525,-0.10064619,-0.12025336,-0.096408255,-0.028057775,0.03487269,0.06817165,0.05349768,0.014867204,-0.0053020674,0.011856279,0.066762425,0.12061903,0.13697243,0.102910325,0.04077682,-0.007982773,-0.012840095,0.019685678,0.053074807
0.03111377,0.04935211,-0.0021711371,-0.0782456,-0.11377675,-0.07433296,0.019923886,0.108605556,0.14088668,0.09937893,0.029895356,-0.0029610114,0.029394595,0.11637709,0.1927089,0.2066899,0.14709722,0.0560605,-0.0024174203,0.00946557,0.07312043,0.13136895,0.12792659,0.053813897
-0.15079235,-0.1296817,-0.060551196,0.008253244,0.02722282,-0.01922766,-0.08812521,-0.123641275,-0.09093039,-0.015176433,0.060521793,0.08201602,0.04164471,-0.023697875,-0.060798183,-0.03545208,0.03298786,0.09684344,0.10934641,0.058140278,-0.021871008,-0.0735026,-0.062141262,-0.0034389875
-0.018776838,-0.06146384,-0.13075937,-0.18180858,-0.17872529,-0.12769553,-0.06608006,-0.03742964,-0.055257384,-0.099606216,-0.12553428,-0.09983362,-0.03357167,0.0385307,0.07492775,0.059115212,0.014683959,-0.016018583,-0.0031833039,0.04748873,0.100294985,0.11578099,0.07806051,0.008385191
-0.047212165,-0.112110294,-0.15120144,-0.14063883,-0.092631966,-0.04267052,-0.02802537,-0.0567705,-0.10300912,-0.12301035,-0.095143676,-0.03198695,0.029482452,0.051031362,0.02792011,-0.016677974,-0.038393244,-0.015279113,0.03882041,0.08721972,0.095250614,0.05504627,-0.0063618245,-0.047719374
0.14040327,0.16571707,0.1392819,0.089472935,0.06226273,0.08501338,0.14331008,0.19817948,0.20460336,0.15806498,0.08623008,0.038328107,0.03838969,0.079978295,0.11939448,0.11487587,0.058426734,-0.01778451,-0.06724474,-0.06016813,-0.008261795,0.044933133,0.056086723,0.018993238
0.08950658,0.09531583,0.04067536,-0.040861506,-0.09324496,-0.0818814,-0.023327794,0.03133603,0.03630773,-0.016500898,-0.093451366,-0.1351993,-0.11657261,-0.049671534,0.01426586,0.030656718,-0.0092528,-0.07209861,-0.10527394,-0.0767417,-0.0029205075,0.06880349,0.0896256,0.05094692
-0.015479612,-0.0035446167,0.0530443,0.11053181,0.12145532,0.07253704,-0.00594631,-0.062607124,-0.06696603,-0.024822079,0.020957462,0.024325306,-0.023808721,-0.1000772,-0.15036403,-0.14383118,-0.08810796,-0.025930718,-0.0022396117,-0.032280806,-0.08827645,-0.12024771,-0.09560903,-0.023840751
0.056445427,0.030858465,0.048932336,0.10007532,0.15087652,0.16707927,0.13498135,0.08059975,0.034348086,0.033226702,0.063969664,0.09481462,0.0947942,0.047539134,-0.016514901,-0.06501891,-0.06908705,-0.034544576,0.0058387336,0.015931142,-0.012915623,-0.061257638,-0.0890878,-0.07196109
-0.12995648,-0.08596235,-0.044947106,-0.043864965,-0.09127877,-0.16386335,-0.2081084,-0.19851173,-0.13741931,-0.07988108,-0.05797025,-0.08588645,-0.13347094,-0.15462643,-0.12638567,-0.052951913,0.016846314,0.04445217,0.020779891,-0.029091662,-0.059685733,-0.04139475,0.015636858,0.06826295
-0.008622825,0.0074140173,0.0638082,0.115633234,0.11955573,0.06960674,-0.0027447517,-0.052539997,-0.053376663,-0.010329582,0.031293206,0.02790053,-0.02380388,-0.096754424,-0.14228986,-0.13190165,-0.075978875,-0.018895958,-0.0034415585,-0.038339045,-0.09107909,-0.11724634,-0.087937884,-0.015267162
-0.03157399,-0.0134458365,0.048359964,0.10612245,0.11565298,0.06737847,-0.008423793,-0.059360143,-0.055112526,-0.006296818,0.03904475,0.03989688,-0.007963638,-0.08196871,-0.12912132,-0.11798607,-0.062537976,-0.006639914,0.010769314,-0.022789123,-0.08028765,-0.11422612,-0.089382656,-0.01854702
0.08017136,0.03303063,-0.03405467,-0.0825542,-0.08502663,-0.04694112,-0.012516414,-0.014549527,-0.06224991,-0.12185138,-0.1626292,-0.15187357,-0.10174369,-0.052860253,-0.035957634,-0.06234614,-0.10435008,-0.12546185,-0.09905128,-0.035504077,0.027728949,0.05286885,0.032047164,-0.010762387
-0.18091066,-0.11828122,-0.056197602,-0.041044924,-0.08373727,-0.15327686,-0.18502727,-0.15513709,-0.06690709,0.012945283,0.048729427,0.021959277,-0.032045368,-0.05536971,-0.026121184,0.052696552,0.12592903,0.14647137,0.1014945,0.025600677,-0.02766564,-0.023173967,0.027969154,0.07717543
-0.08619913,-0.047816418,0.05051512,0.1477162,0.18123859,0.13564572,0.05520218,0.007847868,0.035817713,0.11964004,0.19959065,0.21110973,0.14622004,0.04558886,-0.021241242,-0.012512137,0.055208754,0.11885488,0.12100111,0.04791831,-0.05554588,-0.12222586,-0.10748461,-0.030097662
-0.022383127,-0.07671092,-0.15454234,-0.20627828,-0.20139894,-0.14885706,-0.09229575,-0.072710715,-0.10053524,-0.14989951,-0.17403226,-0.14198217,-0.06807764,0.0077796713,0.043300193,0.024661625,-0.019738462,-0.044474356,-0.020344682,0.042188887,0.101746365,0.117529914,0.07535122,0.003316361
0.18630315,0.15110418,0.08622374,0.046576943,0.072765484,0.15423456,0.22693363,0.24609601,0.18939537,0.1037808,0.037626702,0.041581407,0.09692415,0.15067045,0.15451968,0.0870033,-0.011313108,-0.08060617,-0.07758336,-0.011927254,0.057451237,0.07464931,0.026686134,-0.048725463
0.005452348,-0.03588865,-0.055075187,-0.027576545,0.035417225,0.098818995,0.12593071,0.11063259,0.07266031,0.05272956,0.074050255,0.12500317,0.17223082,0.18082675,0.14542513,0.085618265,0.042521726,0.04122462,0.072294354,0.1016344,0.095734954,0.047322925,-0.019619958,-0.06588624
-0.045785632,-0.121877424,-0.16740125,-0.15267007,-0.09277665,-0.03222078,-0.017999146,-0.05376927,-0.11060384,-0.1363347,-0.10547341,-0.030965436,0.040533107,0.06390539,0.03510382,-0.020140681,-0.049710482,-0.025770644,0.038704537,0.09800954,0.10878798,0.061657313,-0.011544341,-0.061112616
-0.06403024,-0.0051446776,0.0047063436,-0.035781857,-0.09274783,-0.12203599,-0.08960059,-0.016498037,0.059439313,0.08104316,0.05381457,0.004678888,-0.022176266,0.009676288,0.07607274,0.13882504,0.15143709,0.10764304,0.03848364,-0.0077632857,-0.0016251627,0.047351394,0.0905982,0.08566509
0.009446599,0.054304678,0.08930378,0.082112245,0.029655177,-0.04089488,-0.0882854,-0.09072054,-0.05832913,-0.029956609,-0.03809047,-0.086762056,-0.14796367,-0.18278939,-0.168219,-0.11404488,-0.061029445,-0.044578988,-0.06797074,-0.10716804,-0.12068179,-0.085033946,-0.014423125,0.050017904
-0.09962831,-0.10309334,-0.0807301,-0.05866124,-0.062979855,-0.10318906,-0.15726909,-0.19026205,-0.18144451,-0.14397655,-0.10400492,-0.08885339,-0.10589561,-0.13668974,-0.14767249,-0.12051764,-0.06692535,-0.01535545,0.009804852,-0.0024066055,-0.03251664,-0.047967378,-0.029547654,0.011901879
0.047445577,0.08786305,0.09010241,0.046827093,-0.01627304,-0.06330014,-0.06603186,-0.035160627,-0.003921607,-0.007074565,-0.04978306,-0.10900715,-0.14796609,-0.13910343,-0.09448678,-0.045405723,-0.029134393,-0.051553674,-0.09113494,-0.11109568,-0.08584408,-0.024086552,0.03664313,0.062171437
-0.0011776905,0.022497952,0.101320244,0.17806165,0.19371825,0.13491842,0.03987525,-0.028566029,-0.031254742,0.024347706,0.07953213,0.07658842,0.009880962,-0.09083703,-0.15830833,-0.1528368,-0.0864988,-0.015376615,0.005077849,-0.04072181,-0.1149823,-0.15739557,-0.12554489,-0.033752926
-0.012888859,-0.013053813,-0.049761724,-0.10047386,-0.12974736,-0.11818004,-0.07510699,-0.03332258,-0.017716674,-0.038876977,-0.073490724,-0.08626479,-0.06324612,-0.010639081,0.038020007,0.056069937,0.03722939,0.0011931824,-0.019258732,-0.0044654626,0.03591473,0.0727506,0.07665987,0.041544624
-0.0087306965,-0.04207572,-0.08600987,-0.11326295,-0.10441106,-0.06708355,-0.03006304,-0.01905499,-0.03779423,-0.067355596,-0.08095833,-0.05875168,-0.011656915,0.031476155,0.046762496,0.02914531,-0.0015316805,-0.017602753,-0.0021679676,0.0357565,0.06828744,0.07073979,0.040259447,-0.0045329463
-0.093042135,-0.042082522,0.009819967,0.02384508,-0.011734009,-0.074904375,-0.11521521,-0.10562778,-0.047874793,0.008246909,0.029408842,-0.00022721152,-0.05406283,-0.08659904,-0.07304699,-0.014401409,0.044522975,0.06468594,0.035115067,-0.021182023,-0.06115057,-0.052543454,-0.0015280609,0.052025832
-0.062554725,-0.117991656,-0.119916186,-0.07892637,-0.037343513,-0.033617314,-0.08076478,-0.15026595,-0.19747956,-0.18567628,-0.13080902,-0.07387055,-0.05072252,-0.07901309,-0.12762475,-0.15468074,-0.12860759,-0.060398407,0.008501509,0.037256576,0.01562873,-0.03497974,-0.06691602,-0.050507113
0.09459265,0.107806414,0.062111627,-0.011777322,-0.061504316,-0.055645045,-0.005236729,0.047434706,0.05584958,0.0066198255,-0.06839718,-0.11385153,-0.103693336,-0.04599894,0.014172537,0.03175503,-0.0069135865,-0.06930507,-0.10437736,-0.08191916,-0.014829137,0.05539327,0.07979258,0.046721924
0.05251739,0.07367417,0.020408867,-0.06365217,-0.106584236,-0.06847728,0.03145664,0.124139525,0.15586226,0.109975435,0.031831373,-0.009036084,0.021246273,0.11008234,0.18854097,0.20343016,0.1420743,0.046956077,-0.015831921,-0.0043270527,0.064140804,0.12848166,0.13075349,0.05907685
0.07652025,0.027207408,0.0025006917,0.020978436,0.06597709,0.106951825,0.10615855,0.06483781,0.0021193328,-0.032559715,-0.026638659,0.009017455,0.042846374,0.038008492,-0.0032195298,-0.060847294,-0.092971765,-0.079599,-0.033120524,0.011818555,0.023367714,-0.0050688796,-0.048711047,-0.068270385
0.02039962,0.054376606,0.054071065,0.011222028,-0.04993409,-0.09535474,-0.09826944,-0.070212185,-0.03886814,-0.03759005,-0.07258442,-0.12281297,-0.1555047,-0.1446432,-0.10041499,-0.050214946,-0.02784585,-0.04269835,-0.07656011,-0.09495141,-0.07285484,-0.016856002,0.039925717,0.06426731
0.058071658,0.10776128,0.124002665,0.103018925,0.06687117,0.047032613,0.06405955,0.106263034,0.14267935,0.14390121,0.108646914,0.057197873,0.020547854,0.023637718,0.052730203,0.079283394,0.07456855,0.034712162,-0.019459303,-0.053550825,-0.04648885,-0.007471744,0.029950315,0.03818887
-0.19138329,-0.17586835,-0.11305226,-0.050249644,-0.03502824,-0.07992298,-0.14156267,-0.1713768,-0.13303183,-0.05265944,0.028447524,0.055960037,0.025328968,-0.02863437,-0.057043307,-0.025124034,0.04845284,0.115608916,0.12889014,0.07838639,0.00025361386,-0.05191697,-0.044474196,0.007046928
-0.07911172,-0.059859645,-0.06897377,-0.11012915,-0.16079079,-0.1909775,-0.1802598,-0.14497757,-0.10368229,-0.090717696,-0.1060232,-0.13059308,-0.13482447,-0.10398964,-0.05218919,0.000545064,0.025222477,0.015898202,-0.009036544,-0.02135665,-0.0044256723,0.033880904,0.067320414,0.06934676
0.025949303,0.0093296515,-0.019803662,-0.028278809,0.0021582409,0.06517844,0.12473942,0.15273038,0.14127311,0.112091795,0.09667609,0.116402276,0.15933442,0.19821714,0.20211549,0.16334035,0.1064538,0.06305165,0.054840717,0.076601304,0.09620294,0.08463363,0.036150947,-0.02555164
0.01349516,0.036377683,-0.0020785264,-0.06742419,-0.1005074,-0.06525939,0.02462731,0.11073739,0.14869365,0.11991423,0.061879676,0.031448614,0.05768365,0.13337432,0.20087992,0.21590579,0.16676533,0.08503791,0.025204701,0.025191944,0.07330205,0.1206482,0.11813633,0.053745486
-0.067456886,-0.12671888,-0.13124485,-0.089446686,-0.043903336,-0.038365003,-0.086855456,-0.15915626,-0.20865215,-0.19902705,-0.14150418,-0.07847501,-0.051171623,-0.08094957,-0.13255785,-0.16220637,-0.13619162,-0.0637205,0.012548941,0.044733994,0.01978589,-0.034661584,-0.06919522,-0.053657085
-0.04453712,-0.019996855,0.03826273,0.0972001,0.12393032,0.10743316,0.07233689,0.052908298,0.07123833,0.117911465,0.16405357,0.1729821,0.13840699,0.081972994,0.040746186,0.038378827,0.0677745,0.09715321,0.09368048,0.04813274,-0.0155252,-0.059670072,-0.05904748,-0.022460677
-0.0027945458,0.0063086622,-0.023934552,-0.065085396,-0.08096773,-0.052648094,0.010120788,0.06713292,0.09008682,0.06988909,0.03782297,0.025751831,0.04792602,0.10123242,0.1455287,0.15191418,0.11785462,0.0670561,0.031109959,0.03225594,0.06245502,0.09018974,0.08124666,0.032143418
-0.027168062,-0.029807705,-0.06892637,-0.12296252,-0.15519367,-0.14818466,-0.10379709,-0.059823517,-0.042645276,-0.06315717,-0.09487071,-0.10732205,-0.08313043,-0.02586858,0.026759813,0.049023096,0.032155078,0.00054261205,-0.017830865,-0.002420258,0.039821614,0.07808711,0.08204056,0.046831436
-0.050775975,-0.13133499,-0.18178374,-0.16988225,-0.10779077,-0.03982153,-0.016982572,-0.04946154,-0.10802496,-0.13752636,-0.10872613,-0.031186929,0.049673177,0.08152184,0.05417099,-0.0051022493,-0.041796166,-0.022007292,0.04389064,0.10978688,0.12536225,0.07590059,-0.0050068633,-0.06291554
0.044975135,-0.029575005,-0.08006962,-0.07626621,-0.02649138,0.029960169,0.039614238,-0.005096859,-0.08012858,-0.12654547,-0.12160626,-0.06687918,-0.0027729087,0.015770705,-0.017685886,-0.08039886,-0.12074388,-0.10557795,-0.03977191,0.032598432,0.061782733,0.030732773,-0.029514998,-0.069067724
-0.06650641,-0.14835522,-0.1964074,-0.1804892,-0.11648962,-0.047943003,-0.022412471,-0.05370049,-0.11016974,-0.13577275,-0.10037943,-0.019536695,0.06334486,0.09534004,0.065929525,0.005897028,-0.028324243,-0.0038607637,0.062498923,0.12498672,0.13532571,0.08055059,-0.0045354674,-0.063473344
-0.03154729,-0.011850885,0.047770508,0.10213866,0.10575839,0.05185293,-0.024754658,-0.07357978,-0.06717237,-0.017259885,0.029202111,0.026566455,-0.027477419,-0.100739256,-0.14272107,-0.12566347,-0.06466697,-0.0063936873,0.0070265853,-0.032086298,-0.08863362,-0.11540745,-0.084463604,-0.010978319
0.04055964,0.063061826,0.015303606,-0.06233963,-0.10570842,-0.07398006,0.016258212,0.103981465,0.13769032,0.09750061,0.025681462,-0.01318611,0.012443342,0.09416411,0.1694905,0.18744262,0.13445836,0.04679337,-0.013194251,-0.004978737,0.05642117,0.11853499,0.123932496,0.059627574
0.06313084,0.13704976,0.17465696,0.16065964,0.11770962,0.08642375,0.096711,0.14559183,0.20009862,0.21547371,0.17913933,0.11357607,0.056546036,0.043145508,0.06972076,0.106511675,0.11108657,0.06600684,-0.004422556,-0.060183663,-0.06967422,-0.03040505,0.02312197,0.047832523
-0.20398326,-0.1419293,-0.077427045,-0.057938747,-0.09870711,-0.17246857,-0.20975062,-0.1804231,-0.08845013,-0.0036929983,0.03966623,0.017520022,-0.037331607,-0.062317543,-0.032309353,0.05018465,0.12782873,0.15388224,0.112139784,0.034210052,-0.023996223,-0.022004878,0.028361052,0.07874453
0.059611112,0.12216671,0.1336846,0.08131713,-0.0014838316,-0.061063714,-0.061103407,-0.014253022,0.03545616,0.03790336,-0.017958645,-0.09860792,-0.15442576,-0.14650042,-0.08888691,-0.023631332,-0.0014482946,-0.03706434,-0.09920166,-0.13519707,-0.10956563,-0.031230416,0.0497127,0.08414016
-0.13132848,-0.12732567,-0.0800748,-0.023844203,-0.0020669166,-0.027845673,-0.07497684,-0.10676758,-0.08901773,-0.031679027,0.033955794,0.061575174,0.043066844,-0.0018358899,-0.035109155,-0.023750106,0.027450202,0.08246714,0.099712126,0.066724114,0.005347746,-0.0434077,-0.04759203,-0.010442916
-0.001512603,0.04340248,0.091456555,0.11881482,0.115293294,0.094584875,0.082184315,0.09375555,0.12768179,0.16050193,0.17007196,0.14547691,0.103974745,0.071330704,0.062035616,0.07629582,0.09211471,0.08615077,0.051241342,0.0030621793,-0.03280828,-0.039971896,-0.019911412,0.0068343794
-0.046657648,-0.078206986,-0.051470462,0.015836198,0.07642307,0.087821074,0.047395866,-0.010564291,-0.042919893,-0.01913964,0.04425308,0.0975086,0.10349525,0.055880424,-0.009411894,-0.048466902,-0.033182103,0.023077874,0.0721281,0.07418708,0.024689749,-0.044651113,-0.08418056,-0.06654028
0.15030186,0.18150863,0.15685607,0.10506312,0.07750644,0.10436071,0.1698063,0.23076712,0.241254,0.19544365,0.12061318,0.06957369,0.06749869,0.10777742,0.14680004,0.14159182,0.08302799,0.0007287945,-0.055560667,-0.054942302,-0.006510363,0.046348285,0.05942114,0.021645134
0.0050895503,-0.05024868,-0.08961086,-0.09649448,-0.07813687,-0.060690384,-0.072656944,-0.1127001,-0.16287054,-0.18971534,-0.18268833,-0.14574516,-0.10767509,-0.09696676,-0.11110876,-0.13567455,-0.1409439,-0.11272331,-0.058051676,-0.0062759127,0.016674323,0.006485124,-0.017657584,-0.02919668
-0.046241216,-0.029532814,0.041526735,0.11164285,0.11926145,0.048677254,-0.055991657,-0.12720114,-0.12578838,-0.06488476,-0.0008187156,0.002948798,-0.06179832,-0.15766592,-0.21467489,-0.19444038,-0.11266112,-0.02774772,0.0017227066,-0.042017393,-0.11528068,-0.15191172,-0.11381545,-0.018503038
-0.1385406,-0.19905616,-0.1904301,-0.12397465,-0.053045448,-0.03036557,-0.07020143,-0.1382641,-0.17607984,-0.14500324,-0.058833633,0.026950201,0.06318792,0.032429863,-0.029308671,-0.067216635,-0.04184529,0.033818007,0.107149296,0.12644833,0.07800832,-0.0071820985,-0.067550525,-0.06526401
0.003401252,0.024698583,0.08400803,0.14153357,0.15298204,0.111405104,0.047612716,0.0043896427,0.006015988,0.04756035,0.08865327,0.083810806,0.030741973,-0.041995544,-0.08915846,-0.08551188,-0.03900964,0.009061095,0.015759448,-0.025368713,-0.08127097,-0.11006242,-0.08732004,-0.023269208
-0.035217132,-0.064202026,-0.027846038,0.058215935,0.14162849,0.17563717,0.14520107,0.08815986,0.05382915,0.0802892,0.14963575,0.21135621,0.22264893,0.16779526,0.08614226,0.027219934,0.027481226,0.073156014,0.11745431,0.113921985,0.051578086,-0.03789277,-0.096292876,-0.09025241
-0.0043602055,0.055483844,0.11367333,0.13754115,0.12016582,0.08358717,0.06495675,0.082598016,0.13000123,0.17037575,0.17576738,0.13802765,0.082664415,0.0440384,0.04089203,0.069510475,0.095812894,0.08927008,0.044641297,-0.015087165,-0.055528045,-0.05422576,-0.017370118,0.022514233
0.069947444,0.03611878,-0.025269061,-0.06281802,-0.039424207,0.040077027,0.121940635,0.15663253,0.12713058,0.06531042,0.021336503,0.038243417,0.10645794,0.17470166,0.19278416,0.14406596,0.06165761,0.00055229646,-5.64656e-05,0.053859442,0.10902136,0.11511571,0.058712795,-0.026736055
0.046855506,0.08337331,0.08449224,0.043933537,-0.015207064,-0.05798514,-0.061790533,-0.035183102,-0.0076819174,-0.011109327,-0.051292513,-0.10522631,-0.14062561,-0.13420385,-0.0941275,-0.04918056,-0.03215479,-0.05185727,-0.08698806,-0.10489964,-0.08229419,-0.024929008,0.03265263,0.057542086
0.025858771,0.04135657,0.07569426,0.10232496,0.09818345,0.06124373,0.012787464,-0.018796757,-0.021117525,-6.510667e-05,0.015207379,0.0015347452,-0.03837272,-0.08530625,-0.11030871,-0.10098891,-0.068228945,-0.03805209,-0.032884296,-0.054143365,-0.0796494,-0.08527234,-0.05763008,-0.0081092715
-0.096027486,-0.09471772,-0.06765458,-0.043385744,-0.04752745,-0.089277014,-0.14352106,-0.17456895,-0.16259506,-0.122234106,-0.08210163,-0.070296966,-0.09218461,-0.12619409,-0.13730946,-0.10913284,-0.054746553,-0.0048018843,0.015023777,-0.0034655754,-0.036161553,-0.05143828,-0.030978277,0.011674458
0.0024539728,-0.0680521,-0.1060212,-0.094610624,-0.053206023,-0.019772606,-0.0320176,-0.084990345,-0.1505813,-0.17968825,-0.15990767,-0.10477329,-0.053316563,-0.047289778,-0.08063242,-0.12689303,-0.14183252,-0.10594324,-0.03609625,0.02547342,0.041828655,0.009838445,-0.03752778,-0.05745426
0.17504159,0.1578069,0.11584846,0.08933786,0.10495424,0.1601893,0.20960464,0.22212467,0.17895053,0.11436812,0.060612682,0.05254998,0.07963411,0.10932197,0.108036935,0.057467245,-0.013876916,-0.06750805,-0.07278171,-0.032640424,0.016178101,0.034819983,0.008768146,-0.03785754
-0.031285305,-0.06392418,-0.03068593,0.05583727,0.1389241,0.17109363,0.13765685,0.07733888,0.038804878,0.061694957,0.13173723,0.1945641,0.20603292,0.15154287,0.06941427,0.009310907,0.00974131,0.058957946,0.107477926,0.107646845,0.04728435,-0.04007231,-0.09888688,-0.09227034
-0.10763388,-0.054685563,-0.008158482,-0.006302418,-0.056657825,-0.13156451,-0.17430755,-0.16001686,-0.09526097,-0.035726905,-0.015364979,-0.04950509,-0.10968035,-0.13857998,-0.1119498,-0.037837967,0.034431424,0.059131518,0.025426302,-0.03696509,-0.07359238,-0.051594447,0.013339974,0.07254026
-0.053823575,-0.010160416,-0.009977769,-0.05961156,-0.12810996,-0.17407703,-0.16145673,-0.10802575,-0.048938088,-0.03424512,-0.06374557,-0.11277149,-0.14008407,-0.10993036,-0.04366549,0.024518289,0.049474828,0.024688372,-0.024717817,-0.053661793,-0.034048777,0.024556654,0.07864634,0.089387715
-0.038861483,-0.09564909,-0.088003844,-0.030735616,0.025142383,0.03343153,-0.020452818,-0.10165417,-0.15852642,-0.14637917,-0.084576935,-0.022398937,-0.0033767559,-0.0470037,-0.11500812,-0.15658958,-0.1340115,-0.0600124,0.01524017,0.042974826,0.01019529,-0.05458429,-0.093356036,-0.07052584
0.007869935,0.07318062,0.12824397,0.12996711,0.073891096,-0.0104996795,-0.06676428,-0.063583046,-0.015296172,0.025876908,0.019336756,-0.041724443,-0.12314514,-0.17033328,-0.15553844,-0.09157602,-0.032502003,-0.019620536,-0.05766566,-0.11497593,-0.14005518,-0.103359066,-0.02119488,0.05591249
-0.08772602,-0.08917966,-0.064900376,-0.040078916,-0.041261468,-0.0727217,-0.11477312,-0.14207578,-0.13342425,-0.10015986,-0.06451837,-0.05260514,-0.063686766,-0.09075635,-0.10500797,-0.08624112,-0.042727504,0.0014708407,0.021905977,0.009982492,-0.020008119,-0.039487343,-0.02933449,0.0038611684
0.03202539,-0.043461118,-0.07756871,-0.037146892,0.056780275,0.15112676,0.18260507,0.14271888,0.06757804,0.031643752,0.06261258,0.14325538,0.216926,0.22440103,0.16204278,0.06500288,0.005067372,0.014595952,0.07456891,0.13009624,0.12734042,0.054019492,-0.04550526,-0.106811576
-0.0011235053,0.019788537,0.09740202,0.17673409,0.19645877,0.14068837,0.0441122,-0.0272267,-0.032459073,0.024266649,0.084325716,0.087335095,0.019865843,-0.08491944,-0.1562593,-0.15345505,-0.08465563,-0.010062749,0.013107996,-0.034674756,-0.11368806,-0.15924294,-0.12837385,-0.03540123
-0.101732686,-0.10118595,-0.06530377,-0.02757893,-0.024694407,-0.0666346,-0.123783134,-0.16007406,-0.15005104,-0.1046074,-0.053992048,-0.03808113,-0.06219847,-0.10344643,-0.12600824,-0.10425169,-0.048183512,0.009830468,0.03274659,0.010891277,-0.032130692,-0.05879286,-0.044928845,0.0025556798
0.022350121,-0.063410185,-0.110125326,-0.07477305,0.023284134,0.12507387,0.16064982,0.1204041,0.039902024,-0.0022680066,0.029510299,0.118712515,0.20295879,0.21993186,0.16198811,0.06243278,-0.0025157358,0.0065107006,0.0734773,0.13842677,0.14271447,0.07039679,-0.03636794,-0.10839023
-0.022282772,-0.058649346,-0.10978231,-0.14543378,-0.14562522,-0.11285924,-0.07279826,-0.055800054,-0.07211008,-0.1040177,-0.11969501,-0.09849845,-0.049711462,0.0041585364,0.030653242,0.019855885,-0.008977526,-0.025134353,-0.01122212,0.030150399,0.071169995,0.083237976,0.054871503,0.0071356804
-0.15787134,-0.08245028,-0.012393696,0.00571772,-0.03758826,-0.11111959,-0.1455046,-0.11150312,-0.017519647,0.063989945,0.09636634,0.060684104,-0.0070974664,-0.039286878,-0.011127238,0.069684885,0.14172168,0.15569338,0.10099694,0.014060156,-0.04485534,-0.03649297,0.022931121,0.07812525
-0.01928518,-0.005785722,0.041436456,0.08451086,0.089386,0.047392614,-0.015760724,-0.05931885,-0.05791682,-0.01976045,0.016347254,0.01619949,-0.024688998,-0.086128086,-0.12385966,-0.11297719,-0.06428474,-0.0153462,0.00048402534,-0.02717508,-0.073138945,-0.09770163,-0.073125534,-0.012312175
-0.045047376,-0.09375332,-0.06416943,0.030881016,0.12910092,0.16930799,0.13257061,0.058852706,0.0075928327,0.029081715,0.111578785,0.19286829,0.21601586,0.15824851,0.0630029,-0.009575525,-0.009548306,0.053812217,0.12067763,0.13083956,0.06485685,-0.038933676,-0.11205551,-0.10800778
0.060888804,0.019517658,-0.04343974,-0.09073176,-0.0932842,-0.054674286,-0.014032317,-0.0059163184,-0.043578,-0.09787761,-0.13604052,-0.12524958,-0.07650576,-0.023473693,-0.0019223108,-0.024917698,-0.06858471,-0.09477376,-0.076127075,-0.018593136,0.04117081,0.06494745,0.04190656,-0.0043215826
-0.08512715,-0.042727925,-0.0007448895,0.015976403,0.00043761806,-0.034019303,-0.049963646,-0.030667802,0.020852106,0.06728284,0.088748425,0.0717418,0.034590207,0.0147055,0.025765777,0.06445453,0.09947825,0.10481471,0.07228502,0.020909611,-0.015715865,-0.01740081,0.00884784,0.03490097
-0.02444863,-0.09713472,-0.13933098,-0.12306301,-0.06142862,0.004544317,0.026995936,-0.0051899985,-0.06310398,-0.091620535,-0.064289436,0.0072100353,0.07801271,0.09905265,0.06430556,0.0018575536,-0.033540692,-0.013989837,0.046335835,0.10281419,0.11041901,0.059833452,-0.015600707,-0.06525099
-0.05063185,-0.096992455,-0.0987742,-0.068459176,-0.041308608,-0.043660305,-0.08466965,-0.14410806,-0.18389697,-0.17544807,-0.13320962,-0.0895347,-0.06949889,-0.09276354,-0.13283956,-0.15245523,-0.12672377,-0.066344716,-0.006223854,0.020910539,0.004691732,-0.03468487,-0.056675486,-0.037638526
-0.1387092,-0.06637022,-0.0009932519,0.012598362,-0.036622155,-0.1143515,-0.15190102,-0.122122236,-0.034743343,0.040011235,0.06646631,0.025759328,-0.042775337,-0.07401446,-0.044592783,0.03634287,0.10886255,0.12482377,0.07301958,-0.008460778,-0.0598073,-0.043866638,0.019866757,0.07765677
0.00058194,-0.054103475,-0.08824139,-0.08307112,-0.05079844,-0.021320818,-0.02506306,-0.061127715,-0.110298075,-0.13447887,-0.119750895,-0.07583879,-0.035315856,-0.02550521,-0.04698723,-0.08227202,-0.096683584,-0.07303076,-0.022161629,0.02481943,0.039534613,0.0173467,-0.020571332,-0.0407779
-0.04007893,0.02456856,0.088645995,0.11328206,0.08674619,0.030323936,-0.0036887138,0.011648672,0.06964955,0.12226571,0.13791262,0.09975489,0.032270875,-0.012566252,-0.009545862,0.036175344,0.082545936,0.09028275,0.046331543,-0.023021404,-0.07155734,-0.06584169,-0.015834922,0.03809475
0.061143912,0.0086814705,-0.073369384,-0.12748457,-0.11386132,-0.039974954,0.0352362,0.06099996,0.019334173,-0.050410565,-0.09496322,-0.07073683,0.0058961823,0.0824819,0.10930047,0.06750558,-0.0051040007,-0.053010147,-0.037045192,0.031266723,0.10061202,0.11839364,0.06813046,-0.015897801
0.06822609,0.13555098,0.16652043,0.15364838,0.119486324,0.10079362,0.120283194,0.17184836,0.22077686,0.22999494,0.1935029,0.1339701,0.08532806,0.07904125,0.105437115,0.1328382,0.1259739,0.07470734,0.00463422,-0.04610908,-0.050743446,-0.01405917,0.02757923,0.038813263
0.15249395,0.11836519,0.05978782,0.024167523,0.04137158,0.10595532,0.16339287,0.17569175,0.12493706,0.051751133,-0.0027855583,7.515914e-05,0.04897307,0.094675705,0.099003285,0.045254335,-0.032008834,-0.083837256,-0.0758205,-0.018237524,0.042150006,0.06006348,0.022493873,-0.038871795
-0.123831235,-0.07415478,-0.027984343,-0.012016671,-0.035559505,-0.07685302,-0.090038046,-0.06041254,0.006535282,0.062581226,0.08845953,0.06819007,0.02940063,0.015093914,0.036584157,0.08766727,0.13068044,0.13601704,0.094712585,0.03393,-0.006708573,-0.005221226,0.024136767,0.048690386
0.0530698,0.13709559,0.16831008,0.13365911,0.06913005,0.028782262,0.049629297,0.11814546,0.18819395,0.20153938,0.15000437,0.06866886,0.009924501,0.013304711,0.064646795,0.11983347,0.12565927,0.06765448,-0.018580096,-0.077797174,-0.07332603,-0.01234855,0.054257505,0.073586635
0.027113779,-0.017447932,-0.00020316841,0.06550011,0.1255254,0.13724439,0.08405726,0.0030857185,-0.058300152,-0.05296445,-0.0008898954,0.048551016,0.053094346,-0.0040246435,-0.08270007,-0.13585785,-0.12370235,-0.06088761,0.0030126094,0.022049038,-0.0145539045,-0.07690235,-0.11191329,-0.08465426
-0.06782927,-0.030533655,0.058933593,0.14740725,0.18045649,0.14554158,0.08134891,0.04529163,0.07185509,0.14357296,0.21178195,0.2211277,0.16480355,0.07655913,0.015694762,0.018110683,0.07046482,0.12030378,0.11801183,0.051899724,-0.04154014,-0.10285378,-0.094307385,-0.030604674
0.08764054,0.09708405,0.06121723,0.004595756,-0.033474606,-0.030860461,0.002812112,0.03802922,0.03973256,0.00030416241,-0.058802173,-0.09649833,-0.09236346,-0.051029954,-0.0063790637,0.00676983,-0.022795515,-0.07015885,-0.09599371,-0.07769919,-0.023133563,0.033428058,0.055091772,0.032830123
-0.17357989,-0.16289641,-0.107650496,-0.04933515,-0.03088936,-0.06451279,-0.11106671,-0.13407941,-0.101271,-0.030226313,0.045255184,0.07339089,0.049957566,0.006008244,-0.020989921,0.001755807,0.062009703,0.12066489,0.13096449,0.085592374,0.015752463,-0.035420757,-0.03715706,0.0025072813
0.038833305,0.06687767,0.029781332,-0.039000977,-0.08201715,-0.060519602,0.017856276,0.09887702,0.13484386,0.10179606,0.035966642,-0.006394332,0.009021952,0.079542704,0.14914876,0.1703732,0.12541205,0.045667224,-0.014080404,-0.012849476,0.040270075,0.09924947,0.10997222,0.05686337
0.16234292,0.20393826,0.18145825,0.122939706,0.08387951,0.10435131,0.17047854,0.2382289,0.25593513,0.20877077,0.1223561,0.058550164,0.050003327,0.09349803,0.14099841,0.14339885,0.084369,-0.0076190648,-0.074272625,-0.07513103,-0.020660356,0.043473717,0.06624642,0.03150384
-0.019629177,-0.009701054,0.034028932,0.079443954,0.09259884,0.061610818,0.008410402,-0.0302155,-0.030742954,0.004165825,0.04146833,0.04609688,0.011479279,-0.043251,-0.08065559,-0.07742708,-0.039156035,0.0033052026,0.016607873,-0.009401855,-0.0528552,-0.08097115,-0.06775927,-0.01940403
-0.012483382,-0.01396738,-0.07561512,-0.16006207,-0.21019784,-0.19452338,-0.12574978,-0.057740416,-0.03493409,-0.074585035,-0.13426399,-0.1574826,-0.11967241,-0.032707967,0.04706401,0.076052204,0.04236441,-0.01596619,-0.04574444,-0.016844736,0.05253117,0.11602403,0.12340864,0.0672857
-0.07280483,-0.13178657,-0.16892293,-0.16366586,-0.1254053,-0.08218041,-0.066226,-0.08639082,-0.12108109,-0.1359753,-0.11071788,-0.05347099,0.00854173,0.036868636,0.024649318,-0.008278257,-0.026119757,-0.0066416985,0.041540354,0.087476194,0.09819318,0.063940465,0.0074702576,-0.034732025
-0.120563395,-0.113607466,-0.06736284,-0.022332437,-0.020645633,-0.07244617,-0.14070073,-0.18063085,-0.16308782,-0.10515257,-0.044723537,-0.029043809,-0.06313742,-0.11631511,-0.14185685,-0.112166554,-0.041862894,0.02559205,0.047189865,0.012614219,-0.04335856,-0.073468536,-0.05180294,0.006885043
-0.15204516,-0.14315887,-0.09815361,-0.050784122,-0.038838595,-0.07098466,-0.11565369,-0.13655762,-0.10809505,-0.048627656,0.012995715,0.03548605,0.016082542,-0.019542724,-0.03845615,-0.01489091,0.037830636,0.087043166,0.0977315,0.06315335,0.007721358,-0.031020187,-0.02937675,0.005051074
0.109053075,0.12264121,0.06560009,-0.025958903,-0.086857185,-0.07656163,-0.0076058405,0.059491493,0.06946686,0.012254621,-0.076703675,-0.13231832,-0.11831331,-0.041878548,0.033475444,0.05462224,0.0066966265,-0.07032561,-0.11785152,-0.0925503,-0.0071929246,0.0772521,0.10295669,0.05909254
0.15580909,0.13935512,0.103793114,0.08360445,0.10137199,0.1515831,0.19446711,0.20446949,0.16465738,0.10744041,0.062153075,0.057260435,0.08197786,0.10560531,0.100915626,0.053218883,-0.01173836,-0.057877246,-0.059850983,-0.024398103,0.01628078,0.029305676,0.0037448897,-0.037779808
-0.09757288,-0.04448634,0.0056356234,0.0111163,-0.037003536,-0.11034135,-0.15220037,-0.13960905,-0.077983625,-0.020328064,-0.002715872,-0.04015665,-0.098435685,-0.12711467,-0.10443948,-0.035168447,0.03110583,0.053107988,0.019483207,-0.03919018,-0.07309963,-0.054046378,0.0066817864,0.06489696
-0.00031522612,0.06673595,0.13438845,0.16530952,0.15071583,0.11339156,0.09580456,0.114824764,0.16654035,0.21460257,0.22548752,0.18484348,0.120405845,0.07394177,0.06543672,0.093441814,0.12297107,0.11721202,0.06455403,-0.008192906,-0.05814603,-0.06189604,-0.023598524,0.0212705
-0.19083495,-0.18438934,-0.13109809,-0.07200265,-0.054533966,-0.094334796,-0.1531057,-0.18533777,-0.15403089,-0.08076028,-0.00047713512,0.03278086,0.010727335,-0.037119154,-0.064789705,-0.037133813,0.03247352,0.10117565,0.12185609,0.08071525,0.008321819,-0.043454483,-0.041519884,0.0037406266
-0.0065020956,-0.05998258,-0.13874549,-0.18867351,-0.175416,-0.10876277,-0.037679825,-0.011616304,-0.04071734,-0.09490774,-0.12199617,-0.088466495,-0.008895302,0.06983702,0.101446584,0.07179489,0.0151932435,-0.018870464,7.0392045e-05,0.0611765,0.119275376,0.12931688,0.07731137,-0.005787818
0.027371863,-0.01437783,0.004206251,0.06400979,0.11575889,0.11803099,0.05939749,-0.022960374,-0.08233932,-0.07723224,-0.031064888,0.011495415,0.014117755,-0.04264258,-0.11756355,-0.16357051,-0.1480012,-0.084052354,-0.01860693,0.0039995606,-0.027986232,-0.08521413,-0.11228572,-0.07843687
0.09538998,0.098790236,0.05765494,-0.007804068,-0.058180008,-0.06379507,-0.035687353,-0.007025857,-0.012184387,-0.055294737,-0.12079333,-0.16336755,-0.15820783,-0.11344179,-0.06535636,-0.047532823,-0.07058139,-0.11235083,-0.13316312,-0.10569732,-0.039820172,0.02541609,0.0544668,0.03958773
-0.061933804,-0.118521124,-0.10243753,-0.033313062,0.029115187,0.034143683,-0.027585533,-0.114370026,-0.16851081,-0.14712836,-0.072703145,-0.004050305,0.012270791,-0.03973606,-0.11431057,-0.1559351,-0.12557863,-0.041483555,0.03701546,0.05847568,0.013688855,-0.060884785,-0.102650225,-0.0756215
0.02749441,0.04981635,0.02052511,-0.029173788,-0.050457545,-0.017616,0.056501925,0.12708732,0.15731095,0.13149445,0.082166165,0.055898737,0.07495853,0.13293712,0.18467654,0.19226821,0.14624801,0.07441285,0.023117667,0.020894723,0.05791011,0.095021054,0.09141894,0.036539674
0.1532193,0.18745092,0.15354304,0.08516035,0.04340708,0.06498837,0.1367325,0.2079043,0.22370787,0.17152171,0.08424809,0.02340145,0.021922166,0.07473553,0.13017195,0.13539095,0.07565773,-0.014575413,-0.07741579,-0.07401949,-0.012300327,0.057218067,0.07894489,0.036898103
-0.03970069,0.04813637,0.13665582,0.17307349,0.13872091,0.064871214,0.018565433,0.03639049,0.1110781,0.18177666,0.20146759,0.14633687,0.054146804,-0.008769903,-0.008413324,0.049990147,0.11029523,0.11846295,0.057301816,-0.0370362,-0.101229124,-0.09417138,-0.027529689,0.045557816
0.0092053525,0.01712506,0.048753504,0.07341031,0.06603788,0.022642082,-0.037762996,-0.080627546,-0.08727553,-0.06366509,-0.04421021,-0.05145481,-0.08823603,-0.13895525,-0.16605088,-0.15229367,-0.10781824,-0.06483043,-0.046847194,-0.061334584,-0.087709606,-0.0949677,-0.062828876,-0.0046554306
0.014000171,-0.036903035,-0.01741234,0.051715743,0.11123641,0.11401801,0.047217987,-0.046362173,-0.113073684,-0.10390096,-0.04508783,0.008592618,0.012721034,-0.04998108,-0.13414608,-0.1848962,-0.16358496,-0.08689017,-0.010866962,0.013940876,-0.024280667,-0.09103554,-0.12394115,-0.08593412
0.07775951,0.15286295,0.18169846,0.15762326,0.11059691,0.0843112,0.10731197,0.16681485,0.2223384,0.22862126,0.18142365,0.10977945,0.05570285,0.05537243,0.092966184,0.12956929,0.12369973,0.0660106,-0.013287408,-0.06608799,-0.063196786,-0.013389009,0.038595952,0.051387828
-0.1291144,-0.17293943,-0.14574274,-0.062630974,0.020453738,0.04857578,0.015054338,-0.041439325,-0.06760317,-0.030062472,0.060136113,0.14263344,0.16860203,0.12692058,0.056712575,0.011256495,0.026808342,0.09180192,0.15078406,0.15219909,0.08643335,-0.009154261,-0.075168,-0.07531127
0.11123473,0.12174453,0.06556598,-0.026080487,-0.0902627,-0.09121782,-0.042622544,0.008250325,0.012407894,-0.043539286,-0.13200365,-0.18655066,-0.17617889,-0.11109631,-0.040151436,-0.01385875,-0.049307205,-0.11394731,-0.14873074,-0.11792561,-0.033918962,0.051771432,0.08812919,0.058356084
0.017212722,-0.05932629,-0.117014945,-0.12701933,-0.09604549,-0.05997208,-0.060176514,-0.10496399,-0.17436749,-0.2178602,-0.21181253,-0.16104734,-0.1019921,-0.0784276,-0.09674619,-0.13915178,-0.16123581,-0.13330865,-0.06380177,0.0082951775,0.043445703,0.02783754,-0.016187675,-0.04598785
0.057373073,0.029178737,-0.021101553,-0.05014323,-0.026000619,0.04237768,0.10950752,0.1374713,0.11303673,0.063306585,0.03055629,0.049302172,0.10470475,0.15668647,0.16837195,0.1261002,0.058805365,0.009922877,0.011049011,0.052496597,0.09241869,0.093630694,0.04643054,-0.023700431
-0.054855566,-0.101998985,-0.09777331,-0.053397514,-0.011099488,-0.008621238,-0.054054644,-0.11879349,-0.1605058,-0.1492699,-0.0967359,-0.04421983,-0.02499476,-0.057135724,-0.10758548,-0.13562411,-0.11271816,-0.048191786,0.016450675,0.04033275,0.012721778,-0.038856287,-0.069592305,-0.052364983
0.018173065,-0.059870027,-0.110129334,-0.108700715,-0.069694765,-0.03151936,-0.03950276,-0.09551262,-0.1695055,-0.20686427,-0.19262765,-0.1364749,-0.07919683,-0.06764109,-0.09894458,-0.14727093,-0.16396715,-0.12826203,-0.053848356,0.015359449,0.04031663,0.013208181,-0.033427052,-0.056472857
0.11367434,0.053352784,-0.035554167,-0.098421164,-0.096884415,-0.041186463,0.010393681,0.013589933,-0.048448555,-0.13252713,-0.1900146,-0.17583361,-0.10671483,-0.03920404,-0.016623452,-0.05669082,-0.122719325,-0.15804975,-0.12486562,-0.038943384,0.0453124,0.07765124,0.044535097,-0.019599292
-0.16387464,-0.1545324,-0.109211415,-0.057406146,-0.034628127,-0.05357455,-0.08465398,-0.0975177,-0.06507394,-0.004579536,0.06109016,0.09017446,0.07771767,0.04731278,0.02716219,0.04334192,0.086779915,0.12914109,0.13486642,0.09702617,0.036812052,-0.011209507,-0.022466594,-0.001189939
-0.105511114,-0.1355118,-0.12659028,-0.08721314,-0.04550929,-0.033740528,-0.054855943,-0.08766174,-0.09932209,-0.07568242,-0.022615938,0.028327474,0.05042854,0.033743065,0.001915923,-0.014882075,0.0014849073,0.04419809,0.08378018,0.08967258,0.055840164,0.0037690678,-0.031688254,-0.03319262
-0.027362296,-0.055292346,-0.026836064,0.046229575,0.1173931,0.14362815,0.11539152,0.064851195,0.03230854,0.051422246,0.11118487,0.16454376,0.17415056,0.12800834,0.058695413,0.007831426,0.0074879946,0.049999062,0.09172888,0.09167812,0.040630795,-0.033707578,-0.0838926,-0.07867767
-0.069110155,-0.02124841,-0.017669877,-0.06705903,-0.13959517,-0.19021554,-0.17999272,-0.12498883,-0.05952362,-0.039146047,-0.067536175,-0.11981593,-0.14933798,-0.11842307,-0.047959223,0.027002348,0.056982975,0.032134354,-0.021356285,-0.054119382,-0.035303544,0.025016617,0.08238243,0.09466033
0.08134515,0.04707596,-0.008946597,-0.03763239,-0.009343502,0.068243645,0.14267081,0.16985041,0.13567534,0.07778756,0.041530397,0.06072045,0.120261244,0.17702074,0.18607968,0.13363524,0.05654733,0.0028954886,0.00343278,0.05042277,0.09780629,0.099688224,0.04471199,-0.032855924
-0.049839962,-0.13384022,-0.18626328,-0.16971831,-0.09944472,-0.023485927,0.0025991274,-0.029100833,-0.09028005,-0.1218325,-0.08934603,-0.005132813,0.07934247,0.11023351,0.07987635,0.013784569,-0.027220782,-0.008208727,0.059086215,0.12386163,0.13607942,0.08265984,-0.0053206556,-0.070546806
0.00656967,-0.062477335,-0.15886542,-0.22165118,-0.20980518,-0.13717066,-0.06497595,-0.04470356,-0.08847605,-0.15692744,-0.19363892,-0.15499249,-0.061618067,0.028975757,0.064803496,0.030768448,-0.034202736,-0.07036395,-0.03832818,0.04504133,0.12203729,0.13845074,0.08258725,-0.007461265
0.02671024,-0.012303046,-0.06667833,-0.09586529,-0.07613211,-0.014687918,0.046538174,0.06647076,0.03835717,-0.0051647546,-0.026347829,-0.0010882486,0.05659966,0.11148606,0.12461273,0.08798375,0.03466173,0.0021820634,0.010750826,0.053842716,0.09478627,0.09509635,0.047621507,-0.017820988
0.04169089,-0.0031559174,0.008776695,0.063092835,0.114121445,0.1204817,0.06465547,-0.017362097,-0.08111004,-0.08224016,-0.040944915,0.0023984786,0.007993793,-0.047048394,-0.1211238,-0.16957977,-0.15715882,-0.09587502,-0.028195165,-0.0017056847,-0.029726652,-0.08337257,-0.10960279,-0.0782664
0.01119401,-0.030157687,-0.05411173,-0.0368072,0.018999686,0.083489545,0.11700848,0.10785398,0.07094542,0.04663379,0.05828433,0.10517292,0.15621819,0.17233832,0.14441979,0.086990915,0.040931936,0.03281341,0.060254883,0.09361418,0.09672583,0.05548828,-0.008786886,-0.05884052
-0.04472203,0.016337145,0.039212734,0.013967387,-0.03581047,-0.06650345,-0.042060737,0.022299072,0.09269602,0.117891304,0.0960509,0.045968134,0.011650012,0.028856987,0.0799756,0.13384049,0.146896,0.10850945,0.04079724,-0.010209308,-0.013401095,0.026208237,0.06727235,0.07143929
-0.11845634,-0.07042048,-0.024057766,-0.008314678,-0.02990638,-0.07307928,-0.09091842,-0.0661924,-0.0023888962,0.053572472,0.08092623,0.06352242,0.02243636,0.003024616,0.020518573,0.0707024,0.116076335,0.12595925,0.08961124,0.029930808,-0.013159884,-0.014020159,0.017748162,0.04786146
0.19388835,0.15261033,0.08342729,0.04187201,0.06568792,0.14507148,0.21323581,0.22542353,0.16136803,0.07250994,0.0064601274,0.011051956,0.068366855,0.1202957,0.12116824,0.05295675,-0.04214896,-0.10495269,-0.093927376,-0.023301758,0.048432954,0.06709702,0.021324202,-0.049932674
7.752435e-05,-0.037755065,-0.09671881,-0.13684735,-0.13063708,-0.080172345,-0.02263873,0.0006856598,-0.019500943,-0.060562182,-0.08444891,-0.06302953,-0.0042185704,0.05765745,0.083722,0.06226051,0.018624604,-0.01090166,-0.0016195247,0.043238588,0.08939697,0.09970957,0.061940797,-0.00078891066
0.0003607178,0.01786983,0.07214403,0.12264785,0.1295319,0.08243485,0.010174778,-0.039524537,-0.04081976,-0.0023718732,0.034711372,0.031018194,-0.018747455,-0.09169483,-0.13686681,-0.12839518,-0.0776739,-0.025162145,-0.008431198,-0.040154565,-0.09176081,-0.11718195,-0.088360354,-0.019267844
-0.11791644,-0.14758274,-0.13994335,-0.101162925,-0.062196977,-0.049310114,-0.0653793,-0.09375656,-0.102018826,-0.07661104,-0.022489676,0.027134966,0.051359843,0.04149372,0.014115485,-0.00034515036,0.015640715,0.055906605,0.091180384,0.096355066,0.06486889,0.014344457,-0.023723368,-0.02926995
0.1182093,0.12684444,0.06599757,-0.03051145,-0.09967831,-0.10001469,-0.044590063,0.01134167,0.013939402,-0.047277514,-0.1404796,-0.19920103,-0.18635763,-0.11317317,-0.03738237,-0.011468057,-0.05158042,-0.119915225,-0.15744227,-0.12340881,-0.031467974,0.06029279,0.09523944,0.061044868
0.0137299085,-0.07872992,-0.14195654,-0.14573552,-0.10446374,-0.06252264,-0.07070539,-0.13132322,-0.21564205,-0.26104012,-0.24546315,-0.1790375,-0.112214096,-0.093414724,-0.12312827,-0.1753437,-0.194668,-0.15380861,-0.067083254,0.0154300295,0.048524585,0.022793168,-0.029641554,-0.05792388
-0.010390051,0.006855887,0.07541503,0.13991407,0.14831221,0.08931313,-0.0018916976,-0.06736771,-0.07135352,-0.019754339,0.030756531,0.029487947,-0.030287214,-0.12071042,-0.17937773,-0.16920726,-0.102287844,-0.031832725,-0.008126253,-0.045875154,-0.11006891,-0.14564914,-0.11203868,-0.023468576
-0.05970499,-0.06804183,-0.11414117,-0.1729108,-0.20836577,-0.20036155,-0.1570577,-0.11311368,-0.0933782,-0.11090718,-0.14041337,-0.14701386,-0.11459745,-0.048329473,0.012774693,0.041708123,0.029557906,-0.0012867448,-0.016652083,0.0045787515,0.05204924,0.0926173,0.09497249,0.054515246
-0.047084663,-0.071830794,-0.053203594,-0.0010774962,0.04979659,0.066063054,0.0404081,0.0002136076,-0.02181054,-0.0016253584,0.04920749,0.094821274,0.103598274,0.07018256,0.021929223,-0.009215308,-0.00016527786,0.038395647,0.07353673,0.073231846,0.033766437,-0.022121524,-0.057216357,-0.050946932
-0.0069754883,0.00973902,0.07135817,0.13044767,0.13956563,0.090748556,0.014057432,-0.041053675,-0.0434941,0.0029261576,0.048855588,0.047732867,-0.005788879,-0.08583521,-0.13882208,-0.13187078,-0.074417375,-0.014390667,0.0031367443,-0.033840377,-0.09290926,-0.12569995,-0.09799518,-0.021649793
-0.037560377,-0.015612748,0.057735667,0.13033758,0.1470225,0.0961944,0.016314926,-0.037823405,-0.031332985,0.02656244,0.08522193,0.088696495,0.03165854,-0.053667866,-0.11082554,-0.10293531,-0.041695386,0.022773717,0.037696544,-0.008564656,-0.08096414,-0.124667436,-0.102429174,-0.02516578
-0.034370445,-0.06323552,-0.026209056,0.05424524,0.12314604,0.13956904,0.0971575,0.033591483,-0.0019300658,0.025134858,0.091335215,0.14445916,0.14856353,0.092828356,0.015397538,-0.033010863,-0.021422092,0.033477362,0.0809947,0.08114993,0.02520361,-0.054446023,-0.100253746,-0.08023806
0.005851909,-0.03279111,-0.049733933,-0.024364276,0.03276563,0.091585025,0.11550544,0.09998158,0.064030044,0.0467211,0.06548094,0.11215795,0.15596515,0.16360225,0.1305317,0.075359836,0.036540654,0.03475948,0.06300407,0.091011494,0.086963646,0.04229457,-0.01897221,-0.060524
-0.114944756,-0.11691077,-0.080522954,-0.04342207,-0.04223406,-0.088767394,-0.15448023,-0.19864091,-0.18910886,-0.13838726,-0.08335764,-0.06337889,-0.08780685,-0.13482407,-0.15956824,-0.13330159,-0.06590499,0.0015342793,0.030698687,0.0084343925,-0.03894861,-0.06821081,-0.04916346,0.0058802348
-0.038328454,-0.036013924,-0.08089507,-0.14644873,-0.18924434,-0.18445285,-0.13734978,-0.085216515,-0.059023764,-0.078991726,-0.1174603,-0.13411528,-0.10963933,-0.045771413,0.019790124,0.05330861,0.040816687,0.0025815202,-0.021968096,-0.008536508,0.037948713,0.087137625,0.09999759,0.062562525
0.10100094,0.03466603,-0.00012621067,0.021223348,0.08241113,0.13912344,0.13941278,0.084806494,0.0013640813,-0.044981264,-0.03827084,0.011541865,0.05789364,0.05252095,-0.0016230525,-0.078276694,-0.12210055,-0.105992526,-0.0433998,0.018136216,0.034413654,-0.004465354,-0.06247845,-0.08906119
-0.2130525,-0.137548,-0.06044918,-0.03870244,-0.08973476,-0.17717682,-0.22153638,-0.19116744,-0.08729415,0.010224847,0.05586527,0.022360956,-0.046328057,-0.07988445,-0.04839096,0.0467652,0.13873139,0.16837026,0.116554715,0.02351283,-0.043138623,-0.03844522,0.025579423,0.089872904
0.049202476,0.12890476,0.15811975,0.123151354,0.05718178,0.015130176,0.036527578,0.104060985,0.17122267,0.1849473,0.13650525,0.05594916,-0.0029517217,0.0036724915,0.055908233,0.11135338,0.118411124,0.064005405,-0.021408541,-0.07943087,-0.071652375,-0.009708159,0.055242777,0.07505899
0.031485796,0.05151231,0.0069816215,-0.06367955,-0.10138784,-0.06860584,0.020806711,0.10635028,0.13880755,0.102188416,0.03786503,0.0032520534,0.028710064,0.10866873,0.17988342,0.19469777,0.14203677,0.058593076,-0.00016004407,0.0059739896,0.063549384,0.11953379,0.11934102,0.05445495
-0.10734418,-0.031263385,0.039000403,0.058963094,0.019777514,-0.0486252,-0.08170288,-0.052239656,0.030773545,0.101030424,0.12231383,0.07870499,0.009691723,-0.025725447,-0.004418987,0.06486649,0.124309964,0.13055629,0.07478014,-0.00662673,-0.058404863,-0.048085872,0.009196105,0.06233721
-0.027799807,-0.07937539,-0.11032911,-0.100874506,-0.06055685,-0.020341704,-0.008601272,-0.03148943,-0.070311025,-0.08856827,-0.067302145,-0.017835652,0.02940185,0.04577451,0.026342632,-0.011621945,-0.032301642,-0.015199822,0.027476883,0.066215284,0.07366062,0.04217847,-0.007632617,-0.04130526
0.08028828,0.080839515,0.04049343,-0.020135246,-0.06218257,-0.06158037,-0.029790765,-0.00085446564,-0.005205192,-0.04513588,-0.102582894,-0.13606049,-0.1266307,-0.08360303,-0.040160522,-0.02676736,-0.04969866,-0.08775877,-0.10574391,-0.081196874,-0.023526398,0.032169316,0.05409683,0.035387885
-0.16110921,-0.14689054,-0.09041582,-0.030495236,-0.008932801,-0.03837992,-0.085847355,-0.109296,-0.07646324,-0.006533676,0.06583679,0.093152605,0.06872799,0.020710913,-0.008919973,0.0114057185,0.06843598,0.121558376,0.13062254,0.08436845,0.012343795,-0.039554212,-0.04032661,-0.0011123613
0.022438707,-0.036305413,-0.074866675,-0.075485006,-0.04701564,-0.016377147,-0.016458327,-0.05304678,-0.10918058,-0.14088283,-0.13316728,-0.09253893,-0.04877412,-0.037254535,-0.059723355,-0.09879801,-0.11662102,-0.09341515,-0.039895356,0.012264803,0.033491366,0.015090761,-0.021790799,-0.04214328
0.0160924,-0.061988194,-0.1160335,-0.11584471,-0.070528544,-0.02148861,-0.016277466,-0.06089151,-0.13235053,-0.1750881,-0.1646228,-0.10643629,-0.041509032,-0.018971879,-0.04529938,-0.09911621,-0.13139151,-0.10874315,-0.03911336,0.03368612,0.06392224,0.03611252,-0.02142345,-0.0599513
0.035879236,0.047636807,0.089088336,0.12723798,0.13183874,0.09542282,0.03879757,-0.005171666,-0.015712112,0.008727158,0.03258936,0.024734115,-0.018226374,-0.07904933,-0.11953399,-0.11873833,-0.08153221,-0.040289726,-0.027446566,-0.05089749,-0.08658484,-0.10382921,-0.07887938,-0.020722754
0.015415982,-0.040835556,-0.12306462,-0.17571591,-0.15990628,-0.08728018,-0.013719833,0.011118311,-0.024787867,-0.086574055,-0.12173567,-0.089095905,-0.0053519784,0.07615376,0.106178015,0.07001606,0.0034595719,-0.03788578,-0.01700466,0.053126372,0.1191783,0.13011278,0.07485583,-0.011934414
-0.12502432,-0.106744014,-0.05264812,0.0005927551,0.016907295,-0.014496776,-0.06271525,-0.085822746,-0.05615014,0.005543866,0.06587069,0.08465052,0.055294823,0.0046259095,-0.023445066,-0.0036361285,0.05023571,0.09757689,0.103775874,0.058700405,-0.0077709905,-0.05028894,-0.042710576,-0.0008627904
-0.061626147,-0.115929455,-0.15245052,-0.14827368,-0.1108415,-0.071146905,-0.059572298,-0.07953724,-0.1124757,-0.12645876,-0.10150791,-0.046246946,0.0062387576,0.02942189,0.01848024,-0.011174723,-0.02634505,-0.0079478705,0.0366985,0.076890655,0.08536017,0.055634856,0.006406227,-0.030778399
0.031336706,-0.010434522,-0.0717654,-0.106726,-0.08663104,-0.01935171,0.048151866,0.07256755,0.042622495,-0.009158719,-0.037869427,-0.012290513,0.053928614,0.11763946,0.13493912,0.09552829,0.031798057,-0.008818266,0.0020586627,0.054931592,0.104069665,0.10726248,0.05526145,-0.018840598
0.059902005,0.12879652,0.13870168,0.07947553,-0.008000446,-0.0664522,-0.05740601,0.001324817,0.05866865,0.059239957,-0.004091948,-0.09165672,-0.14723866,-0.13101791,-0.06360994,0.005992903,0.022133408,-0.024745721,-0.096698195,-0.13516988,-0.10395477,-0.018576823,0.06382278,0.091104075
-0.13022076,-0.0811525,-0.034947038,-0.023305392,-0.051760156,-0.10080247,-0.123189315,-0.098983824,-0.032125574,0.026334612,0.05081135,0.029289814,-0.01116116,-0.027419368,-0.003926076,0.05409466,0.103512235,0.11292671,0.076433085,0.019373769,-0.018463068,-0.01443163,0.022191036,0.054351613
0.030662296,0.043034405,0.093335904,0.14474547,0.15667559,0.11542304,0.043735232,-0.011748027,-0.024060445,0.008022213,0.04333405,0.04083713,-0.009540155,-0.085950516,-0.13734324,-0.13775063,-0.09151138,-0.03896688,-0.019792747,-0.049240135,-0.09806047,-0.1236817,-0.09704513,-0.028725307
0.057546128,0.0121363,0.022768382,0.0782954,0.13324402,0.14454055,0.093698345,0.013528891,-0.053516425,-0.059131842,-0.019319039,0.023956966,0.02967754,-0.024921777,-0.1014527,-0.15601006,-0.15030536,-0.09242767,-0.02615334,0.00039571748,-0.026929967,-0.08122565,-0.11127401,-0.083662644
0.02320413,0.06531659,0.099310145,0.095647216,0.050146006,-0.016511418,-0.063889876,-0.06952,-0.042780556,-0.018173141,-0.025064422,-0.070880085,-0.13210438,-0.16973737,-0.16000131,-0.11263042,-0.06416195,-0.046995725,-0.06780901,-0.10596241,-0.1203474,-0.08761537,-0.021153351,0.04098702
-0.048392907,0.009080717,0.06609852,0.08814866,0.063873075,0.015246978,-0.0138029335,0.0012996993,0.055505514,0.10508135,0.120435,0.08735904,0.030678984,-0.007051946,-0.0031911985,0.039475597,0.08155424,0.08740213,0.04837942,-0.013249961,-0.057087164,-0.05342303,-0.010196086,0.036183972
0.03334754,0.0032246683,-0.042229652,-0.06474312,-0.042267874,0.017138267,0.07303413,0.093180545,0.06993204,0.028477522,0.0060645374,0.02817509,0.08046971,0.12665722,0.13536236,0.09829825,0.043715812,0.007998208,0.014656697,0.053473573,0.08659357,0.084181175,0.03948049,-0.02186683
0.11840101,0.13051224,0.081611305,0.0020337256,-0.053891737,-0.049530197,0.0021519957,0.05372816,0.05668116,0.0025676962,-0.07950564,-0.13099839,-0.12365874,-0.06398434,-0.002625833,0.014264805,-0.025613148,-0.090262495,-0.1276128,-0.10202385,-0.026774427,0.050320875,0.07895337,0.049074054
0.084661186,0.048507147,-0.021685472,-0.062239926,-0.02963217,0.06928986,0.1739946,0.22357947,0.19276947,0.1214766,0.0733144,0.094205745,0.17063077,0.25160202,0.27314463,0.2125651,0.11017751,0.032816824,0.023805838,0.07839,0.13897486,0.14460255,0.073921226,-0.032011203
-0.009096687,0.01088614,0.08179473,0.1479764,0.15675493,0.09376645,-0.0022953395,-0.07043444,-0.07324005,-0.020558901,0.030860705,0.028068054,-0.03542537,-0.13002871,-0.18983498,-0.1777455,-0.10825572,-0.03534018,-0.010796658,-0.050558884,-0.11771609,-0.15336972,-0.11662421,-0.024524916
0.02322591,-0.034357123,-0.06387043,-0.03533815,0.039072722,0.11849059,0.15473421,0.13475686,0.0799734,0.049132917,0.070887536,0.13344426,0.19366519,0.2081371,0.16538247,0.088098414,0.032680284,0.031392757,0.07133411,0.113329485,0.11468544,0.05965344,-0.023254223,-0.081051104
-0.028119465,0.07092098,0.1686412,0.21087071,0.18106274,0.110278584,0.06539654,0.088510975,0.17006879,0.24435467,0.26268724,0.2043532,0.10492858,0.034142386,0.030821215,0.08723317,0.1439608,0.14381352,0.07389223,-0.030314103,-0.10334845,-0.09951971,-0.031154813,0.043058243
0.018437658,-0.041989755,-0.1255532,-0.17674822,-0.15979652,-0.08844296,-0.020002982,-0.0010530363,-0.04189832,-0.10333676,-0.13489582,-0.099204026,-0.016930401,0.06056786,0.0871988,0.05008745,-0.012599351,-0.04804558,-0.02237759,0.04824251,0.11316661,0.12335601,0.06930082,-0.0135575645
0.12622346,0.09208575,0.043363094,0.01716111,0.036292046,0.09223871,0.13948505,0.14509149,0.09726076,0.035128143,-0.006667466,0.0014856263,0.04552333,0.08272759,0.08025834,0.029623155,-0.036427032,-0.074806176,-0.06163572,-0.008543854,0.040619932,0.049082495,0.012096404,-0.038057037
0.019066077,-0.036749158,-0.06826422,-0.0602029,-0.025084607,0.0061208685,0.0020859244,-0.038199887,-0.09317983,-0.11845346,-0.10449177,-0.062333133,-0.023473566,-0.01794946,-0.04570331,-0.08652977,-0.103030466,-0.0786528,-0.02756206,0.019168444,0.03419812,0.009161439,-0.02997766,-0.047884744
-0.039593376,-0.01691678,0.050968066,0.11241784,0.11862374,0.058113005,-0.031128926,-0.0893113,-0.081450194,-0.023955245,0.029113648,0.028684633,-0.031026725,-0.116854906,-0.16646624,-0.14686431,-0.075989045,-0.008384963,0.010212707,-0.033053618,-0.10037559,-0.13402285,-0.09812651,-0.013367823
-0.004789023,0.02316569,0.081921615,0.1308192,0.131323,0.07926111,0.012044097,-0.025849622,-0.015609364,0.026750602,0.06275576,0.0514295,-0.006366659,-0.0773245,-0.11521394,-0.09948991,-0.04761697,-0.0006278156,0.0038620546,-0.038799874,-0.09309123,-0.11250828,-0.07832847,-0.008839203
-0.04622864,-0.102025,-0.13678052,-0.12626053,-0.07615398,-0.02309788,-0.0050385958,-0.026331693,-0.06443664,-0.082099885,-0.05785655,0.0024824915,0.06124729,0.08196684,0.06108814,0.018103208,-0.008548412,0.0041239937,0.050677545,0.094041206,0.09899555,0.05832322,-0.0017405079,-0.045557022
0.0305815,0.0034882713,0.03090603,0.09630874,0.15162162,0.15676717,0.10326465,0.032868244,-0.0140437735,-0.0047835135,0.04023296,0.07725814,0.07196832,0.011837139,-0.061131224,-0.10604788,-0.096330345,-0.04493674,0.006477684,0.015824717,-0.02441582,-0.081663944,-0.10791823,-0.077988714
0.0059677786,0.021040015,-0.013053267,-0.07103481,-0.10973311,-0.099821545,-0.04594006,0.01267518,0.040261135,0.017047783,-0.029177422,-0.05645067,-0.041975863,0.014226527,0.0726354,0.09653041,0.072554775,0.02127729,-0.01707091,-0.012984798,0.029081931,0.07760796,0.09006958,0.05259667
-0.071960784,0.014044712,0.096253045,0.12123913,0.07575426,-0.0065807058,-0.055575877,-0.036586903,0.044577602,0.119198084,0.13952225,0.08511872,-0.003685684,-0.060229287,-0.0492523,0.023213362,0.0953474,0.10981444,0.052345704,-0.040042985,-0.101470746,-0.08843714,-0.0136022745,0.06264545
-0.04958036,-0.08630996,-0.053103354,0.036971528,0.12668847,0.16403235,0.13517687,0.0754061,0.037226032,0.06375511,0.14168324,0.21224798,0.22844614,0.17586923,0.091232225,0.027978374,0.02807381,0.08062302,0.13095355,0.12984529,0.06521167,-0.030419566,-0.097157836,-0.09493436
-0.045820344,-0.08061511,-0.082398176,-0.060199864,-0.040982228,-0.047775865,-0.08481582,-0.13288231,-0.16172236,-0.15179223,-0.11637748,-0.082956605,-0.07198803,-0.09201108,-0.12034425,-0.12975915,-0.103833,-0.0537568,-0.007427792,0.010184852,-0.003331674,-0.031173032,-0.043088455,-0.02476737
0.17772503,0.14407398,0.09173853,0.06462545,0.08874873,0.15231237,0.20261458,0.20617066,0.14838953,0.07607575,0.02588127,0.029700601,0.06930769,0.10162841,0.09411066,0.03336013,-0.042401277,-0.08849597,-0.07848826,-0.025789283,0.02744787,0.039949972,0.0037146134,-0.048860308
0.036563803,0.0828559,0.11860495,0.11478776,0.06684476,0.0021134433,-0.041737586,-0.043486338,-0.015829992,0.006213724,-0.007739464,-0.06049533,-0.12219221,-0.15672272,-0.14497913,-0.09895245,-0.05671088,-0.048551124,-0.075858764,-0.11295977,-0.12219193,-0.085657835,-0.019631961,0.03958294
-0.06254501,-0.015621491,-0.007513984,-0.0491642,-0.11444066,-0.16193043,-0.15438578,-0.10384731,-0.04192557,-0.020326192,-0.044167355,-0.09188547,-0.12262326,-0.09931918,-0.038170233,0.030093377,0.059078652,0.03718704,-0.012766345,-0.046734884,-0.034952216,0.017574687,0.071425036,0.08662903
-0.09944283,-0.103627324,-0.070445016,-0.031742312,-0.024775876,-0.06309751,-0.11998836,-0.16006865,-0.15483606,-0.11271381,-0.061229486,-0.041306466,-0.05990013,-0.10192364,-0.12857953,-0.11150249,-0.057395265,0.0035420894,0.033008374,0.015513522,-0.028291633,-0.05884136,-0.048926428,-0.0036554576
-0.06441783,-0.119246684,-0.11500534,-0.063846864,-0.012943727,-0.008934859,-0.061551142,-0.13633642,-0.18459716,-0.17033014,-0.1078233,-0.045060568,-0.024426153,-0.061817236,-0.120040655,-0.1523322,-0.12604053,-0.052032683,0.022143476,0.048717223,0.016381264,-0.043953467,-0.07963968,-0.05951276
-0.008129586,0.028367104,0.058531176,0.0531837,0.0066577164,-0.058981746,-0.10634692,-0.11193439,-0.08319279,-0.05621098,-0.06001878,-0.099863656,-0.15159328,-0.18176696,-0.16739638,-0.116535835,-0.065737,-0.04630595,-0.06217511,-0.093973726,-0.10563714,-0.07462859,-0.012635133,0.044617426
-0.053589936,-0.109797746,-0.14184488,-0.1281803,-0.07844119,-0.025719345,-0.0061536254,-0.027760573,-0.06525781,-0.07989943,-0.052559458,0.007920843,0.066782415,0.08872105,0.066520736,0.022854961,-0.0021033233,0.012689272,0.057431467,0.099684425,0.10357244,0.06012968,-0.0026933898,-0.045895237
0.04183425,-0.0047809877,0.0039211265,0.056998003,0.10903036,0.120507956,0.07428488,-0.0021344053,-0.06607299,-0.070594884,-0.03028793,0.01350656,0.023161246,-0.024464479,-0.096194044,-0.14827748,-0.14189972,-0.08434504,-0.019999025,0.007745362,-0.01699967,-0.07048926,-0.103005715,-0.07928126
0.07498924,0.033477925,-0.0252461,-0.066486925,-0.06683612,-0.032824885,-0.0016422722,-0.0014705919,-0.04419187,-0.09997678,-0.13723466,-0.12788709,-0.08302644,-0.03893339,-0.024428423,-0.050308835,-0.092581555,-0.11328453,-0.089071274,-0.03064287,0.026110513,0.048374984,0.027384859,-0.012509771
-0.032594234,0.0008576465,0.06798647,0.13266467,0.16108613,0.14202568,0.10362263,0.0846051,0.106727004,0.15634586,0.20141253,0.20490667,0.16188282,0.09823217,0.053490043,0.050835595,0.07925694,0.10505417,0.09569064,0.04377401,-0.025094293,-0.07055321,-0.06678978,-0.025491139
-0.011626779,-0.050794967,-0.102286,-0.13628253,-0.13440734,-0.100381024,-0.0639689,-0.05508295,-0.07760066,-0.110207215,-0.12600364,-0.10532664,-0.055405382,-0.0051976847,0.016032696,0.0023109769,-0.02533562,-0.038541272,-0.020746319,0.023081863,0.06486074,0.07442198,0.045953397,0.000574819
-0.051690128,-0.09744347,-0.09273707,-0.04830872,-0.0072680144,-0.0040567983,-0.049109973,-0.11337163,-0.15463792,-0.14200893,-0.0901519,-0.039521873,-0.022227105,-0.054326452,-0.103972845,-0.13125114,-0.107695594,-0.045462545,0.015652895,0.037493378,0.01083465,-0.03912804,-0.06863752,-0.051088355
-0.033533566,0.023817718,0.087485604,0.11825866,0.09748398,0.044355247,0.0078112753,0.014639867,0.06338296,0.11489799,0.13533242,0.101280935,0.0366557,-0.011201891,-0.016209727,0.022208782,0.06806053,0.081847936,0.044219766,-0.02173365,-0.07063987,-0.07064557,-0.026574714,0.027634617
-0.17541055,-0.16581209,-0.11969032,-0.07135222,-0.055856902,-0.0828105,-0.121705815,-0.1389583,-0.10450148,-0.03945222,0.027144982,0.05524974,0.040940773,0.0071588336,-0.011743982,0.012420735,0.06680781,0.11602147,0.1255181,0.08740125,0.025609082,-0.020376451,-0.023134429,0.0071772705
0.019599577,-0.043983627,-0.08549371,-0.084844284,-0.053419083,-0.023596507,-0.031527903,-0.07701014,-0.1381533,-0.17000458,-0.159531,-0.114450134,-0.06976014,-0.060311772,-0.08465493,-0.12386693,-0.13848606,-0.11023766,-0.050002776,0.0070060706,0.029268853,0.009627176,-0.027352547,-0.045838155
0.008682978,0.021373037,0.06182453,0.10017294,0.10406067,0.06875466,0.01558978,-0.022720573,-0.025909502,0.002841168,0.031312495,0.027010689,-0.01295302,-0.06862283,-0.10392008,-0.09873515,-0.059151024,-0.018431352,-0.007899049,-0.03402598,-0.072661705,-0.090634696,-0.06814682,-0.0145366555
0.114903525,0.12112859,0.08512069,0.026974712,-0.0139652435,-0.015496885,0.012913136,0.039042924,0.031234043,-0.011766816,-0.07377099,-0.11416555,-0.11483486,-0.07967977,-0.04133953,-0.031537578,-0.057549454,-0.098570324,-0.12042239,-0.09924787,-0.042276524,0.015704695,0.042516757,0.030008541
0.036469232,-0.042827588,-0.09265327,-0.083475955,-0.02724026,0.031429045,0.04074212,-0.0067903856,-0.08435985,-0.12856576,-0.11475267,-0.05177591,0.013349798,0.027851624,-0.01125341,-0.07826963,-0.11590991,-0.09289027,-0.02244193,0.04717236,0.0692113,0.031038929,-0.033958424,-0.07349475
0.14740725,0.11508669,0.05806098,0.021267343,0.038320936,0.10334153,0.16359165,0.17752574,0.12940906,0.058961812,0.0048981397,0.007699996,0.05609033,0.10311004,0.10768825,0.05500557,-0.02187439,-0.07471213,-0.06916136,-0.012849122,0.046600807,0.06215141,0.024391409,-0.035959106
-0.053283423,-0.017102325,-0.014936389,-0.054849427,-0.11091606,-0.14733751,-0.13587943,-0.09206779,-0.04163249,-0.025465123,-0.047928616,-0.08736319,-0.10832721,-0.08352618,-0.029493282,0.027376214,0.050294127,0.030248927,-0.011912183,-0.037622567,-0.023069568,0.022134226,0.06564419,0.07427612
-0.12028983,-0.075250216,-0.034139402,-0.02335474,-0.046339825,-0.085314415,-0.09982342,-0.07435377,-0.011757995,0.042211786,0.06711125,0.05210595,0.016306622,0.00053936813,0.019803293,0.06988269,0.114744455,0.12274876,0.0882692,0.03238608,-0.008024274,-0.008046997,0.023285478,0.05081443
-0.11827508,-0.16984387,-0.15317728,-0.08078532,-0.007966977,0.011980506,-0.031494204,-0.09803654,-0.13319278,-0.10185339,-0.017579533,0.062326174,0.088787034,0.048889328,-0.016590713,-0.056009192,-0.03274309,0.03925443,0.10709032,0.118675396,0.06441728,-0.01977686,-0.075961456,-0.06954956
0.05598614,0.092005216,0.09069045,0.049263988,-0.009316545,-0.05039226,-0.052463416,-0.024645198,0.0006817055,-0.0066473424,-0.05026022,-0.10656872,-0.14163104,-0.13114808,-0.08878864,-0.04552297,-0.03443156,-0.059082925,-0.096033536,-0.110630736,-0.08204246,-0.021367908,0.03413948,0.055135243
0.14070258,0.16401686,0.13465261,0.08457694,0.059726372,0.08839472,0.15030469,0.2042756,0.20898998,0.16126075,0.08922719,0.04447736,0.048317242,0.09223629,0.13043353,0.122680716,0.064532414,-0.013456259,-0.062674925,-0.053081762,-0.0009315543,0.049830806,0.057402547,0.017178638
-0.20227855,-0.18797152,-0.12795003,-0.063956805,-0.04387034,-0.08386015,-0.14116503,-0.16769387,-0.12734604,-0.047341947,0.0367013,0.06888747,0.04160623,-0.00837309,-0.034393143,-0.00400685,0.0664744,0.13167125,0.14385992,0.092759185,0.013590104,-0.04039048,-0.038570136,0.005216776
-0.16528024,-0.16164248,-0.12857011,-0.08925557,-0.073449224,-0.091421485,-0.11785235,-0.12644157,-0.09577929,-0.043152623,0.015539095,0.0452956,0.040140137,0.019982187,0.009350965,0.02888475,0.07046563,0.11026032,0.11918792,0.08958386,0.03964182,0.0010454478,-0.008339455,0.007050025
0.105511904,0.030505732,-0.012404798,0.008001241,0.07423572,0.14167257,0.15086164,0.096569665,0.005683459,-0.04871879,-0.043871857,0.01112901,0.06892954,0.07217347,0.017020585,-0.068763204,-0.12226271,-0.109244704,-0.042524848,0.02862139,0.05128026,0.0099985665,-0.05924207,-0.096946016
0.027527817,-0.014836989,-0.003644062,0.048083927,0.098396145,0.1069629,0.058501232,-0.015823876,-0.07307354,-0.07127908,-0.0289013,0.014620559,0.021198468,-0.02801456,-0.09647539,-0.14185949,-0.13028245,-0.073000334,-0.011625542,0.010691472,-0.017428799,-0.07067754,-0.09862475,-0.072416455
0.0017182626,0.02531353,0.077605195,0.11962566,0.11943443,0.073766656,0.012661613,-0.02457321,-0.018648792,0.017799456,0.045505185,0.033434935,-0.015661871,-0.07711991,-0.11150044,-0.098628774,-0.054751936,-0.015304244,-0.010205656,-0.04217486,-0.08492591,-0.10247136,-0.072616845,-0.010191149
-0.08836823,-0.087323405,-0.062220793,-0.038116686,-0.03828747,-0.0706622,-0.112640046,-0.13698526,-0.12565356,-0.09012232,-0.05336099,-0.041817583,-0.05765541,-0.084863335,-0.09642414,-0.07531334,-0.032274034,0.009426416,0.025740791,0.009666648,-0.02031971,-0.03818708,-0.026330065,0.0069362875
0.006267889,-0.057328764,-0.09387369,-0.07393542,-0.009278084,0.057776265,0.079984665,0.04980759,-0.007442437,-0.038718283,-0.018076098,0.04480734,0.107307605,0.12333225,0.08669632,0.020774176,-0.02247396,-0.012881105,0.038865704,0.09067908,0.098650225,0.050838813,-0.022426864,-0.0723555
0.027642326,0.048333015,0.08905229,0.121346265,0.12239465,0.09007325,0.045383222,0.01764924,0.019357651,0.043033704,0.06011936,0.047934536,0.0067351856,-0.04520765,-0.0754597,-0.07037373,-0.040361546,-0.013352376,-0.011631963,-0.03888334,-0.07323971,-0.08543466,-0.060512107,-0.011487555
0.03179575,-0.016845044,-0.0017692365,0.06351192,0.1262718,0.13977757,0.08516511,0.00021746625,-0.065869264,-0.06358199,-0.011835248,0.041374337,0.04903605,-0.009420178,-0.0915513,-0.14831161,-0.13743821,-0.07212046,-0.0021373495,0.021922698,-0.014425449,-0.07940377,-0.11612962,-0.08834158
-0.04752952,-0.09699927,-0.09524132,-0.054164473,-0.015560002,-0.016880253,-0.06704313,-0.13600984,-0.1814598,-0.17172822,-0.12067287,-0.069071695,-0.05177518,-0.08568824,-0.13623351,-0.16235635,-0.1358587,-0.067890525,0.00028891506,0.026698105,0.0017219423,-0.046367344,-0.072205454,-0.049739968
0.051970765,0.06968455,0.026970645,-0.041563727,-0.081736244,-0.056127578,0.021666382,0.09521979,0.119322635,0.08086386,0.016350329,-0.020342743,-0.0004218246,0.069407456,0.13281965,0.14630574,0.10031349,0.026342569,-0.024880541,-0.016396595,0.03975391,0.0964652,0.10304141,0.050421473
-0.1365972,-0.12069161,-0.067857355,-0.013796913,0.004916087,-0.021763973,-0.063323736,-0.082705006,-0.052000377,0.010017521,0.07258471,0.09443201,0.0705109,0.025475865,-0.0016963484,0.015818916,0.06617109,0.111985646,0.117426,0.073543206,0.007620319,-0.038199075,-0.037394155,-0.0016889566
0.06154464,0.0809978,0.13154292,0.17607772,0.18175519,0.14085811,0.07614271,0.027526272,0.016310396,0.04110247,0.062808275,0.049706303,-0.003522045,-0.07763427,-0.12647381,-0.12819023,-0.08963125,-0.047869496,-0.036178708,-0.064572215,-0.107566506,-0.12603562,-0.09462317,-0.026170032
-0.05347424,-0.09028691,-0.051908128,0.039432757,0.12409303,0.15012196,0.10790875,0.037409157,-0.0025050105,0.028362958,0.10783252,0.17587408,0.18839484,0.1277971,0.038976155,-0.019034239,-0.007959747,0.05538067,0.11278316,0.1134308,0.046467382,-0.050314218,-0.109164946,-0.09375123
-0.013277693,-0.10056919,-0.1536418,-0.13532004,-0.06210322,0.014113365,0.035805374,-0.0054188757,-0.07879781,-0.117724486,-0.08970293,-0.008531289,0.07295726,0.09889976,0.060331244,-0.013918322,-0.05997584,-0.039780177,0.0322165,0.10350565,0.120369434,0.06688234,-0.02110711,-0.08145059
-0.0009526162,0.016336037,0.07885317,0.13887714,0.14801145,0.09122664,-0.0017283949,-0.068758,-0.07431659,-0.02931535,0.014899579,0.013419076,-0.043088954,-0.1324144,-0.18867049,-0.1785024,-0.115216,-0.048804536,-0.021498889,-0.053413525,-0.114311114,-0.14602546,-0.11059464,-0.025541766
0.014117353,-0.044547696,-0.06928875,-0.035238173,0.03933401,0.110552885,0.13085188,0.09923391,0.042681918,0.016741961,0.04363581,0.10863065,0.16593829,0.17010279,0.121907495,0.04810556,0.0029245145,0.012265865,0.061237905,0.104237415,0.09980658,0.041627705,-0.03603089,-0.08347418
-0.05762185,-0.014963979,0.08103089,0.17390493,0.20757982,0.16863069,0.09960558,0.06043316,0.0879081,0.16402474,0.23447177,0.2397159,0.1742386,0.07799212,0.0128749125,0.016307896,0.072368115,0.12399017,0.11810127,0.044685207,-0.053794686,-0.11631962,-0.10307979,-0.03194854
0.115480915,0.09285784,0.057923906,0.039175052,0.05447389,0.098539785,0.13451697,0.13804816,0.10001769,0.051357128,0.015697591,0.016820945,0.047134787,0.07191493,0.06788811,0.027090132,-0.025732402,-0.059030432,-0.052817304,-0.015143235,0.022919325,0.030794337,0.0044913203,-0.033340853
-0.026311198,0.011556987,0.092406645,0.17473628,0.21705866,0.20487311,0.1623777,0.13762288,0.15897076,0.21639886,0.26962066,0.2774244,0.22992623,0.15234536,0.092457,0.07980955,0.10641213,0.13194579,0.12071167,0.060972765,-0.021775076,-0.082209006,-0.08518002,-0.040812224
0.0008831553,-0.03881021,-0.051145002,-0.017907145,0.046145253,0.10444229,0.122621454,0.10122071,0.06359466,0.05022354,0.0762451,0.12721379,0.1690538,0.16985328,0.13030283,0.07249569,0.03606417,0.04017369,0.07209923,0.09753642,0.08689883,0.03517323,-0.028705593,-0.06760317
-0.032427292,-0.02336986,-0.0551936,-0.10939037,-0.1509412,-0.15384255,-0.114386305,-0.06461247,-0.036338985,-0.051228784,-0.08622011,-0.10829475,-0.09408097,-0.038970426,0.020694753,0.053422358,0.042346988,0.0065423236,-0.021866575,-0.014672584,0.025986154,0.07236652,0.08653421,0.057014186
0.07452837,0.07935702,0.05068935,0.006219188,-0.025836376,-0.023876017,0.0034335612,0.029810064,0.02784136,-0.00575625,-0.053794626,-0.083196245,-0.078558,-0.04516028,-0.011748324,-0.0043290607,-0.027612664,-0.06308203,-0.0819931,-0.064116865,-0.01940714,0.025371687,0.041217472,0.024905475
-0.16733053,-0.08733337,-0.009842656,0.010874685,-0.034428637,-0.112761445,-0.14984865,-0.11570497,-0.016546858,0.07294557,0.10920497,0.071383506,-0.001104821,-0.039030306,-0.012698163,0.072413,0.15157957,0.16927955,0.11169189,0.016656252,-0.048827954,-0.043412846,0.020267393,0.08179102
-0.013449122,0.014688443,0.08490068,0.14387375,0.14636642,0.08470671,0.0003777304,-0.051738217,-0.04347365,0.008854738,0.054075122,0.045174174,-0.018821187,-0.10578098,-0.15536745,-0.13785625,-0.07272759,-0.011036421,0.0019907875,-0.04402294,-0.10949628,-0.13823035,-0.09889638,-0.01325598
0.07977579,0.078560084,0.03575689,-0.025367728,-0.06564719,-0.061736926,-0.024887066,0.0072559156,0.0022233902,-0.040087357,-0.09736907,-0.12944849,-0.11743123,-0.06998468,-0.025614401,-0.014668358,-0.0424342,-0.08282088,-0.10116003,-0.07475785,-0.015158657,0.04010322,0.05770992,0.034627073
-0.11288899,-0.1669551,-0.15725878,-0.094350636,-0.02707978,-0.00559469,-0.04366195,-0.10778015,-0.14486456,-0.11955064,-0.043406434,0.033603903,0.066055134,0.034719467,-0.025809022,-0.0641681,-0.045148473,0.022279937,0.091316715,0.11130567,0.066432,-0.012827183,-0.068441615,-0.0649632
0.11845767,0.14159289,0.11145877,0.05839739,0.027623042,0.05015573,0.109780826,0.16676024,0.17665114,0.13217913,0.062008027,0.017091451,0.021669604,0.069354914,0.11422243,0.114391856,0.06148415,-0.013781637,-0.062431853,-0.05309841,0.00035964444,0.054951355,0.065525375,0.025991092
-0.04727083,-0.13110171,-0.18224338,-0.16625042,-0.0975818,-0.023267342,0.0020639661,-0.03261408,-0.095019214,-0.12508176,-0.09244974,-0.009437862,0.07340569,0.103492014,0.070730165,0.004932146,-0.03394076,-0.0129031325,0.05481197,0.12056685,0.13274787,0.07760865,-0.008919548,-0.06915326
-0.05332236,-0.09321874,-0.09578637,-0.06827469,-0.041833993,-0.042883597,-0.078422025,-0.12800735,-0.15992698,-0.15211913,-0.112342715,-0.07076315,-0.052914377,-0.072903834,-0.10666758,-0.12305668,-0.10122645,-0.048654106,0.0046583503,0.027014906,0.00959545,-0.025734011,-0.046302453,-0.03207396
0.077580206,0.010143176,-0.081866816,-0.14380041,-0.14245614,-0.08925977,-0.040984187,-0.04047439,-0.101534575,-0.18032779,-0.22887513,-0.20721962,-0.13297993,-0.05957664,-0.033212516,-0.06848894,-0.12836258,-0.15606748,-0.11744997,-0.027849225,0.05753314,0.08756923,0.050353132,-0.015356311
-0.05397823,0.010628223,0.030045476,-0.0053465026,-0.062303033,-0.093429685,-0.06371583,0.006858147,0.08410392,0.112103336,0.08617894,0.03306667,-0.000948311,0.021443244,0.081075214,0.1431242,0.16020717,0.11752238,0.043709204,-0.010681345,-0.011190223,0.033568297,0.080836274,0.08418737
0.1105128,0.07484997,0.021413947,-0.008921754,0.010261375,0.0685715,0.11762766,0.12375326,0.078551896,0.018959852,-0.020992378,-0.009491962,0.0378398,0.078928426,0.08113681,0.03451003,-0.02816636,-0.06648845,-0.053769886,-0.0013481578,0.0484546,0.05717561,0.020278975,-0.033598624
0.040847752,0.010164239,0.017097471,0.053578515,0.08749953,0.091287605,0.0528232,-0.0035711406,-0.049612712,-0.053411912,-0.02739127,0.00035686573,0.001696541,-0.036140222,-0.08677661,-0.12123161,-0.11434803,-0.07351155,-0.028087955,-0.009243815,-0.026129333,-0.059706464,-0.07642983,-0.054219414
0.025801538,-0.027561001,-0.016245453,0.04170919,0.09645583,0.10194918,0.040656775,-0.049779695,-0.11890353,-0.11592547,-0.06578639,-0.01464288,-0.006187698,-0.06294382,-0.14125453,-0.19082238,-0.17253748,-0.100862905,-0.025255224,0.003951837,-0.025424283,-0.08525938,-0.11520916,-0.08127363
-0.040530615,-0.123744905,-0.17421606,-0.15858011,-0.09209901,-0.023651646,-0.003749786,-0.04093764,-0.104693085,-0.13689849,-0.106158875,-0.026671482,0.053576913,0.08116255,0.04877433,-0.015154512,-0.052973177,-0.029390171,0.04078543,0.10761026,0.12132621,0.06960749,-0.013158015,-0.07034652
0.018125068,-0.034872945,-0.02026453,0.045904,0.10919435,0.11874118,0.05860061,-0.030912522,-0.098664306,-0.09451356,-0.03849304,0.017912507,0.0275017,-0.0313396,-0.113707684,-0.16830848,-0.15360926,-0.08148991,-0.005239152,0.021651944,-0.014442656,-0.08115712,-0.118394315,-0.0888114
-0.20271775,-0.18026191,-0.0997902,-0.016854525,0.011824589,-0.03477312,-0.106992126,-0.14338227,-0.100640595,-0.008016148,0.087215476,0.12031613,0.080999784,0.009225314,-0.033878494,-0.006324982,0.071748756,0.14608647,0.16040477,0.09837396,-0.00015657548,-0.06884379,-0.064825304,-0.0049497173
-0.029080827,0.08153534,0.18235426,0.21362884,0.16740952,0.08545814,0.04175131,0.07415598,0.16732983,0.24547237,0.2543006,0.18143666,0.07390208,0.0067906016,0.015451,0.0863239,0.14888796,0.14229837,0.060333706,-0.05027225,-0.11819009,-0.10187426,-0.019053193,0.061510433
-0.072882935,-0.003652029,0.017648302,-0.022093594,-0.09123499,-0.13557753,-0.1097042,-0.033731073,0.052216686,0.08444746,0.058583364,-0.0013493098,-0.040732753,-0.015232616,0.05407065,0.1289279,0.15427844,0.11468396,0.037187207,-0.021394804,-0.020209946,0.033622146,0.08975059,0.09821536
-0.0076373103,0.032106932,0.07247262,0.08248446,0.052928742,-0.00065050833,-0.043893617,-0.049058244,-0.019573333,0.012466096,0.016111353,-0.017072713,-0.06854515,-0.10505249,-0.10267173,-0.06392112,-0.02256609,-0.008535193,-0.027534982,-0.06432963,-0.08706269,-0.072179705,-0.02310591,0.02947812
-0.05518729,-0.037735563,0.018030548,0.08058779,0.10878678,0.08997122,0.050111476,0.024080051,0.03728757,0.0834534,0.13507707,0.14764309,0.116191186,0.061748832,0.019285005,0.015990617,0.047607187,0.0846512,0.087942064,0.047695223,-0.01378172,-0.0593431,-0.06301281,-0.026891736
-0.112298906,-0.16129033,-0.15790121,-0.10416937,-0.040863547,-0.011533284,-0.03013779,-0.07569038,-0.10432908,-0.08359997,-0.015802389,0.05516348,0.09147832,0.07514456,0.028311348,-0.008301813,0.00048915093,0.05207803,0.10594892,0.12147808,0.08452477,0.014149605,-0.044769306,-0.05761161
-0.051258586,-0.09418833,-0.09088183,-0.05242813,-0.01723109,-0.02101196,-0.07109039,-0.13459401,-0.17301154,-0.16047256,-0.11242075,-0.06559614,-0.052827638,-0.08494297,-0.12841564,-0.14825821,-0.12116199,-0.059513766,0.00064099266,0.02222351,-0.0010186034,-0.0435751,-0.064808205,-0.0435255
0.014435407,0.08985001,0.15345375,0.15903719,0.09865333,0.006931722,-0.052147735,-0.045467686,0.009650539,0.054885484,0.04815609,-0.020750454,-0.11330746,-0.1666099,-0.15151052,-0.083461195,-0.020398129,-0.008312885,-0.054883614,-0.12252113,-0.15330926,-0.11328808,-0.024240969,0.05928328
-0.044238377,0.029831229,0.05359307,0.015193799,-0.048400316,-0.0841318,-0.051484063,0.028713971,0.11316334,0.1404114,0.10659196,0.04290092,0.0027183632,0.027479162,0.09367746,0.16031726,0.17314252,0.12089989,0.03689231,-0.021614475,-0.018410293,0.034294866,0.08687615,0.09029082
0.09144985,0.10750653,0.057378393,-0.026349759,-0.08336765,-0.0743769,-0.013293553,0.04937525,0.063355364,0.012534032,-0.07002241,-0.11995931,-0.10571474,-0.03824738,0.030525822,0.05227707,0.010519212,-0.0609843,-0.10297043,-0.079868436,-0.006635565,0.069339395,0.095384486,0.057051662
0.13358656,0.1699873,0.16718797,0.13843179,0.1190613,0.13509329,0.17941338,0.22402695,0.23645814,0.20849791,0.15265067,0.106651165,0.0913575,0.10660198,0.1263551,0.120588675,0.079485595,0.016510725,-0.034167014,-0.046349477,-0.022005156,0.013160069,0.028994368,0.011949967
0.03614956,-0.055146504,-0.117276244,-0.11780203,-0.06914897,-0.015236084,-0.012353691,-0.06851993,-0.1560693,-0.207834,-0.19850911,-0.13329034,-0.061864045,-0.039730642,-0.073448844,-0.13756764,-0.17159559,-0.14213559,-0.06068552,0.024748908,0.060734533,0.030924803,-0.031484585,-0.06953077
0.012606171,0.038117662,0.0046917675,-0.05844402,-0.09725137,-0.07563996,-0.0013143062,0.07801969,0.116287254,0.09015454,0.03220142,-0.0037057218,0.014894937,0.08413124,0.15207496,0.1745661,0.13254417,0.05666229,0.0007872154,0.0017005819,0.050526686,0.10283196,0.10940195,0.05596413
0.147166,0.1258672,0.084635474,0.05831483,0.0736233,0.1221243,0.16370347,0.1709551,0.12925942,0.07005902,0.023513887,0.020806167,0.050784186,0.078057766,0.07650353,0.03171073,-0.030654477,-0.073015064,-0.06905421,-0.02765832,0.017162466,0.031665597,0.0072304863,-0.034947243
0.03435749,-0.04096999,-0.07638063,-0.036319867,0.062161833,0.15634054,0.18297492,0.14089713,0.06480638,0.025771147,0.05410804,0.13603798,0.21037638,0.21790619,0.15671436,0.059472598,-0.005709187,0.0005725183,0.064270005,0.12546755,0.12567057,0.052654147,-0.04756226,-0.110951655
-0.11421732,-0.10948033,-0.062171202,-0.016131662,-0.01696308,-0.07321663,-0.14677274,-0.19347821,-0.1805603,-0.12297278,-0.06246879,-0.048912413,-0.08424929,-0.14022708,-0.16929765,-0.13977247,-0.0658755,0.0072039203,0.032803535,0.0011057843,-0.053581942,-0.08374267,-0.059877194,0.0048629115
-0.03554221,-0.09977932,-0.14166076,-0.13284615,-0.083116606,-0.028981272,-0.009148776,-0.03389005,-0.080968626,-0.10621151,-0.08237461,-0.02044346,0.042608973,0.06694022,0.044946443,-0.0029142157,-0.03177717,-0.014386225,0.03806971,0.08789368,0.09840698,0.06010816,-0.0035557833,-0.050088476
0.07251953,0.1143373,0.11518372,0.06865185,0.003606511,-0.04233344,-0.046839427,-0.018729266,0.008277391,0.001541538,-0.04816343,-0.11225341,-0.15384986,-0.14793965,-0.104511544,-0.056659643,-0.0420838,-0.068837985,-0.1096753,-0.1283474,-0.09903356,-0.033009436,0.03264777,0.060793176
-0.025785528,0.058139354,0.14387912,0.18141387,0.15604006,0.09409701,0.05327565,0.07009219,0.13869426,0.20460518,0.22185633,0.17192374,0.08640722,0.023912074,0.018827092,0.06728128,0.1178781,0.12021252,0.061744705,-0.027344914,-0.09034091,-0.08922065,-0.030410707,0.036020447
0.08669501,0.0958804,0.04950995,-0.022443026,-0.070989355,-0.065576404,-0.018819446,0.029778307,0.035701726,-0.01106442,-0.08167637,-0.123164624,-0.11273813,-0.05570852,0.0033246782,0.0210516,-0.014151401,-0.07231137,-0.104493834,-0.080928825,-0.013887521,0.05472594,0.078000806,0.046468865
