0.019153813,0.070146106,0.11375589,0.117568895,0.07614481,0.010903005,-0.0336384,-0.033513095,0.0010085686,0.03184876,0.025424145,-0.023161668,-0.08929454,-0.12915258,-0.12113757,-0.07563791,-0.028909283,-0.018952835,-0.04782216,-0.09321706,-0.11436891,-0.087363005,-0.02217138,0.039748188
0.06362953,0.03255173,0.043491073,0.08443943,0.123724245,0.12759313,0.08127979,0.014120965,-0.04183297,-0.048240222,-0.022224197,0.007959597,0.0053918515,-0.040146433,-0.10587797,-0.14564963,-0.13921785,-0.090830356,-0.038101856,-0.017988244,-0.04017478,-0.07818443,-0.09423494,-0.06539391
-0.01007589,-0.003465578,-0.03303821,-0.080911905,-0.11440979,-0.10938833,-0.07040101,-0.027774656,-0.006568701,-0.023221968,-0.05761989,-0.07876414,-0.06372189,-0.016533175,0.034338746,0.05651607,0.041194584,0.003993276,-0.022483217,-0.014210465,0.024290705,0.0632973,0.072982,0.04452442
-0.008905426,0.0038913595,-0.033576332,-0.09220609,-0.12567922,-0.10236566,-0.032888576,0.034892112,0.06749481,0.046256848,0.0035958695,-0.020551028,0.002938979,0.066849664,0.13034107,0.14985846,0.1187587,0.058420815,0.0126772,0.014588847,0.058555756,0.100857854,0.10299529,0.053466115
-0.15088847,-0.07983394,-0.004672632,0.0283491,-0.006616963,-0.079564005,-0.11850237,-0.091676585,-0.003951692,0.08096953,0.12179611,0.088339835,0.020965766,-0.02531503,-0.0057294606,0.06346784,0.13993005,0.15926443,0.108911455,0.020300008,-0.046092145,-0.048771556,0.006307405,0.06458442
0.04280246,0.111280896,0.13568029,0.10714024,0.050937425,0.013998822,0.031610485,0.09040411,0.15057728,0.16206518,0.12071582,0.049685188,-0.0016712715,0.0020574098,0.049591735,0.09679951,0.10390702,0.054906975,-0.019090686,-0.06950597,-0.06291089,-0.009099573,0.0483563,0.06560968
0.07276893,0.15472189,0.19320002,0.17360047,0.121657655,0.08468697,0.10334429,0.16629907,0.23000303,0.24402465,0.19863543,0.11707812,0.054283846,0.04833123,0.08886843,0.13130274,0.13207792,0.07347551,-0.012143762,-0.07354519,-0.07363336,-0.022634957,0.036716685,0.057409476
-0.025042789,-0.111786656,-0.16204122,-0.13863969,-0.05472095,0.029473957,0.05258278,0.0082415035,-0.06433366,-0.10087031,-0.06642306,0.026241893,0.112826325,0.13497627,0.0866834,0.008468727,-0.040893458,-0.017060516,0.059185628,0.12864876,0.1348244,0.0699547,-0.026052028,-0.089773126
0.05764759,0.030160213,0.039500065,0.07493198,0.108241,0.110859334,0.07083488,0.011987246,-0.037666935,-0.04400234,-0.021991652,0.0033550875,0.0009239417,-0.03810061,-0.09501091,-0.12983863,-0.124407664,-0.081830285,-0.036086217,-0.01813195,-0.03631005,-0.068452775,-0.0824443,-0.057358153
0.07719062,0.07892879,0.033252064,-0.03987299,-0.094048746,-0.09778709,-0.06388295,-0.031144187,-0.031562652,-0.07444423,-0.13900734,-0.17881714,-0.16926481,-0.118062906,-0.06472333,-0.042402394,-0.062300157,-0.10136728,-0.12145316,-0.09535872,-0.030370576,0.035968028,0.06588616,0.048328016
-0.0079181,0.066337034,0.13980298,0.17619844,0.15669546,0.10835734,0.086353615,0.112610176,0.17396086,0.22699429,0.23962055,0.19176595,0.11778571,0.067070015,0.06648953,0.10109557,0.1358025,0.12662995,0.065898255,-0.015182892,-0.067258365,-0.064534046,-0.019281106,0.028656244
0.05712869,0.11553587,0.13328378,0.10472501,0.055561434,0.029357782,0.051146384,0.10370123,0.15224546,0.1551235,0.111294635,0.047562074,0.006275668,0.013561238,0.054955006,0.091115095,0.089299895,0.039862625,-0.026288765,-0.06550078,-0.053533122,-0.0039585773,0.04366119,0.053930704
-0.025666052,0.07089017,0.16457072,0.20946011,0.18321708,0.11394151,0.07745056,0.11048749,0.19260485,0.26411644,0.28273836,0.22142632,0.123567,0.057946876,0.06149142,0.113164455,0.16304162,0.15428613,0.079821706,-0.023972873,-0.091407,-0.08598737,-0.023107994,0.04208496
-0.060704645,-0.11264356,-0.10831133,-0.061596096,-0.016116083,-0.015999166,-0.07246178,-0.14849725,-0.19814818,-0.1834787,-0.12422168,-0.062449966,-0.04482262,-0.083241425,-0.14291973,-0.17081358,-0.14023428,-0.0629147,0.012506178,0.03876402,0.005593304,-0.05110544,-0.08041223,-0.05520213
0.16194883,0.19250931,0.1502429,0.06779991,0.01764039,0.04490914,0.12661956,0.20282498,0.21852937,0.15809086,0.057966072,-0.008653407,-0.0012179853,0.06549978,0.1298911,0.13682301,0.069777906,-0.031240867,-0.097072124,-0.084311575,-0.0070292647,0.07098655,0.0930164,0.044434667
0.021423541,-0.024007648,-0.09038211,-0.1337222,-0.119825326,-0.05527527,0.0075542675,0.025809376,-0.004251679,-0.05543302,-0.08364593,-0.055360522,0.013084139,0.07724611,0.0971215,0.064986065,0.009354882,-0.023958622,-0.008651755,0.04625126,0.09781472,0.10427546,0.05819267,-0.0112965945
-0.074580096,-0.13727102,-0.13539231,-0.080290854,-0.0228383,-0.01762723,-0.07782763,-0.16347347,-0.22175388,-0.2068772,-0.13676715,-0.06183357,-0.037092645,-0.07694407,-0.1451771,-0.1812208,-0.15118478,-0.06381889,0.023869097,0.05647905,0.019042466,-0.04895938,-0.08975913,-0.067591205
0.030892441,0.054011244,0.109544344,0.16052666,0.16824114,0.12178558,0.052027952,0.005962195,0.0022594759,0.035962675,0.06742392,0.058906823,0.0012668578,-0.07381516,-0.12356706,-0.11917042,-0.07338695,-0.025827767,-0.013943489,-0.04951934,-0.10227479,-0.12407798,-0.09179677,-0.021358678
0.042084325,0.08112342,0.08292631,0.03953075,-0.024200393,-0.0685085,-0.068370044,-0.03525983,-0.0036182827,-0.005896503,-0.04958276,-0.11125062,-0.14762232,-0.13368443,-0.08555376,-0.037390023,-0.0222353,-0.04833472,-0.0900463,-0.10792423,-0.07914212,-0.01761675,0.040354796,0.06268458
-0.12721913,-0.12357744,-0.07255218,-0.0141974995,-0.002401558,-0.0561421,-0.13164361,-0.17797223,-0.16623744,-0.10545119,-0.03615777,-0.012412839,-0.047087472,-0.108201884,-0.14311604,-0.121415436,-0.050437003,0.025373222,0.056100503,0.024030896,-0.040493995,-0.08098697,-0.06618292,-0.0049741194
-0.022478336,-0.089150645,-0.12816498,-0.111538485,-0.047950532,0.017689597,0.03678172,0.005323268,-0.04978313,-0.076951414,-0.051954407,0.01697371,0.08414721,0.10549583,0.072288156,0.013686605,-0.026513496,-0.012779855,0.042975675,0.098082215,0.1074993,0.059185337,-0.016074212,-0.06735375
0.12108624,0.1473299,0.13380365,0.099371985,0.080640756,0.10081619,0.14877293,0.19131814,0.20095606,0.1674169,0.11131398,0.07051759,0.06472733,0.09178789,0.118140005,0.11311363,0.06855766,0.005244669,-0.041060846,-0.04436653,-0.009509518,0.02889521,0.038984798,0.012556387
0.07718501,0.019871777,-0.061780732,-0.1217281,-0.11993408,-0.06590892,-0.020912213,-0.022606822,-0.07667282,-0.14740606,-0.19312046,-0.1734402,-0.107166044,-0.041779865,-0.02276406,-0.05382266,-0.10815426,-0.13352844,-0.10066378,-0.023094513,0.05057422,0.07546385,0.04352078,-0.013764803
0.0037640196,0.025726689,0.09216846,0.1594836,0.17527422,0.12202261,0.03807086,-0.017561773,-0.020663464,0.024873503,0.07337552,0.07243387,0.0106950095,-0.07726863,-0.13704038,-0.1325702,-0.07611963,-0.01355997,0.0059977523,-0.03541487,-0.10307058,-0.13709264,-0.10763043,-0.028866647
0.027006648,-0.049054816,-0.10238542,-0.108623244,-0.07054441,-0.02649258,-0.028207187,-0.08101976,-0.15567882,-0.19925256,-0.1926874,-0.13453338,-0.07455085,-0.0555727,-0.08766009,-0.13647786,-0.16160496,-0.13028008,-0.056662105,0.01640436,0.044556595,0.020208463,-0.028153019,-0.055434108
-0.028024875,-0.06550183,-0.06833265,-0.03905344,-0.0040100324,0.002291227,-0.032984156,-0.08610769,-0.12303738,-0.12015155,-0.08345829,-0.038352,-0.022506606,-0.04775692,-0.08954807,-0.113120556,-0.097895086,-0.04813746,0.0054645957,0.026491268,0.0056405626,-0.032304652,-0.054296233,-0.042634804
0.07449413,0.16124348,0.18582067,0.14087082,0.06559248,0.025796635,0.061560377,0.14365132,0.21806747,0.22384065,0.16048862,0.06463288,0.004747359,0.019446654,0.08509235,0.14153585,0.14060538,0.06791085,-0.032258447,-0.09239933,-0.074040785,0.00056775834,0.07115994,0.08400653
-0.044523872,-0.1139185,-0.15726319,-0.14589667,-0.08685617,-0.025446562,-0.012500848,-0.04678028,-0.09933641,-0.12529701,-0.10014539,-0.029044311,0.04293605,0.0678083,0.0400912,-0.01130107,-0.045348346,-0.027950745,0.034119874,0.09542481,0.10737961,0.061363418,-0.0107514765,-0.060870957
-0.009131056,-0.053819384,-0.11061197,-0.1462188,-0.13789254,-0.093767665,-0.052816983,-0.046054747,-0.07369331,-0.1107883,-0.12536794,-0.09717965,-0.039874323,0.012594276,0.030137796,0.010016996,-0.023734687,-0.03665056,-0.01402239,0.03481032,0.076835796,0.081272505,0.045497444,-0.005334119
-0.057323806,-0.038341653,0.014612937,0.06875199,0.09060611,0.07072773,0.03476595,0.016357746,0.03220156,0.07942769,0.12579569,0.13695462,0.107415356,0.054932844,0.017268771,0.017996777,0.05180709,0.08412941,0.0857771,0.046205707,-0.01282136,-0.05500292,-0.052791335,-0.015597268
-0.14578903,-0.09899271,-0.04988464,-0.029286861,-0.054645292,-0.104224496,-0.12382424,-0.0963466,-0.027945692,0.03722451,0.072873674,0.054993264,0.015575621,-0.0073547475,0.014424218,0.06738238,0.12341652,0.13840742,0.10250386,0.039668795,-0.007704353,-0.012521727,0.0203213,0.053857084
0.02997533,0.04658732,-0.0048059295,-0.08125047,-0.11810145,-0.077637464,0.017784493,0.10577409,0.14024065,0.09927159,0.030715846,-0.004827469,0.029620487,0.115488045,0.1947562,0.20873797,0.1497937,0.057276763,-0.003106797,0.008441347,0.0745047,0.13210438,0.12833463,0.05457683
-0.15174456,-0.13031456,-0.06108436,0.010738941,0.03009908,-0.02018052,-0.089964665,-0.12243558,-0.0899265,-0.012741478,0.063676834,0.084873885,0.04268761,-0.025028484,-0.05975385,-0.035580233,0.034098,0.09702937,0.10960344,0.058040228,-0.02251691,-0.07369059,-0.062016837,-0.0032905953
-0.019424032,-0.061810937,-0.1316982,-0.18452954,-0.1822495,-0.12956396,-0.06698158,-0.039535273,-0.056846805,-0.101303026,-0.12732331,-0.1017364,-0.033899236,0.038533993,0.075280085,0.05972356,0.014755454,-0.015612693,-0.0032463823,0.047600746,0.10119022,0.115998596,0.07792003,0.00843621
-0.047207195,-0.11090026,-0.15053923,-0.1416499,-0.093323424,-0.042219803,-0.027697926,-0.057668105,-0.104123525,-0.12488261,-0.097459644,-0.03208052,0.030202225,0.0515402,0.027036298,-0.016763628,-0.03974831,-0.015542434,0.03932932,0.08822586,0.09531917,0.054753575,-0.006880484,-0.048366476
0.14083867,0.16474263,0.13871631,0.0881467,0.060675353,0.08504013,0.14434941,0.19723293,0.204439,0.15777797,0.08556839,0.036930565,0.038209368,0.080642976,0.1195937,0.11573892,0.059231613,-0.017495891,-0.067499585,-0.060750045,-0.00769418,0.04535567,0.05622894,0.019228391
0.08967769,0.09474101,0.04021746,-0.04311146,-0.09657176,-0.083150044,-0.022785978,0.029875202,0.035550386,-0.017333714,-0.095178686,-0.13795337,-0.11837973,-0.04959068,0.014601373,0.031077718,-0.009195325,-0.07193918,-0.10593129,-0.077445455,-0.0021066295,0.0693073,0.08986671,0.051546745
-0.014614482,-0.0018978656,0.05482071,0.11325654,0.12495582,0.07426136,-0.004312727,-0.06052214,-0.06592862,-0.024116304,0.020907745,0.025888417,-0.024093,-0.099588424,-0.15140538,-0.1452341,-0.08982472,-0.026772842,-0.0018598265,-0.031952024,-0.089380026,-0.1207345,-0.095727645,-0.02415858
0.05761805,0.033060063,0.051192578,0.10194239,0.15395223,0.17075263,0.13762103,0.082337044,0.03463555,0.032457,0.062527314,0.096233346,0.09591642,0.049723104,-0.018561926,-0.06614354,-0.071246564,-0.03538435,0.006608572,0.017013887,-0.013728373,-0.061808426,-0.08963495,-0.072905734
-0.13109216,-0.08770652,-0.046795595,-0.04354837,-0.09162422,-0.16677491,-0.21134946,-0.19795968,-0.13725498,-0.07797896,-0.054666325,-0.08577365,-0.13492808,-0.15749963,-0.12459403,-0.05295357,0.0189207,0.04501379,0.020177985,-0.030073972,-0.059696905,-0.041098114,0.016301846,0.06907595
-0.00798638,0.008709834,0.06539188,0.11844301,0.1229312,0.07169346,-0.0012831765,-0.049875487,-0.052108098,-0.009335371,0.0320884,0.029536327,-0.023905197,-0.09641029,-0.1432734,-0.13322015,-0.07722868,-0.019347845,-0.0031621906,-0.03805863,-0.0920457,-0.11769909,-0.08794272,-0.015453532
-0.031036621,-0.0123920115,0.049897563,0.10900558,0.11929599,0.06928479,-0.00777346,-0.05717065,-0.05386782,-0.004964256,0.040009543,0.041888915,-0.007932395,-0.08189148,-0.1297427,-0.11898061,-0.06327295,-0.0075207013,0.010890363,-0.022537842,-0.081330806,-0.11453704,-0.08938789,-0.018675197
0.08104263,0.034740336,-0.032789756,-0.08465257,-0.08715337,-0.045518346,-0.010988422,-0.015321182,-0.06284427,-0.12430446,-0.16639003,-0.15439625,-0.10319738,-0.051853772,-0.03750702,-0.06276391,-0.10631742,-0.12633383,-0.09918839,-0.034845356,0.027983058,0.05278258,0.03172994,-0.011064194
-0.18299887,-0.12162519,-0.058927495,-0.039743483,-0.08375882,-0.15795763,-0.1890016,-0.1549842,-0.0666174,0.016251866,0.053862028,0.023729859,-0.031854518,-0.05857634,-0.022844667,0.053658392,0.12948532,0.14796984,0.10096179,0.024094759,-0.027420994,-0.022675036,0.028824968,0.07842429
-0.08653816,-0.047898903,0.051067933,0.15185153,0.18594041,0.1362934,0.054905307,0.010112075,0.038062368,0.12204043,0.20302686,0.21507686,0.14854567,0.04556053,-0.020784972,-0.012789334,0.055695955,0.11895509,0.12149377,0.048007276,-0.056592975,-0.12272999,-0.10739542,-0.030213011
-0.02273628,-0.07663078,-0.15526442,-0.2096542,-0.20511514,-0.15018621,-0.09310778,-0.07507616,-0.10194802,-0.15196458,-0.17647661,-0.1442062,-0.068662405,0.007372981,0.04323614,0.025258321,-0.020046497,-0.044415295,-0.020531353,0.042504564,0.10256179,0.11772207,0.075139135,0.0032068328
0.18757212,0.15248214,0.08787919,0.0451982,0.07178865,0.15652998,0.23025602,0.24445176,0.18920654,0.10177256,0.03310375,0.04011026,0.09731063,0.15348284,0.15303394,0.087578446,-0.012960427,-0.0816258,-0.07722893,-0.011245494,0.05773031,0.074629426,0.026076294,-0.049194086
0.0055455486,-0.03530756,-0.05488952,-0.02802866,0.03590674,0.100343555,0.12608199,0.10982734,0.07201569,0.05162812,0.07348773,0.12595318,0.17453153,0.18220405,0.1447253,0.085934624,0.04213582,0.041229,0.072829664,0.10252762,0.0958095,0.047115322,-0.020161513,-0.06676561
-0.045650974,-0.12033379,-0.16644607,-0.1538845,-0.09332184,-0.03147726,-0.01721179,-0.054966975,-0.11129519,-0.13831215,-0.108600795,-0.030914668,0.041545697,0.06453718,0.033953983,-0.020039307,-0.051382963,-0.02634605,0.039323304,0.09923399,0.108775735,0.061309602,-0.012210333,-0.06188595
-0.0657309,-0.008607799,0.0012807959,-0.036978167,-0.09535095,-0.12646565,-0.09325865,-0.017797422,0.059368122,0.082894914,0.057876613,0.0041440744,-0.022323318,0.0074296487,0.07901389,0.14018904,0.1549744,0.1093652,0.037649956,-0.009375418,-0.0006689238,0.04803761,0.091404416,0.086761676
0.009701405,0.054397378,0.08938925,0.08308756,0.030342858,-0.040927198,-0.08835328,-0.089035615,-0.057103455,-0.028809762,-0.0366209,-0.087274574,-0.14981394,-0.18347526,-0.16817847,-0.11502252,-0.061136782,-0.04469402,-0.06851239,-0.10781618,-0.1210328,-0.085030496,-0.013959423,0.050499417
-0.09996108,-0.10258876,-0.080481045,-0.057852022,-0.062093943,-0.10382856,-0.15791933,-0.18941264,-0.1806273,-0.14316903,-0.10364069,-0.088301495,-0.106689304,-0.13778457,-0.14761606,-0.121117145,-0.06732885,-0.015733363,0.009787542,-0.002330028,-0.03296737,-0.04815835,-0.029478462,0.012073624
0.047566038,0.08711857,0.08927548,0.046202566,-0.017457938,-0.064105414,-0.06635995,-0.03455008,-0.004110897,-0.0065277196,-0.048976928,-0.11076716,-0.1503278,-0.14005946,-0.09411342,-0.04581338,-0.028460357,-0.051280335,-0.091688596,-0.11196877,-0.08564057,-0.023755675,0.037119333,0.062756754
-0.0001015009,0.02434111,0.10340397,0.18167233,0.19842283,0.13795505,0.041298594,-0.02548901,-0.029818824,0.02528786,0.080580816,0.07869286,0.009853489,-0.0901931,-0.1596539,-0.1545385,-0.088066205,-0.016340053,0.0054482752,-0.04022484,-0.11637152,-0.15802579,-0.1256277,-0.034234133
-0.013576124,-0.014224928,-0.05090857,-0.10225491,-0.1326553,-0.120710485,-0.07613394,-0.03492934,-0.018280009,-0.03920734,-0.07394428,-0.08777101,-0.06398463,-0.011465568,0.039121144,0.05692136,0.03812702,0.0016999337,-0.019674657,-0.005037106,0.036658745,0.073124,0.076907694,0.042137265
-0.008977604,-0.042039115,-0.08615483,-0.114754714,-0.10628773,-0.06771837,-0.030359568,-0.02028897,-0.038878657,-0.068545654,-0.08244206,-0.059702843,-0.011688867,0.031708088,0.04676439,0.029493043,-0.0017153657,-0.017583936,-0.002204431,0.035974305,0.06876112,0.070878066,0.040104654,-0.0045778914
-0.09400481,-0.043734685,0.008387083,0.025049837,-0.010941761,-0.07679246,-0.117643505,-0.10478214,-0.04715029,0.010705752,0.03314503,0.00080748793,-0.054472648,-0.08847078,-0.07139985,-0.01433217,0.046515096,0.06527469,0.03460953,-0.022120187,-0.061254177,-0.052282672,-0.00095630507,0.05274609
-0.061998006,-0.11571467,-0.11798521,-0.07827721,-0.035915747,-0.031714454,-0.0796265,-0.14919025,-0.19761834,-0.18700166,-0.13316093,-0.07336144,-0.051029116,-0.079041086,-0.12933414,-0.15570503,-0.13082232,-0.061409567,0.009129102,0.038530033,0.0148889,-0.035588913,-0.06739168,-0.051188648
0.09492209,0.10718048,0.061419215,-0.014058016,-0.06441084,-0.05670531,-0.0049077417,0.046005752,0.05503426,0.00595193,-0.06978582,-0.11648349,-0.105486706,-0.045961168,0.014456915,0.032092325,-0.0066685556,-0.069267824,-0.10501969,-0.08266544,-0.014129102,0.055937197,0.08001699,0.0471708
0.051417287,0.07093617,0.017898262,-0.06641151,-0.11095407,-0.07129098,0.029299205,0.12185193,0.15468289,0.109729715,0.033033397,-0.011142314,0.02120007,0.10963234,0.19046222,0.20511886,0.14475882,0.04832389,-0.016608471,-0.005388624,0.0656063,0.1292613,0.13121884,0.059874054
0.07796524,0.029618394,0.004584302,0.02068877,0.06703035,0.11047691,0.10879675,0.06506495,0.001878943,-0.034563176,-0.02976413,0.008901174,0.043363538,0.039795425,-0.0055492017,-0.06158875,-0.095500454,-0.08064986,-0.03264051,0.013019367,0.02293252,-0.005477336,-0.049352087,-0.06931757
0.020265393,0.05369192,0.053358246,0.01077361,-0.051363878,-0.09682136,-0.098683,-0.06974164,-0.038992926,-0.037157644,-0.07200195,-0.12450671,-0.15781343,-0.14561997,-0.09984321,-0.050591335,-0.027367475,-0.042347863,-0.07705688,-0.09578999,-0.07261525,-0.016610103,0.04040587,0.06496635
0.057891425,0.10628238,0.12289231,0.10311103,0.066448174,0.04605473,0.06386323,0.106342055,0.14317828,0.14496459,0.11040432,0.056949593,0.020477558,0.02340134,0.05367906,0.07979142,0.07598134,0.035469744,-0.019759472,-0.05445556,-0.046188977,-0.0071748486,0.030359969,0.038681686
-0.19275284,-0.17700654,-0.11407821,-0.048190963,-0.033060435,-0.08187307,-0.14425823,-0.17040639,-0.13265511,-0.050551966,0.03192145,0.058644943,0.026358569,-0.030622266,-0.055566274,-0.025059335,0.049998727,0.11620653,0.1290668,0.0781901,-0.0001679117,-0.052028168,-0.044229254,0.00731544
-0.08013974,-0.061609067,-0.0707189,-0.11140387,-0.1633929,-0.19412352,-0.18291886,-0.14565039,-0.10464096,-0.09037283,-0.10448487,-0.13184293,-0.13628614,-0.10610079,-0.050560236,0.0009345046,0.026892122,0.016679004,-0.009809828,-0.022296304,-0.0038115734,0.034377754,0.06790981,0.07016539
0.025539864,0.008537683,-0.020308413,-0.029221486,0.0011530922,0.06482446,0.12471955,0.15090121,0.14137527,0.111763686,0.09633585,0.11688546,0.16156624,0.19903165,0.20264597,0.16478927,0.10721878,0.0634808,0.054948818,0.076729424,0.096768394,0.08477595,0.035947867,-0.025655005
0.012128453,0.033435192,-0.004557925,-0.06948195,-0.1043078,-0.06874082,0.02249862,0.10841345,0.14791587,0.12009431,0.06342214,0.03031715,0.05844045,0.13279712,0.20317826,0.21782404,0.16951557,0.08659239,0.024570184,0.024081286,0.074666895,0.121354625,0.11861501,0.05460526
-0.06685632,-0.12416419,-0.12935475,-0.08886525,-0.04243024,-0.036473155,-0.08584327,-0.158257,-0.209061,-0.20044206,-0.1437668,-0.07798772,-0.051393643,-0.08039505,-0.13434844,-0.16359086,-0.13878345,-0.064763166,0.013116395,0.045996256,0.019071938,-0.035255805,-0.069741346,-0.05447586
-0.044934236,-0.020424286,0.038247425,0.099797934,0.12680039,0.107746564,0.07205918,0.054220457,0.07211346,0.119524784,0.16668443,0.17571068,0.1404283,0.08246605,0.04123078,0.0382881,0.06841552,0.097595744,0.09406345,0.048095435,-0.015982267,-0.059876155,-0.05902067,-0.022574075
-0.0038223658,0.004362172,-0.025955383,-0.06683029,-0.0837826,-0.05537367,0.0086789625,0.065307565,0.08947213,0.06982233,0.03880491,0.024899555,0.048587352,0.10076679,0.14705509,0.15318975,0.119568005,0.068359345,0.030872604,0.031581145,0.06343731,0.09056505,0.081493095,0.03258798
-0.028068025,-0.0313554,-0.07078909,-0.12509671,-0.15830825,-0.15053053,-0.10573705,-0.060952093,-0.044598695,-0.063460745,-0.0944452,-0.10912345,-0.08443386,-0.027138907,0.027865399,0.049514208,0.033678427,0.0014081417,-0.01817719,-0.0029944854,0.04069049,0.07859434,0.08230601,0.04732809
-0.050704546,-0.13002436,-0.18095244,-0.17129287,-0.10848479,-0.038843032,-0.016714105,-0.050817635,-0.10941611,-0.13955054,-0.11163089,-0.031122359,0.05070799,0.08203858,0.053122196,-0.0049046106,-0.04308492,-0.022592343,0.044403292,0.11103274,0.1254495,0.07569943,-0.005678689,-0.063703716
0.046186797,-0.026912093,-0.0779129,-0.07738331,-0.026429214,0.033238057,0.04146201,-0.0054828953,-0.081051186,-0.12915437,-0.12566179,-0.067698024,-0.0028688284,0.017311508,-0.020044524,-0.081092745,-0.12335188,-0.107017055,-0.039388273,0.034076497,0.061501868,0.030382942,-0.030263972,-0.07008755
-0.06652086,-0.14731939,-0.19585598,-0.18192102,-0.11730052,-0.047198094,-0.022469012,-0.055030778,-0.11239066,-0.13799754,-0.10284409,-0.019307174,0.0645775,0.09572024,0.065021016,0.006012224,-0.029432613,-0.004089801,0.063035235,0.1261667,0.1354995,0.08041231,-0.0051705935,-0.0643379
-0.031113211,-0.010804561,0.048913043,0.104651794,0.108989716,0.05349695,-0.024057932,-0.07123646,-0.065538146,-0.016020084,0.030410727,0.028163604,-0.027638316,-0.101008646,-0.14342059,-0.12673019,-0.06546722,-0.006902074,0.0072457744,-0.031833023,-0.089610904,-0.11586912,-0.08443126,-0.011122265
0.039569348,0.06051383,0.013025565,-0.06493352,-0.10978731,-0.07704742,0.014572893,0.10141432,0.1371782,0.09755261,0.026622036,-0.014932459,0.012653014,0.09369221,0.17145313,0.18919043,0.13672659,0.04804515,-0.014047324,-0.0061324467,0.0577823,0.11928683,0.12439163,0.060464613
0.06275699,0.13522924,0.17352132,0.16174988,0.118156314,0.0856223,0.09613655,0.14603834,0.20178099,0.21768911,0.18257684,0.11418991,0.057259545,0.04347347,0.07113633,0.107078664,0.11295399,0.06685186,-0.0050815977,-0.06141795,-0.06941135,-0.03003665,0.023700153,0.048555247
-0.20621315,-0.14550737,-0.080562636,-0.05682504,-0.0986621,-0.17754826,-0.21389064,-0.1803969,-0.08824821,-1.4799115e-05,0.045029696,0.019555457,-0.03700347,-0.065841295,-0.028875738,0.05119998,0.13159207,0.15551771,0.1116503,0.0326025,-0.023737105,-0.021421684,0.029204592,0.07997339
0.059608012,0.12092571,0.1328347,0.08111121,-0.002802559,-0.06269684,-0.06115609,-0.0137805855,0.03623844,0.039115112,-0.016750703,-0.100219175,-0.15666117,-0.14751154,-0.087929,-0.023667714,-0.00050551177,-0.03661509,-0.100023724,-0.13654348,-0.109282225,-0.030807711,0.05041871,0.085153855
-0.13203038,-0.12772423,-0.080336966,-0.022165317,-0.00021581833,-0.028579673,-0.07649031,-0.106076114,-0.08871832,-0.030496906,0.036087472,0.063769326,0.044138137,-0.0030471815,-0.034391664,-0.023769012,0.02810441,0.08272951,0.09991794,0.06681638,0.0049064164,-0.043608025,-0.04751825,-0.010452771
-0.0018389223,0.042125516,0.09080001,0.12034345,0.116832845,0.09444215,0.08141426,0.09446418,0.1286323,0.16210198,0.17293887,0.14711165,0.10528259,0.07103085,0.062967196,0.07680315,0.09368201,0.08670385,0.05114885,0.0025625767,-0.03295291,-0.039887626,-0.019612424,0.0070516523
-0.04642301,-0.07680785,-0.050172545,0.017786695,0.079435125,0.08979693,0.04846293,-0.009332767,-0.0429895,-0.019087927,0.043839317,0.09968603,0.10488576,0.056750543,-0.010481692,-0.04915944,-0.034371313,0.022645317,0.073092274,0.07521659,0.023944112,-0.04519332,-0.084709,-0.06728873
0.15052098,0.18042502,0.15617374,0.10403724,0.07593383,0.10458006,0.17052707,0.23012689,0.24147156,0.19529754,0.12091179,0.06832847,0.06783947,0.10906337,0.14711423,0.14237303,0.08399427,0.0013116865,-0.05593991,-0.05557085,-0.0058155158,0.04673481,0.059626885,0.021917267
0.0058840453,-0.047856625,-0.087930396,-0.0974024,-0.07855789,-0.059242267,-0.07116322,-0.1128112,-0.16311374,-0.19161649,-0.18628381,-0.14707986,-0.10900783,-0.096322715,-0.112860605,-0.13663384,-0.14351252,-0.11391591,-0.057782352,-0.0052831615,0.016376069,0.0060838154,-0.018134935,-0.029709287
-0.045472916,-0.02767449,0.04300311,0.11448285,0.123219684,0.050823987,-0.055168457,-0.12429328,-0.12419925,-0.06389305,0.00035805904,0.004555055,-0.0623777,-0.15774925,-0.21592125,-0.19632968,-0.11431438,-0.028518792,0.002022157,-0.04158159,-0.116575696,-0.15256989,-0.11386017,-0.018937772
-0.13896275,-0.19767293,-0.18938477,-0.12287014,-0.051217575,-0.0295852,-0.07044536,-0.13779865,-0.17610195,-0.1454897,-0.059643097,0.028967204,0.064658605,0.032216135,-0.030038055,-0.067511715,-0.04294975,0.033381913,0.10803353,0.1277734,0.07741991,-0.007814409,-0.06809869,-0.06593556
0.0040805656,0.025712134,0.08517547,0.1440717,0.15622513,0.113143094,0.04902894,0.0065971725,0.007226646,0.048271026,0.08954516,0.085470244,0.031106684,-0.041709393,-0.09000633,-0.08651679,-0.0400103,0.008834487,0.01621958,-0.025105817,-0.08219315,-0.110572964,-0.087349445,-0.023615643
-0.034985967,-0.06301976,-0.026317265,0.060648672,0.14531389,0.17814629,0.1463455,0.08908931,0.054692302,0.08042309,0.14973982,0.21469149,0.22591779,0.16928431,0.08521075,0.027202813,0.026605591,0.072748415,0.118396066,0.115078546,0.05080984,-0.0384783,-0.09686586,-0.09115946
-0.004770497,0.053926524,0.11290021,0.13950656,0.12187594,0.08300776,0.06400958,0.08352377,0.13089503,0.17250964,0.17922573,0.13976088,0.08368849,0.043778718,0.042170607,0.06985291,0.09758734,0.08990015,0.04437454,-0.015926652,-0.055670317,-0.054012418,-0.016928477,0.022954993
0.0701265,0.035808083,-0.025437407,-0.065052405,-0.041680653,0.04024081,0.12207587,0.15409261,0.12556984,0.06357059,0.019272592,0.0372156,0.10751255,0.17586541,0.19277139,0.14522439,0.06185886,0.00046702402,-0.00016322474,0.054098986,0.10977552,0.11547525,0.058406755,-0.027020121
0.047074508,0.08296261,0.084082976,0.043455496,-0.016352283,-0.058833286,-0.06167953,-0.03478243,-0.0072810957,-0.010751787,-0.05089884,-0.10680264,-0.14256181,-0.13476223,-0.093843065,-0.04955602,-0.032018617,-0.051693644,-0.08760971,-0.105726644,-0.08212634,-0.024685102,0.033103462,0.05811025
0.026575485,0.042440485,0.07673452,0.10380235,0.10023061,0.06302945,0.013720004,-0.01697271,-0.02030747,0.00023813508,0.015413801,0.0018464023,-0.039213963,-0.085179515,-0.11125736,-0.10201914,-0.069105715,-0.038640343,-0.03270063,-0.05388799,-0.08036044,-0.0856227,-0.05763933,-0.008314605
-0.09639061,-0.09437607,-0.06744774,-0.042386945,-0.046682905,-0.09038547,-0.1439744,-0.17361844,-0.16186322,-0.12161733,-0.08193811,-0.06974994,-0.092992745,-0.12737732,-0.13714804,-0.10963131,-0.05506315,-0.0050592255,0.0152053675,-0.0034285865,-0.03664103,-0.05168738,-0.030874444,0.0118757775
0.0035707536,-0.06542108,-0.1038233,-0.09530075,-0.052959956,-0.0176523,-0.029885273,-0.08524551,-0.15153185,-0.18200211,-0.16428864,-0.10535654,-0.05388908,-0.046395425,-0.0827289,-0.12774771,-0.14471805,-0.10732685,-0.035588797,0.026740754,0.041383505,0.009458295,-0.038193747,-0.05828909
0.17633022,0.15919349,0.117296495,0.088431835,0.10456609,0.16265109,0.21269445,0.22123925,0.17970747,0.11283078,0.057472162,0.051368162,0.08007632,0.11173293,0.106539495,0.057717096,-0.015524183,-0.06823265,-0.0725668,-0.0321004,0.016280923,0.03463647,0.008331086,-0.03832635
-0.030822398,-0.06250118,-0.0291828,0.057889096,0.14259504,0.17383394,0.13906549,0.07805982,0.039615255,0.061741095,0.13156946,0.19772688,0.20914395,0.15292732,0.06824125,0.00915774,0.008534419,0.05849305,0.10840176,0.108830996,0.04648357,-0.040665105,-0.09952155,-0.09331357
-0.10892454,-0.056331165,-0.009849398,-0.005281771,-0.05668773,-0.13466422,-0.17646532,-0.15903603,-0.093844526,-0.033318974,-0.011805316,-0.049029477,-0.110547476,-0.14071974,-0.11013573,-0.037865013,0.036098577,0.060142945,0.025003118,-0.038055185,-0.07357153,-0.05150393,0.0140247,0.073508106
-0.055043213,-0.012583129,-0.0124210445,-0.06073427,-0.1305296,-0.17763092,-0.164012,-0.10852417,-0.049472418,-0.032713737,-0.061361004,-0.114094906,-0.14196864,-0.11235375,-0.04160137,0.025083825,0.051905844,0.025780294,-0.025431609,-0.05500839,-0.033367023,0.025161127,0.07934569,0.090503365
-0.038025077,-0.09287352,-0.085495405,-0.029256595,0.027813682,0.036595237,-0.01861084,-0.10007207,-0.15850443,-0.14742634,-0.08683492,-0.021210426,-0.0031828126,-0.046169132,-0.11716113,-0.15792096,-0.13664493,-0.06121956,0.016050214,0.04447727,0.009236558,-0.055304635,-0.0939956,-0.07142424
0.007916021,0.07265958,0.12793332,0.13163032,0.07537748,-0.010877476,-0.06706795,-0.061626635,-0.013882789,0.028104551,0.021617461,-0.041693423,-0.12506695,-0.17138551,-0.15501344,-0.09232622,-0.031759124,-0.019703904,-0.05804531,-0.11586304,-0.14053442,-0.10327904,-0.020664215,0.056591853
-0.08771375,-0.08898551,-0.064736985,-0.03951905,-0.040549763,-0.07311174,-0.11586147,-0.14163423,-0.13411124,-0.10011585,-0.06391886,-0.052017827,-0.06416269,-0.09177297,-0.10488875,-0.086826965,-0.042900514,0.00119571,0.02169699,0.009952614,-0.020367285,-0.03946541,-0.029215468,0.003799015
0.032657076,-0.041503463,-0.075700246,-0.037091725,0.057825062,0.15389168,0.18486248,0.14196165,0.067163035,0.029364431,0.05963215,0.14458954,0.21999188,0.227045,0.16029239,0.065190576,0.0029587364,0.014123382,0.07556998,0.13170749,0.12719142,0.053459186,-0.046414018,-0.10805537
-0.00019785465,0.021947818,0.0996757,0.18060482,0.20132005,0.14371355,0.04613613,-0.024038468,-0.029771043,0.025496552,0.08541346,0.08973872,0.020446341,-0.08375677,-0.15770344,-0.15515225,-0.08670926,-0.010862512,0.013534748,-0.03410883,-0.115067445,-0.16006461,-0.12850317,-0.035845127
-0.10201267,-0.100932844,-0.06516218,-0.02626548,-0.023095096,-0.06687329,-0.12441627,-0.15887189,-0.14994478,-0.10360612,-0.052984342,-0.03691426,-0.062645525,-0.10466063,-0.12593262,-0.10491802,-0.04829342,0.00972938,0.032920673,0.010981772,-0.03266383,-0.058972415,-0.044877738,0.002592435
0.022878688,-0.061344106,-0.10860733,-0.075526595,0.0237644,0.12775297,0.16257949,0.11929435,0.039699413,-0.00478764,0.02635627,0.119640164,0.20598847,0.22235142,0.16010809,0.06270037,-0.004647829,0.006045664,0.07448223,0.14018413,0.14266418,0.06978882,-0.037348393,-0.10975206
-0.022643697,-0.058861963,-0.1101291,-0.14729865,-0.14797251,-0.1143071,-0.072582245,-0.05744827,-0.07322649,-0.104894534,-0.12179761,-0.09958466,-0.0500781,0.003743296,0.030876407,0.020468293,-0.009180631,-0.024926102,-0.011187104,0.030188153,0.07174482,0.08345594,0.054730333,0.007299517
-0.16000427,-0.085845806,-0.015440676,0.007197181,-0.037136313,-0.115366176,-0.14948976,-0.11101904,-0.016345838,0.06791337,0.10242324,0.06261922,-0.006591035,-0.04211702,-0.007890385,0.07058418,0.14549915,0.15732181,0.100468546,0.012495585,-0.04463395,-0.03605942,0.023789275,0.07933497
-0.018856999,-0.0046183965,0.04270977,0.086853735,0.09216181,0.048952296,-0.015196932,-0.05726719,-0.056870338,-0.018965846,0.017125802,0.017398154,-0.025009286,-0.08578961,-0.12455658,-0.11414681,-0.065235466,-0.015980957,0.0006506014,-0.026894648,-0.07397916,-0.098097056,-0.07313951,-0.0124564655
-0.04457499,-0.091792956,-0.06224221,0.033345997,0.13313077,0.17214225,0.13431579,0.059681438,0.007638742,0.028770478,0.110712945,0.19619212,0.2190652,0.16023183,0.061563633,-0.010147504,-0.011388923,0.053213835,0.12193331,0.13229989,0.06395959,-0.039650436,-0.11288539,-0.10921919
0.06130181,0.020512197,-0.042712104,-0.09262219,-0.0952655,-0.053809866,-0.012834821,-0.006841534,-0.044186343,-0.09938366,-0.13905238,-0.1272094,-0.0775883,-0.022776118,-0.0028867042,-0.024933606,-0.06975756,-0.09531103,-0.076203115,-0.018141631,0.041556355,0.065005794,0.041621428,-0.00440069
-0.086366355,-0.044774998,-0.0025967078,0.01684383,0.0007868935,-0.036434315,-0.05223597,-0.030402385,0.02142073,0.06931439,0.09218408,0.072974496,0.035185702,0.0130910175,0.027598014,0.06513523,0.10181686,0.10583248,0.072198905,0.020130638,-0.015606997,-0.017224872,0.009290202,0.035474945
-0.024244457,-0.09560033,-0.13816974,-0.12373009,-0.06158302,0.0058787116,0.027975263,-0.0060879644,-0.064248644,-0.09352892,-0.06684733,0.0076114708,0.07946999,0.1004986,0.06312341,0.0017228271,-0.035282336,-0.014349235,0.046889804,0.103982344,0.110475436,0.05954261,-0.016265478,-0.06606433
-0.04991932,-0.09492972,-0.09686819,-0.06784225,-0.040103614,-0.041767314,-0.08379975,-0.14320755,-0.18474385,-0.17673565,-0.13516562,-0.089220546,-0.07008081,-0.092594005,-0.13433942,-0.1536632,-0.12885222,-0.06732731,-0.005982471,0.021860389,0.004074982,-0.035048876,-0.057024784,-0.03821009
-0.14036459,-0.069356896,-0.0037450795,0.013666352,-0.036420096,-0.11826481,-0.15541963,-0.1216998,-0.03393776,0.04325967,0.071733885,0.027118528,-0.042843096,-0.07695591,-0.041784912,0.036978368,0.112072,0.12624967,0.072433665,-0.0099789435,-0.059660725,-0.043451823,0.020714017,0.078719616
0.0011593165,-0.052164644,-0.08692702,-0.08383003,-0.050801907,-0.019749131,-0.023645498,-0.06140218,-0.11040604,-0.13590178,-0.12266495,-0.07638921,-0.035624336,-0.024861276,-0.04850979,-0.0827971,-0.09870109,-0.07388836,-0.021729726,0.025840893,0.039300743,0.016964719,-0.021110874,-0.04136983
-0.0408146,0.022969939,0.08748324,0.11538185,0.08839002,0.028465912,-0.004638126,0.012572058,0.07085395,0.12495498,0.14135593,0.10134867,0.03261649,-0.013365102,-0.007944427,0.036343805,0.0841989,0.09107914,0.046277903,-0.024032574,-0.07176046,-0.065743744,-0.0153655335,0.03874559
0.06133093,0.0091139395,-0.07326105,-0.13039185,-0.117045656,-0.039948165,0.03606993,0.058869436,0.018258572,-0.052785378,-0.09809354,-0.07266564,0.006219706,0.08362072,0.10868629,0.06816846,-0.005951514,-0.053031083,-0.037151106,0.03167469,0.101435676,0.11858245,0.06780637,-0.01617164
0.06785958,0.13359073,0.1652454,0.15431687,0.11964187,0.09980299,0.12007168,0.17193504,0.22251192,0.23191148,0.19638783,0.13461444,0.08645405,0.079183765,0.1068058,0.13380578,0.1279111,0.07567997,0.004180176,-0.04724497,-0.050417446,-0.013720655,0.028087359,0.039434433
0.15386145,0.11967061,0.061031565,0.022247478,0.040064566,0.10835694,0.16579592,0.17439532,0.12435563,0.04933649,-0.0062763537,-0.0015250781,0.04929247,0.096797064,0.09739586,0.045421448,-0.033625714,-0.084570035,-0.07586525,-0.017670296,0.042445812,0.060126033,0.022065029,-0.03952441
-0.12531209,-0.07698738,-0.030608809,-0.011669819,-0.035910703,-0.08060192,-0.0932061,-0.060837734,0.006585391,0.06460107,0.0924598,0.0694351,0.030082667,0.012496085,0.039097656,0.088732585,0.13365993,0.13742207,0.09444463,0.032805234,-0.0064347424,-0.00487331,0.024753371,0.049377795
0.05252017,0.13450569,0.16651697,0.13402112,0.068232045,0.02624059,0.048565447,0.1179578,0.18908045,0.20342033,0.15311666,0.068452686,0.009809947,0.012746965,0.06670845,0.120722264,0.1280676,0.0687602,-0.01936264,-0.07948178,-0.072820246,-0.01176364,0.055054747,0.07461176
0.028585972,-0.014231472,0.0028366488,0.06738273,0.1289668,0.14134946,0.08729727,0.0047296495,-0.057365093,-0.05411526,-0.0034610026,0.049985465,0.05392592,-0.002276854,-0.085322544,-0.137211,-0.12698299,-0.062199213,0.003904956,0.02356458,-0.015685221,-0.077775836,-0.1126216,-0.08577199
-0.06806831,-0.030828567,0.059398856,0.15124047,0.1848186,0.1459699,0.08137986,0.046988152,0.073503084,0.14586821,0.214836,0.22503157,0.16732939,0.0768928,0.016280498,0.017995419,0.07095383,0.12050156,0.11845731,0.051821332,-0.042411387,-0.1031753,-0.09424964,-0.030718034
0.08802264,0.09684124,0.060697425,0.0026105035,-0.035634756,-0.030885242,0.002921503,0.037367612,0.039480273,-0.0003778543,-0.05975548,-0.09886639,-0.094045945,-0.051221635,-0.0065563517,0.00691992,-0.022556407,-0.07028714,-0.096466206,-0.07805104,-0.022690268,0.0337305,0.055246312,0.03304944
-0.17497979,-0.16426122,-0.108795814,-0.047398105,-0.029131535,-0.06630499,-0.11343063,-0.13305548,-0.10160866,-0.028311005,0.048548304,0.07601094,0.051078007,0.004106782,-0.019567398,0.001926361,0.06373902,0.121567376,0.13134994,0.08544386,0.01547161,-0.03548938,-0.036962662,0.0027374022
0.03798856,0.06439408,0.027402125,-0.041423924,-0.085656635,-0.063307494,0.015830254,0.096624814,0.13389815,0.10182368,0.037224736,-0.008199326,0.008789862,0.07879468,0.15099601,0.1718426,0.12780027,0.04679865,-0.014835755,-0.013948374,0.041459545,0.09995572,0.11042697,0.057571944
0.16271734,0.20276804,0.18096524,0.12192375,0.08228514,0.104322836,0.17132072,0.23703897,0.25662354,0.20899364,0.12230314,0.057147533,0.04996126,0.09450795,0.14157748,0.14448868,0.08541038,-0.007407512,-0.074870355,-0.07595913,-0.020016415,0.04394583,0.06651544,0.032011293
-0.019321816,-0.008888049,0.03498127,0.08149812,0.09516295,0.062860556,0.009073985,-0.028456762,-0.029881319,0.0048560523,0.042031735,0.047415406,0.011523098,-0.043219566,-0.08123239,-0.078171745,-0.039745208,0.0028956328,0.017022032,-0.009066574,-0.05361398,-0.081367895,-0.067824274,-0.019602617
-0.013364981,-0.015890341,-0.0776769,-0.16330023,-0.21474296,-0.19792652,-0.1275306,-0.06024237,-0.036653433,-0.07496066,-0.13467947,-0.15996164,-0.1210682,-0.034013078,0.048624966,0.077122726,0.043901518,-0.015159596,-0.046580173,-0.017851401,0.053768754,0.116848886,0.12378014,0.06808895
-0.07292728,-0.13127717,-0.16872986,-0.16508706,-0.12656213,-0.08236408,-0.06678161,-0.08762276,-0.12285338,-0.13772988,-0.11260501,-0.05356402,0.009107484,0.036557034,0.02425328,-0.008065742,-0.026717717,-0.0068471744,0.04174767,0.08818511,0.09837721,0.06394823,0.0071202214,-0.035233203
-0.12100347,-0.11338128,-0.06735728,-0.02071812,-0.0189389,-0.07316504,-0.1415229,-0.17912605,-0.16247849,-0.10409847,-0.043189056,-0.027671216,-0.06335979,-0.11756726,-0.14165278,-0.11295185,-0.042026147,0.02570217,0.047379266,0.012633658,-0.043946464,-0.073765524,-0.05166481,0.006940797
-0.15306215,-0.14423971,-0.09906479,-0.049557146,-0.037451725,-0.072490774,-0.11767541,-0.13609625,-0.10791439,-0.046901964,0.015460171,0.037627842,0.01694143,-0.021514308,-0.037276164,-0.0145650795,0.039229594,0.08748788,0.09783085,0.06297267,0.007430778,-0.030996846,-0.029196877,0.005262064
0.10909764,0.12142067,0.06446915,-0.028692259,-0.09064705,-0.077664055,-0.0076952972,0.05838118,0.06806059,0.011367636,-0.07787456,-0.13563766,-0.120700575,-0.042558044,0.033897206,0.05524487,0.0077605015,-0.06990073,-0.11841705,-0.09328247,-0.006251634,0.07784772,0.103292376,0.059733026
0.15696695,0.14049216,0.10495996,0.08282631,0.10123627,0.1540831,0.19717713,0.20397422,0.16496342,0.10612152,0.059691254,0.056457862,0.08263399,0.10792671,0.0994832,0.053306527,-0.013079652,-0.058390573,-0.0596482,-0.023927227,0.016390758,0.02922931,0.0033445251,-0.03830978
-0.09858165,-0.0463325,0.0040392242,0.0121123,-0.03673164,-0.112650596,-0.15470755,-0.13847436,-0.077714756,-0.018134642,0.0008850266,-0.03962075,-0.099549554,-0.12958878,-0.102752976,-0.035185095,0.03323301,0.053878125,0.019002562,-0.0402213,-0.0731568,-0.053765032,0.0073682712,0.06573683
-0.0009906825,0.06494526,0.13337943,0.16779652,0.15271868,0.1129944,0.094585456,0.116421945,0.167575,0.21688323,0.22993882,0.18680508,0.12171147,0.07374219,0.066793695,0.09373954,0.12514773,0.11826402,0.064488724,-0.008956761,-0.058279347,-0.061841253,-0.023109065,0.0217133
-0.19207466,-0.18524285,-0.13209929,-0.070405826,-0.05287827,-0.096192345,-0.15573566,-0.18466745,-0.15390144,-0.07902904,0.0025483503,0.03513244,0.011596971,-0.03902154,-0.063528225,-0.037205093,0.03365898,0.10169086,0.12201473,0.080614835,0.007938772,-0.04358022,-0.04135188,0.0038800815
-0.0068587777,-0.060048994,-0.13955297,-0.19196509,-0.17926566,-0.11018064,-0.038561035,-0.0141932275,-0.04262611,-0.09744793,-0.12427426,-0.09061221,-0.008921573,0.07000512,0.101478785,0.07246245,0.014951828,-0.018566515,-2.1400434e-05,0.061504968,0.12020757,0.12948938,0.07707722,-0.0060253204
0.028956411,-0.011177116,0.007313292,0.065968536,0.119279616,0.12240524,0.062034696,-0.021038724,-0.08246362,-0.07842141,-0.033606645,0.012547343,0.01397527,-0.04105622,-0.12019949,-0.1652747,-0.15102609,-0.08572332,-0.017839953,0.005467824,-0.029186593,-0.08591636,-0.11295383,-0.07950624
0.09610282,0.09896827,0.058007184,-0.009623524,-0.060469393,-0.063568555,-0.034758527,-0.007478905,-0.012596913,-0.05630604,-0.12299992,-0.166106,-0.1607461,-0.113923505,-0.06582699,-0.047514044,-0.07094881,-0.112867214,-0.13373114,-0.10600827,-0.039497156,0.02572957,0.054660384,0.039989643
-0.06113436,-0.11576746,-0.09995684,-0.031572357,0.031983573,0.036578543,-0.025657501,-0.112995535,-0.16867715,-0.1482874,-0.07521246,-0.0025640193,0.012601764,-0.039073482,-0.11628795,-0.15723394,-0.1283538,-0.042640723,0.03804767,0.059962843,0.012624659,-0.061689205,-0.10331485,-0.07656527
0.026498932,0.047503844,0.018359473,-0.030987227,-0.05342129,-0.020193357,0.054633673,0.12510522,0.15688002,0.13150042,0.08360089,0.05490209,0.075772054,0.13273673,0.18642884,0.19381826,0.14852262,0.07560332,0.022640666,0.020055374,0.058985516,0.095538534,0.091763034,0.037068773
0.15344189,0.18615161,0.15244658,0.08340029,0.040890094,0.06446049,0.13710766,0.2068845,0.22338584,0.17099893,0.08422291,0.021269893,0.02142658,0.075558804,0.13064706,0.1361666,0.076766066,-0.013945416,-0.07788869,-0.07483306,-0.011461699,0.05770055,0.07923756,0.037264932
-0.040462427,0.045975477,0.13514757,0.17564555,0.14096555,0.063308485,0.016983174,0.037960023,0.11280085,0.18500215,0.20648384,0.14842501,0.054804474,-0.010145091,-0.006563199,0.0502959,0.11276591,0.11947947,0.057067685,-0.03824734,-0.10154879,-0.0940437,-0.026840622,0.046262007
0.009980175,0.018833613,0.05049738,0.075226344,0.06817434,0.024351293,-0.03648392,-0.078733645,-0.085984744,-0.06339912,-0.044705283,-0.05118311,-0.08939848,-0.1385145,-0.16715522,-0.1536275,-0.10948272,-0.065821804,-0.04680432,-0.061017312,-0.08854174,-0.09539106,-0.0628555,-0.004739443
0.015535272,-0.033378135,-0.0140513275,0.05391288,0.11521744,0.118871674,0.05027293,-0.044135127,-0.11262942,-0.10480372,-0.047668476,0.0100609055,0.012879138,-0.04841505,-0.13704315,-0.18666363,-0.16692933,-0.08854471,-0.009976434,0.015620846,-0.025580946,-0.09187642,-0.124702066,-0.08705884
0.07742177,0.15080386,0.18022405,0.15808715,0.11026456,0.08271212,0.10686087,0.16663215,0.22361352,0.23035778,0.18407309,0.10968847,0.05590508,0.055246696,0.09453428,0.13045405,0.12571448,0.06692585,-0.013737236,-0.06737184,-0.06283246,-0.013043775,0.039164506,0.052142985
-0.12968394,-0.17237666,-0.14529938,-0.06089972,0.023172626,0.049077425,0.014941494,-0.041047897,-0.067916416,-0.02971267,0.06046513,0.14587048,0.17141508,0.12725168,0.056482352,0.011275275,0.026452288,0.09188454,0.15187337,0.15320526,0.08590249,-0.009603988,-0.07572557,-0.076066725
0.11166513,0.1215133,0.06532915,-0.028536031,-0.09381363,-0.09223579,-0.042210344,0.0072062723,0.011668689,-0.044821735,-0.13435914,-0.19027446,-0.17928578,-0.11133371,-0.040153164,-0.013717844,-0.049341924,-0.11430511,-0.14938886,-0.11852735,-0.03327332,0.0522025,0.08841627,0.058985192
0.018260319,-0.056602385,-0.11533189,-0.12872492,-0.09685806,-0.0577345,-0.058573958,-0.1052209,-0.17577466,-0.22065262,-0.2160898,-0.16280715,-0.10338677,-0.077594474,-0.09907162,-0.14032644,-0.16410767,-0.13451046,-0.063393585,0.009613723,0.043242957,0.027461717,-0.016850397,-0.046879906
0.057303473,0.02908094,-0.021232685,-0.051647283,-0.027697658,0.04232809,0.10988366,0.135578,0.11239219,0.062102824,0.0290557,0.048683763,0.106003,0.15828924,0.16836916,0.1269394,0.05872295,0.010028945,0.011084863,0.052717723,0.09306954,0.09380089,0.046135012,-0.02391605
-0.05412265,-0.09983977,-0.09610413,-0.05272258,-0.009433456,-0.006816071,-0.053179707,-0.118092656,-0.1613728,-0.1505318,-0.09863543,-0.043585442,-0.02516156,-0.056704916,-0.10913458,-0.1368695,-0.11490813,-0.04917474,0.016972536,0.041389532,0.012005837,-0.03931995,-0.0700797,-0.05318265
0.019339962,-0.056681126,-0.10778847,-0.10978126,-0.069970824,-0.028803926,-0.037628714,-0.095535494,-0.17014222,-0.20982426,-0.1970001,-0.13785248,-0.08014431,-0.06640445,-0.101472214,-0.1484926,-0.1672966,-0.12970121,-0.05344947,0.016884828,0.03993358,0.01263139,-0.034114905,-0.057418115
0.11493095,0.055362046,-0.03420947,-0.1014233,-0.09959006,-0.03940432,0.012370725,0.01214024,-0.049951416,-0.1356588,-0.1949606,-0.17901608,-0.10843523,-0.037660036,-0.018556261,-0.057195343,-0.12510386,-0.15918323,-0.12501524,-0.038210128,0.04570649,0.07772116,0.044051547,-0.020124348
-0.16523898,-0.15609276,-0.110628635,-0.05616989,-0.03344228,-0.05578967,-0.087246306,-0.09750334,-0.06536581,-0.002928621,0.06395425,0.092526406,0.079087935,0.045395717,0.028793117,0.04399269,0.088710755,0.12990852,0.1351822,0.09684032,0.036664575,-0.011201773,-0.022318702,-0.0010045412
-0.10601568,-0.13522002,-0.12654164,-0.08664299,-0.04469772,-0.03428661,-0.05577712,-0.08772964,-0.100084595,-0.07593388,-0.022637758,0.029602852,0.05136381,0.033521835,0.0020013053,-0.014994039,0.0013286917,0.044129875,0.08428613,0.09021255,0.055603765,0.003553574,-0.03194473,-0.033549022
-0.027013768,-0.05420098,-0.025719818,0.04800006,0.120484754,0.1457784,0.116530165,0.065642916,0.03236177,0.051356535,0.11099513,0.16713513,0.17654926,0.12917301,0.05771022,0.007567798,0.00659164,0.049697522,0.09267126,0.09266967,0.0399621,-0.034177046,-0.08444369,-0.07959374
-0.07037778,-0.023930425,-0.020294478,-0.06839174,-0.14229307,-0.19421713,-0.18309729,-0.1257394,-0.060070377,-0.037741225,-0.065083265,-0.12128349,-0.15142675,-0.12151078,-0.045650218,0.027816365,0.05976436,0.033146914,-0.022162758,-0.0555251,-0.03464101,0.025645537,0.08317247,0.095845774
0.08152821,0.047112793,-0.0088420855,-0.03939754,-0.011115793,0.06876417,0.14373942,0.1679148,0.13515346,0.07621246,0.039427184,0.060008008,0.12171946,0.17845947,0.18573368,0.13470022,0.056284346,0.0030279686,0.0035997033,0.050826877,0.09844496,0.09977626,0.044353027,-0.033187956
-0.049695242,-0.1324708,-0.18543361,-0.17131469,-0.10035565,-0.023166848,0.0036672705,-0.030881593,-0.0912465,-0.12422523,-0.09287543,-0.0048246034,0.08116312,0.1110674,0.07880433,0.014192009,-0.0289865,-0.0085475845,0.059760917,0.12505962,0.13621148,0.08238022,-0.0060369065,-0.07145734
0.006390518,-0.06203049,-0.15909623,-0.225309,-0.21380104,-0.13775279,-0.06537915,-0.047207993,-0.090174854,-0.15950151,-0.1970137,-0.15754043,-0.06219868,0.029224435,0.064353436,0.031381205,-0.03482294,-0.07061467,-0.038524844,0.04559754,0.122940086,0.13868695,0.08224187,-0.007654603
0.026490845,-0.01231544,-0.066797726,-0.09756517,-0.07829831,-0.015050145,0.04690763,0.06486891,0.03747966,-0.0067575485,-0.028182274,-0.002041241,0.057322957,0.11213123,0.12450053,0.08876023,0.034421045,0.002525418,0.010951105,0.05423558,0.09542525,0.09510103,0.047362126,-0.017977012
0.043353308,0.00036585523,0.012093119,0.06494042,0.11748212,0.12507753,0.067728244,-0.015409397,-0.08063549,-0.08355835,-0.043644458,0.0033573073,0.0081446795,-0.044870783,-0.123985656,-0.17141244,-0.16066694,-0.09751994,-0.027547231,-0.00022550262,-0.03086474,-0.084120125,-0.11028653,-0.07936968
0.011288876,-0.029670374,-0.053448223,-0.03696792,0.019122904,0.08415087,0.11796948,0.10683413,0.070169024,0.04535102,0.056552164,0.106055975,0.15832207,0.17385311,0.14395107,0.087542154,0.040292528,0.032731503,0.060847532,0.0943303,0.09684502,0.055358045,-0.009272504,-0.05943402
-0.04603393,0.013025187,0.03639206,0.013521151,-0.037391923,-0.07002873,-0.044765633,0.021533335,0.09246723,0.119839355,0.099939615,0.046199962,0.011990751,0.026913203,0.08259045,0.13511965,0.15018241,0.11016082,0.04008387,-0.011767853,-0.012654789,0.026911663,0.0680379,0.072402366
-0.12009509,-0.07289738,-0.02643574,-0.0073702484,-0.029802976,-0.07656146,-0.09383448,-0.06608295,-0.0020832447,0.055978127,0.08496945,0.06481391,0.022879576,0.001069457,0.022890225,0.07139164,0.11878445,0.12727842,0.089520454,0.028921256,-0.012951776,-0.013792034,0.018279297,0.04861702
0.19542071,0.15436226,0.08518633,0.04011223,0.06466956,0.14851476,0.21633328,0.22426617,0.16105048,0.07013239,0.002417866,0.0093575455,0.06874086,0.12327339,0.11914479,0.053059757,-0.04409363,-0.10596884,-0.09387928,-0.02249815,0.048724853,0.06710793,0.020734351,-0.050635185
-0.00022809385,-0.037929602,-0.09719429,-0.13914673,-0.13353877,-0.08125625,-0.023113308,-0.0012637125,-0.020774268,-0.06230252,-0.086183295,-0.06455133,-0.004193004,0.05771166,0.08386509,0.06293632,0.01853168,-0.010631824,-0.0017264417,0.04343142,0.09012645,0.09985714,0.061803985,-0.0008309282
0.0011600138,0.019384855,0.073643744,0.12515047,0.13281679,0.084476046,0.011294426,-0.037298437,-0.03961415,-0.0016522015,0.03533233,0.03231106,-0.019015431,-0.09102758,-0.13790293,-0.12983093,-0.07906459,-0.025928613,-0.008218477,-0.039856154,-0.092760384,-0.11763572,-0.08842257,-0.019595727
-0.11849694,-0.14767513,-0.14030908,-0.101123616,-0.061699826,-0.04970642,-0.06700002,-0.094110034,-0.10282962,-0.07678157,-0.021886261,0.028378153,0.052405052,0.040485058,0.014365373,-0.0001341925,0.016040528,0.05598785,0.09148099,0.09687737,0.06472934,0.014209004,-0.023910705,-0.029629478
0.11878011,0.12633191,0.065520965,-0.03345513,-0.10352588,-0.10074057,-0.04416726,0.010271254,0.012456374,-0.04870582,-0.14275414,-0.20307726,-0.18958692,-0.113862574,-0.03746408,-0.011272465,-0.051369403,-0.120051764,-0.15818137,-0.12408242,-0.030713495,0.06088187,0.095562436,0.061613087
0.014881681,-0.07517442,-0.13942191,-0.14706957,-0.10484842,-0.05978248,-0.06802199,-0.1314335,-0.21602969,-0.2638285,-0.25070727,-0.18047889,-0.11328549,-0.09205468,-0.12592861,-0.1766437,-0.19854787,-0.15529191,-0.06654754,0.017060783,0.04816818,0.022189364,-0.030466903,-0.058854885
-0.009531037,0.008672645,0.07762502,0.14346875,0.15260924,0.0920458,-0.0002662911,-0.0642097,-0.06984011,-0.018635236,0.03141933,0.031428467,-0.030601956,-0.12011925,-0.18064271,-0.1708736,-0.10391787,-0.032768458,-0.0078102886,-0.045428377,-0.11134407,-0.14621192,-0.11209465,-0.023716027
-0.06078273,-0.069655254,-0.115931615,-0.17554487,-0.21210863,-0.20349832,-0.15921172,-0.11500245,-0.09427065,-0.11116802,-0.14059049,-0.14888863,-0.11582029,-0.05038925,0.014177365,0.042813234,0.031105336,-0.0006770426,-0.017220464,0.003992531,0.052943647,0.09311318,0.09529783,0.0552322
-0.04718132,-0.07098303,-0.052375622,0.00031167487,0.05185331,0.0671309,0.04113564,0.00091186684,-0.021000426,-0.001454236,0.04907133,0.09676718,0.105379574,0.070828676,0.021347677,-0.009315353,-0.00087956793,0.038238656,0.074246004,0.074006006,0.033294186,-0.022579709,-0.057589702,-0.051442627
-0.0062837494,0.011205768,0.07314572,0.13353477,0.14336556,0.093347825,0.01543441,-0.038221925,-0.041848876,0.004018053,0.04995901,0.049654655,-0.005578246,-0.08527682,-0.13991654,-0.13322991,-0.07571913,-0.014970829,0.003356855,-0.03345619,-0.09396523,-0.12621094,-0.098019734,-0.021905355
-0.037113708,-0.014677338,0.05897996,0.1335926,0.15116046,0.098145045,0.0170527,-0.03532143,-0.030169845,0.028084088,0.08690702,0.09113772,0.032112487,-0.05363659,-0.111434706,-0.104034275,-0.042351395,0.02234752,0.038093425,-0.00827165,-0.08205519,-0.12512557,-0.10246421,-0.025431352
-0.033857275,-0.06178085,-0.024361124,0.056707654,0.12694368,0.14242196,0.09843593,0.03480479,-0.001718804,0.025315357,0.09093017,0.1472777,0.15049373,0.093713045,0.014243339,-0.033410653,-0.02251755,0.03271246,0.08188026,0.08230033,0.024276365,-0.05498236,-0.100805774,-0.0810436
0.0059554297,-0.03220904,-0.04916657,-0.024517672,0.03330609,0.09295663,0.11606593,0.09925456,0.06391621,0.04578575,0.06451841,0.11322093,0.15819521,0.1648076,0.12991174,0.075878635,0.036078364,0.03461695,0.063484125,0.09184862,0.08697666,0.04208226,-0.019449316,-0.061198287
-0.11530998,-0.116173536,-0.07986382,-0.041655853,-0.04070667,-0.0894528,-0.15498038,-0.197295,-0.18840383,-0.13765658,-0.082809016,-0.062359896,-0.088465676,-0.13567704,-0.15951174,-0.13419574,-0.06663278,0.0012209871,0.0308688,0.008603502,-0.03957542,-0.06858418,-0.049091045,0.006040012
-0.039405715,-0.037576295,-0.082862034,-0.14900593,-0.19314094,-0.18776461,-0.13950053,-0.08702924,-0.059629798,-0.07924989,-0.11708062,-0.1362172,-0.11074919,-0.047079023,0.021248223,0.05411834,0.042159483,0.0034173585,-0.022671962,-0.009322628,0.038949672,0.08761287,0.100388214,0.06328749
0.10262933,0.03795397,0.002779337,0.021278627,0.083964996,0.14370756,0.14291373,0.08532817,0.0014437694,-0.047260314,-0.042438827,0.011416771,0.058446024,0.055240717,-0.004609971,-0.07927374,-0.12540877,-0.10748685,-0.04263198,0.019810386,0.033833396,-0.0050905314,-0.06337345,-0.090278946
-0.21538183,-0.14136767,-0.063789606,-0.037341096,-0.08969328,-0.18225999,-0.226607,-0.19072574,-0.08702791,0.013894349,0.06234753,0.024271993,-0.0462569,-0.08385242,-0.044742636,0.047668178,0.1429353,0.17012978,0.115854114,0.021814663,-0.04291518,-0.037906516,0.026613716,0.091186255
0.04854024,0.12614273,0.1561569,0.123422936,0.05628942,0.012940729,0.03550528,0.10430122,0.1718333,0.187005,0.13980086,0.055717815,-0.0033001015,0.0025599606,0.057855166,0.112267904,0.121116884,0.06534372,-0.022045352,-0.081014924,-0.07112189,-0.009130752,0.05603426,0.07610428
0.030392684,0.048751306,0.004526878,-0.06618218,-0.10528237,-0.07167095,0.019144347,0.10399402,0.13792492,0.10231001,0.038896482,0.0017425049,0.028998254,0.107837945,0.18185806,0.19654006,0.14458443,0.060038622,-0.0007703333,0.004900506,0.06488615,0.12026354,0.119767964,0.055243913
-0.10876403,-0.034244552,0.036444947,0.06029909,0.020450186,-0.051881056,-0.0851753,-0.05169462,0.031219248,0.10401112,0.12744267,0.0801601,0.009764854,-0.028317727,-0.0017783414,0.06558642,0.12775514,0.13172475,0.074361145,-0.007991905,-0.058370996,-0.047679964,0.009972646,0.063233756
-0.027748799,-0.07842459,-0.10988721,-0.101689,-0.060973823,-0.019863287,-0.008118064,-0.03206708,-0.07140857,-0.09003062,-0.06927707,-0.017947024,0.029858274,0.046191767,0.025529357,-0.011736235,-0.03333533,-0.015377131,0.028054722,0.06705229,0.07368904,0.0419363,-0.00809477,-0.041881092
0.08072623,0.08096337,0.040689137,-0.021670042,-0.06448559,-0.06189655,-0.02896655,-0.00132686,-0.005807882,-0.04622282,-0.104533345,-0.13852946,-0.1287047,-0.083613254,-0.040442497,-0.026837481,-0.050145432,-0.08796358,-0.106137276,-0.08150235,-0.023122022,0.032406364,0.054254502,0.03575681
-0.16241847,-0.1480396,-0.09140867,-0.028587963,-0.0069800694,-0.03969413,-0.08828274,-0.10840637,-0.07568507,-0.004467701,0.06946125,0.09595698,0.070449784,0.019285755,-0.0075947354,0.011679158,0.07003856,0.12224755,0.13074741,0.08424577,0.012037147,-0.039655346,-0.04013054,-0.0009399231
0.023328636,-0.034187935,-0.07314186,-0.07616201,-0.047141884,-0.01439829,-0.014408125,-0.052904293,-0.11017991,-0.14292212,-0.1365571,-0.093241625,-0.049197935,-0.036131985,-0.061589424,-0.09968935,-0.11907624,-0.094180524,-0.03950226,0.013249808,0.03329908,0.014809599,-0.022304721,-0.042822517
0.017060773,-0.059509296,-0.114342235,-0.11734809,-0.07091285,-0.018989746,-0.014751225,-0.061333373,-0.13360858,-0.17765263,-0.16873346,-0.10753758,-0.042087648,-0.018035958,-0.04749898,-0.099865206,-0.13385506,-0.109997384,-0.038621217,0.035100576,0.06370062,0.035778124,-0.02215276,-0.060910247
0.03676483,0.04924481,0.090803236,0.12956208,0.13461666,0.09779302,0.04049533,-0.002695425,-0.014846923,0.008836861,0.03254572,0.025453398,-0.018799972,-0.07819312,-0.12086294,-0.12015958,-0.08305865,-0.04091638,-0.027049277,-0.050447937,-0.08747085,-0.10435797,-0.07896676,-0.021045405
0.015217822,-0.040749684,-0.123408146,-0.17881446,-0.16339076,-0.08797319,-0.014181679,0.008650657,-0.026551573,-0.08889891,-0.124527894,-0.091128595,-0.005437253,0.07657609,0.10601237,0.07080262,0.0032270877,-0.037986923,-0.01710842,0.053560182,0.12003544,0.13036048,0.07455049,-0.012126797
-0.12595071,-0.10737168,-0.05312222,0.0026205473,0.018784946,-0.015940515,-0.06417602,-0.08503688,-0.055035453,0.0071583735,0.06846384,0.087008774,0.056698628,0.0039110654,-0.022391401,-0.0035981403,0.051013917,0.09800526,0.10394537,0.058526184,-0.008160257,-0.050489966,-0.042540707,-0.00070094556
-0.061988458,-0.115166694,-0.15235093,-0.14946626,-0.11176163,-0.07136678,-0.059703257,-0.08049228,-0.112727396,-0.12755603,-0.103180595,-0.046371993,0.00685909,0.029439358,0.01801635,-0.010985593,-0.027136602,-0.008077111,0.037087932,0.077665105,0.085507795,0.055398144,0.006000342,-0.03117082
0.031225713,-0.0105922865,-0.07207214,-0.10893386,-0.0888741,-0.019246614,0.04810075,0.07060939,0.041289616,-0.010581512,-0.03953553,-0.013263671,0.054699805,0.11833389,0.13481846,0.09636187,0.031855915,-0.008675395,0.0019886955,0.055256613,0.10480072,0.107526414,0.054971594,-0.019070636
0.059749484,0.12696786,0.13727473,0.078859724,-0.009803372,-0.06860217,-0.058042735,0.0015546997,0.058926318,0.060421612,-0.002567701,-0.093508,-0.14960547,-0.13243069,-0.06231607,0.0062165326,0.023762416,-0.024113359,-0.09754574,-0.13668786,-0.10352602,-0.018004034,0.064610064,0.0921761
-0.13180606,-0.08381285,-0.037325624,-0.022687195,-0.05191229,-0.104262054,-0.12666565,-0.0989313,-0.031921886,0.028646301,0.054775037,0.030364566,-0.011131709,-0.030098487,-0.0014813843,0.05497252,0.10660029,0.1139513,0.076107316,0.018333253,-0.018293688,-0.014072338,0.022820896,0.055189636
0.03166239,0.045069262,0.09525141,0.14734277,0.16004078,0.118062474,0.045748275,-0.0090795895,-0.022259207,0.008274781,0.043391127,0.041929144,-0.009695402,-0.084830165,-0.13892093,-0.13933687,-0.093501456,-0.03970742,-0.019347839,-0.048680335,-0.09913259,-0.12438548,-0.09718839,-0.029196318
0.059265133,0.015651712,0.025945581,0.08007558,0.13670984,0.14948642,0.09697332,0.015597925,-0.053227756,-0.060475487,-0.02185128,0.02494307,0.03002089,-0.022504937,-0.104468696,-0.15791565,-0.1538047,-0.09388927,-0.025391938,0.0019210853,-0.028027346,-0.08198811,-0.112012275,-0.0848924
0.023572657,0.06564231,0.09939807,0.096609905,0.050938148,-0.016475683,-0.06358923,-0.06776134,-0.041743208,-0.017338065,-0.02398706,-0.07154981,-0.13402978,-0.17015395,-0.16020484,-0.11376888,-0.064536154,-0.04709518,-0.06806201,-0.10647334,-0.12075551,-0.087737724,-0.02079338,0.041299246
-0.049126327,0.007404869,0.0648259,0.089689106,0.065229334,0.014079792,-0.015457122,0.0021474294,0.05673852,0.107603475,0.12441994,0.08897935,0.03142836,-0.008025166,-0.0017032087,0.039761715,0.08348525,0.08816998,0.04795826,-0.014174464,-0.057177808,-0.053197265,-0.00968985,0.0367242
0.0333403,0.0032446198,-0.04231229,-0.06627581,-0.04387534,0.016983716,0.07329833,0.09124674,0.06931512,0.02726657,0.004587495,0.027652286,0.081638716,0.1277872,0.13534042,0.099047996,0.04344785,0.008066374,0.0146220485,0.05369943,0.08714958,0.08431753,0.03920998,-0.022106824
0.11885812,0.13012853,0.08140211,2.491077e-07,-0.056688063,-0.050015144,0.0032028528,0.052699074,0.05623583,0.001970646,-0.08134927,-0.13380155,-0.1257995,-0.063948475,-0.0026105514,0.014587694,-0.025612403,-0.0903184,-0.12820423,-0.102667704,-0.026126841,0.050781623,0.07917303,0.049647216
0.08449213,0.047634933,-0.022511449,-0.064811274,-0.032189984,0.0692909,0.17437474,0.22083446,0.19133306,0.12002199,0.071697935,0.093466386,0.17263573,0.25299537,0.27331886,0.21419263,0.110899575,0.033404116,0.02394686,0.07860792,0.14002082,0.14498515,0.0735487,-0.032330617
-0.008156889,0.012868445,0.08382444,0.1513993,0.16107379,0.096519,-0.001118412,-0.067308456,-0.07197106,-0.019642353,0.03169062,0.029666187,-0.036134,-0.12940663,-0.19117668,-0.17967845,-0.10992476,-0.036409184,-0.010454553,-0.0500639,-0.11905644,-0.15399392,-0.116705775,-0.024898637
0.023456719,-0.033426426,-0.062966414,-0.03549557,0.03964711,0.120149225,0.15649256,0.13400424,0.07923308,0.04764731,0.06879077,0.13464457,0.19631599,0.20998009,0.16432597,0.08856012,0.03159487,0.03144637,0.072287925,0.11444812,0.11474637,0.059333127,-0.023961281,-0.08195721
-0.029015863,0.06861183,0.16714767,0.21400766,0.1838274,0.108604886,0.064033136,0.09003644,0.17279048,0.24820007,0.26822254,0.20707352,0.1064367,0.033428628,0.032930132,0.08777269,0.14656165,0.14488167,0.07364109,-0.031658404,-0.103676654,-0.09941137,-0.030456174,0.04384708
0.018251177,-0.04160052,-0.1257135,-0.1797787,-0.16315608,-0.08875012,-0.020057045,-0.0031147345,-0.043058746,-0.10563867,-0.13771196,-0.10119002,-0.016878989,0.061144426,0.08673275,0.05072347,-0.013173097,-0.048078492,-0.022439547,0.048800003,0.11398483,0.12348058,0.06897018,-0.013792837
0.1273352,0.093308665,0.044688955,0.016050238,0.03573517,0.09464781,0.14181732,0.14424866,0.096343726,0.033482324,-0.009726792,0.00047752334,0.04569611,0.08476546,0.07883904,0.029598182,-0.03787421,-0.075499885,-0.06152228,-0.007980842,0.040811434,0.049159005,0.011635871,-0.038570173
0.019782351,-0.034691747,-0.066605106,-0.060582235,-0.024827756,0.008254101,0.003841419,-0.037856586,-0.0936729,-0.12023543,-0.10761187,-0.0628878,-0.02389842,-0.017152634,-0.04751199,-0.08720245,-0.10509801,-0.07951765,-0.026948018,0.020349052,0.03387975,0.008711656,-0.030527271,-0.04854507
-0.039151758,-0.015456791,0.052398875,0.11546832,0.12234891,0.05988583,-0.030741932,-0.08675018,-0.079502344,-0.022638787,0.03054669,0.03035481,-0.03135139,-0.11669541,-0.16721547,-0.14829165,-0.077086605,-0.009211495,0.010398535,-0.032715503,-0.10152381,-0.13461016,-0.09811693,-0.013533771
-0.004243207,0.02406382,0.082689576,0.13317002,0.13445334,0.08080564,0.012826722,-0.023695653,-0.014481275,0.027985666,0.064315036,0.05285286,-0.0064409235,-0.07698429,-0.11585627,-0.10076309,-0.04841732,-0.00088487094,0.0040623345,-0.038765468,-0.093934245,-0.11286709,-0.07830151,-0.009079294
-0.046523694,-0.101154864,-0.13640448,-0.12705076,-0.076590225,-0.022696845,-0.005253073,-0.027285993,-0.0648709,-0.08326082,-0.059368286,0.0027395613,0.06242024,0.082747005,0.06055754,0.018289734,-0.009300776,0.0038167494,0.051080763,0.094948426,0.09911575,0.058100447,-0.0022334843,-0.046077468
0.031974707,0.0060971407,0.033281583,0.09811515,0.15528315,0.16079687,0.10544569,0.034391277,-0.013444437,-0.005363667,0.038802218,0.078792416,0.072767176,0.013487006,-0.06333937,-0.107319616,-0.09868004,-0.046312727,0.0071525904,0.017057354,-0.025514007,-0.082287885,-0.10853399,-0.079085186
0.0052117845,0.019360283,-0.014748922,-0.07300099,-0.11295522,-0.10279498,-0.047129557,0.010815727,0.039791163,0.016956322,-0.028871631,-0.058030725,-0.04243101,0.0135491695,0.07409261,0.097537346,0.07384239,0.0221836,-0.0176398,-0.01389642,0.03001523,0.07809416,0.09043631,0.053269234
-0.07304114,0.0118784625,0.09442594,0.123470746,0.07728262,-0.008744934,-0.058285285,-0.035063688,0.046089437,0.12230767,0.14501679,0.08660271,-0.0037091416,-0.06187334,-0.047162212,0.02323234,0.09791477,0.110840224,0.051843837,-0.04132771,-0.10166761,-0.08828653,-0.012808258,0.06349356
-0.04947165,-0.08514584,-0.05189084,0.039202407,0.1303173,0.16649234,0.1361677,0.07631358,0.03754488,0.06382507,0.14191796,0.21556993,0.23168224,0.17717229,0.090249985,0.027846118,0.02722548,0.080463424,0.13210055,0.13111538,0.064489,-0.031057427,-0.09781498,-0.095968105
-0.045454063,-0.078930676,-0.08120466,-0.059904527,-0.04024629,-0.046467204,-0.0845272,-0.13196263,-0.16187078,-0.15279701,-0.117643476,-0.08309448,-0.0727866,-0.092157006,-0.12155344,-0.1307734,-0.10538959,-0.054479852,-0.0071405577,0.011030986,-0.0038334148,-0.031622816,-0.043349996,-0.025205884
0.17915115,0.145882,0.09342207,0.06351463,0.08822783,0.15531124,0.20599079,0.20567296,0.14838488,0.073831566,0.022206603,0.028312933,0.06967877,0.1044387,0.09208833,0.033190798,-0.04453145,-0.089195654,-0.078126155,-0.024996046,0.02756594,0.039732564,0.0031673298,-0.049578253
0.037194844,0.08295747,0.11883209,0.11554261,0.06767252,0.0024665915,-0.041325856,-0.0420681,-0.014709811,0.0070652114,-0.0068766368,-0.0610412,-0.1239625,-0.15755051,-0.14514354,-0.09967185,-0.056812644,-0.048864394,-0.07630175,-0.11354321,-0.12263133,-0.08563875,-0.019223513,0.03991547
-0.06379435,-0.018108128,-0.00983138,-0.04995096,-0.11647553,-0.1654214,-0.15698956,-0.10431571,-0.042064555,-0.01852601,-0.0415272,-0.09275345,-0.1241282,-0.10178194,-0.035993412,0.030808225,0.06161662,0.0382114,-0.013530736,-0.048092395,-0.03434959,0.018173736,0.07214667,0.087776944
-0.0995267,-0.10313423,-0.07026052,-0.030636651,-0.023271615,-0.06305471,-0.12086901,-0.1589047,-0.15537116,-0.11227738,-0.060220595,-0.040317144,-0.060334705,-0.10276718,-0.12872496,-0.1125027,-0.057779655,0.0033821692,0.03309366,0.01566537,-0.028814446,-0.058992073,-0.0489073,-0.0038412241
-0.063861795,-0.11676983,-0.1131783,-0.06286479,-0.010826102,-0.006682108,-0.060561027,-0.13520199,-0.18491346,-0.1712673,-0.10967635,-0.044206597,-0.024546025,-0.061292678,-0.121813595,-0.15368974,-0.1283587,-0.05309419,0.022875054,0.050044905,0.015560546,-0.044591445,-0.08023857,-0.060356744
-0.007828441,0.028471144,0.058599047,0.053776786,0.0070769424,-0.05945154,-0.106467426,-0.11076444,-0.08231822,-0.0554076,-0.05924407,-0.10043626,-0.15348013,-0.18277726,-0.16732039,-0.11733457,-0.06592088,-0.046583254,-0.06265045,-0.09456553,-0.10600282,-0.07459118,-0.012228254,0.045026418
-0.05389595,-0.10907094,-0.14136465,-0.12879069,-0.07880963,-0.025413154,-0.006335316,-0.028820505,-0.06598947,-0.08103345,-0.05419237,0.008304632,0.06785501,0.089096166,0.06612879,0.02321511,-0.0027221441,0.012404249,0.057899117,0.10060549,0.10366432,0.05990144,-0.003174445,-0.0463385
0.043469902,-0.0015274299,0.006985656,0.058631532,0.112124145,0.12479521,0.07736252,-0.0004982834,-0.06631055,-0.07207743,-0.03311441,0.0143725695,0.023256904,-0.022544863,-0.098911524,-0.14996429,-0.14522158,-0.08576113,-0.019214109,0.009190717,-0.018041816,-0.07119783,-0.1037102,-0.080403425
0.07587494,0.03481939,-0.024299018,-0.06845751,-0.06846444,-0.031390727,-0.00012839277,-0.0022628675,-0.045268595,-0.10186216,-0.1405455,-0.12988734,-0.084236965,-0.038020886,-0.025808224,-0.05069522,-0.09417521,-0.11404153,-0.089176275,-0.030163623,0.026347078,0.048473097,0.027054364,-0.012853209
-0.032936815,0.00038493995,0.067979954,0.13560368,0.16447295,0.14255996,0.10330359,0.08595737,0.10786351,0.15832488,0.20431577,0.20783694,0.16393703,0.09882346,0.054043215,0.05080498,0.08010406,0.105334386,0.09612113,0.043721534,-0.025661329,-0.07077934,-0.0667793,-0.025598485
-0.011742682,-0.050633125,-0.10240271,-0.13833457,-0.13682805,-0.100981414,-0.06430461,-0.056408223,-0.07883005,-0.11184952,-0.12798727,-0.10687072,-0.056060355,-0.0056583164,0.015846519,0.0026759082,-0.025639938,-0.038600773,-0.020831881,0.02339236,0.06533499,0.07452042,0.045826446,0.0005274016
-0.050991263,-0.09530358,-0.090966776,-0.047640238,-0.0056392876,-0.0021235,-0.048107263,-0.11263456,-0.15472804,-0.14317465,-0.092012264,-0.03881544,-0.022168983,-0.054110903,-0.10552894,-0.13223253,-0.10982438,-0.046441678,0.01611971,0.038595345,0.010107661,-0.039664336,-0.06908539,-0.051833156
-0.034012355,0.02245145,0.08654533,0.120219626,0.09924316,0.043308843,0.006988144,0.015895197,0.064294524,0.11705596,0.13865492,0.102855965,0.03707754,-0.012159772,-0.015045731,0.02225608,0.069546245,0.08262853,0.044202264,-0.022514287,-0.07092077,-0.070610575,-0.02613819,0.0280573
-0.17681064,-0.1671244,-0.12081016,-0.06990483,-0.05469236,-0.08494117,-0.12451516,-0.13869019,-0.10440476,-0.03774866,0.03020573,0.057540204,0.042130765,0.00538195,-0.010135932,0.012827024,0.06847982,0.116638415,0.12556656,0.08718452,0.02543316,-0.020376988,-0.022907155,0.0074779857
0.020559337,-0.041362338,-0.08353441,-0.085678846,-0.0535504,-0.021525953,-0.029518353,-0.077037945,-0.13843131,-0.1722104,-0.1634967,-0.11553669,-0.07061566,-0.059356496,-0.086740755,-0.12477404,-0.14128707,-0.111439615,-0.049538262,0.008236678,0.028920516,0.009136501,-0.027950332,-0.04655382
0.009318895,0.022632202,0.06304336,0.102081016,0.10648588,0.07052336,0.01669803,-0.020860655,-0.024683189,0.003257283,0.031832136,0.027904982,-0.013095168,-0.06816728,-0.1048485,-0.09982997,-0.060365785,-0.018848378,-0.0076974914,-0.03372244,-0.07341152,-0.091099925,-0.068183295,-0.014798193
0.115516104,0.1215935,0.085504696,0.025794288,-0.015697716,-0.015034256,0.014157304,0.039030794,0.031032482,-0.012659646,-0.07566655,-0.11676761,-0.11717208,-0.07928597,-0.04195998,-0.03184762,-0.058162298,-0.09892393,-0.120628774,-0.09940568,-0.04201321,0.01578211,0.042593047,0.030302789
0.03754154,-0.040060353,-0.09047816,-0.08424997,-0.027103217,0.03419615,0.043186076,-0.0070001497,-0.08544419,-0.13128728,-0.1190269,-0.05233889,0.013573391,0.029816246,-0.013626607,-0.079150945,-0.11893161,-0.09395728,-0.021744056,0.04866373,0.06895694,0.030566977,-0.034768008,-0.074558236
0.14845113,0.116265915,0.05926432,0.019807935,0.03721937,0.105817795,0.1655138,0.17650162,0.12875424,0.05697253,0.0018906279,0.006130633,0.05613495,0.10525265,0.10629517,0.05516075,-0.023089323,-0.075456716,-0.06911452,-0.012206676,0.046906993,0.062167473,0.023954712,-0.03644367
-0.05440155,-0.0192031,-0.016770886,-0.055530302,-0.113020115,-0.15055507,-0.1381095,-0.09244352,-0.04199794,-0.02438557,-0.04606361,-0.08836867,-0.1097923,-0.085655436,-0.0276296,0.02802297,0.052404884,0.03113602,-0.012493997,-0.038708735,-0.022515897,0.022593604,0.066279225,0.07530026
-0.1220114,-0.07757148,-0.036294565,-0.022410572,-0.046410777,-0.08868082,-0.10276571,-0.074326776,-0.010800524,0.04466897,0.071240634,0.05344255,0.017063065,-0.0010962951,0.022183841,0.070625044,0.11725802,0.12401603,0.087946594,0.031384774,-0.007743873,-0.007828728,0.023843361,0.0516553
-0.11848223,-0.16845298,-0.15217473,-0.07952359,-0.0057162526,0.012818856,-0.031208484,-0.09756706,-0.1329378,-0.102165364,-0.018334312,0.06461355,0.090623386,0.049061373,-0.017391507,-0.056341384,-0.03399015,0.03886118,0.10803927,0.11987304,0.063758574,-0.020399185,-0.07652799,-0.07032893
0.056299157,0.09147833,0.090084024,0.04837014,-0.010480382,-0.050848268,-0.05246888,-0.024340525,0.0010637292,-0.006213767,-0.049924888,-0.10831537,-0.14376742,-0.13219376,-0.0886161,-0.045696355,-0.033962976,-0.059034213,-0.09662543,-0.111376815,-0.081896394,-0.021088127,0.034556378,0.055640955
0.14109708,0.16330256,0.13433467,0.08331413,0.05809814,0.088457406,0.15128908,0.20293505,0.20956178,0.16099769,0.08845378,0.04303657,0.04828662,0.09306737,0.13068652,0.12370225,0.06510885,-0.013356363,-0.06301527,-0.05355322,-0.00037476516,0.050116908,0.057507757,0.017474279
-0.20378289,-0.18922788,-0.12935774,-0.06225686,-0.042269424,-0.086620994,-0.14401172,-0.16732289,-0.12691496,-0.04539725,0.039933406,0.07141292,0.04271414,-0.010557955,-0.032700863,-0.0037149698,0.06806447,0.13237529,0.1442121,0.092560455,0.013221123,-0.040583096,-0.038372952,0.00544547
-0.166604,-0.16309324,-0.1299818,-0.08854258,-0.07292191,-0.09409919,-0.1201008,-0.12679738,-0.096008465,-0.041712824,0.01781929,0.04730082,0.04141003,0.018190546,0.010955277,0.029502198,0.07198593,0.11107278,0.11934458,0.08926214,0.039636374,0.0011389569,-0.008174915,0.007292377
0.10735719,0.03384489,-0.009442349,0.0075718155,0.07551014,0.14650135,0.15441419,0.0966049,0.005210668,-0.051475745,-0.0484758,0.010890164,0.06962335,0.07481252,0.0138977105,-0.069638826,-0.12569048,-0.11079242,-0.041815154,0.030375868,0.05076089,0.009441059,-0.060197476,-0.09832058
0.028796127,-0.011766954,-0.0008042025,0.049883276,0.10141685,0.11090112,0.06105826,-0.01396991,-0.07270068,-0.07243048,-0.031168945,0.015533237,0.0213572,-0.026165094,-0.09894445,-0.14344732,-0.13324955,-0.07434164,-0.01085935,0.012118691,-0.018437564,-0.07144085,-0.09926446,-0.07338703
0.0023003316,0.026199544,0.07874192,0.121956795,0.12241396,0.075548865,0.0132566355,-0.02256988,-0.017767353,0.018869346,0.046405327,0.034593094,-0.016216137,-0.07706339,-0.11211909,-0.099625275,-0.05529212,-0.016020859,-0.010042736,-0.04200511,-0.08580417,-0.10276921,-0.07260198,-0.01029755
-0.088741064,-0.08736054,-0.06236052,-0.03734456,-0.03744543,-0.07124339,-0.11365902,-0.13612229,-0.12577713,-0.08949374,-0.052500226,-0.041147668,-0.058183964,-0.08604149,-0.096189596,-0.07573276,-0.03202592,0.0093489885,0.025829641,0.009693466,-0.0206638,-0.038266186,-0.026234072,0.00701973
0.0067059286,-0.05580451,-0.09277178,-0.074641615,-0.009153278,0.05939604,0.08111568,0.0488591,-0.00831465,-0.040686347,-0.020786323,0.04507095,0.10869709,0.12476988,0.085394174,0.020802584,-0.024025131,-0.013454112,0.039569568,0.091900386,0.0985833,0.050485227,-0.023128737,-0.07328048
0.02825156,0.04927865,0.09014919,0.1233741,0.1248626,0.09174293,0.0465071,0.019413745,0.020379245,0.043737195,0.06081103,0.048917554,0.0067198393,-0.04434989,-0.076168776,-0.07136138,-0.041251715,-0.013759956,-0.011491843,-0.038778163,-0.0738998,-0.08573114,-0.06052126,-0.011658372
0.033326194,-0.013312859,0.0015958793,0.06567577,0.12993483,0.14402759,0.0887122,0.0019420447,-0.065061264,-0.064736225,-0.014770524,0.042833637,0.04975877,-0.0071521704,-0.0943071,-0.14990605,-0.1410932,-0.07360633,-0.0011897348,0.023494674,-0.015602072,-0.080295086,-0.11691221,-0.08946806
-0.0467505,-0.09452003,-0.09330867,-0.053390145,-0.013781583,-0.014615571,-0.06587318,-0.13492641,-0.18187204,-0.17287065,-0.1226374,-0.06854614,-0.05212956,-0.085081,-0.13804592,-0.16381614,-0.1383514,-0.06896169,0.00075707247,0.027831163,0.0009650112,-0.046892222,-0.07270234,-0.05052522
0.051315468,0.06769529,0.025204234,-0.043762602,-0.08518513,-0.05830651,0.020668617,0.09331292,0.1186315,0.08071781,0.016969036,-0.02201864,-0.00047558005,0.06909677,0.13421604,0.14758077,0.10198489,0.027482012,-0.025560647,-0.017334724,0.040903293,0.097075604,0.10341884,0.051080275
-0.13765495,-0.121682264,-0.06859801,-0.011910634,0.0066608884,-0.02329983,-0.06514471,-0.08205938,-0.051464327,0.0116634155,0.075469054,0.09694993,0.07208575,0.024464142,-0.00045247437,0.016033588,0.067362875,0.11260539,0.11759539,0.0733407,0.007328525,-0.038295355,-0.037211675,-0.00152878
0.06274857,0.08306065,0.13375893,0.17901993,0.18532506,0.14375001,0.07852285,0.030138303,0.017735971,0.04149696,0.06269368,0.050730214,-0.0039037962,-0.07594526,-0.12801516,-0.12989366,-0.09172012,-0.04876992,-0.03582334,-0.06416174,-0.1086257,-0.12662286,-0.09476377,-0.02654615
-0.05311633,-0.08872427,-0.050185803,0.04203482,0.12801899,0.1529856,0.10864994,0.038710825,-0.0027981512,0.028131036,0.10782944,0.17894955,0.19082761,0.1291164,0.03778101,-0.01965387,-0.009100448,0.05476462,0.11381318,0.11477167,0.045552038,-0.05094179,-0.1097958,-0.094795614
-0.012754895,-0.09861904,-0.15234661,-0.13671687,-0.062402535,0.01592447,0.037201032,-0.0065886574,-0.079979725,-0.120249845,-0.0934859,-0.008540597,0.07415533,0.10000771,0.05860371,-0.013929258,-0.062013663,-0.04051452,0.033024702,0.105030715,0.120306455,0.06648815,-0.021954436,-0.08254611
0.0001716646,0.018630901,0.0810045,0.1417708,0.15198062,0.09401293,-0.0006088781,-0.06626811,-0.072430454,-0.028652841,0.015352006,0.014733234,-0.04362769,-0.1314609,-0.19011061,-0.18035716,-0.11725016,-0.050201245,-0.021437485,-0.052919693,-0.11561718,-0.14663137,-0.11070401,-0.025986528
0.014620878,-0.04313332,-0.06794013,-0.035291664,0.04019843,0.11236094,0.13270439,0.09846363,0.04231796,0.015096155,0.04113433,0.109865785,0.16845195,0.17205176,0.12063274,0.04833259,0.0013043173,0.01186598,0.062026795,0.105393484,0.099670306,0.0412766,-0.03674389,-0.08445421
-0.057930022,-0.015181162,0.08140698,0.17800587,0.21228927,0.16964872,0.09932803,0.06273817,0.0899065,0.16646223,0.23822345,0.24355501,0.1766326,0.07831717,0.013302657,0.016024679,0.073074214,0.124234244,0.11863866,0.044759635,-0.054748446,-0.11679578,-0.103014804,-0.032110106
0.116542555,0.09387393,0.059037715,0.038225174,0.05398635,0.1007114,0.13631853,0.13757701,0.09946178,0.049600046,0.013321274,0.015861044,0.04734584,0.07350609,0.06659139,0.027082205,-0.026864152,-0.059615236,-0.05275216,-0.014638575,0.023014657,0.03078862,0.004178755,-0.03385842
-0.026637847,0.0111213885,0.092895806,0.17853503,0.22140633,0.20588839,0.16253746,0.13914038,0.16120248,0.21879661,0.27271238,0.28137863,0.23309769,0.15334319,0.09303586,0.08015876,0.107290074,0.13209069,0.12121778,0.061033264,-0.02251548,-0.082542785,-0.08520479,-0.040924896
0.0009697911,-0.038144473,-0.0506342,-0.017906131,0.046945337,0.10586403,0.12307376,0.10072225,0.06331047,0.049167193,0.075330146,0.12834468,0.17125589,0.17105888,0.1295832,0.072887674,0.03561787,0.040020246,0.07278395,0.09850034,0.08681747,0.03486737,-0.029233199,-0.06839784
-0.03325721,-0.025194425,-0.057082854,-0.11155512,-0.15408419,-0.15696648,-0.11601013,-0.066303834,-0.03752207,-0.05109062,-0.08605584,-0.10989969,-0.095295936,-0.040730003,0.02217631,0.054359633,0.04394696,0.0073004127,-0.022366429,-0.015549424,0.026805967,0.072953545,0.08690194,0.05772208
0.07505333,0.0793788,0.050907172,0.005051345,-0.027367977,-0.024188565,0.0046228883,0.028953228,0.027582403,-0.006275589,-0.05559796,-0.08482573,-0.07988656,-0.045111854,-0.011867988,-0.0041351905,-0.028042855,-0.063310176,-0.08230698,-0.06448758,-0.019119235,0.025624344,0.04130114,0.025207723
-0.16964415,-0.09096944,-0.012900997,0.012830264,-0.03388887,-0.11718854,-0.15408534,-0.114667,-0.015674092,0.07682987,0.115767665,0.073532894,-0.00051080715,-0.041830458,-0.009309149,0.07320397,0.1556074,0.17114088,0.11119006,0.015028076,-0.04859586,-0.042968556,0.021229861,0.0830783
-0.012789136,0.015969824,0.08630538,0.14708231,0.1502587,0.08676366,0.0012469852,-0.048847675,-0.042399548,0.010114199,0.055659633,0.046962623,-0.019043813,-0.105142206,-0.15622166,-0.13954301,-0.07383983,-0.011599796,0.0021819626,-0.043880906,-0.110575184,-0.13864262,-0.09885813,-0.013498842
0.08010937,0.07845671,0.035607893,-0.027105227,-0.06790749,-0.06171524,-0.02433613,0.0068413033,0.0012982705,-0.040887382,-0.098806694,-0.13182569,-0.11940872,-0.070120975,-0.025884222,-0.014715825,-0.042512793,-0.08284235,-0.10155086,-0.07505381,-0.014665923,0.040424496,0.05783834,0.03494813
-0.11307687,-0.16556247,-0.15624121,-0.09330905,-0.024988603,-0.004115995,-0.044003695,-0.10724976,-0.1451085,-0.11983302,-0.04383665,0.03556519,0.06745216,0.034876,-0.026666319,-0.06464558,-0.046142235,0.02168924,0.09199711,0.11253482,0.06584728,-0.013307732,-0.06898998,-0.065709196
0.11874992,0.14052695,0.110828936,0.05681431,0.02570056,0.049726374,0.11056115,0.16529207,0.17692494,0.13208713,0.06133767,0.01572196,0.02158882,0.06966878,0.11468658,0.11552034,0.062315248,-0.0135293035,-0.06289336,-0.05376177,0.0009962214,0.055409975,0.06570818,0.026366219
-0.047258783,-0.12959902,-0.18126668,-0.16745101,-0.09811913,-0.022172406,0.002648738,-0.033960596,-0.09595576,-0.12708375,-0.09536993,-0.009177239,0.074840814,0.10435868,0.06960384,0.0051512253,-0.035483442,-0.01339102,0.05543809,0.12192836,0.13283382,0.07726787,-0.009655093,-0.06997742
-0.052851394,-0.09148894,-0.09455845,-0.06799977,-0.04080259,-0.04139828,-0.07797448,-0.12745816,-0.16039813,-0.1529151,-0.1135474,-0.07040326,-0.053149763,-0.07263926,-0.10787257,-0.12412839,-0.10298802,-0.049374644,0.0048318347,0.027787996,0.009129365,-0.026038336,-0.0466435,-0.032634333
0.078581564,0.01191179,-0.08082425,-0.14717892,-0.14540718,-0.08778487,-0.039514292,-0.04211921,-0.103052825,-0.18320587,-0.23378308,-0.21039489,-0.1349366,-0.05902166,-0.034964915,-0.06871678,-0.13035285,-0.15718605,-0.117586575,-0.02705003,0.0579434,0.08766229,0.04987375,-0.015791738
-0.05572395,0.0071975742,0.027124055,-0.005648291,-0.06443924,-0.09757847,-0.06702685,0.0062205535,0.08442836,0.114023834,0.09043534,0.032932684,-0.00080969563,0.019539572,0.084013656,0.1444803,0.16371514,0.11928514,0.04292853,-0.012254785,-0.010323305,0.034155916,0.08171258,0.085409716
0.11132805,0.076142564,0.022528816,-0.010299902,0.009085001,0.07034229,0.11925632,0.122691005,0.07820168,0.016948638,-0.024005355,-0.011012366,0.037799824,0.08074284,0.07988324,0.034602992,-0.029547626,-0.06719968,-0.05362915,-0.00065443636,0.048692677,0.05704671,0.019849671,-0.034049205
0.042089596,0.012721147,0.019467628,0.054827683,0.08990181,0.094594136,0.055416994,-0.002246021,-0.04897608,-0.054191444,-0.02950484,0.0009749313,0.001752235,-0.034602825,-0.088873655,-0.12248018,-0.11696355,-0.07465378,-0.02757755,-0.008211822,-0.026938865,-0.06026865,-0.076939076,-0.054975737
0.027318235,-0.023924628,-0.012705383,0.043820314,0.099901296,0.10656269,0.043900378,-0.04736148,-0.118530594,-0.11735032,-0.0688426,-0.0136284,-0.006267083,-0.06107016,-0.14424735,-0.19269627,-0.17610292,-0.10249435,-0.024363726,0.00563571,-0.026639892,-0.08612342,-0.11592425,-0.08233486
-0.04022857,-0.1221605,-0.1733537,-0.16009784,-0.09271137,-0.022499118,-0.0031983077,-0.04222116,-0.10647048,-0.13934316,-0.10935663,-0.026767826,0.054521702,0.08192252,0.047427904,-0.015244917,-0.054630186,-0.0299717,0.0414426,0.10893688,0.1213533,0.069342405,-0.013900046,-0.07135093
0.01965454,-0.03138032,-0.01702793,0.0479117,0.1127917,0.122963,0.061850652,-0.028964322,-0.098587915,-0.09588006,-0.04153638,0.019213174,0.02780156,-0.029413523,-0.11655079,-0.17008115,-0.15713301,-0.08301524,-0.004207711,0.023277154,-0.015655858,-0.08199499,-0.11918317,-0.09000896
-0.20420124,-0.181466,-0.10085902,-0.013979042,0.014864159,-0.03662235,-0.10981818,-0.14219971,-0.10005803,-0.005291623,0.09138128,0.12388661,0.08265535,0.0076071727,-0.03224078,-0.006296706,0.073499255,0.14665928,0.1607761,0.09819969,-0.0007523629,-0.06901006,-0.06465037,-0.0047680116
-0.030173084,0.07878973,0.18069832,0.21691623,0.16988824,0.08342967,0.039847016,0.0759354,0.16990122,0.24959648,0.2603005,0.18386923,0.07480246,0.005652095,0.017924413,0.08693206,0.15206149,0.14340113,0.059905466,-0.05183646,-0.11845216,-0.10164842,-0.018175606,0.062603846
-0.0746537,-0.0075703664,0.014186088,-0.022844246,-0.09370353,-0.14020638,-0.11334013,-0.034419008,0.05183113,0.08657297,0.06319528,-0.0015878372,-0.040975325,-0.01792579,0.057231057,0.1302659,0.15817647,0.11671316,0.036265444,-0.023257755,-0.0192558,0.034433424,0.09074563,0.09950147
-0.0076008053,0.031857878,0.07247231,0.08374646,0.054303464,-0.0005283153,-0.044215173,-0.047747422,-0.018233739,0.014109431,0.01773343,-0.01661182,-0.06940982,-0.105803676,-0.10237616,-0.06429081,-0.022046095,-0.008786713,-0.027857441,-0.06480032,-0.087477244,-0.07213656,-0.022784233,0.029879576
-0.055338733,-0.038077075,0.017845614,0.08254197,0.111485794,0.09055396,0.049552474,0.025162613,0.037506778,0.08464968,0.13742732,0.15004309,0.11775474,0.061450504,0.019530833,0.015855167,0.048252977,0.08497328,0.08834078,0.0477939,-0.014309669,-0.05953858,-0.06303064,-0.027212095
-0.112675324,-0.16065495,-0.15765084,-0.10386926,-0.03990913,-0.011445841,-0.03072318,-0.07589567,-0.105123565,-0.08445071,-0.016379887,0.05669333,0.09301478,0.074754216,0.02795112,-0.0082370825,2.807943e-05,0.052029673,0.10675627,0.12247393,0.08421268,0.013730423,-0.04521416,-0.058307827
-0.050653137,-0.09197158,-0.089150496,-0.051759038,-0.015716514,-0.019510139,-0.0699606,-0.13378458,-0.17274824,-0.16144793,-0.11462816,-0.06520049,-0.053285718,-0.08478851,-0.12993138,-0.14929293,-0.123351954,-0.060630713,0.0012005847,0.023281312,-0.0017844957,-0.0441549,-0.06525373,-0.044138063
0.014593819,0.08920084,0.15303943,0.16086082,0.100301884,0.006155367,-0.05208798,-0.043675497,0.011190368,0.057280168,0.050498854,-0.020585554,-0.11515204,-0.16772084,-0.15083498,-0.08416753,-0.01973334,-0.0082466295,-0.055216707,-0.123600386,-0.15382758,-0.11322126,-0.0236692,0.05998829
-0.04594992,0.02584735,0.050414458,0.014878365,-0.050434984,-0.088459104,-0.05463294,0.028037736,0.11310536,0.14278816,0.110948496,0.042971406,0.0028221752,0.025261046,0.09686256,0.16192943,0.1771905,0.12275086,0.03609174,-0.023455065,-0.017502377,0.035118315,0.0878194,0.091630526
0.091548406,0.10651592,0.056527134,-0.028739559,-0.086678766,-0.075507425,-0.013520331,0.047842037,0.06261503,0.012062414,-0.07081455,-0.12262088,-0.1073551,-0.03826834,0.031120853,0.052828625,0.011208723,-0.060809195,-0.10390807,-0.08074979,-0.005748025,0.07001561,0.095722124,0.05768889
0.13388036,0.1692791,0.16711901,0.13866909,0.11875452,0.13554032,0.18046631,0.22383513,0.23711643,0.20877263,0.15317585,0.106282175,0.09200656,0.10820001,0.12665358,0.121114306,0.080044016,0.016881324,-0.034408476,-0.046894815,-0.021639006,0.013366958,0.029164638,0.012214626
0.037517335,-0.051729366,-0.11442048,-0.11888251,-0.069321476,-0.012516526,-0.0091383625,-0.06908172,-0.15693387,-0.21082444,-0.2044841,-0.13448738,-0.06266791,-0.038155135,-0.07614758,-0.13850617,-0.17541857,-0.1437879,-0.0599889,0.026379092,0.060344312,0.03038125,-0.032375056,-0.07047476
0.011550007,0.035248645,0.0022160478,-0.06076947,-0.100695334,-0.0785106,-0.0035311575,0.07592435,0.11541348,0.090585954,0.033731874,-0.0048807813,0.01515881,0.083013974,0.15411092,0.17633104,0.13539615,0.05785699,-1.8246043e-05,0.0005536048,0.05172358,0.103686914,0.10989871,0.05674309
0.14832082,0.12720501,0.085843995,0.057371844,0.07308417,0.124301314,0.16600674,0.1704268,0.1288844,0.06820856,0.020646838,0.01943328,0.050738487,0.08038452,0.075030364,0.0315029,-0.032168865,-0.07371157,-0.068831876,-0.027125873,0.017271599,0.03157211,0.0068242988,-0.035491265
0.034977987,-0.038930804,-0.07470988,-0.03645395,0.06343857,0.15920013,0.18481416,0.13999173,0.06431698,0.023765918,0.050894424,0.1371169,0.21288888,0.22048472,0.15492858,0.05963756,-0.0075387377,-0.00037252344,0.0654018,0.12718299,0.12540996,0.05212108,-0.04858552,-0.11224583
-0.11439437,-0.10898861,-0.061883733,-0.014497842,-0.01509226,-0.07323774,-0.1476927,-0.19169332,-0.18042192,-0.12220521,-0.06099892,-0.047759686,-0.08493829,-0.14161836,-0.1693928,-0.14084318,-0.066194616,0.007100356,0.03290872,0.0012425778,-0.054272935,-0.08404118,-0.05974025,0.004824939
-0.035467867,-0.098643,-0.14126796,-0.13417326,-0.083878525,-0.028309636,-0.008936188,-0.03490372,-0.082305714,-0.10811822,-0.084443584,-0.020615503,0.043477334,0.067632616,0.04399427,-0.0030442826,-0.03302839,-0.014558943,0.038541,0.08886913,0.09854927,0.059883226,-0.0041025705,-0.050861895
0.0728147,0.113962814,0.11479874,0.06811381,0.0025025366,-0.042448994,-0.046864115,-0.017791605,0.0090174815,0.0019334824,-0.047500353,-0.11417518,-0.15614237,-0.14856035,-0.10446893,-0.05709486,-0.041688822,-0.068807475,-0.11036233,-0.12909195,-0.09890145,-0.032785445,0.033143383,0.061374497
-0.0265847,0.056134053,0.14272238,0.184305,0.15857059,0.09301086,0.0519539,0.071789764,0.14085399,0.20790632,0.22675133,0.17432134,0.08758533,0.023184951,0.020564532,0.06769397,0.1202819,0.12108183,0.061536517,-0.028417038,-0.09066337,-0.08911925,-0.029791158,0.036715675
0.08692896,0.09534852,0.04903157,-0.024588633,-0.07380683,-0.066665314,-0.018083986,0.0284575,0.035561733,-0.011519879,-0.083397,-0.125624,-0.114445105,-0.055916075,0.0035642239,0.021583404,-0.014019465,-0.072304256,-0.10504041,-0.0815795,-0.013242938,0.055171914,0.078207,0.04701963
