0.018997636,0.06974221,0.11408376,0.11744558,0.07423312,0.0104918685,-0.033605095,-0.033421807,0.0005011157,0.032019414,0.026416441,-0.021982346,-0.08707838,-0.12831448,-0.12131361,-0.075615816,-0.029485717,-0.018211242,-0.047752816,-0.092980854,-0.1142947,-0.086877115,-0.02215413,0.0403286
0.060914572,0.030046785,0.03987387,0.08115311,0.11981567,0.12103372,0.075637616,0.007175228,-0.044308096,-0.05223292,-0.024023578,0.0058619212,0.002967425,-0.042292632,-0.10509351,-0.14594574,-0.1379203,-0.08988316,-0.038417045,-0.018487131,-0.03952662,-0.07788901,-0.094273284,-0.064663954
-0.008832496,-0.001975227,-0.03120208,-0.07825804,-0.11064912,-0.10595403,-0.06775232,-0.023778765,-0.004486363,-0.020949718,-0.0557337,-0.0768914,-0.06208071,-0.015525854,0.03452889,0.0570052,0.04070362,0.0034181867,-0.022307923,-0.014005159,0.023835149,0.0630997,0.073092416,0.04394295
-0.0074549606,0.006063202,-0.029743697,-0.08655742,-0.11814799,-0.0947004,-0.026196212,0.044719264,0.07635993,0.055997834,0.010648906,-0.014612639,0.009252082,0.07316853,0.13594529,0.15592112,0.12131862,0.058929265,0.013533501,0.015818572,0.05849348,0.10136357,0.10293648,0.05141224
-0.15065207,-0.08184372,-0.005763164,0.023270281,-0.012258715,-0.07938603,-0.120371416,-0.09422052,-0.010162442,0.07904638,0.11731789,0.08686499,0.019325927,-0.026242584,-0.009226874,0.06311158,0.13796376,0.1588533,0.10909777,0.020839976,-0.0460784,-0.048334226,0.006811796,0.06594127
0.043638907,0.11252069,0.13788229,0.10824833,0.052086547,0.01683456,0.03344039,0.09262491,0.15078703,0.16449594,0.12148982,0.050834797,0.00070085895,0.0032872427,0.049880777,0.098341346,0.10381422,0.05511064,-0.018565942,-0.06881552,-0.06292648,-0.009281702,0.048054475,0.064680435
0.07314132,0.15543088,0.19400759,0.17308111,0.12006218,0.08515436,0.10252951,0.16455306,0.22646166,0.24208337,0.19558592,0.11574976,0.054115362,0.046539653,0.08594811,0.12977569,0.13010074,0.07294033,-0.012066576,-0.07303167,-0.074149825,-0.02297843,0.036566332,0.05743791
-0.025629854,-0.11313971,-0.16347818,-0.13818398,-0.054619204,0.027617907,0.052042317,0.0075952653,-0.064323306,-0.10167714,-0.0664456,0.023925507,0.10975715,0.13437103,0.08665635,0.0071846615,-0.040240377,-0.01753277,0.058502685,0.12778307,0.135092,0.06996927,-0.026169147,-0.08955149
0.054599255,0.027227042,0.03546812,0.07097255,0.103690095,0.10386724,0.06402118,0.0041327206,-0.04119743,-0.048622884,-0.02457923,0.0008258284,-0.0019891672,-0.04102866,-0.09518075,-0.13056636,-0.12346756,-0.081360474,-0.036474332,-0.018607719,-0.03579877,-0.06825692,-0.08232347,-0.056138355
0.07541135,0.07769843,0.03125005,-0.03961303,-0.09234765,-0.100218266,-0.06875998,-0.034559824,-0.033939805,-0.07687125,-0.13874611,-0.17895119,-0.17038365,-0.12064593,-0.065079786,-0.04222022,-0.062331613,-0.1017749,-0.121616766,-0.09536784,-0.030668868,0.035958007,0.06614507,0.04828512
-0.0071176435,0.06764328,0.14211076,0.17520438,0.15505135,0.11149826,0.089222945,0.11491136,0.17562611,0.23097052,0.23988143,0.19321312,0.120717585,0.0697151,0.06748756,0.10348163,0.13653998,0.12720084,0.06657047,-0.01410603,-0.06692177,-0.06464438,-0.019582925,0.028450076
0.05744989,0.11668325,0.1348038,0.1054031,0.056869265,0.031224914,0.051699538,0.10533669,0.15226974,0.15684961,0.11246299,0.048479877,0.007509786,0.013892754,0.055206634,0.09259121,0.089380726,0.040056348,-0.025718309,-0.06494414,-0.053631365,-0.0041418006,0.04350674,0.053137895
-0.022479217,0.07403009,0.16958638,0.21075591,0.18187238,0.12013898,0.08532618,0.115874365,0.19518094,0.268854,0.2823998,0.22301969,0.1286262,0.062162805,0.061402556,0.11367741,0.16221566,0.15485425,0.080326326,-0.022939933,-0.09123869,-0.08631396,-0.023882387,0.041357238
-0.062089402,-0.11479212,-0.110973634,-0.06401041,-0.01886229,-0.01954907,-0.07503293,-0.1519724,-0.19863859,-0.18533167,-0.12471232,-0.063238405,-0.046062864,-0.08333349,-0.14164542,-0.1704605,-0.13894466,-0.062060397,0.012263164,0.038356088,0.0061886255,-0.0505354,-0.08029008,-0.05465643
0.16258198,0.19531068,0.15187487,0.07226982,0.023638163,0.04719841,0.12793829,0.20548734,0.22045648,0.15862852,0.06031574,-0.007261006,-0.0008912342,0.06459335,0.13037446,0.13684349,0.069120966,-0.03147579,-0.09691442,-0.08397856,-0.007895246,0.07061871,0.0928306,0.042832226
0.021678096,-0.023022195,-0.0891047,-0.12932885,-0.113323346,-0.052097782,0.010638399,0.031641353,0.0019023448,-0.050154466,-0.07783091,-0.05231125,0.01505721,0.08042164,0.10172076,0.06881396,0.011828695,-0.023403391,-0.008256658,0.04644499,0.097873345,0.10469854,0.058131486,-0.0131244315
-0.07648569,-0.14064543,-0.13897814,-0.0840415,-0.027818859,-0.023002338,-0.082398474,-0.16956018,-0.22471137,-0.21083018,-0.1396331,-0.0645149,-0.039395887,-0.07840359,-0.14564838,-0.18234193,-0.15045877,-0.06354465,0.023349423,0.05575588,0.019631775,-0.048523378,-0.08958559,-0.066369765
0.029139621,0.051693484,0.107493535,0.15696332,0.16292463,0.11722961,0.04833724,0.00039007908,-0.0011323282,0.033555556,0.06541837,0.057053387,0.00071623817,-0.07437909,-0.12306398,-0.11865621,-0.07238637,-0.024414983,-0.013938946,-0.049591344,-0.10133842,-0.12366711,-0.09214243,-0.02103749
0.042270966,0.081827134,0.08339661,0.039760347,-0.023837239,-0.06841846,-0.069189966,-0.036233015,-0.0046842606,-0.0072800163,-0.050799314,-0.11026032,-0.14613159,-0.13491935,-0.087187745,-0.038699713,-0.023805765,-0.049008813,-0.09009624,-0.1077544,-0.07966274,-0.018038455,0.040588498,0.063305475
-0.12857437,-0.1275732,-0.07685604,-0.022019047,-0.012305399,-0.062476836,-0.13968797,-0.18976566,-0.17851485,-0.11533441,-0.045971893,-0.020102873,-0.05341168,-0.114199094,-0.149913,-0.12618001,-0.05275607,0.024465378,0.05543491,0.023349797,-0.040203337,-0.081308745,-0.066198185,-0.003414339
-0.020168195,-0.08604061,-0.12488264,-0.10649011,-0.042849697,0.022369247,0.044744115,0.013560847,-0.041065387,-0.07149368,-0.047404453,0.02012013,0.087278984,0.10968666,0.07541162,0.014113981,-0.025545012,-0.012680844,0.04291395,0.097837836,0.107379615,0.059026595,-0.016298559,-0.06810382
0.121486604,0.14978535,0.13729818,0.1046621,0.08616601,0.105176926,0.15388831,0.1995971,0.20942904,0.17552504,0.11887497,0.075795546,0.07027515,0.0964208,0.122669816,0.11692976,0.07055283,0.0059075933,-0.040495463,-0.043610424,-0.009581776,0.029112468,0.038852066,0.011821779
0.078016914,0.022069203,-0.059418254,-0.114859015,-0.11142194,-0.06271779,-0.015476388,-0.014444855,-0.06731965,-0.1413654,-0.18512115,-0.1678312,-0.102576785,-0.03756207,-0.017182657,-0.051092435,-0.10625756,-0.13274658,-0.100521155,-0.023325505,0.050498143,0.07580217,0.043537177,-0.015068229
0.0017964347,0.02242278,0.088705964,0.1532197,0.16677412,0.11515429,0.031871386,-0.027437108,-0.028744789,0.018397093,0.06692083,0.06768053,0.007225033,-0.08064849,-0.13974616,-0.13487099,-0.07669274,-0.012976748,0.005538423,-0.03588255,-0.10216727,-0.13713291,-0.107933536,-0.027587887
0.025472477,-0.0502995,-0.10426003,-0.10764445,-0.06883878,-0.029369209,-0.030334733,-0.08197117,-0.15382543,-0.19962932,-0.18981035,-0.13442285,-0.07542091,-0.055657342,-0.08510042,-0.13553318,-0.15962596,-0.1295822,-0.056852363,0.01573951,0.04492263,0.020594694,-0.02814105,-0.055825915
-0.02968183,-0.06817471,-0.070433326,-0.04014597,-0.0058845216,-0.00071935187,-0.034755282,-0.087118976,-0.12291057,-0.11958675,-0.08143377,-0.03800815,-0.022997845,-0.046788763,-0.08791919,-0.11218337,-0.09662864,-0.047392204,0.005085346,0.026072448,0.0063755917,-0.031519413,-0.054114286,-0.041523132
0.073528215,0.16072297,0.18587399,0.1395059,0.06473048,0.025836162,0.058480233,0.1417101,0.21481717,0.22381213,0.15907772,0.06456821,0.0052316994,0.018129922,0.08378936,0.14283454,0.14012542,0.06742746,-0.031808104,-0.09156319,-0.07427491,0.00040387653,0.07129778,0.08413288
-0.041464455,-0.11097426,-0.15442964,-0.14144991,-0.0824369,-0.02202567,-0.004862192,-0.039066434,-0.09387181,-0.12318928,-0.097446,-0.027070666,0.043769453,0.06988318,0.040441126,-0.0139591275,-0.046785027,-0.028328575,0.033765785,0.09436486,0.10693363,0.061138283,-0.010670065,-0.06090383
-0.00914729,-0.053581297,-0.11000725,-0.14321467,-0.13342528,-0.09166313,-0.05094637,-0.042287704,-0.068889394,-0.106969215,-0.12155208,-0.09455718,-0.03771131,0.015096932,0.033464637,0.012730665,-0.021937896,-0.03654902,-0.0138656,0.034957267,0.076832145,0.08159801,0.04562417,-0.006196463
-0.057430096,-0.039231535,0.012397918,0.06448598,0.08596064,0.06857305,0.03164896,0.00986297,0.026332732,0.07382094,0.11981236,0.13240333,0.10310523,0.052226335,0.015335583,0.017080387,0.05137022,0.0848364,0.08591569,0.04641741,-0.012689615,-0.05480189,-0.053142894,-0.0167212
-0.14633986,-0.10220762,-0.05289044,-0.035801854,-0.0617724,-0.106613345,-0.12965447,-0.10432218,-0.038378045,0.03061928,0.064072885,0.04986158,0.010992036,-0.011518756,0.00865388,0.06511967,0.12090058,0.13720873,0.10234517,0.039911114,-0.007917901,-0.01243054,0.020707438,0.05488881
0.032731023,0.050459463,0.00021438512,-0.07413087,-0.109198764,-0.069235556,0.026241828,0.11744754,0.14840531,0.107559994,0.03713146,0.0007203717,0.034574617,0.120080724,0.19756147,0.21131667,0.14985096,0.056713387,-0.0026152893,0.009103343,0.073780306,0.13198608,0.12840597,0.053199872
-0.14977995,-0.13027228,-0.060786035,0.007384666,0.024470028,-0.019831048,-0.08889422,-0.1246245,-0.09516039,-0.016867923,0.058198143,0.08099325,0.04036996,-0.02648295,-0.06429797,-0.039250735,0.031616535,0.096830055,0.109494425,0.0577298,-0.022552097,-0.07388278,-0.062259056,-0.0030105999
-0.019967647,-0.06321073,-0.13256937,-0.1823976,-0.17943504,-0.12903048,-0.0680245,-0.039053794,-0.0570178,-0.10084344,-0.12621218,-0.10224518,-0.034750015,0.03847019,0.07560553,0.060421474,0.0152256945,-0.016330546,-0.0035777928,0.04750664,0.10099188,0.11631421,0.07800528,0.0077990033
-0.0483542,-0.11267011,-0.15197346,-0.14168331,-0.09290497,-0.043234013,-0.028785935,-0.057698127,-0.10260961,-0.123546824,-0.09606703,-0.032126304,0.029573161,0.05242523,0.028739331,-0.015365572,-0.03804152,-0.015654111,0.039107155,0.087998144,0.0956636,0.05513003,-0.0067042,-0.04810321
0.14202385,0.16829032,0.1420875,0.09326549,0.066528976,0.08901971,0.14887321,0.20311962,0.20997748,0.16218181,0.08993734,0.040000454,0.041201524,0.08242104,0.121480495,0.11661868,0.05951769,-0.017611422,-0.06728913,-0.06032819,-0.008138674,0.044770725,0.055876695,0.018170893
0.08817959,0.09388078,0.03865937,-0.042480312,-0.094260246,-0.08503989,-0.027937697,0.02657939,0.032144487,-0.020257557,-0.09535533,-0.13946761,-0.12047939,-0.05295048,0.013585423,0.031210726,-0.009232419,-0.072503895,-0.10585024,-0.077496424,-0.0025596365,0.0691316,0.089940034,0.05058467
-0.017297095,-0.005726874,0.05018546,0.10615923,0.11603762,0.06628648,-0.013146941,-0.07145315,-0.07551857,-0.032401618,0.014700996,0.02026958,-0.029485753,-0.104940124,-0.15570071,-0.14839153,-0.09085872,-0.026694885,-0.002311374,-0.03257664,-0.08890806,-0.12070573,-0.09563776,-0.022327935
0.056234807,0.03229159,0.04929055,0.10033294,0.15156172,0.16716339,0.13549078,0.078313865,0.034179725,0.030452475,0.06158596,0.09446601,0.093943514,0.048898023,-0.017378934,-0.06629371,-0.06993997,-0.034391798,0.006327393,0.016819926,-0.01315668,-0.061705824,-0.09003297,-0.07296902
-0.12941836,-0.087863095,-0.04658115,-0.045734383,-0.09489372,-0.16571556,-0.21070737,-0.19918838,-0.14171045,-0.081209,-0.059231445,-0.08641502,-0.13504016,-0.15880442,-0.1291881,-0.056399625,0.015310216,0.04394824,0.019843744,-0.030088902,-0.060228143,-0.04124702,0.016734866,0.07056403
-0.009605747,0.0073742205,0.063565776,0.114631936,0.11878165,0.06871622,-0.004429856,-0.054480307,-0.05304649,-0.010321983,0.03093849,0.029185746,-0.023615884,-0.096277066,-0.14162116,-0.13128184,-0.07539399,-0.017976126,-0.0028418193,-0.037641704,-0.091280095,-0.11739487,-0.0880818,-0.015283209
-0.030543147,-0.012139925,0.04855842,0.10525405,0.114549205,0.06617294,-0.009638935,-0.06172866,-0.058744397,-0.011212675,0.035623282,0.03893031,-0.01135311,-0.085162595,-0.13300975,-0.12263513,-0.065376274,-0.0069854083,0.010827118,-0.023108136,-0.08142745,-0.11467123,-0.089397505,-0.018159265
0.08079077,0.03576549,-0.031684943,-0.07963482,-0.0804201,-0.044034366,-0.0080148345,-0.009428436,-0.055188246,-0.11906329,-0.15905513,-0.14931852,-0.099506505,-0.048424646,-0.03215113,-0.059592906,-0.104126185,-0.12547122,-0.09904065,-0.034965876,0.028100483,0.053244844,0.031876493,-0.011813057
-0.18195197,-0.12258153,-0.060165282,-0.045111626,-0.089623146,-0.15739205,-0.19229428,-0.16049646,-0.0757866,0.010030858,0.045791853,0.019056283,-0.035705134,-0.06254804,-0.02950131,0.050675817,0.12625517,0.14666913,0.10107184,0.024568336,-0.028096568,-0.022911536,0.029087301,0.07878654
-0.085802265,-0.047464874,0.051911585,0.14900377,0.18170187,0.13745949,0.057945043,0.011905265,0.039729618,0.12455033,0.20327696,0.21620955,0.1498169,0.048390396,-0.019629093,-0.011389025,0.056306858,0.120304465,0.12194895,0.04853683,-0.05598352,-0.12222189,-0.10743402,-0.029500004
-0.021744067,-0.075873405,-0.1534346,-0.20487252,-0.19903414,-0.14658423,-0.08888887,-0.068429954,-0.09662409,-0.14697671,-0.17159183,-0.14100528,-0.066123255,0.010387086,0.04573397,0.026764063,-0.019260785,-0.044940535,-0.020672975,0.04227191,0.102467135,0.11779712,0.07527306,0.0027051338
0.18838273,0.1559373,0.09074496,0.052216195,0.07926713,0.15867437,0.23439384,0.25144306,0.19572644,0.10521976,0.040274158,0.041739285,0.09819433,0.15460873,0.15585692,0.08791659,-0.0117816655,-0.081019334,-0.07699634,-0.011771795,0.05732449,0.074399084,0.025523309,-0.051277094
0.0059681637,-0.035238557,-0.05449587,-0.027309626,0.03638089,0.100414194,0.12812702,0.11119658,0.073386274,0.052685164,0.07307976,0.12518264,0.17361826,0.1830194,0.14540023,0.08551348,0.042501662,0.041034468,0.072569825,0.10208143,0.09606492,0.0469857,-0.020348765,-0.066822164
-0.04465079,-0.11919818,-0.16455264,-0.14993761,-0.089020215,-0.02826553,-0.011763447,-0.047856126,-0.104151785,-0.13244425,-0.10268796,-0.028235141,0.043655965,0.06861816,0.03760495,-0.018210474,-0.049365677,-0.025988266,0.039256617,0.098922394,0.109142385,0.061498735,-0.0123809045,-0.062437695
-0.06460178,-0.008728927,0.0024999436,-0.037347678,-0.09552279,-0.12337462,-0.092389636,-0.016752504,0.056734,0.08359065,0.055426914,0.0042932336,-0.021348177,0.00753038,0.07658431,0.14011851,0.15316279,0.108141325,0.037780426,-0.008781248,-0.0010967042,0.047875922,0.0916527,0.087005734
0.009154204,0.053578164,0.08878804,0.0815092,0.028555106,-0.04227935,-0.08979949,-0.091148816,-0.058711726,-0.02953359,-0.037135754,-0.08606046,-0.1482519,-0.18332352,-0.16784975,-0.1143592,-0.06137064,-0.0439822,-0.068419494,-0.107566394,-0.1207014,-0.0847979,-0.013875284,0.051003028
-0.09828416,-0.101817235,-0.07918491,-0.05716887,-0.062305205,-0.10171602,-0.15443893,-0.18672143,-0.17966905,-0.14228822,-0.10244691,-0.087465,-0.10530491,-0.13601652,-0.14766933,-0.121678285,-0.06787038,-0.015165333,0.0097733345,-0.0024840473,-0.032781143,-0.047980133,-0.02965376,0.01184977
0.04701196,0.08666586,0.08882213,0.045803804,-0.018171182,-0.06509564,-0.068754636,-0.03777522,-0.006664168,-0.008566622,-0.051048316,-0.11084947,-0.14930528,-0.14151922,-0.095570885,-0.04665198,-0.029482117,-0.051768728,-0.09189466,-0.11167892,-0.0858649,-0.024048384,0.037132017,0.06314088
-0.0023702756,0.021444006,0.09971615,0.17493281,0.190063,0.1309176,0.035199266,-0.03386057,-0.035491128,0.01963665,0.075660534,0.07627506,0.0072972775,-0.09309705,-0.1615893,-0.15633643,-0.08869202,-0.015625112,0.005235461,-0.040578783,-0.1158087,-0.1577228,-0.12528229,-0.03189444
-0.01339969,-0.014010181,-0.05034701,-0.100164436,-0.12943041,-0.1184605,-0.07569548,-0.03225167,-0.017117906,-0.037372302,-0.07152499,-0.086506516,-0.06329443,-0.010924973,0.039541446,0.0581822,0.038286213,0.0012590415,-0.019504484,-0.0047658877,0.036267143,0.07329952,0.07711544,0.04155796
-0.0091772275,-0.042556517,-0.08723574,-0.113942966,-0.10466519,-0.0681505,-0.0317569,-0.021150697,-0.040187098,-0.07036524,-0.0828115,-0.061051466,-0.013972963,0.03021909,0.046097506,0.028839743,-0.0019861192,-0.018039891,-0.0024289833,0.035693627,0.0684371,0.0709764,0.040184904,-0.005174415
-0.09253424,-0.043702003,0.008285953,0.021899732,-0.014959053,-0.07677389,-0.118398294,-0.108142406,-0.053430002,0.005773501,0.02716787,-0.0020043151,-0.056361984,-0.09102607,-0.076044895,-0.017534228,0.043481614,0.06474254,0.03460363,-0.022170521,-0.06161791,-0.052578233,-0.00091993954,0.052999966
-0.06199378,-0.11518612,-0.11723257,-0.07670086,-0.03416974,-0.030093623,-0.07572708,-0.14432253,-0.18950562,-0.18136348,-0.12760355,-0.068736136,-0.046898108,-0.07426717,-0.12442871,-0.15272215,-0.12821749,-0.060311217,0.009232585,0.038695466,0.015420588,-0.03501394,-0.067193136,-0.0506612
0.09428694,0.106628016,0.060112834,-0.013737531,-0.063662276,-0.05931813,-0.009556936,0.0416161,0.04874971,0.00028464218,-0.072680935,-0.11980914,-0.1091595,-0.051087394,0.010305132,0.028621383,-0.008991249,-0.07057047,-0.10548488,-0.0832665,-0.014786832,0.055279825,0.07998722,0.047018588
0.0521764,0.07241555,0.019465385,-0.06264229,-0.10497215,-0.06720269,0.03131202,0.12592345,0.15744768,0.112662286,0.034849785,-0.008688717,0.022892363,0.11072639,0.19189227,0.20731263,0.14473672,0.04766649,-0.016231973,-0.0046679936,0.064810656,0.1293546,0.13144748,0.058444522
0.07722147,0.030018061,0.004640019,0.021926947,0.06882343,0.109038375,0.1098224,0.06655123,0.006090752,-0.032230575,-0.026695166,0.010572315,0.04415253,0.04114081,-0.0024297528,-0.06063098,-0.09370243,-0.0800638,-0.032779433,0.012545878,0.023483397,-0.0056379475,-0.049472086,-0.06904286
0.018595126,0.051777877,0.05161738,0.009378039,-0.052743804,-0.09869629,-0.10322572,-0.07399151,-0.042002536,-0.038941454,-0.073348954,-0.12466277,-0.157203,-0.14696607,-0.1005038,-0.04981444,-0.027356809,-0.042573527,-0.0771022,-0.095298454,-0.07269434,-0.016406054,0.040615615,0.065357655
0.057937656,0.10719817,0.12429406,0.10398493,0.06738616,0.0479199,0.064889036,0.10775855,0.14461973,0.14757133,0.11142654,0.058502484,0.02278464,0.024596328,0.054530308,0.081373006,0.07639366,0.03548611,-0.01947489,-0.053721476,-0.046210185,-0.007359955,0.030207394,0.03845063
-0.19169089,-0.17807491,-0.11500263,-0.052687936,-0.03891633,-0.08168861,-0.14475343,-0.17350812,-0.13759443,-0.054033525,0.02631411,0.055652305,0.02414169,-0.03179137,-0.059413444,-0.02727763,0.048136093,0.11573474,0.12896171,0.078293756,-0.00023101507,-0.051925644,-0.044058308,0.008178729
-0.080820315,-0.063597865,-0.073282436,-0.11435358,-0.16519238,-0.19560823,-0.18763953,-0.15041964,-0.11055205,-0.09500373,-0.108944096,-0.13333276,-0.13889082,-0.109450616,-0.05406109,-0.0005284337,0.024779113,0.015403135,-0.010057749,-0.022147672,-0.0044354945,0.034489796,0.06864373,0.07115205
0.027614383,0.012002618,-0.016253602,-0.024076354,0.0077663492,0.07094992,0.13218153,0.16076395,0.14955662,0.11931191,0.10264314,0.12040817,0.16445735,0.20345241,0.20670144,0.16795504,0.1090457,0.064000525,0.055657353,0.07703587,0.096714355,0.084735334,0.035641655,-0.02758153
0.012427649,0.03428858,-0.0035591044,-0.06709277,-0.09957042,-0.06478525,0.023471912,0.11193433,0.14992541,0.12332909,0.06543016,0.032086637,0.059163522,0.13382728,0.20458156,0.22088087,0.17015348,0.08607641,0.025111718,0.024987731,0.07406336,0.1215866,0.11885613,0.053204387
-0.068619296,-0.12740181,-0.1329327,-0.0921907,-0.04650936,-0.04152775,-0.09029169,-0.16384433,-0.21262781,-0.20442224,-0.14609517,-0.08060872,-0.05446887,-0.08221182,-0.13510089,-0.16487923,-0.13842498,-0.06456735,0.012513199,0.045228012,0.019634474,-0.034857173,-0.06957401,-0.053343385
-0.04553224,-0.021906253,0.03633077,0.095371254,0.12118129,0.10530622,0.068954036,0.048561208,0.06667076,0.11554592,0.16160464,0.17160353,0.13689244,0.08032715,0.039004646,0.037310716,0.06805344,0.09789745,0.094040625,0.048265345,-0.015675897,-0.05977384,-0.05928023,-0.022550618
-0.0043468685,0.003727124,-0.025203565,-0.06528714,-0.08121663,-0.05264072,0.009174303,0.06801582,0.09174039,0.07447125,0.041078277,0.026558653,0.050644822,0.10301349,0.14908811,0.1567726,0.12122347,0.0679062,0.031181287,0.032373495,0.063490294,0.09079198,0.081573114,0.032036856
-0.028521227,-0.03276808,-0.07248657,-0.12580866,-0.15885434,-0.15135038,-0.10975319,-0.0660196,-0.049706653,-0.06802099,-0.0994028,-0.11224788,-0.0865576,-0.030432103,0.024485797,0.047603287,0.032187685,-0.00016053412,-0.018612798,-0.0028683194,0.040007822,0.07831187,0.08240849,0.047061402
-0.04971949,-0.12921385,-0.18053171,-0.16925077,-0.10581329,-0.037752755,-0.014155892,-0.047941096,-0.1067452,-0.13892677,-0.11024898,-0.031467147,0.049426533,0.08253969,0.05370113,-0.0058380766,-0.04278401,-0.022944111,0.044146135,0.110319786,0.12533636,0.075573035,-0.0057076733,-0.06420041
0.046603248,-0.025869798,-0.077782676,-0.07479282,-0.023228675,0.03222365,0.043514848,-0.0031058227,-0.07752925,-0.12919642,-0.123243816,-0.0666888,-0.0033637013,0.017555958,-0.01842507,-0.08238875,-0.12317473,-0.10675067,-0.03972282,0.03304033,0.0614707,0.030319002,-0.030219981,-0.07017787
-0.06783924,-0.149685,-0.19934176,-0.1847694,-0.11933656,-0.0510261,-0.027419176,-0.060778324,-0.116794616,-0.14314379,-0.10737144,-0.023755796,0.05893876,0.091862276,0.062520586,0.0036724189,-0.029717302,-0.0053783813,0.06240768,0.1253781,0.13537554,0.08017735,-0.0048882808,-0.06374122
-0.030694572,-0.010038497,0.05031108,0.10396096,0.10748847,0.054541107,-0.020860096,-0.06871235,-0.061297607,-0.012218201,0.03280608,0.03136692,-0.023506314,-0.09729062,-0.14039329,-0.12449466,-0.0640101,-0.005454364,0.0076792776,-0.031443387,-0.08890551,-0.115584575,-0.08453046,-0.010693718
0.040140126,0.061605882,0.01445043,-0.062169388,-0.1045675,-0.07363582,0.015574456,0.10504642,0.13827887,0.10013023,0.028644923,-0.013513459,0.013151724,0.09407108,0.17229803,0.19138333,0.13688965,0.047473352,-0.013522197,-0.0056652664,0.05726493,0.11921643,0.1245209,0.058964122
0.0634558,0.1363942,0.17464066,0.16143727,0.118348666,0.086746916,0.09664853,0.14600801,0.19982263,0.21745208,0.18159017,0.113908134,0.057158444,0.043152057,0.071054704,0.10803079,0.11250537,0.06757771,-0.0044839936,-0.06093248,-0.06938678,-0.030109383,0.023353236,0.047194205
-0.20423461,-0.14596894,-0.0812379,-0.062200185,-0.10525539,-0.17646372,-0.21653749,-0.18677683,-0.09966216,-0.007871396,0.034984645,0.012733205,-0.04212307,-0.07090665,-0.03764621,0.046180636,0.12735042,0.1537446,0.11148025,0.03282944,-0.024413796,-0.02219936,0.029054416,0.079996586
0.05890712,0.12103125,0.13303114,0.081152424,-0.002016705,-0.062365476,-0.063103124,-0.014735128,0.03541646,0.03957648,-0.0158145,-0.09866532,-0.15467502,-0.14779437,-0.08758974,-0.022014704,-0.00035469997,-0.03640914,-0.099639446,-0.135842,-0.109386675,-0.030853167,0.050459336,0.084870145
-0.132273,-0.12935391,-0.081885755,-0.026838323,-0.005345395,-0.029988589,-0.0785631,-0.10923658,-0.09215839,-0.03276128,0.032168336,0.061936453,0.042328037,-0.0040552244,-0.03653262,-0.0245233,0.027465053,0.0824255,0.09998152,0.066840425,0.0050381,-0.043444436,-0.047113184,-0.009162037
-0.00068271643,0.04396711,0.09261997,0.120047614,0.11660179,0.09691053,0.08470366,0.09728169,0.1309313,0.16451724,0.17312565,0.1490058,0.10702648,0.07274674,0.06360449,0.077594034,0.09342036,0.087017894,0.05156948,0.0031247025,-0.033020515,-0.039972927,-0.019564148,0.0072385385
-0.047128204,-0.07812007,-0.0517513,0.015067566,0.07494878,0.0872156,0.046344135,-0.013781865,-0.045327384,-0.021896431,0.04066518,0.09597401,0.102625966,0.05565201,-0.011453137,-0.05025947,-0.03364062,0.022934023,0.072865486,0.074998066,0.024364699,-0.045194663,-0.08511485,-0.067317
0.15114309,0.1831878,0.15893221,0.10891465,0.08215855,0.108308814,0.17463967,0.23568545,0.2475239,0.2006899,0.12574111,0.07214046,0.07131706,0.11197701,0.15117799,0.14558445,0.08545655,0.00200212,-0.055473395,-0.054832403,-0.005939946,0.04668752,0.059260372,0.02016582
0.0054009105,-0.04849865,-0.08802062,-0.09510762,-0.076446064,-0.059967313,-0.0702035,-0.110360295,-0.15970284,-0.18951762,-0.18198845,-0.14516833,-0.10733301,-0.09446362,-0.11032581,-0.13576156,-0.1422078,-0.11330601,-0.0579879,-0.0058644824,0.016750688,0.0065068724,-0.018099498,-0.029605806
-0.046938945,-0.030479029,0.04097247,0.10952419,0.116181985,0.046257995,-0.058006205,-0.12930177,-0.1272739,-0.065689415,-0.0022857303,0.0039824485,-0.06183708,-0.15760587,-0.21622238,-0.19672109,-0.11414125,-0.027652767,0.0017608547,-0.041818555,-0.11553687,-0.152259,-0.113773905,-0.016799431
-0.13777854,-0.1969033,-0.18768747,-0.121338814,-0.05010555,-0.025933865,-0.06448546,-0.13136779,-0.16836402,-0.13921966,-0.055085123,0.032144457,0.06819286,0.037802573,-0.025768897,-0.06451979,-0.04041839,0.034411542,0.10832575,0.12798053,0.077963315,-0.007151158,-0.06812197,-0.066198565
0.0020340125,0.024011597,0.08411156,0.14077488,0.15203716,0.1109036,0.047214665,0.004571277,0.008936078,0.05097122,0.09041742,0.087209724,0.033578064,-0.039593305,-0.08742141,-0.08361442,-0.03768981,0.009798807,0.016415337,-0.024493152,-0.08124987,-0.11023342,-0.08724929,-0.022043945
-0.03382949,-0.061159912,-0.024719087,0.061134167,0.1454148,0.18024231,0.1515027,0.09356707,0.060175646,0.08433967,0.1523997,0.21590757,0.22659041,0.17263116,0.088281736,0.028727144,0.02838231,0.07402372,0.11872475,0.11514842,0.05132863,-0.03826292,-0.09720566,-0.0916943
-0.0048057092,0.053579565,0.11147321,0.13522749,0.11724384,0.08087384,0.06056983,0.07794299,0.12404641,0.1668531,0.17311531,0.1361297,0.07981357,0.03988407,0.03808125,0.067362726,0.095374785,0.0895992,0.044448756,-0.015794327,-0.05599045,-0.05426697,-0.016875757,0.023301205
0.07011323,0.03610307,-0.026658375,-0.064487085,-0.03977482,0.03820099,0.119373165,0.15221302,0.1216246,0.058490478,0.016626384,0.033701096,0.10182026,0.17098927,0.18924372,0.14150651,0.059704524,-0.0009792034,-0.0005161499,0.0531207,0.10886514,0.11494853,0.058656722,-0.027231492
0.04591331,0.08192633,0.08317444,0.042747002,-0.016600732,-0.06023379,-0.06457675,-0.037165496,-0.009233952,-0.011456004,-0.050953448,-0.10608242,-0.14181644,-0.13559744,-0.09388916,-0.04878253,-0.03207372,-0.05166061,-0.087604485,-0.10544318,-0.082039654,-0.024653845,0.033231582,0.058462683
0.026259664,0.042610556,0.07731523,0.103741325,0.099152796,0.06264885,0.015213534,-0.015814995,-0.016981866,0.0026286123,0.017224073,0.004730911,-0.03567403,-0.082790926,-0.10912848,-0.10094293,-0.06836985,-0.037814133,-0.032646976,-0.053669356,-0.079988234,-0.08536934,-0.057551134,-0.00729586
-0.0951456,-0.09360332,-0.06587765,-0.040876247,-0.04640223,-0.08724,-0.13956691,-0.16905697,-0.15813547,-0.11797557,-0.07837507,-0.06696324,-0.0898802,-0.123930335,-0.13592441,-0.1089379,-0.05488584,-0.0044696485,0.015118286,-0.003124973,-0.03645399,-0.051248834,-0.030901507,0.012308495
0.002471478,-0.06657236,-0.10601598,-0.09586166,-0.05354646,-0.021410972,-0.032872863,-0.08804369,-0.15309185,-0.18542191,-0.1643478,-0.1074358,-0.05719825,-0.048951276,-0.08384915,-0.13016306,-0.14482433,-0.10763541,-0.036196925,0.025694069,0.041434396,0.0093098935,-0.03809417,-0.057561364
0.17664762,0.16226424,0.121392906,0.0954737,0.11257821,0.16643013,0.21935217,0.23189506,0.19150671,0.12298994,0.068371035,0.057751056,0.0861707,0.11769371,0.11395746,0.06268173,-0.011882883,-0.06671138,-0.07185949,-0.031938683,0.01673178,0.034803715,0.007942182,-0.03976841
-0.03012131,-0.061476234,-0.0279887,0.057188954,0.14129952,0.17446722,0.14257404,0.08061103,0.043008756,0.06458554,0.13274951,0.19760968,0.2091458,0.15522052,0.070231594,0.009953076,0.010179005,0.059358444,0.10861807,0.10859579,0.04723045,-0.040811967,-0.099930905,-0.09343421
-0.10820812,-0.056615602,-0.008095255,-0.005347014,-0.057284553,-0.1306551,-0.17355964,-0.15586928,-0.09161517,-0.028153237,-0.009635975,-0.045955416,-0.10553137,-0.13628611,-0.10789013,-0.03395626,0.037399102,0.060966685,0.025567004,-0.03691096,-0.073036104,-0.050940655,0.013918182,0.07313005
-0.054358166,-0.012754836,-0.012076878,-0.061235346,-0.13117476,-0.17600654,-0.16543528,-0.11066028,-0.053414635,-0.034945283,-0.0648534,-0.1154693,-0.14150178,-0.11392667,-0.044748425,0.024026616,0.050216395,0.02466046,-0.025386162,-0.054530025,-0.033949234,0.024818333,0.079365425,0.090118356
-0.03868781,-0.093282446,-0.08627689,-0.029875578,0.026862236,0.035198674,-0.018144017,-0.10016622,-0.15482132,-0.14618734,-0.0849566,-0.020272108,-0.002059987,-0.044210244,-0.114028834,-0.15639992,-0.13434942,-0.060008224,0.016125625,0.044294655,0.009856559,-0.054898776,-0.09407857,-0.07143027
0.009132035,0.07377491,0.12925105,0.13136046,0.073245116,-0.010261856,-0.065872446,-0.062477667,-0.015944326,0.02628725,0.01990327,-0.04178019,-0.12328764,-0.17170194,-0.15705636,-0.09427827,-0.033631388,-0.019331034,-0.058040094,-0.11568177,-0.1406635,-0.103498355,-0.02097703,0.056641694
-0.08972014,-0.093291834,-0.07090025,-0.048106927,-0.049481183,-0.081644624,-0.12654534,-0.15494561,-0.148377,-0.11322351,-0.074948415,-0.05939073,-0.07339687,-0.100764096,-0.11341776,-0.09353764,-0.047145642,-0.00057331094,0.020725666,0.00885855,-0.020793311,-0.039757125,-0.028397199,0.0066737216
0.031441912,-0.041697744,-0.07587536,-0.035439674,0.06060585,0.15404494,0.18657917,0.14566833,0.07397364,0.034931526,0.06499497,0.14637057,0.22036327,0.23044376,0.16596848,0.0694095,0.0070506535,0.0152092585,0.07582634,0.13172115,0.12794352,0.05398541,-0.046559855,-0.1087983
-0.0018860372,0.02023662,0.09879784,0.17734881,0.19709498,0.14103156,0.045453425,-0.025101943,-0.027644258,0.028515229,0.08775844,0.09184143,0.023187468,-0.08042762,-0.1532552,-0.15107246,-0.08362028,-0.00837793,0.014100751,-0.033765156,-0.113608174,-0.15920784,-0.12864864,-0.03530136
-0.102206044,-0.10236517,-0.066746034,-0.030104319,-0.028030263,-0.068911284,-0.12727192,-0.16393343,-0.15468378,-0.10774681,-0.057569027,-0.039969172,-0.06449917,-0.10670792,-0.12882264,-0.106855154,-0.049181018,0.009449141,0.032738186,0.010844494,-0.03253248,-0.059124764,-0.044894032,0.0032269128
0.023548506,-0.059433714,-0.10521977,-0.069568135,0.030673528,0.13264938,0.17151898,0.13099584,0.05358086,0.0075687175,0.036780093,0.12574872,0.21137726,0.23079559,0.16915968,0.068841115,0.00040082488,0.0075817094,0.0748671,0.14034234,0.14370611,0.07033225,-0.03773399,-0.11094174
-0.02281444,-0.058803663,-0.11010132,-0.14580476,-0.14542261,-0.11306011,-0.0737178,-0.05728307,-0.073184006,-0.10460425,-0.120597355,-0.10102497,-0.051039137,0.0030546575,0.030918358,0.021323115,-0.0080032535,-0.025445785,-0.011056028,0.030226754,0.07159127,0.08316916,0.054456767,0.0058114333
-0.1572171,-0.084833466,-0.01333958,0.005307075,-0.040259503,-0.11097111,-0.14659491,-0.11063073,-0.020467348,0.06693529,0.097808756,0.060753915,-0.006150115,-0.04184109,-0.011602298,0.06938661,0.14319994,0.15690947,0.100835055,0.013193682,-0.04488684,-0.03628995,0.023493964,0.0786006
-0.019816,-0.006276863,0.040547725,0.08329793,0.08746386,0.045157176,-0.018399283,-0.06211636,-0.060569536,-0.022878114,0.01426248,0.01570704,-0.02659118,-0.08737156,-0.12562889,-0.11521921,-0.0657212,-0.015201551,0.0005715805,-0.027118888,-0.07367827,-0.09769032,-0.07304278,-0.011699608
-0.04646407,-0.09489851,-0.066063166,0.027631255,0.12563726,0.16590813,0.12824057,0.051020537,0.0006540478,0.022312116,0.10469676,0.18886524,0.21229349,0.15617973,0.05864571,-0.012635118,-0.010926873,0.053278215,0.121537305,0.13150093,0.06459385,-0.039700374,-0.113252304,-0.10881652
0.062216934,0.022797275,-0.040439997,-0.08711798,-0.08836519,-0.05063555,-0.008942241,-0.0011565641,-0.03763693,-0.09523457,-0.1332916,-0.12428529,-0.074479744,-0.02001036,0.0012639684,-0.022449873,-0.06775358,-0.094536036,-0.07580054,-0.018169776,0.04148761,0.065040894,0.041241795,-0.006717175
-0.08438037,-0.043314908,4.9488713e-06,0.017557422,0.0004596643,-0.031772047,-0.047463737,-0.026388511,0.023401894,0.07263473,0.09229597,0.07453377,0.03813721,0.015901437,0.02729912,0.065658905,0.10116803,0.10567656,0.07241052,0.020868713,-0.015730906,-0.017228726,0.009179983,0.035462905
-0.026190229,-0.09834116,-0.14164068,-0.12604484,-0.0630565,0.0017304668,0.022724416,-0.011396289,-0.0678155,-0.09717431,-0.06909696,0.003537256,0.074518785,0.097816214,0.06294094,0.0017531648,-0.03390019,-0.014444913,0.046650782,0.103369154,0.11082486,0.059740603,-0.016303606,-0.06659264
-0.052762967,-0.09879822,-0.10259662,-0.074191526,-0.045858826,-0.04963035,-0.09312301,-0.15373373,-0.19235879,-0.1853144,-0.14108285,-0.093689494,-0.07616789,-0.09819451,-0.13730162,-0.15612186,-0.1294384,-0.06770137,-0.0064515052,0.021061232,0.004155775,-0.03487412,-0.05640489,-0.03663621
-0.13910782,-0.06995555,-0.0034098562,0.0097350115,-0.041345008,-0.11678933,-0.15607262,-0.12438196,-0.040106814,0.04071763,0.065905064,0.024876432,-0.0434568,-0.078344174,-0.04647825,0.035160877,0.109524034,0.12525077,0.07252457,-0.009480162,-0.05985218,-0.04379474,0.020820273,0.07950956
0.0017820939,-0.05113142,-0.084857665,-0.08007667,-0.047118377,-0.017556671,-0.019189194,-0.0556046,-0.103643455,-0.13049845,-0.116961315,-0.073454395,-0.031945065,-0.02080065,-0.044407014,-0.080553696,-0.09638699,-0.073058255,-0.021575747,0.025568882,0.03982334,0.017107107,-0.021430004,-0.04218173
-0.04144793,0.02109559,0.08609121,0.11085576,0.08188815,0.026282221,-0.009181755,0.006180847,0.06276331,0.12020278,0.1356132,0.09658791,0.029875128,-0.016554285,-0.012451043,0.034520324,0.08277645,0.09071933,0.046305735,-0.023753004,-0.071702816,-0.06588994,-0.015615453,0.039068945
0.06167856,0.010603059,-0.071796946,-0.12505211,-0.109376274,-0.036850303,0.039550226,0.064991936,0.024564056,-0.04759848,-0.09185517,-0.06958438,0.0076464647,0.08628896,0.11301283,0.07112346,-0.0038473918,-0.05276891,-0.037050907,0.031672668,0.10146799,0.118676,0.067637086,-0.01785861
0.0698176,0.13723901,0.16974156,0.15801995,0.12410056,0.10597645,0.12711154,0.17995933,0.22895548,0.23947848,0.20151903,0.13910677,0.09129042,0.08388306,0.110592045,0.13756908,0.12921073,0.076760136,0.00503004,-0.046196744,-0.05021358,-0.013853223,0.027577639,0.037831012
0.1535727,0.12120238,0.06166924,0.025706863,0.045198303,0.10783507,0.16704415,0.17743811,0.12799698,0.0510447,-0.0023811453,0.00028650864,0.04884767,0.09669363,0.09955759,0.04548079,-0.033055346,-0.0845339,-0.076025896,-0.018267544,0.042381063,0.059763387,0.022034546,-0.039802212
-0.12448117,-0.077446714,-0.029992077,-0.014406509,-0.039346054,-0.07838428,-0.092590414,-0.06070915,0.0040228185,0.06513357,0.08920089,0.069211416,0.030423831,0.012525359,0.03571436,0.087690584,0.13176464,0.13597614,0.09435718,0.03338811,-0.00670396,-0.0051462143,0.02518746,0.051199596
0.05199187,0.13414203,0.1657654,0.13203587,0.066592254,0.025544645,0.045219816,0.11478507,0.18366139,0.20061032,0.15031286,0.067006566,0.0077073174,0.009791448,0.06367099,0.11991335,0.12623793,0.068214424,-0.01924688,-0.07895481,-0.073257655,-0.011916852,0.05521249,0.07491611
0.02690009,-0.01491498,0.0025768492,0.066881284,0.12831607,0.13952631,0.088013716,0.00646021,-0.051109742,-0.049136993,0.0015572676,0.052907605,0.056834433,0.00150684,-0.07972666,-0.13330401,-0.12299599,-0.060439438,0.00423962,0.023538057,-0.01447955,-0.077312276,-0.1127218,-0.08526007
-0.06882576,-0.03257861,0.056884408,0.14451885,0.1766435,0.14213988,0.076935254,0.039994497,0.06577123,0.14014076,0.20861207,0.21975642,0.16198508,0.073299944,0.012305088,0.015772717,0.06982922,0.12075514,0.118489034,0.051752027,-0.042082205,-0.10317513,-0.0943422,-0.029852424
0.08988858,0.1000196,0.06453338,0.008626693,-0.029205741,-0.026395818,0.009465551,0.04519662,0.046457235,0.0050581335,-0.054468557,-0.09374515,-0.08875408,-0.047706563,-0.0039436533,0.007636928,-0.022762496,-0.07027487,-0.09644307,-0.077952504,-0.02300454,0.033441752,0.055139203,0.032592423
-0.17484745,-0.16571704,-0.11036967,-0.05237047,-0.035241965,-0.066498086,-0.11580815,-0.13826671,-0.10632517,-0.031823542,0.04213621,0.07235107,0.049019497,0.0026376809,-0.022819273,0.00084111723,0.06304613,0.12093192,0.13133685,0.085991934,0.015393632,-0.03549366,-0.03690551,0.0031895742
0.03801532,0.06427673,0.02759531,-0.04060285,-0.083553046,-0.062364265,0.014461084,0.09683155,0.13171512,0.10117939,0.035807867,-0.008410287,0.008083207,0.07711697,0.14910527,0.17145523,0.12635991,0.04541345,-0.014768978,-0.013798838,0.04073015,0.09972833,0.11082356,0.057565723
0.16389306,0.20630498,0.1843711,0.12682876,0.08866098,0.10786541,0.17534864,0.24365067,0.2615828,0.21312752,0.12733695,0.06054524,0.052636884,0.096044056,0.14391622,0.1461622,0.085665755,-0.006974282,-0.07416744,-0.07568748,-0.020511093,0.04368409,0.06634515,0.030452505
-0.019230168,-0.008505172,0.035599634,0.08107514,0.09351752,0.06329346,0.010992586,-0.027213488,-0.026990017,0.006961215,0.04343113,0.04917836,0.01399765,-0.04092809,-0.07961751,-0.07722643,-0.038928546,0.003759018,0.017134536,-0.00874787,-0.053278934,-0.0810764,-0.067878425,-0.019037297
-0.013388357,-0.01688588,-0.079561345,-0.1639859,-0.21406758,-0.19926326,-0.13301997,-0.065859094,-0.045473326,-0.08233812,-0.1401596,-0.16523412,-0.12668273,-0.040266216,0.04282886,0.07339298,0.041094374,-0.01718446,-0.046976987,-0.018329706,0.05281664,0.11613452,0.123830914,0.06718485
-0.073322825,-0.13253161,-0.17114416,-0.16689675,-0.12750018,-0.084529385,-0.06955307,-0.09077787,-0.1261693,-0.14185494,-0.11573042,-0.056211922,0.0045227925,0.03337673,0.021447647,-0.010919385,-0.028044693,-0.008165896,0.041091014,0.087485105,0.098014556,0.06372021,0.0075663603,-0.034210425
-0.121557035,-0.11537324,-0.06869996,-0.024160862,-0.023488436,-0.074162945,-0.14292581,-0.18193948,-0.1645544,-0.10458307,-0.04509579,-0.028247403,-0.06308394,-0.11691335,-0.14216593,-0.112509616,-0.04172182,0.025959129,0.04723419,0.012919535,-0.043380443,-0.073438,-0.051584132,0.008014215
-0.15094349,-0.14308979,-0.09793085,-0.051536147,-0.040089715,-0.06999921,-0.115099125,-0.13558422,-0.10943493,-0.048023082,0.012222291,0.036228582,0.016275456,-0.02161602,-0.040092267,-0.016608963,0.037627503,0.08693872,0.097879685,0.06304353,0.007235858,-0.031402305,-0.029228542,0.0055301166
0.10955471,0.123994805,0.06696197,-0.023228634,-0.083689965,-0.07359751,-0.004944107,0.06320448,0.07443533,0.015794493,-0.073523544,-0.13112481,-0.11570735,-0.04043303,0.036630914,0.05744879,0.008533062,-0.070363075,-0.11815084,-0.092491366,-0.0070123617,0.07757861,0.10335548,0.058698654
0.15743302,0.14317341,0.10772012,0.08806592,0.10716747,0.15636608,0.20179492,0.21010013,0.17217621,0.11170824,0.066054985,0.059603825,0.08553336,0.11104648,0.10412385,0.055728145,-0.0108633675,-0.057367533,-0.059377003,-0.023939263,0.016701428,0.029022163,0.002740522,-0.039877634
-0.09771492,-0.046362214,0.0039802636,0.00943185,-0.039959244,-0.111661196,-0.15518703,-0.14086781,-0.08100408,-0.020471063,-0.0033232644,-0.04004411,-0.09901418,-0.13046175,-0.105625734,-0.03651756,0.03125725,0.05332787,0.019033285,-0.03966661,-0.07352531,-0.05388181,0.0076251375,0.066487335
-0.0014174902,0.06483245,0.13326338,0.16518132,0.14989075,0.11356297,0.09419247,0.11493204,0.16768508,0.21793629,0.22791892,0.18773948,0.123281464,0.07496369,0.067859136,0.096158445,0.12577441,0.118930586,0.06504982,-0.0077874684,-0.05819533,-0.061427865,-0.022993688,0.021813348
-0.19172366,-0.1876171,-0.13417459,-0.076149315,-0.0601117,-0.09802215,-0.1586132,-0.1903004,-0.16151898,-0.08445102,-0.004743766,0.030585136,0.007912136,-0.041687556,-0.06859336,-0.040320415,0.031447183,0.100828774,0.12169445,0.080377094,0.007978328,-0.043578465,-0.04111759,0.0051940223
-0.008238589,-0.062351786,-0.14118259,-0.19068927,-0.17670666,-0.111015804,-0.04054323,-0.01367195,-0.042316947,-0.09628891,-0.12286918,-0.0900291,-0.009844195,0.069958426,0.10218177,0.073385656,0.015460078,-0.019662792,-0.000485967,0.06121069,0.12010096,0.12985778,0.07763083,-0.0053164526
0.026791986,-0.013483051,0.0033563923,0.06151268,0.11361884,0.114879996,0.055827968,-0.029237194,-0.087151945,-0.08552544,-0.037869014,0.008735362,0.009676138,-0.04522981,-0.122245915,-0.16852067,-0.15147485,-0.08543819,-0.018362474,0.0044602165,-0.028957449,-0.0858829,-0.112779036,-0.078022115
0.09699466,0.1022065,0.060764316,-0.0044376976,-0.05347805,-0.06004703,-0.030676866,-0.0007989344,-0.0050034476,-0.051574957,-0.116643906,-0.1603304,-0.15587609,-0.11137827,-0.062490143,-0.04573383,-0.0703403,-0.11263241,-0.13335502,-0.10572121,-0.040039837,0.025549531,0.054881915,0.039461352
-0.06332077,-0.11845431,-0.10286605,-0.034902737,0.02749217,0.03233783,-0.029352007,-0.11697098,-0.16896445,-0.1495125,-0.075418755,-0.0038874394,0.01131955,-0.03930884,-0.115557075,-0.15695353,-0.12657997,-0.042154722,0.037753716,0.05963924,0.013269938,-0.061229404,-0.10313155,-0.075132355
0.027397983,0.048647862,0.020286396,-0.027704794,-0.048999835,-0.016129896,0.05801168,0.13056323,0.16009213,0.13582467,0.08633952,0.057634987,0.07766605,0.13491431,0.18781072,0.19573121,0.14845243,0.07512497,0.022855448,0.020610644,0.058552183,0.09574394,0.091968015,0.03653959
0.15338357,0.18775885,0.15425315,0.08761882,0.04597839,0.066801935,0.13917975,0.21064019,0.22734538,0.17489116,0.087803155,0.024502363,0.024294844,0.07713424,0.13293926,0.13801485,0.077222906,-0.014068498,-0.0778164,-0.07424225,-0.011789875,0.057591338,0.07915118,0.036666244
-0.03963344,0.0466097,0.13660108,0.17312254,0.13715065,0.06518478,0.018562222,0.03812364,0.11177165,0.18629971,0.20436817,0.14914612,0.056944523,-0.00892753,-0.007762899,0.050698746,0.111893065,0.11963321,0.05745361,-0.037356023,-0.101436354,-0.09414222,-0.026864167,0.04708801
0.0090799155,0.017861689,0.049320143,0.07381572,0.06611876,0.02175073,-0.037926596,-0.080258265,-0.08620226,-0.064325094,-0.043677237,-0.050275218,-0.08878124,-0.13823715,-0.16603167,-0.153167,-0.1090585,-0.06457493,-0.04672039,-0.06119219,-0.088139154,-0.094813995,-0.06272538,-0.0041780164
0.014373375,-0.033901088,-0.015341468,0.05205983,0.1127117,0.115189366,0.04888866,-0.046819452,-0.110801026,-0.10577502,-0.047340717,0.009522487,0.0129562225,-0.04804347,-0.13463958,-0.18611653,-0.164767,-0.08713243,-0.0098521225,0.015117406,-0.024830712,-0.09175546,-0.12494631,-0.08705272
0.07760676,0.15184061,0.18235444,0.15928923,0.111267485,0.08510873,0.10856051,0.16980994,0.22529532,0.23415121,0.18623158,0.11195176,0.058900602,0.057021342,0.09544106,0.13250154,0.12592234,0.06711092,-0.013206709,-0.066587895,-0.06288687,-0.013038976,0.03910796,0.05204138
-0.12911123,-0.17312607,-0.14620589,-0.06353079,0.018774914,0.048637025,0.014873917,-0.044003513,-0.0709206,-0.032330893,0.056493685,0.1409063,0.16761164,0.12623703,0.05419189,0.009277512,0.026538663,0.09168654,0.15151487,0.15294303,0.086247034,-0.009792182,-0.07628202,-0.07641906
0.1119096,0.12311751,0.06663058,-0.02334829,-0.08785788,-0.090428926,-0.04069708,0.011402293,0.015299852,-0.043083988,-0.1295826,-0.1865133,-0.17651765,-0.11084073,-0.039185278,-0.013787259,-0.050171785,-0.11462095,-0.14952597,-0.11847612,-0.03412268,0.05231995,0.08872755,0.058838274
0.017009083,-0.05832352,-0.11699602,-0.12781149,-0.09621665,-0.06085009,-0.06040535,-0.10695019,-0.17516766,-0.22170702,-0.21527207,-0.16309762,-0.10369776,-0.07798813,-0.09819901,-0.14120921,-0.16338937,-0.13471399,-0.06408029,0.008742874,0.04354984,0.0275086,-0.016798288,-0.04624717
0.057312414,0.029100256,-0.021659385,-0.049805634,-0.025128802,0.04190058,0.10914093,0.13568787,0.110804975,0.060503304,0.029189702,0.046365827,0.1026179,0.15648931,0.16778219,0.12614252,0.058506407,0.00976572,0.010957102,0.052209325,0.092807405,0.093788475,0.045907035,-0.025265947
-0.056971174,-0.104675256,-0.10208538,-0.059690733,-0.017584223,-0.01591178,-0.06307541,-0.13014042,-0.17188273,-0.16075495,-0.106555395,-0.05031321,-0.032603275,-0.063409485,-0.11453099,-0.14169249,-0.11666499,-0.050175317,0.015975635,0.04016056,0.012186239,-0.039364982,-0.069640264,-0.050793294
0.017870534,-0.058122944,-0.108899936,-0.10802364,-0.06758842,-0.03083484,-0.037378065,-0.09321763,-0.16488282,-0.20665853,-0.19186713,-0.13446455,-0.078101404,-0.06377723,-0.09700275,-0.14629266,-0.16500527,-0.12887406,-0.053678937,0.016283665,0.040515788,0.0133546395,-0.033730805,-0.056641307
0.11400129,0.054836467,-0.03575857,-0.098778605,-0.09597818,-0.042668045,0.009657402,0.010414864,-0.05130716,-0.13908885,-0.19407585,-0.18022059,-0.1111487,-0.04066619,-0.019079132,-0.059525717,-0.12574942,-0.15969573,-0.12568614,-0.039373286,0.04541064,0.07747834,0.044061508,-0.02044433
-0.16411369,-0.15664288,-0.11086464,-0.059627634,-0.038328506,-0.05488839,-0.08728173,-0.09943225,-0.069333956,-0.005545578,0.058754265,0.089491695,0.07706441,0.04408497,0.024450796,0.041326832,0.08673466,0.12873463,0.13501132,0.09692681,0.03633546,-0.011413229,-0.022123389,6.756493e-05
-0.10641577,-0.13756478,-0.129377,-0.09006638,-0.049599107,-0.03734413,-0.059291955,-0.093134165,-0.10650855,-0.08185803,-0.027959807,0.024794476,0.046231866,0.030025084,-0.0024879877,-0.0188577,-0.0006455175,0.043179493,0.08351491,0.08960845,0.055420145,0.0036571254,-0.031772073,-0.032391883
-0.027051892,-0.05440227,-0.026276238,0.04601671,0.11712538,0.14435473,0.11659704,0.06358175,0.031484425,0.05007257,0.10871562,0.16435294,0.17427412,0.12864006,0.056897886,0.0061617265,0.0069576167,0.049795225,0.0923915,0.092384316,0.04036862,-0.034441404,-0.08483437,-0.0792919
-0.06895588,-0.023026058,-0.018616263,-0.067654885,-0.14148174,-0.19064829,-0.18153061,-0.12365279,-0.060461786,-0.037063163,-0.06613553,-0.11956115,-0.14875706,-0.121238925,-0.048064765,0.02696689,0.057627104,0.031811208,-0.022079939,-0.05496933,-0.035462458,0.025387922,0.08362852,0.0965149
0.08203528,0.04940122,-0.006133926,-0.034161165,-0.004030726,0.07282405,0.14860527,0.17589772,0.1435955,0.08361272,0.046464775,0.06383451,0.12466017,0.18241546,0.19085608,0.13866352,0.05906497,0.0035057403,0.004124856,0.051104505,0.098514184,0.09983103,0.044155907,-0.03479602
-0.049422838,-0.13214955,-0.1847009,-0.16862622,-0.09681463,-0.021054754,0.0071055,-0.025695056,-0.08619374,-0.11938723,-0.0878872,-0.003624248,0.08085988,0.11369693,0.081480786,0.015635569,-0.02695604,-0.008658903,0.059455004,0.124689534,0.13668923,0.08236234,-0.006201442,-0.07164162
0.008113144,-0.05998956,-0.15696159,-0.21885322,-0.20554604,-0.13361722,-0.060068604,-0.03974456,-0.08413449,-0.15563457,-0.19169033,-0.15458252,-0.06059482,0.03166782,0.06704767,0.0321364,-0.034399185,-0.07087597,-0.038661513,0.04515524,0.12251784,0.13875426,0.0822286,-0.009209973
0.02568103,-0.012030831,-0.06564838,-0.09395885,-0.07282837,-0.011969821,0.0492059,0.070710264,0.045483485,0.0008806801,-0.021528227,0.0021450215,0.061104037,0.11659256,0.13038276,0.09446758,0.038234185,0.0030286398,0.01152415,0.054925468,0.09566166,0.09565007,0.047468655,-0.019093467
0.041209243,-0.0017992641,0.008618695,0.061630603,0.11364775,0.11844714,0.06289406,-0.021728572,-0.08341821,-0.08820281,-0.045397103,0.00086410233,0.0048118327,-0.047250718,-0.12352082,-0.17247961,-0.15976055,-0.096387856,-0.027867075,-0.0010980584,-0.030169751,-0.08384337,-0.11035569,-0.07878128
0.010606083,-0.030149858,-0.054895196,-0.037163533,0.019207764,0.08285658,0.116374575,0.10551468,0.069121905,0.04376428,0.05619088,0.10350563,0.15434353,0.17213298,0.14336433,0.08677824,0.04067405,0.032457277,0.060568247,0.0940382,0.09674322,0.055392765,-0.009363241,-0.05974751
-0.045736074,0.012777641,0.03601869,0.010663324,-0.03948721,-0.06915947,-0.047276106,0.018127041,0.086898774,0.117067695,0.0946917,0.04394756,0.009977486,0.024151329,0.07867586,0.1340164,0.14824869,0.10875764,0.04019059,-0.011150882,-0.013168026,0.026349885,0.06822436,0.07265317
-0.11932884,-0.073922776,-0.026258662,-0.009745299,-0.033926457,-0.074970506,-0.09417227,-0.06794048,-0.0064339694,0.054669403,0.080746904,0.062502116,0.022615045,0.0006640897,0.019436456,0.07034357,0.117257565,0.1264682,0.089471996,0.029492132,-0.01312285,-0.013767676,0.01823487,0.049010754
0.19611773,0.15756081,0.0873573,0.04615515,0.07234925,0.14960939,0.22012632,0.22971188,0.16718023,0.07287433,0.008099465,0.011534025,0.069436386,0.1243215,0.122960754,0.053810965,-0.042813383,-0.10511919,-0.093703,-0.02312663,0.048616163,0.06678761,0.020242354,-0.05271475
-0.0013560943,-0.039108723,-0.09795914,-0.13781275,-0.13048324,-0.080965504,-0.024216019,0.0004316147,-0.018531293,-0.05978155,-0.08353826,-0.06296107,-0.003793654,0.05860959,0.085915245,0.065362334,0.019968074,-0.011080473,-0.0016508218,0.043509904,0.09004799,0.10023726,0.06225754,-0.0008337442
-0.0005283607,0.016645638,0.07042006,0.11999669,0.1259667,0.0783693,0.005835391,-0.045027826,-0.046309266,-0.007652908,0.030619575,0.028930409,-0.022253036,-0.09427895,-0.14052017,-0.13225913,-0.08012416,-0.025446862,-0.008607374,-0.040389776,-0.09226761,-0.117449164,-0.08836603,-0.018090343
-0.1177899,-0.14822315,-0.14074527,-0.10308477,-0.06398437,-0.04966438,-0.066307835,-0.09432548,-0.10379377,-0.0778974,-0.024644049,0.027464207,0.05117316,0.040161807,0.012412112,-0.001998065,0.014856556,0.0550907,0.09119443,0.09652776,0.06458518,0.01412452,-0.023498304,-0.02831513
0.118515514,0.12782618,0.066119134,-0.029838342,-0.09835377,-0.09992745,-0.04477104,0.01156339,0.014679971,-0.048543654,-0.14048721,-0.20031743,-0.18762688,-0.1149321,-0.037368827,-0.01174794,-0.05221083,-0.1210033,-0.15833908,-0.12393644,-0.03164029,0.060460396,0.09592426,0.061696764
0.014289563,-0.07538368,-0.1388112,-0.14309129,-0.10032381,-0.05946318,-0.06544996,-0.12701577,-0.20875797,-0.25852183,-0.24343014,-0.17737168,-0.10991719,-0.08786612,-0.11989014,-0.17310767,-0.19474164,-0.15387335,-0.066503406,0.016569363,0.0490975,0.022641977,-0.030840147,-0.060045347
-0.01105965,0.007078167,0.07486201,0.13856013,0.14674093,0.087193646,-0.004707046,-0.07085902,-0.07352517,-0.023141392,0.028352464,0.02948736,-0.0323944,-0.1219923,-0.18099932,-0.17125486,-0.103537165,-0.03139338,-0.007685707,-0.04547531,-0.11081738,-0.1458333,-0.11211736,-0.023157228
-0.058156054,-0.06654498,-0.11190695,-0.16986516,-0.20485169,-0.19597277,-0.15186645,-0.10518104,-0.086744785,-0.10437437,-0.13490301,-0.14365573,-0.11074381,-0.046017405,0.016618835,0.04494263,0.03130567,-0.001121361,-0.016833976,0.004500532,0.05235078,0.093081616,0.09548155,0.054203935
-0.045669436,-0.06885909,-0.04935607,0.0033435894,0.05438845,0.07183705,0.04840577,0.008381866,-0.012640725,0.006051054,0.054801438,0.10023285,0.10953286,0.07678427,0.02631614,-0.0057842634,0.0019060626,0.039706856,0.074664995,0.07449831,0.03396906,-0.022221005,-0.05812567,-0.05261887
-0.0073600495,0.01052594,0.072002925,0.13027123,0.14004245,0.09107945,0.01404131,-0.04094905,-0.0412087,0.0041489885,0.049788274,0.05048493,-0.004509957,-0.08410018,-0.13724542,-0.13081147,-0.073796675,-0.013186126,0.003846473,-0.03309594,-0.093136676,-0.12577994,-0.098117165,-0.021887008
-0.038384,-0.01646968,0.056694407,0.12779395,0.14398901,0.0937475,0.0126668075,-0.042206053,-0.03493987,0.023686556,0.0819577,0.088160165,0.030184187,-0.055811096,-0.11327279,-0.10512456,-0.042446848,0.022891741,0.038185675,-0.008323925,-0.08157363,-0.1251264,-0.10246573,-0.02436361
-0.03380738,-0.061332874,-0.025007766,0.054065634,0.12357445,0.14059493,0.09797363,0.03276444,-0.001920434,0.023048868,0.08869815,0.14500497,0.14836341,0.09267249,0.01360123,-0.03472908,-0.022169609,0.03312891,0.08204687,0.08194629,0.024378568,-0.055133447,-0.10089919,-0.08087828
0.0072813793,-0.03003657,-0.046803355,-0.021342816,0.037157696,0.09633014,0.121915966,0.10598971,0.0707459,0.05117198,0.06884596,0.115851045,0.16000025,0.1684709,0.13348795,0.07779262,0.037675627,0.035212807,0.0637364,0.09182528,0.087187916,0.042150594,-0.019644368,-0.062024303
-0.11654567,-0.119013645,-0.08253448,-0.04548334,-0.04547383,-0.092170805,-0.15872265,-0.20146255,-0.19210124,-0.14030255,-0.0845356,-0.06384626,-0.08984836,-0.13644543,-0.16048005,-0.13403873,-0.06648704,0.0017414266,0.030808788,0.008620719,-0.039223906,-0.06781932,-0.04879643,0.0069066198
-0.03872078,-0.037650246,-0.081780314,-0.1462179,-0.18914919,-0.18446198,-0.1376379,-0.083198555,-0.058126327,-0.076205395,-0.11458762,-0.13398667,-0.10873479,-0.04526367,0.022257812,0.055932663,0.042181388,0.0029631131,-0.02258027,-0.0090167215,0.03872909,0.087900616,0.100586526,0.06261833
0.1026912,0.03969513,0.004389794,0.025624827,0.0884442,0.1442298,0.14732385,0.090539835,0.009832635,-0.042271886,-0.035890497,0.014545572,0.061337214,0.059071474,0.001209851,-0.07689309,-0.12235129,-0.10584989,-0.042523865,0.019380488,0.03449307,-0.004903578,-0.06389057,-0.0914637
-0.21415041,-0.14265755,-0.06499127,-0.043704838,-0.09664916,-0.18154003,-0.2293695,-0.1961989,-0.09626959,0.0080704605,0.053138763,0.020602196,-0.049135838,-0.08725927,-0.05172756,0.04450502,0.13905998,0.16853128,0.115866065,0.022391224,-0.043568652,-0.038127284,0.027166506,0.09255734
0.048934434,0.12793045,0.15809532,0.124139555,0.057847455,0.016444607,0.036737088,0.10593935,0.17360492,0.19007483,0.14052294,0.05798165,-0.00016410647,0.0039031971,0.058837466,0.11485383,0.12157155,0.065361716,-0.021394657,-0.0796791,-0.07139909,-0.009389107,0.055920407,0.075336404
0.03127304,0.050727013,0.007067428,-0.062435053,-0.099296674,-0.06634115,0.022052826,0.109411195,0.14216237,0.1074568,0.042073514,0.004479335,0.031715542,0.10999622,0.18396148,0.19983405,0.14564843,0.059431054,-0.00014674525,0.005820551,0.064373076,0.12006633,0.1197769,0.053618677
-0.10692364,-0.033888355,0.037046645,0.057091977,0.0154623315,-0.050514095,-0.084701255,-0.053765856,0.025326598,0.10012044,0.12088235,0.07800306,0.008586413,-0.030540463,-0.007974314,0.06133655,0.12352937,0.1302846,0.074100494,-0.007715938,-0.05910466,-0.048103403,0.010274352,0.06484936
-0.02838514,-0.07939502,-0.11043104,-0.100950316,-0.060582213,-0.020038866,-0.00815018,-0.031837843,-0.06963577,-0.08861474,-0.06822865,-0.01820634,0.03001076,0.0472013,0.026683414,-0.011056009,-0.031997185,-0.015614532,0.027742688,0.06695047,0.07393427,0.042045727,-0.008179654,-0.041794166
0.07970499,0.08117492,0.040464435,-0.019365525,-0.06090472,-0.06181202,-0.03021086,-0.0004255568,-0.0033566277,-0.044882152,-0.10123411,-0.13606445,-0.12697163,-0.08338822,-0.0385539,-0.02515747,-0.049290434,-0.087905474,-0.10603308,-0.081200995,-0.023440346,0.03258408,0.054491114,0.035464536
-0.16023397,-0.14710297,-0.09003979,-0.030231258,-0.009175077,-0.036348358,-0.08417298,-0.10637536,-0.07537085,-0.0033838323,0.06749114,0.09589541,0.07102216,0.021353219,-0.008053528,0.011821499,0.069512725,0.122589335,0.13103461,0.08463156,0.012194994,-0.039507862,-0.04022983,-0.0012288206
0.021236409,-0.036116894,-0.07605913,-0.07730074,-0.047570143,-0.018263722,-0.019011278,-0.057727937,-0.11163643,-0.14545201,-0.13699342,-0.09520703,-0.051759724,-0.038002048,-0.060700066,-0.099355005,-0.11745138,-0.09399806,-0.039856993,0.012883005,0.033690326,0.014841401,-0.02242453,-0.04306112
0.017730096,-0.05858005,-0.113696076,-0.114114,-0.06783334,-0.018963834,-0.011898453,-0.05855136,-0.129722,-0.17680521,-0.16621844,-0.106578216,-0.041511066,-0.017049238,-0.04615276,-0.10128124,-0.13360718,-0.11004952,-0.03915843,0.034206264,0.06373188,0.03559059,-0.02228593,-0.060945343
0.034426715,0.047276657,0.08872349,0.1270255,0.13117509,0.094277956,0.03740735,-0.006229757,-0.0139708165,0.009175946,0.033068858,0.02673229,-0.01716202,-0.07716506,-0.11831923,-0.11793411,-0.08115675,-0.039658375,-0.026996411,-0.050015286,-0.086820096,-0.103676565,-0.07882442,-0.019994386
0.01599827,-0.03988806,-0.12283597,-0.17466374,-0.15785757,-0.08614192,-0.012082363,0.012603827,-0.023977509,-0.08789952,-0.12191824,-0.09020712,-0.006147185,0.07672504,0.10659447,0.07025988,0.0028403618,-0.038729474,-0.017404743,0.05305885,0.11944511,0.13040975,0.07474227,-0.012855656
-0.12552212,-0.10855287,-0.05382887,-0.00033492205,0.014755896,-0.015777702,-0.064031415,-0.08601095,-0.057901435,0.0063261394,0.0664991,0.08556777,0.055160217,0.0041710753,-0.023862693,-0.003919541,0.05039186,0.09830671,0.1039221,0.058681633,-0.007848713,-0.050039303,-0.042496283,-0.000142416
-0.06006251,-0.11321651,-0.14876562,-0.14399995,-0.10611978,-0.06543525,-0.051385168,-0.07057975,-0.10330034,-0.11882114,-0.0958326,-0.041848846,0.011914917,0.035966393,0.02315963,-0.0075378492,-0.024649078,-0.0073073376,0.03729513,0.077816516,0.08598642,0.055726763,0.0056379577,-0.032438528
0.03178728,-0.009583234,-0.07163862,-0.10668409,-0.08494532,-0.018237747,0.048682608,0.071897335,0.042047687,-0.0108780665,-0.039279032,-0.014215821,0.053047433,0.117438674,0.13513653,0.09623586,0.032091558,-0.009185982,0.0020618676,0.0548972,0.104451105,0.10718246,0.05483243,-0.020578729
0.05969571,0.12774278,0.13794453,0.07950383,-0.008840237,-0.06748921,-0.058982823,0.0010615228,0.05790391,0.06027084,-0.002606047,-0.09199039,-0.14773178,-0.13322061,-0.06346941,0.0061744675,0.022590913,-0.024597136,-0.097471535,-0.13600363,-0.10402244,-0.018296016,0.064734444,0.09242826
-0.1288164,-0.08180347,-0.03476336,-0.022427114,-0.052804537,-0.09929528,-0.12162053,-0.09522401,-0.032056436,0.029284257,0.052782416,0.031235008,-0.009566979,-0.029003808,-0.0046727,0.052690387,0.1036225,0.11301166,0.076054886,0.018795978,-0.019015096,-0.014266421,0.023023993,0.055879913
0.030134946,0.04391039,0.095081285,0.14666978,0.15819608,0.11677924,0.04681653,-0.007860943,-0.01742354,0.013237037,0.04767284,0.045867737,-0.005271171,-0.08036556,-0.13379048,-0.13533778,-0.090568535,-0.03768301,-0.019159827,-0.048188023,-0.097935475,-0.12353851,-0.097266056,-0.028277103
0.05670695,0.013063679,0.02231318,0.07646564,0.13233157,0.14243214,0.091465406,0.008040792,-0.056288734,-0.06498653,-0.024388075,0.021870771,0.026957693,-0.024805479,-0.10369808,-0.15853086,-0.15232141,-0.0927991,-0.025745919,0.0011724922,-0.027134582,-0.08183784,-0.11227208,-0.08447244
0.022338739,0.0639207,0.098567456,0.095242895,0.048275065,-0.018359963,-0.06546066,-0.070239365,-0.04299221,-0.017140225,-0.024072975,-0.070320725,-0.1316588,-0.16938236,-0.15967923,-0.11292857,-0.06435162,-0.04654178,-0.06823982,-0.10613382,-0.12024848,-0.08740713,-0.02077343,0.04238943
-0.04782687,0.007980337,0.06540687,0.08706507,0.062220804,0.014750515,-0.015116537,0.00026559125,0.052492417,0.10514521,0.1201334,0.087070644,0.030227607,-0.009268236,-0.0043686284,0.038367726,0.08174269,0.08816015,0.048202373,-0.013982805,-0.05718923,-0.053526547,-0.009879221,0.036491446
0.0326985,0.0023195788,-0.043493845,-0.06618049,-0.042700823,0.015342761,0.07086773,0.090049185,0.0666503,0.025315497,0.0040003126,0.02521077,0.07794406,0.1254877,0.13437729,0.09842574,0.043355662,0.007564524,0.014540268,0.053100843,0.08704897,0.08424183,0.039232735,-0.022680715
0.11861484,0.1315612,0.08247915,0.0033187314,-0.05192294,-0.04899105,0.0025230413,0.054033637,0.05787799,0.002803614,-0.07850226,-0.13252915,-0.124278784,-0.064541616,-0.0015556294,0.015675794,-0.02503599,-0.09042285,-0.12785266,-0.102497734,-0.026574649,0.050418455,0.07901556,0.04820749
0.08564864,0.05019057,-0.020138502,-0.06013154,-0.025926087,0.07284332,0.17780538,0.22556615,0.19524671,0.12305701,0.07410661,0.0933401,0.17228034,0.25368226,0.27483535,0.21504655,0.11190768,0.032798342,0.02415044,0.07856587,0.13963401,0.14436658,0.073059864,-0.03453724
-0.0103655495,0.009427726,0.07959575,0.1448335,0.15225641,0.088800855,-0.008141612,-0.077184804,-0.07964842,-0.027382663,0.025598088,0.025885722,-0.039517306,-0.13329087,-0.19421694,-0.1825656,-0.111205816,-0.035742994,-0.01085786,-0.050613612,-0.118624896,-0.15357079,-0.11646733,-0.0229125
0.022932919,-0.032807957,-0.062231705,-0.033401884,0.04229306,0.12186499,0.15865439,0.13699578,0.08505587,0.05265975,0.0725762,0.13521335,0.19706549,0.2128964,0.16858627,0.092008494,0.035226043,0.032021545,0.07250038,0.114795975,0.11528614,0.059372567,-0.024482429,-0.08333141
-0.02710231,0.07043511,0.17006333,0.21314041,0.18145527,0.112341926,0.06846049,0.09316124,0.17289086,0.25106347,0.2680387,0.20805493,0.10878895,0.035888355,0.032588147,0.08869334,0.14586955,0.14576872,0.074243315,-0.030777259,-0.10340486,-0.099392965,-0.030877398,0.043539014
0.019866541,-0.039062943,-0.122542806,-0.17238185,-0.15376925,-0.082871005,-0.0125761395,0.0071446924,-0.03298877,-0.09749642,-0.1294414,-0.09575767,-0.012574394,0.066582195,0.09255388,0.054442298,-0.010912183,-0.04756864,-0.022242015,0.048937052,0.113958344,0.12381938,0.06883168,-0.015681872
0.12629674,0.09334738,0.042928938,0.016132414,0.036746863,0.09076955,0.13738756,0.1394969,0.09261295,0.02797348,-0.012004746,-0.003578636,0.040885974,0.08003641,0.07716809,0.027218997,-0.038194384,-0.07582365,-0.061713554,-0.0088161295,0.040501323,0.048559256,0.011318765,-0.03973399
0.019908007,-0.033280764,-0.06469159,-0.056260232,-0.020293903,0.010995405,0.008760162,-0.031380173,-0.08375806,-0.11312173,-0.10045529,-0.05795088,-0.018616172,-0.011781354,-0.041468557,-0.08346352,-0.101824954,-0.07838864,-0.026743958,0.020611864,0.034297533,0.0091320705,-0.030681305,-0.04917838
-0.03938828,-0.016629351,0.051731437,0.11272141,0.11783511,0.057545464,-0.030789282,-0.088035144,-0.0803552,-0.023401137,0.029988654,0.030985039,-0.030205593,-0.115590416,-0.16675173,-0.14836244,-0.07723432,-0.007846043,0.010502983,-0.03292151,-0.100909755,-0.13395622,-0.09799624,-0.012419303
-0.006174587,0.02085336,0.07962088,0.12725733,0.126641,0.07485096,0.00660675,-0.03276235,-0.022175796,0.022323115,0.058238383,0.04857677,-0.009212197,-0.08017413,-0.118668854,-0.10255727,-0.048957363,-0.00065113424,0.003755314,-0.03904723,-0.09321755,-0.1129491,-0.07847428,-0.007819081
-0.044892978,-0.1000455,-0.13482293,-0.123557046,-0.073187135,-0.019873729,-0.00022328622,-0.021940144,-0.06082979,-0.0804121,-0.056263506,0.0036444415,0.06301105,0.08541669,0.06255395,0.018687094,-0.008682079,0.004257704,0.050988235,0.09453173,0.09921875,0.058420554,-0.0025086931,-0.04727265
0.031795483,0.005735494,0.032287188,0.09609154,0.15157068,0.1566889,0.10476,0.03147009,-0.015455359,-0.008917222,0.036477856,0.076525584,0.070408896,0.011779688,-0.064774185,-0.11067759,-0.099585325,-0.045920536,0.006654914,0.015979938,-0.025093105,-0.08256175,-0.10872319,-0.07793908
0.004399629,0.018126108,-0.01536798,-0.07269876,-0.111501455,-0.10240493,-0.049628895,0.01037347,0.037610374,0.017214343,-0.028563393,-0.05841721,-0.04322145,0.01257824,0.07339329,0.09867636,0.07385729,0.021407422,-0.017556516,-0.0136291655,0.029799296,0.07816634,0.09064547,0.053008433
-0.07287822,0.010430572,0.09383986,0.11916301,0.07156029,-0.009353408,-0.059783533,-0.038370077,0.04090812,0.120087296,0.14010593,0.08580894,-0.0034351635,-0.06249112,-0.050005917,0.022509273,0.09590351,0.11076659,0.051977526,-0.04076959,-0.101644136,-0.087980986,-0.012494619,0.06482107
-0.049337063,-0.08489603,-0.05131675,0.038106512,0.12826364,0.16707465,0.1387261,0.07760439,0.041119628,0.06681175,0.14237425,0.21512575,0.23216398,0.17987542,0.09273642,0.029580014,0.029592544,0.08131471,0.13232826,0.13125968,0.06522551,-0.03095182,-0.09822628,-0.096255705
-0.046102274,-0.07991339,-0.0816833,-0.05982744,-0.040270764,-0.046935197,-0.083484374,-0.13032068,-0.15776582,-0.14995869,-0.114978276,-0.07994337,-0.06986408,-0.08924829,-0.11846159,-0.12882458,-0.10391715,-0.05379467,-0.0071851797,0.011031511,-0.0034013623,-0.030977748,-0.04296793,-0.024216214
0.17849177,0.14770128,0.095500685,0.06933884,0.095016286,0.15698959,0.20986317,0.21212503,0.15776764,0.08124976,0.030718673,0.032898903,0.07373418,0.108759515,0.09889512,0.037483726,-0.040874958,-0.08785244,-0.077866904,-0.02482515,0.028083554,0.03991169,0.0026955034,-0.050971664
0.03738532,0.083838634,0.1199826,0.11557972,0.067448676,0.0028493109,-0.039781716,-0.040412318,-0.01276506,0.009011823,-0.0051509673,-0.057630997,-0.1205987,-0.1561356,-0.14442274,-0.09943412,-0.05733906,-0.048511587,-0.07624564,-0.11330919,-0.12249369,-0.08576223,-0.019011784,0.041230664
-0.062374227,-0.017237308,-0.008592697,-0.04988409,-0.11618659,-0.16254692,-0.15651141,-0.10426461,-0.044496335,-0.019636882,-0.043849804,-0.093156874,-0.12322361,-0.102566354,-0.038581315,0.03001285,0.059894793,0.037367783,-0.013287114,-0.04760713,-0.034967087,0.017836146,0.07218153,0.087185174
-0.10155302,-0.10777404,-0.07600486,-0.03898538,-0.032995597,-0.07111432,-0.13092141,-0.17274037,-0.16895445,-0.12428308,-0.07140787,-0.048154768,-0.06804537,-0.11032415,-0.13610463,-0.11809024,-0.060829125,0.0020929081,0.03216661,0.014832407,-0.028812554,-0.05923046,-0.048566468,-0.0017310664
-0.06484828,-0.119069286,-0.11550537,-0.06539848,-0.014873053,-0.010612112,-0.063273534,-0.1396304,-0.18741634,-0.17465895,-0.112133436,-0.046901036,-0.026434,-0.06241556,-0.12261841,-0.15529957,-0.12805912,-0.05283819,0.022401806,0.049301732,0.016055057,-0.044363014,-0.08029958,-0.059638903
-0.008090918,0.027734378,0.057861045,0.05204191,0.0047907378,-0.061092738,-0.10803302,-0.11291447,-0.08519768,-0.057444412,-0.060399167,-0.10005831,-0.15334886,-0.18390302,-0.16905458,-0.118799224,-0.0674343,-0.04660257,-0.062907055,-0.094673164,-0.105937526,-0.07461638,-0.011994492,0.046368305
-0.05324225,-0.10860929,-0.1406036,-0.12685502,-0.07647887,-0.023612773,-0.0036872858,-0.024939854,-0.062156133,-0.07851153,-0.05159804,0.009112946,0.06840304,0.091087975,0.06804261,0.024363149,-0.0015232208,0.012587063,0.05808429,0.10036942,0.10363577,0.06024243,-0.0031203367,-0.04707086
0.039670065,-0.005608372,0.0015683726,0.052666422,0.10549898,0.115446724,0.067780845,-0.011482941,-0.072492994,-0.07923094,-0.03780343,0.009594008,0.018230988,-0.02726326,-0.10022164,-0.15149496,-0.14423408,-0.085451804,-0.019634934,0.008353653,-0.017416984,-0.0710918,-0.103563346,-0.07901409
0.075682364,0.035162393,-0.024983414,-0.066640906,-0.065857045,-0.03317351,-0.0017032087,-0.003962223,-0.0465161,-0.10486854,-0.14072737,-0.13144705,-0.08635323,-0.040493008,-0.026491053,-0.05263986,-0.09462375,-0.11438138,-0.089564964,-0.030937044,0.026126755,0.048004378,0.026820976,-0.013674335
-0.032826494,-0.0004326464,0.06686862,0.1316795,0.15854606,0.1403884,0.10132814,0.08115444,0.10213589,0.15375756,0.19884267,0.20335789,0.16046198,0.09642447,0.05073829,0.04843332,0.07878174,0.10553356,0.09607089,0.043649472,-0.025548818,-0.07079095,-0.06709187,-0.025472203
-0.011712999,-0.05006579,-0.10162984,-0.13548745,-0.1323842,-0.09869665,-0.06219395,-0.05188428,-0.073409624,-0.1076992,-0.12378091,-0.10331254,-0.05353022,-0.0032354887,0.01870585,0.0049118195,-0.024366496,-0.038834196,-0.020718329,0.02355131,0.06513305,0.07475408,0.04623284,0.00049899926
-0.05213853,-0.09693178,-0.09269416,-0.049838766,-0.007899004,-0.0049366755,-0.04958777,-0.11393482,-0.1540461,-0.14333098,-0.09158375,-0.038334087,-0.022596471,-0.05379222,-0.10460559,-0.13212766,-0.10898196,-0.04616223,0.01590594,0.038106244,0.010603054,-0.03938183,-0.068693995,-0.050304536
-0.034722526,0.021328155,0.08588946,0.11638997,0.09434354,0.042425003,0.004579307,0.0121783195,0.060985047,0.11604461,0.1352115,0.10155227,0.03717776,-0.012815606,-0.016728375,0.022500895,0.069324076,0.08248249,0.044370357,-0.021843335,-0.070709355,-0.070704594,-0.026127579,0.028969254
-0.17587177,-0.16819856,-0.12204791,-0.07417321,-0.059625693,-0.08506675,-0.12568912,-0.14172848,-0.10977838,-0.041864686,0.024632284,0.054340217,0.03892099,0.0034077123,-0.014242588,0.010434624,0.06636929,0.115961924,0.1255105,0.087137215,0.025154354,-0.020252269,-0.022573236,0.0082219895
0.020175112,-0.041165095,-0.0826427,-0.08213689,-0.049856782,-0.020769829,-0.026465094,-0.07197449,-0.13117559,-0.16687435,-0.15677458,-0.111661695,-0.066991836,-0.05537539,-0.08188358,-0.122133106,-0.13866796,-0.11046927,-0.04956517,0.007954004,0.029472107,0.009595195,-0.027987646,-0.04665831
0.007549367,0.020855764,0.061939135,0.099609405,0.1035957,0.06812157,0.014996642,-0.022402767,-0.023305451,0.005298651,0.033026166,0.029752266,-0.010796245,-0.06618934,-0.10194343,-0.09692035,-0.058278516,-0.017634742,-0.0074111153,-0.033406828,-0.0725357,-0.09055197,-0.068039164,-0.013836651
0.11494297,0.12262996,0.08710682,0.03033304,-0.0108178565,-0.013273557,0.015927864,0.043238163,0.03747669,-0.0077953595,-0.06972385,-0.11217323,-0.11179743,-0.076160565,-0.037727986,-0.028616337,-0.056240838,-0.09822625,-0.120299004,-0.098887116,-0.04212511,0.016142594,0.04258454,0.029564662
0.035574116,-0.042006884,-0.09304942,-0.084225155,-0.026907533,0.030330867,0.039920814,-0.01004681,-0.08539931,-0.13276304,-0.11815962,-0.053983767,0.011208469,0.028812582,-0.0120572345,-0.07895152,-0.11711854,-0.09364793,-0.022222793,0.04799464,0.06941887,0.030788306,-0.034905303,-0.074691534
0.14842018,0.11796529,0.060152218,0.023811085,0.042421237,0.10573693,0.16694623,0.17959538,0.13288715,0.058222774,0.0054084845,0.0077260546,0.056579854,0.10551298,0.108823135,0.05564463,-0.022325931,-0.07507232,-0.06897828,-0.012662981,0.04659438,0.062133905,0.023888595,-0.03756889
-0.053880744,-0.018783955,-0.016099248,-0.05500688,-0.11190824,-0.14774251,-0.13771789,-0.09117641,-0.041549705,-0.023353202,-0.04593782,-0.08667563,-0.10772467,-0.08502559,-0.028122796,0.029029205,0.051812068,0.0306074,-0.012213769,-0.037914377,-0.023111362,0.022764776,0.06663914,0.07521532
-0.12066969,-0.07777027,-0.03523062,-0.023439493,-0.048013408,-0.085486844,-0.10087074,-0.073038444,-0.012490058,0.045821227,0.06980718,0.053070027,0.01791429,0.0004101632,0.021303443,0.071733005,0.116766304,0.1241382,0.08833608,0.03204658,-0.007693166,-0.007469407,0.02374627,0.050991416
-0.11748038,-0.16813704,-0.15088393,-0.07881258,-0.0061823237,0.015238971,-0.026400773,-0.093142934,-0.12811725,-0.09764988,-0.015342858,0.06575446,0.092323415,0.053125132,-0.01493623,-0.05495645,-0.03219457,0.03958208,0.107995294,0.119832516,0.06445694,-0.020074183,-0.0768162,-0.07030032
0.05736884,0.093666434,0.09302944,0.051539168,-0.007004748,-0.04758477,-0.048415333,-0.019484103,0.005852426,-0.0017287809,-0.04631309,-0.10379566,-0.13844426,-0.12932271,-0.086635195,-0.04440038,-0.03388455,-0.05891702,-0.09640717,-0.110953555,-0.081953175,-0.02142859,0.034516778,0.055702604
0.14229745,0.16694589,0.13884065,0.08960208,0.065666206,0.09362077,0.15773022,0.21307515,0.2188393,0.16941324,0.096680485,0.04894125,0.053945854,0.09760158,0.135413,0.12731096,0.06677968,-0.012726706,-0.062216777,-0.053098768,-0.0005749308,0.050046936,0.057397068,0.016253836
-0.20291734,-0.19091551,-0.12955321,-0.06595912,-0.04823633,-0.08566842,-0.14341035,-0.16807656,-0.13031666,-0.04604617,0.03628819,0.0695206,0.042192813,-0.01008629,-0.036172234,-0.005345265,0.06655541,0.13159639,0.1439926,0.09268493,0.013334526,-0.04035958,-0.03810992,0.0071684057
-0.16595249,-0.16443674,-0.13120578,-0.09267935,-0.078005806,-0.0943108,-0.12217461,-0.13082425,-0.10270672,-0.0459774,0.01193882,0.04257487,0.037291683,0.015387782,0.0058313543,0.026552694,0.07003829,0.10983083,0.11904202,0.08916332,0.039495345,0.00079434493,-0.008159093,0.007959117
0.10650642,0.034521878,-0.009411171,0.009667286,0.078317866,0.14446835,0.1554397,0.09845515,0.010464595,-0.0493702,-0.044567905,0.012265156,0.0700644,0.07603511,0.017799176,-0.068639725,-0.12332991,-0.10992659,-0.041862793,0.029594531,0.051292665,0.009320688,-0.060404573,-0.098614946
0.026926437,-0.013482469,-0.0030203613,0.048172604,0.09894649,0.10662776,0.05856263,-0.017127385,-0.07177718,-0.07339726,-0.030555865,0.015214933,0.021010488,-0.025840053,-0.09647648,-0.14247517,-0.13125643,-0.0729991,-0.01094559,0.01174836,-0.017723003,-0.070879534,-0.0993236,-0.07303308
0.0020564415,0.025714425,0.07755337,0.11880836,0.11771116,0.07225511,0.010936682,-0.026928533,-0.02147331,0.014232876,0.04265934,0.032642096,-0.017568545,-0.079366975,-0.114617765,-0.102352165,-0.056834724,-0.015734851,-0.0101457955,-0.04236631,-0.08585719,-0.10281028,-0.072517686,-0.0092897825
-0.08795336,-0.087502785,-0.06276731,-0.0387905,-0.03994932,-0.0712442,-0.11341538,-0.1377016,-0.12788427,-0.09194409,-0.055164278,-0.042259045,-0.05892499,-0.0868462,-0.098526046,-0.078012064,-0.033589363,0.008993582,0.025476903,0.009599432,-0.020848287,-0.03831244,-0.02615322,0.0077382843
0.0063635507,-0.05620104,-0.093031116,-0.073288605,-0.007990218,0.058784157,0.082068406,0.050559033,-0.0058678472,-0.03930517,-0.018899016,0.044849414,0.10785531,0.12557678,0.08668306,0.020778839,-0.022998689,-0.013527392,0.03925944,0.09134743,0.098787345,0.05060435,-0.023164652,-0.07313375
0.026671292,0.047309645,0.08769161,0.119643524,0.12015267,0.08721547,0.04192619,0.013213542,0.015636468,0.039569642,0.0575281,0.04634569,0.0044518285,-0.046673924,-0.07732611,-0.07216248,-0.04135677,-0.013111543,-0.011593352,-0.038934574,-0.07347607,-0.08554447,-0.060613237,-0.0111363325
0.030710379,-0.01570041,-0.0011081679,0.0628993,0.12643859,0.13862538,0.08463413,-0.0022585043,-0.06511556,-0.06567098,-0.013765058,0.04136666,0.048360504,-0.007323605,-0.091775596,-0.14837937,-0.138199,-0.07210084,-0.001152393,0.023006413,-0.014528071,-0.07984174,-0.11712998,-0.08918943
-0.04888425,-0.09813547,-0.09774089,-0.058275763,-0.019420912,-0.02146461,-0.072684154,-0.1436189,-0.18846376,-0.17978269,-0.12756447,-0.07301615,-0.056890402,-0.08906921,-0.14048742,-0.16639914,-0.13871795,-0.069035634,0.00012518557,0.0268784,0.0014179454,-0.046762593,-0.07254008,-0.049294736
0.050525032,0.06756852,0.025297686,-0.042700548,-0.08167291,-0.056911875,0.018914532,0.09385135,0.119060226,0.08263059,0.017999401,-0.02110258,5.9374117e-05,0.06903287,0.13564923,0.15066658,0.10319603,0.027037017,-0.025015505,-0.016698236,0.040657803,0.09703213,0.10357052,0.049883075
-0.13748714,-0.12318124,-0.070177004,-0.016339205,0.0014498724,-0.024124956,-0.066971526,-0.0857023,-0.05653456,0.008471517,0.07082816,0.09385905,0.068947144,0.022916753,-0.0034423133,0.0147276735,0.06622515,0.11235952,0.117520355,0.073470995,0.0074210824,-0.038104523,-0.037080843,-0.00085357076
0.059304327,0.07916744,0.12929855,0.1735031,0.17831637,0.1358322,0.07030356,0.020597087,0.011498397,0.03597521,0.059265364,0.04752355,-0.0068504484,-0.07907487,-0.12866849,-0.13008551,-0.09098995,-0.047607668,-0.03598075,-0.06438534,-0.107875735,-0.12602787,-0.094741866,-0.025422717
-0.054513007,-0.091056325,-0.05387104,0.03639754,0.121019095,0.14737114,0.10370689,0.031047003,-0.008226836,0.021556634,0.10144395,0.17373432,0.18525788,0.12542555,0.03491529,-0.022586089,-0.009683944,0.054686453,0.11342429,0.11415116,0.045696817,-0.05079975,-0.109643556,-0.093602255
-0.012097204,-0.097486705,-0.1507754,-0.13294534,-0.058384586,0.018126462,0.04194111,-0.0007020355,-0.07294251,-0.11517494,-0.08850176,-0.0064691645,0.075800695,0.103382826,0.06200668,-0.01277712,-0.05999264,-0.04041876,0.03279214,0.10457852,0.12064786,0.06642786,-0.022167884,-0.08286994
-0.0010708102,0.01574741,0.07761556,0.13634317,0.14451724,0.08664043,-0.0055454816,-0.07342139,-0.080210194,-0.036097966,0.010587511,0.0115665505,-0.047618203,-0.13521957,-0.19355546,-0.18441075,-0.11965419,-0.04945837,-0.021955632,-0.05411072,-0.11513576,-0.1462296,-0.110405564,-0.02379476
0.014340657,-0.04285486,-0.068069905,-0.034193188,0.041697677,0.11234024,0.13400373,0.100269526,0.04499797,0.017067533,0.043650415,0.10919431,0.16654141,0.17290053,0.12260072,0.04914538,0.0031019442,0.012223654,0.06187237,0.10506983,0.10010396,0.041256763,-0.03708527,-0.08502315
-0.057706144,-0.015349044,0.08167714,0.17455387,0.20713647,0.16963261,0.10073514,0.062338367,0.090052165,0.16759036,0.23671292,0.24345663,0.17741074,0.08022616,0.013943461,0.01716595,0.07366699,0.12543382,0.11906663,0.045292914,-0.054163642,-0.11634836,-0.103132926,-0.03154466
0.11617044,0.095120125,0.05925057,0.04051094,0.057431072,0.100173965,0.13714373,0.13943513,0.10281842,0.05073034,0.015962077,0.017649326,0.047353603,0.07355828,0.068483934,0.027241806,-0.026391184,-0.059490103,-0.052868437,-0.014900021,0.022858106,0.030636698,0.0042634346,-0.033854462
-0.0246679,0.0135935545,0.09520929,0.17820704,0.21989931,0.20869017,0.16767275,0.14293535,0.16349266,0.22092341,0.27352673,0.2815056,0.23335464,0.15563004,0.09396927,0.08073583,0.10750149,0.13356996,0.12184029,0.06138899,-0.022273371,-0.08230975,-0.08568557,-0.041894984
0.0023674998,-0.036088828,-0.04805734,-0.014268846,0.050370112,0.109540425,0.12985857,0.1080841,0.07103561,0.055297364,0.07989614,0.1314892,0.17394,0.17550842,0.13316984,0.074460715,0.037027664,0.040492028,0.072792225,0.09854033,0.087021984,0.0350344,-0.029409824,-0.068673305
-0.032698777,-0.025021615,-0.05683169,-0.1110091,-0.15304643,-0.15555215,-0.117276795,-0.067132175,-0.04056611,-0.053013287,-0.08803855,-0.11151396,-0.09642872,-0.042970773,0.018878333,0.052555326,0.042300742,0.005712539,-0.022546912,-0.015501844,0.026108446,0.07237807,0.08699201,0.057571977
0.07398977,0.07921146,0.050270297,0.0052844966,-0.026267037,-0.02575441,0.0011902321,0.02713515,0.025747824,-0.007962465,-0.055102836,-0.08577654,-0.081074,-0.04755933,-0.012886131,-0.0045055533,-0.028045928,-0.06376851,-0.08220062,-0.06466419,-0.019395849,0.025249265,0.041342605,0.024985244
-0.16772299,-0.090777695,-0.012430227,0.009656829,-0.037948348,-0.113776036,-0.15322268,-0.11678293,-0.020720387,0.07455841,0.11002107,0.071453646,-0.0010704425,-0.042227086,-0.0128670465,0.07253089,0.15349299,0.17083749,0.11145306,0.01612745,-0.048950218,-0.0428584,0.021122936,0.08252218
-0.015349135,0.011773593,0.080776945,0.13877943,0.14002182,0.077770494,-0.008598475,-0.06281139,-0.054640133,-0.00097629626,0.046165895,0.04007372,-0.025551159,-0.111624114,-0.16132417,-0.14349262,-0.07570847,-0.011345658,0.0016107416,-0.044434298,-0.110146485,-0.13853274,-0.09885703,-0.012025822
0.07971095,0.0792644,0.03595339,-0.024749719,-0.064374864,-0.061172348,-0.025145376,0.006837876,0.0030594962,-0.040486768,-0.09744184,-0.13055444,-0.1176871,-0.07031613,-0.024555875,-0.013631886,-0.041821845,-0.0829627,-0.101397306,-0.07478421,-0.015011917,0.040206593,0.057771094,0.03391389
-0.11176989,-0.16537315,-0.15621622,-0.09409023,-0.026625378,-0.0039418694,-0.041666698,-0.106853396,-0.14479473,-0.12103701,-0.045450628,0.03394224,0.06615142,0.035439346,-0.027033512,-0.066153094,-0.046313617,0.021992344,0.09184508,0.11193551,0.06604935,-0.013208116,-0.06915307,-0.065965176
0.120478846,0.14463851,0.11516534,0.062451053,0.03288643,0.054968376,0.11649712,0.17379418,0.18386471,0.13828897,0.067493305,0.019917216,0.025381988,0.07246487,0.11746479,0.11744428,0.063015714,-0.013416069,-0.062298585,-0.053428546,0.000644453,0.054844126,0.06543466,0.024964238
-0.04666287,-0.1289592,-0.18015149,-0.16452236,-0.094284244,-0.019942839,0.00642456,-0.028648851,-0.089969985,-0.12257976,-0.09094787,-0.007612658,0.0759368,0.10755957,0.07326516,0.0073699425,-0.03310519,-0.012980367,0.055591956,0.12158448,0.13316625,0.077516824,-0.009780453,-0.07102985
-0.054697547,-0.09506308,-0.09900075,-0.073370725,-0.046384495,-0.0481518,-0.08540473,-0.13689363,-0.1688873,-0.1610178,-0.11995246,-0.075812034,-0.058934,-0.077702,-0.11142822,-0.12721579,-0.103997216,-0.049794048,0.0042822487,0.026768468,0.009445358,-0.026113993,-0.04646882,-0.031689256
0.079711005,0.014209787,-0.07877069,-0.14115849,-0.13810275,-0.08592908,-0.035740264,-0.036571614,-0.09743686,-0.18085106,-0.22879802,-0.20770106,-0.13287048,-0.057849955,-0.03283928,-0.06929237,-0.13009788,-0.1574474,-0.117806196,-0.02788348,0.057596676,0.08723126,0.049769744,-0.016756024
-0.05500256,0.007726898,0.028545728,-0.0051170853,-0.062684745,-0.0929853,-0.0648752,0.0097845625,0.08637685,0.11817188,0.091547236,0.03620734,0.002332121,0.02220447,0.08530069,0.14791039,0.16385485,0.119164415,0.043562133,-0.010912851,-0.010676622,0.034651764,0.08211848,0.08506857
0.111131325,0.07723756,0.023836495,-0.005746105,0.0144758485,0.071291916,0.12202431,0.12822917,0.08461369,0.021323279,-0.01796507,-0.0075364993,0.04026518,0.083324604,0.08397219,0.036749166,-0.027894124,-0.06654064,-0.053444177,-0.00091139175,0.04867202,0.05743054,0.019914435,-0.03470707
0.04081335,0.0118685495,0.01836651,0.053799573,0.088514045,0.09147453,0.0537851,-0.004249754,-0.048218597,-0.05449323,-0.028432192,0.0005576986,0.0015884319,-0.034382872,-0.08680328,-0.12158894,-0.11512292,-0.073503084,-0.027517652,-0.008616754,-0.026205298,-0.060133085,-0.077208154,-0.055089317
0.025780588,-0.024451466,-0.014246599,0.04334088,0.09914819,0.103701316,0.043312855,-0.048498172,-0.114171624,-0.11635157,-0.065890305,-0.012123791,-0.0051570665,-0.05919838,-0.13979058,-0.19052178,-0.1731326,-0.100595385,-0.02431152,0.00553004,-0.025878323,-0.0854946,-0.11606831,-0.08242874
-0.040678296,-0.123478375,-0.17501369,-0.16027743,-0.093037486,-0.024631307,-0.0045131347,-0.043913,-0.107729115,-0.14158376,-0.110766664,-0.02935002,0.051143907,0.08025161,0.046071768,-0.017602103,-0.054874983,-0.030938363,0.040677056,0.107998714,0.12137598,0.06913557,-0.013836233,-0.07070307
0.017194023,-0.0339084,-0.020525372,0.044469897,0.10797725,0.11665165,0.05676373,-0.035656404,-0.10098716,-0.09985561,-0.04329034,0.016144576,0.02483451,-0.031459708,-0.11638493,-0.17109734,-0.15573095,-0.08221199,-0.0046729418,0.022615928,-0.014919986,-0.08179844,-0.119367145,-0.089150615
-0.20293468,-0.18323252,-0.102732256,-0.020219425,0.0058183465,-0.03840327,-0.11221539,-0.14899741,-0.11022113,-0.013393634,0.08172402,0.11691028,0.077080704,0.0035772442,-0.03960592,-0.011666407,0.069906235,0.14581682,0.16032898,0.097831674,-0.00094579,-0.06910365,-0.0647203,-0.0038540505
-0.027900802,0.08132377,0.18373069,0.2164656,0.16824664,0.08787154,0.04460121,0.079440616,0.17059575,0.25189814,0.26004267,0.18564792,0.07762087,0.0079705445,0.017500592,0.0877404,0.15084128,0.14433685,0.060642373,-0.050737422,-0.118608996,-0.101470284,-0.018396357,0.062124602
-0.07434725,-0.007906944,0.014022392,-0.025150083,-0.09480427,-0.13787615,-0.115061484,-0.03658265,0.04800922,0.08572224,0.059079185,-0.0019598226,-0.04110455,-0.01912056,0.05466674,0.13084032,0.15677528,0.115438774,0.036493234,-0.02214529,-0.019792825,0.03418663,0.09110029,0.09969316
-0.0051280963,0.034734733,0.07532422,0.08543068,0.055238407,0.0025114908,-0.039112408,-0.04391434,-0.01630175,0.015090452,0.018715803,-0.014764856,-0.066939816,-0.1042592,-0.10257854,-0.065455474,-0.023457887,-0.008119867,-0.027633619,-0.06476753,-0.087629616,-0.07236388,-0.02306639,0.029391326
-0.05597986,-0.039653853,0.016158773,0.077372245,0.10498678,0.087641925,0.046459697,0.019523783,0.032469127,0.08090106,0.13135146,0.1466291,0.11514241,0.059135735,0.016293952,0.01370412,0.047188252,0.08435689,0.08810392,0.047740106,-0.014101451,-0.059871387,-0.06294289,-0.025646778
-0.11254577,-0.16129458,-0.1575103,-0.10423438,-0.041021332,-0.0101683345,-0.028198982,-0.073197365,-0.10144343,-0.08102597,-0.015103919,0.05796285,0.094201334,0.07751064,0.0291321,-0.0075227995,0.001015086,0.0516972,0.1064816,0.12251935,0.084496886,0.0140047455,-0.044938862,-0.05695328
-0.05054337,-0.09218909,-0.088801004,-0.05086437,-0.015873443,-0.019491926,-0.067450404,-0.13082813,-0.16889566,-0.15881653,-0.111129,-0.063103,-0.05129063,-0.0821648,-0.12799697,-0.14896858,-0.12244048,-0.059972666,0.00096182525,0.022890883,-0.0013175731,-0.043765306,-0.06518121,-0.0432132
0.014249222,0.08838797,0.15278618,0.15801574,0.09527974,0.004162267,-0.054950595,-0.048176732,0.005701759,0.05389643,0.047068164,-0.022523819,-0.114901766,-0.16981246,-0.15433782,-0.086291194,-0.021456754,-0.008337346,-0.055290554,-0.123456135,-0.15374184,-0.113557644,-0.023869012,0.060941286
-0.044301603,0.02774961,0.052092966,0.015117095,-0.049246963,-0.0837445,-0.052957464,0.029421357,0.11197601,0.14323667,0.108966194,0.04341539,0.0034365514,0.025019363,0.09484877,0.16220109,0.17558913,0.12187734,0.0364889,-0.022293927,-0.018343216,0.034823976,0.08790279,0.0908648
0.0913715,0.10668217,0.05542199,-0.028168688,-0.08442541,-0.07731388,-0.017595915,0.044226963,0.056989785,0.0064066676,-0.07356954,-0.1252636,-0.11105994,-0.04323721,0.027865991,0.050257467,0.009028745,-0.061751917,-0.104011305,-0.08124058,-0.006553313,0.069489464,0.095785975,0.05670293
0.13281249,0.16959997,0.16699484,0.13951242,0.12052088,0.13498724,0.17889534,0.22353509,0.23752855,0.20949818,0.15464427,0.1067016,0.09185571,0.107874446,0.12843186,0.12330399,0.08114973,0.017572483,-0.03393786,-0.046433166,-0.021684553,0.013577799,0.029019522,0.011087005
0.035855208,-0.052771073,-0.11577533,-0.117207296,-0.06725262,-0.0152159855,-0.011072841,-0.068921566,-0.15408576,-0.21021256,-0.20017758,-0.13452323,-0.063268006,-0.038069546,-0.07358854,-0.1376146,-0.17297165,-0.14327,-0.060149025,0.02555899,0.060731977,0.030590007,-0.032449145,-0.070800066
0.0142182,0.03873846,0.0051187202,-0.057083853,-0.095079094,-0.07301836,0.0009626285,0.08090705,0.11694004,0.09184399,0.034072924,-0.0036856763,0.0153352795,0.08292688,0.15293972,0.17547859,0.13351382,0.056782648,0.00016893516,0.0008859401,0.05071898,0.103039294,0.10987193,0.055342216
0.14742713,0.12738006,0.08554575,0.060104616,0.07565828,0.122483164,0.1655235,0.17083937,0.13025081,0.06814137,0.022993606,0.019584294,0.050059613,0.07977672,0.07618169,0.030988941,-0.03182411,-0.07350379,-0.06919589,-0.02759474,0.017224727,0.0315949,0.006634728,-0.03573167
0.03665899,-0.036709912,-0.072291896,-0.031520735,0.06711886,0.16152604,0.19147216,0.14686641,0.07071513,0.027432457,0.055344228,0.13768315,0.21322076,0.22336979,0.15725388,0.05885181,-0.0066727432,0.00013864684,0.06509273,0.12640114,0.12552215,0.05217485,-0.04913865,-0.11318986
-0.115858085,-0.1120538,-0.06499669,-0.0202334,-0.021649541,-0.07706304,-0.15242659,-0.19832739,-0.18524508,-0.12604341,-0.06585094,-0.04947965,-0.08626608,-0.14326201,-0.17141564,-0.14170738,-0.06670892,0.00692045,0.03263217,0.0012838605,-0.05391043,-0.08377714,-0.059272446,0.006803444
-0.036583405,-0.10084189,-0.14319308,-0.1349722,-0.08461756,-0.030545717,-0.011134279,-0.03724109,-0.083642036,-0.10913976,-0.08563248,-0.022593644,0.041243892,0.06689399,0.04393833,-0.0033705956,-0.03227965,-0.015121275,0.038018048,0.088333495,0.09889562,0.05993588,-0.004070622,-0.05046646
0.074075475,0.1166996,0.118164815,0.0728325,0.007903525,-0.037921105,-0.040793825,-0.010698385,0.01692489,0.00866444,-0.04145878,-0.107171185,-0.1489295,-0.14351512,-0.09980138,-0.05386098,-0.040783286,-0.06776414,-0.109993525,-0.12828784,-0.09886439,-0.03257935,0.033107962,0.0608743
-0.024326613,0.058852717,0.14589308,0.1845515,0.15785074,0.09757965,0.05757721,0.076028205,0.14328812,0.21127105,0.22737461,0.17654486,0.09075265,0.026271505,0.021293683,0.06890181,0.119798675,0.12209962,0.06216496,-0.027434828,-0.09062408,-0.08902984,-0.030119326,0.03612376
0.087955855,0.09788087,0.051760968,-0.01960695,-0.06770561,-0.06316008,-0.01509251,0.0335957,0.039349146,-0.0081980545,-0.078577615,-0.12317295,-0.111838505,-0.05470782,0.005047793,0.022614887,-0.013632864,-0.07235432,-0.10476205,-0.081446156,-0.013595236,0.054748077,0.077890635,0.045506794
