0.109663
0.068725
0.035161
0.080331
0.055743
0.054153
0.094563
0.033481
0.044760
0.059852
0.067498
0.035554
0.043135
0.023553
0.085259
0.102116
0.056994
0.083827
0.106808
0.060680
0.084433
0.040392
0.068009
0.078712
0.112313
0.027049
0.076866
0.067313
0.123187
0.084579
0.098913
0.041938
0.045493
0.025764
0.077350
0.106179
0.099038
0.060065
0.114513
0.090347
0.093178
0.092829
0.079924
0.097615
0.036281
0.075844
0.080593
0.102969
0.029482
0.067164
0.080568
0.059389
0.038168
0.087257
0.047839
0.086461
0.103724
0.107151
0.124460
0.060510
0.067466
0.052873
0.099289
0.078568
0.059921
0.080038
0.057874
0.108266
0.114848
0.092957
0.083941
0.097174
0.060232
0.065673
0.106021
0.072571
0.063251
0.048759
0.103611
0.037522
0.090384
0.071977
0.033481
0.032116
0.063732
0.098464
0.092769
0.077740
0.059703
0.058447
