0.024610
0.045792
0.013398
0.008870
0.009517
0.032756
0.011385
0.011218
0.013639
0.014553
0.014119
0.028647
0.009891
0.009108
0.017574
0.021672
0.007012
0.015044
0.010827
0.013439
0.029874
0.012019
0.013987
0.041301
0.013798
0.008135
0.007364
0.013258
0.014119
0.018574
0.008982
0.011658
0.012394
0.015085
0.040472
0.015933
0.009322
0.012546
0.016233
0.016827
0.008225
0.022226
0.015542
0.035998
0.021824
0.012573
0.021893
0.006520
0.015418
0.016571
0.021202
0.011527
0.013687
0.010298
0.014769
0.011546
0.051228
0.015298
0.021608
0.018186
0.013112
0.010556
0.014527
0.012651
0.010605
0.007993
0.023755
0.014525
0.012277
0.015740
0.009493
0.015078
0.022275
0.014275
0.012949
0.009197
0.034179
0.023184
0.015981
0.008765
0.013135
0.006938
0.024288
0.012005
0.006970
0.017450
0.013098
0.008004
0.013738
0.011763
0.019667
0.009769
0.009763
0.010018
0.010286
0.012931
0.023482
0.017961
0.012190
0.014504
0.024080
0.018804
0.018821
0.009093
0.011391
0.033085
0.009825
0.011729
0.013037
0.038765
0.024474
0.007867
0.010451
0.027863
0.014574
0.007869
0.015130
0.013144
0.017520
0.040249
0.012559
0.027896
0.014988
0.044297
0.053814
0.009901
0.009756
0.009034
0.009892
0.011759
0.009028
0.008424
0.026028
0.031301
0.019763
0.013629
0.035633
0.008727
0.018588
0.018752
0.021344
0.014208
0.008316
0.017020
0.023090
0.030346
0.029254
0.016318
0.042266
0.011348
0.016767
0.013219
0.024982
0.009208
0.031268
0.023890
0.009775
0.006846
0.009620
0.023667
0.014095
0.020964
0.047541
0.013049
0.019834
0.015458
0.012854
0.009214
0.016340
0.010881
0.020938
0.013223
0.023070
0.042209
0.017586
0.022779
0.016381
0.014077
0.010380
0.017966
0.012238
0.007100
0.012903
0.026842
0.017973
0.009369
0.011487
0.010343
0.032100
0.007527
0.019659
0.012036
0.016913
0.012454
0.016486
0.022536
0.022139
0.013791
0.015719
0.009440
0.031938
0.015016
0.011574
0.023215
0.013565
0.012014
0.010934
0.018892
0.011762
0.010695
