0.040155
0.019901
0.019836
0.020360
0.034773
0.053205
0.028988
0.015679
0.018472
0.024488
0.063932
0.023401
0.028137
0.021497
0.021697
0.048646
0.050036
0.031707
0.027486
0.012746
0.025054
0.023492
0.035857
0.015594
0.024757
0.018669
0.020723
0.029926
0.029942
0.049956
0.031530
0.020042
0.032211
0.010470
0.034074
0.024892
0.030384
0.021298
0.020168
0.033375
0.026528
0.032913
0.024124
0.025583
0.032714
0.035581
0.015216
0.015623
0.028954
0.020509
0.033749
0.014400
0.032766
0.018732
0.025420
0.022849
0.049193
0.034352
0.021288
0.022930
0.018048
0.025277
0.029035
0.032620
0.026793
0.045822
0.021442
0.017901
0.025126
0.016494
0.027256
0.029771
0.012338
0.024949
0.017530
0.025775
0.013442
0.027077
0.006673
0.039688
0.037885
0.019997
0.022715
0.020457
0.023444
0.018955
0.027085
0.017095
0.013882
0.020838
