0.006578
0.018679
0.026492
0.020688
0.048956
0.032608
0.027344
0.025567
0.011888
0.021323
0.028789
0.046871
0.018000
0.017456
0.016172
0.031338
0.016956
0.028965
0.016979
0.036128
0.028036
0.036767
0.016795
0.025307
0.021152
0.036986
0.023822
0.041059
0.015442
0.024764
0.025879
0.029150
0.035106
0.026764
0.047695
0.026386
0.014710
0.025846
0.044428
0.023612
0.042475
0.036035
0.046750
0.017277
0.024143
0.026412
0.035699
0.022187
0.019837
0.031007
0.020020
0.029167
0.039044
0.031623
0.017588
0.024343
0.022502
0.025722
0.034188
0.014438
0.026058
0.014455
0.038313
0.018231
0.021054
0.040736
0.031210
0.013295
0.031919
0.037122
0.031738
0.039826
0.015390
0.037611
0.025747
0.019819
0.018821
0.015093
0.021870
0.037554
0.029508
0.026364
0.021763
0.031492
0.048358
0.017056
0.024435
0.026255
0.030868
0.023990
0.038683
0.015336
0.015412
0.023259
0.043610
0.020520
0.013026
0.022437
0.016979
0.039900
0.023741
0.050070
0.037048
0.009767
0.030534
0.018712
0.021585
0.016929
0.034265
0.023182
0.021266
0.016670
0.020977
0.050000
0.025139
0.011769
0.015411
0.021061
0.025576
0.033038
0.040626
0.020205
0.019361
0.034593
0.012956
0.038768
0.029425
0.018630
0.019166
0.022900
0.011355
0.007348
0.022861
0.033228
0.016039
0.015265
0.023253
0.026942
0.020369
0.034404
0.019641
0.023870
0.022032
0.012582
0.013829
0.012106
0.031154
0.019851
0.032746
0.022354
0.017853
0.029898
0.029366
0.017769
0.042277
0.021855
0.042593
0.018077
0.034789
0.011787
0.024849
0.014179
0.015575
0.024780
0.021453
0.019531
0.017257
0.016567
0.023851
0.042652
0.013914
0.024458
0.030934
0.020598
0.054759
0.029655
0.023299
0.043034
0.023461
0.024112
0.024827
0.012658
0.016133
0.025149
0.017203
0.019160
0.077937
0.030131
0.045399
0.017319
0.024460
0.017355
0.052011
0.014644
0.042686
0.027721
0.031539
0.017336
0.016771
0.031154
0.025005
0.025700
0.035518
0.041013
0.043438
0.025922
0.028585
0.025875
0.024757
0.020336
