0.026056
0.028923
0.017364
0.014408
0.023778
0.031560
0.018849
0.008521
0.032874
0.009529
0.008983
0.025685
0.017080
0.009565
0.013254
0.020040
0.014279
0.015817
0.034040
0.008860
0.030979
0.038992
0.025314
0.013214
0.011047
0.023416
0.019573
0.005197
0.015410
0.011745
0.010617
0.024283
0.016328
0.023184
0.011283
0.014707
0.018125
0.033931
0.021400
0.033407
0.041268
0.020153
0.015410
0.019206
0.029987
0.020330
0.009959
0.019390
0.013965
0.040768
0.017834
0.012726
0.016593
0.013556
0.013788
0.008570
0.010723
0.014890
0.015956
0.027802
0.015209
0.022161
0.023708
0.030365
0.015343
0.017785
0.022964
0.023317
0.012161
0.019466
0.007500
0.010596
0.033361
0.022896
0.010694
0.008566
0.015146
0.035702
0.010127
0.037325
0.020995
0.014735
0.018600
0.012566
0.017480
0.015405
0.018361
0.008545
0.012362
0.013614
