AK,3.15,3.22,3.03,2.93,2.96,3.09,2.95,3.91,2.94,3.02,3.18,3.2,3.5,3.41,2.92,2.93,2.95,2.92,2.8,2.79,2.94,3.05,2.86,3.37,3.16,3.06,2.68,2.8,3.01,3.28,3.25,3.65,3.67,3.91,3.44,3.43,3.33,3.37,3.16,3.38,3.88,3.98,3.83,3.96,4.11,3.78,3.55,3.38,3.2,3.16,3.67,3.6,3.84,4.26,3.91,3.92,3.62,3.64,3.26,2.87,2.59,2.6,2.45,2.9,3.34,3.58,3.83,3.2,3.5,3.52,2.84,2.83,3.13,3.35,3.15,3.27,3.57,3.86,4.04,4.11,3.62,3.44,3.61,4.07,4.44,4.02,3.2,3.16,3.54,3.86,4.1,3.88,3.83,4.17,3.97,2.6
AL,0.33,0.33,0.33,0.33,0.33,0.33,0.33,0.35,0.38,0.33,0.33,0.35,0.33,0.33,0.33,0.34,0.33,0.33,0.32,0.33,0.33,0.33,0.33,0.28,0.36,0.36,0.34,0.33,0.33,0.33,0.33,0.34,0.33,0.33,0.33,0.33,0.33,0.33,0.33,0.33,0.33,0.33,0.33,0.33,0.33,0.32,0.33,0.33,1.77,1.57,1.62,1.62,1.67,1.41,1.54,1.6,1.6,1.61,1.6,1.62,1.71,1.67,1.66,1.79,1.7,1.6,1.63,1.57,1.64,1.63,1.66,1.67,1.56,1.6,1.6,1.58,1.56,1.57,1.54,1.54,1.57,1.55,1.6,1.59,1.88,1.8,1.84,1.81,1.78,1.7,1.74,1.73,1.79,1.78,1.82,1.82
AR,3.13,2.6,2.51,2.54,2.39,2.67,2.7,2.66,2.6,2.75,2.82,2.8,2.71,2.32,2.24,2.31,2.84,2.45,2.3,2.48,2.38,2.39,2.29,2.52,2.34,2.08,2.12,1.98,1.57,2.31,2.7,2.43,2.45,2.64,2.69,2.55,2.63,2.28,2.5,2.0,3.23,2.92,3.03,3.07,3.1,2.57,2.57,2.69,2.69,2.95,2.87,2.72,2.53,2.77,2.72,2.66,2.58,2.07,2.08,2.34,2.21,2.39,1.82,1.78,2.0,2.17,2.2,2.36,2.44,2.24,2.19,1.86,2.08,2.36,1.97,2.05,2.46,2.57,2.94,3.58,3.02,2.66,3.32,4.14,4.21,2.85,2.22,2.61,3.18,3.32,2.98,3.16,3.74,3.8,3.48,2.53
AZ,2.55,2.5,2.5,2.36,2.34,2.34,2.29,2.04,2.31,2.28,2.51,2.44,2.6,2.55,2.54,2.42,2.34,2.52,2.41,2.24,2.32,2.38,2.42,2.37,2.87,2.61,2.62,2.38,2.43,2.53,2.41,2.38,2.41,2.49,2.71,2.64,2.62,2.45,2.63,2.6,2.65,2.44,2.49,2.71,2.72,2.78,2.82,2.92,2.77,2.79,2.55,2.79,2.68,2.63,2.43,2.37,2.06,2.21,2.36,2.3,2.39,2.34,2.29,2.41,2.36,2.25,2.33,1.91,2.01,2.19,2.28,2.46,2.52,2.52,2.57,2.5,2.59,2.82,2.76,2.59,2.29,2.46,3.04,3.68,4.18,3.16,2.46,2.48,2.59,2.77,2.78,3.28,2.87,3.61,3.44,3.19
CA,3.02,2.87,2.7,2.79,2.83,2.9,3.23,2.87,2.84,2.82,2.96,2.99,2.91,2.84,2.64,2.69,2.63,2.78,2.71,2.78,2.76,2.8,2.78,3.25,2.87,2.56,2.37,2.88,2.47,2.59,2.73,2.82,2.8,2.92,2.91,2.75,2.74,2.69,2.9,2.86,2.97,2.84,2.81,2.77,3.08,2.84,3.05,2.86,2.83,3.09,2.98,2.62,2.57,2.57,2.45,2.53,2.23,2.48,2.22,2.39,1.94,1.95,1.89,2.12,2.03,1.84,2.18,2.25,2.06,2.14,2.15,1.9,2.29,2.25,2.42,2.22,2.14,2.56,2.42,2.77,2.34,2.37,3.0,3.81,4.14,3.21,2.25,2.3,2.55,2.67,3.72,2.79,2.74,3.18,3.3,2.65
CO,2.85,2.8,2.79,2.88,3.19,3.46,3.4,3.39,3.38,3.06,2.9,2.79,2.64,2.69,2.82,2.93,3.09,3.56,3.48,3.56,3.49,2.9,2.69,2.66,2.67,2.6,2.67,2.75,3.45,3.23,3.32,3.61,3.67,2.98,2.74,2.81,2.8,2.67,2.57,2.78,3.02,3.59,3.35,3.46,3.14,3.55,2.9,3.17,3.43,3.17,3.57,3.76,3.62,3.82,3.82,3.47,3.66,2.83,2.81,2.98,2.63,2.7,2.56,3.04,2.41,2.96,3.7,3.84,2.89,2.41,2.56,2.6,2.08,2.18,2.16,2.94,2.5,2.4,2.3,2.29,2.49,2.58,3.13,4.91,4.2,3.01,2.32,2.52,2.42,2.57,2.67,2.41,2.66,2.71,3.59,2.57
CT,3.86,3.79,3.5,3.21,3.1,3.47,3.78,3.59,3.72,3.64,3.94,3.89,3.56,3.82,3.5,2.78,3.13,3.54,4.22,4.27,3.96,3.4,3.27,3.4,3.39,3.37,3.18,3.75,4.76,4.96,4.12,4.23,4.13,4.02,3.8,3.59,3.7,3.27,3.31,4.32,5.51,4.61,5.37,4.04,3.94,3.6,3.2,4.1,3.51,3.71,3.16,3.8,4.36,5.4,5.37,5.09,5.09,4.37,4.7,4.63,4.42,4.73,4.88,4.74,5.28,5.11,5.54,5.3,4.8,4.27,4.13,4.6,5.55,5.37,4.66,5.22,4.94,5.03,4.75,4.42,4.65,4.46,4.6,6.15,5.82,6.0,4.82,4.94,4.81,4.76,4.55,5.33,5.29,4.96,3.87,5.55
DE,2.84,3.16,2.91,2.41,2.97,2.44,2.42,2.3,2.49,2.54,3.62,3.46,3.28,2.82,2.48,2.33,2.38,2.15,2.21,2.14,2.46,2.62,3.08,2.83,3.01,1.81,2.62,2.55,2.59,2.9,2.72,1.78,2.74,3.74,3.93,3.53,3.13,3.03,3.22,3.33,3.52,3.52,3.15,2.98,3.56,3.19,2.94,3.45,3.29,3.41,3.19,2.98,3.0,2.73,3.0,2.98,2.69,2.42,2.82,2.75,2.69,2.45,2.47,3.11,3.2,3.38,1.73,2.48,2.85,2.81,2.89,3.01,3.27,3.43,4.2,3.75,3.18,3.44,4.22,3.8,3.03,2.94,3.66,4.96,5.66,4.48,3.69,2.88,3.17,3.42,3.35,3.17,1.44,5.23,5.78,2.43
FL,3.05,2.98,2.57,2.48,2.45,2.37,2.31,2.32,2.65,2.9,3.0,3.17,2.89,2.55,2.42,2.25,2.45,2.37,2.16,2.3,2.43,2.59,2.66,2.68,2.56,2.31,2.34,2.39,2.29,2.37,2.41,2.58,2.64,3.16,3.19,3.07,2.9,2.63,2.64,2.9,2.89,2.81,2.57,2.76,2.8,2.64,2.6,2.9,2.73,3.66,3.3,3.18,2.86,2.64,2.56,2.54,2.33,2.35,2.45,2.54,2.42,2.39,2.71,2.92,2.53,2.75,2.5,2.47,2.75,2.75,3.05,3.32,3.84,3.6,3.83,3.97,3.39,3.31,3.57,3.54,3.03,3.28,3.9,4.8,4.61,4.56,4.04,3.62,3.09,3.5,3.41,3.31,3.82,4.64,4.45,3.85
GA,3.73,3.84,3.62,3.19,2.96,3.24,3.16,3.05,3.08,3.1,3.52,3.47,3.99,3.98,3.63,2.73,2.79,2.84,3.06,2.64,2.97,3.11,3.38,3.36,3.27,3.79,2.61,2.57,2.9,3.21,3.1,3.55,3.7,3.93,3.27,3.51,3.79,3.48,3.25,3.44,4.62,4.25,4.06,4.17,4.56,3.67,3.73,3.92,3.22,3.97,3.69,3.16,4.54,3.81,3.81,3.51,3.68,3.13,3.43,3.31,3.01,2.54,3.45,2.84,3.17,3.16,2.88,2.81,3.49,3.0,2.8,2.95,3.71,3.36,3.82,3.51,3.74,3.68,4.22,4.0,3.31,3.17,3.71,4.65,4.8,4.15,3.31,3.08,3.2,4.37,3.95,3.89,5.29,4.05,4.01,3.65
HI,7.18,7.27,7.24,6.96,7.29,6.24,5.85,6.28,7.54,9.65,10.42,10.09,9.17,9.99,8.62,8.18,8.57,7.22,8.76,8.99,8.75,9.12,8.64,8.93,7.53,7.22,7.4,7.64,7.6,7.55,8.08,8.27,7.87,8.17,7.81,7.59,6.49,7.01,5.46,5.69,5.72,5.62,5.46,5.18,5.17,5.23,5.13,4.91,4.33,4.32,4.54,4.64,4.66,4.94,5.22,5.34,5.33,5.41,5.05,5.52,4.85,5.14,5.42,4.52,4.38,5.98,6.12,4.25,5.78,5.9,5.43,4.65,5.6,5.49,5.53,5.74,6.32,6.27,6.34,6.05,6.0,6.33,6.3,6.67,6.16,7.73,6.5,7.21,6.47,5.46,6.59,6.35,6.11,6.09,6.22,6.23
IA,2.1,1.98,1.92,2.09,2.15,2.77,2.2,2.24,2.44,1.96,1.95,2.01,2.03,2.24,2.1,2.11,2.43,2.61,2.07,2.31,2.23,2.09,2.04,2.07,1.96,2.17,2.28,1.94,2.55,2.57,2.52,3.61,2.47,2.37,1.99,2.06,2.03,1.97,2.12,1.89,2.24,2.39,2.92,2.54,2.46,2.39,2.33,2.68,2.45,2.32,2.53,2.65,2.78,2.98,3.8,3.68,2.71,2.19,2.25,2.22,2.06,2.29,2.23,2.21,2.28,2.43,2.89,2.72,2.79,1.83,2.14,1.98,1.98,2.08,2.12,2.21,2.28,3.39,5.26,2.48,2.72,2.11,2.1,2.3,2.37,2.13,1.85,2.08,2.98,2.83,2.16,2.5,2.17,2.01,2.07,1.79
ID,3.91,3.72,3.28,2.85,2.48,2.75,2.57,2.64,2.8,2.62,3.4,3.56,3.39,3.27,3.09,2.85,2.52,2.54,2.47,2.47,2.66,2.85,2.99,3.36,3.52,2.99,2.71,2.97,2.72,2.89,3.08,3.19,3.36,3.6,3.47,3.53,3.75,3.48,3.26,3.43,3.4,3.18,3.28,3.25,3.37,3.0,3.25,3.08,3.06,3.39,3.55,3.28,2.86,3.33,2.62,2.93,2.65,2.38,2.8,2.82,2.47,2.28,2.33,2.4,3.16,3.14,3.45,3.02,3.58,2.94,2.32,2.53,2.66,3.73,3.49,2.93,2.83,3.12,3.69,3.25,2.8,2.65,3.25,4.05,3.79,3.3,2.43,2.48,3.06,3.11,2.81,3.37,3.78,4.0,3.72,2.92
IL,3.57,2.93,3.1,2.8,3.12,3.5,3.38,2.78,2.89,2.84,3.27,3.45,3.3,3.18,2.88,3.02,2.87,3.29,2.85,2.79,2.68,2.9,2.99,3.32,3.07,2.79,2.75,2.57,2.71,3.16,2.97,3.52,3.03,3.69,3.33,3.26,3.04,2.83,2.91,3.14,3.74,3.42,3.4,3.55,3.47,3.1,3.14,3.22,2.92,3.24,3.32,2.98,2.9,3.06,2.72,2.95,2.28,2.27,3.07,3.05,2.63,2.35,2.95,2.81,3.11,3.63,3.26,3.18,3.57,2.96,2.67,2.82,3.11,3.32,3.06,2.9,2.56,3.1,3.3,2.7,2.04,2.49,3.16,3.83,4.08,3.2,2.31,2.07,2.32,2.35,2.54,2.87,3.15,3.64,3.21,2.79
IN,3.55,2.77,2.62,2.48,2.79,3.06,2.98,2.85,2.87,2.49,2.69,2.89,2.64,2.58,2.48,2.4,2.9,2.67,3.38,2.84,2.86,2.94,2.76,2.86,2.64,2.58,2.72,2.48,3.77,4.12,4.16,3.86,3.89,3.97,3.44,3.21,3.02,2.81,2.94,3.55,4.28,3.6,3.52,3.44,3.81,3.17,2.9,3.55,2.84,3.28,3.54,3.36,4.07,3.6,3.45,3.84,3.34,2.56,2.83,2.86,2.63,2.44,2.78,2.97,3.1,3.39,3.55,3.48,3.41,2.84,2.63,2.73,2.62,3.03,2.82,3.13,4.19,4.61,7.45,7.96,4.28,3.12,3.46,4.09,3.98,3.66,3.05,2.83,3.5,4.75,6.62,5.86,5.39,4.98,4.85,4.45
KS,3.09,2.83,3.09,2.87,2.42,2.25,2.27,2.31,2.48,2.45,2.42,3.1,2.88,2.65,2.69,2.32,2.44,2.47,2.01,1.81,2.17,2.28,2.76,3.1,2.73,2.74,2.09,2.28,2.32,2.07,2.3,2.49,2.31,2.33,2.79,2.48,3.06,2.66,3.18,2.54,2.48,2.37,2.74,2.44,2.79,2.71,2.7,2.92,2.67,2.8,3.04,2.97,3.05,3.46,4.14,4.66,2.39,2.74,2.41,2.5,2.17,2.18,2.06,2.18,2.25,3.09,2.19,2.52,2.8,2.82,2.38,2.44,2.66,2.66,2.7,3.24,3.24,3.53,3.24,2.88,2.63,2.91,3.38,3.77,4.37,3.67,2.67,2.38,2.85,3.02,2.88,3.09,3.47,3.67,4.28,3.6
KY,3.45,3.36,3.34,3.29,3.29,3.05,2.74,2.48,2.38,2.57,3.04,3.13,2.97,2.89,2.9,3.26,3.35,3.11,2.48,2.34,2.32,2.64,2.83,3.0,2.95,2.89,2.85,2.89,2.89,2.98,2.57,2.74,2.76,3.53,3.28,3.26,3.11,3.08,3.22,3.24,3.88,3.38,2.97,3.05,3.25,3.1,3.28,3.28,3.25,3.37,3.42,3.32,3.56,3.06,3.04,2.72,2.32,2.74,3.16,2.99,2.8,2.72,2.95,3.14,3.32,3.18,2.92,2.8,2.51,2.61,2.45,2.87,3.19,3.05,3.29,3.5,3.83,3.08,3.07,3.04,3.16,2.94,3.59,4.4,4.17,3.47,3.41,3.62,3.3,3.69,3.68,3.62,3.57,3.83,4.28,4.07
LA,3.29,3.2,2.85,2.82,2.84,2.64,2.73,2.58,2.64,2.79,3.17,3.24,2.73,2.55,2.5,2.33,2.3,3.87,2.18,2.3,2.33,2.52,2.48,2.59,2.34,1.93,2.06,2.25,2.42,2.3,2.26,2.6,2.7,3.24,2.83,2.82,2.59,2.38,2.59,2.78,3.23,2.77,2.69,2.89,2.74,2.62,2.8,2.88,2.66,3.19,2.94,2.65,2.64,2.77,2.43,2.26,1.97,2.02,2.38,2.35,2.23,2.05,2.14,2.12,2.1,2.04,2.0,1.9,2.05,2.23,2.44,2.78,3.58,3.24,3.29,3.06,2.65,2.72,3.01,2.69,2.26,2.31,3.24,4.3,3.84,3.46,2.44,2.37,2.41,2.64,2.58,2.5,3.02,3.44,3.75,2.86
MA,3.13,3.59,3.06,2.69,2.79,3.05,2.72,2.67,2.92,2.91,2.91,3.94,3.98,3.77,2.4,2.48,2.68,2.78,2.53,2.49,2.64,2.65,2.98,3.6,3.45,3.39,2.59,2.44,2.66,2.82,2.72,4.19,2.8,3.45,3.41,4.0,3.69,3.53,3.66,3.31,3.67,4.67,4.77,4.2,4.31,3.96,3.28,3.14,4.04,3.85,3.81,3.2,2.92,2.16,2.09,1.17,0.88,1.2,2.54,3.51,3.21,3.5,2.43,3.41,2.72,5.81,5.99,5.13,3.54,2.72,3.03,3.08,3.95,3.89,4.01,5.34,5.61,5.51,5.04,4.35,3.91,3.93,3.64,4.34,4.96,3.52,4.26,3.43,4.69,4.53,4.34,4.43,3.79,4.11,2.72,3.1
MD,2.9,3.04,2.6,2.8,3.45,3.99,4.11,3.85,3.57,3.12,3.53,3.2,2.99,2.73,2.6,2.57,2.91,3.92,4.17,4.46,4.36,3.47,3.09,3.04,2.74,2.41,2.45,2.88,3.71,4.46,5.04,4.83,4.58,3.91,3.66,3.17,3.02,2.89,2.9,3.8,4.98,5.85,5.41,5.27,5.01,3.69,3.33,3.28,3.08,3.41,3.32,3.88,4.05,4.38,4.77,5.01,4.27,3.2,2.99,2.78,2.65,2.47,2.68,2.82,3.51,3.88,3.34,3.25,3.95,3.44,2.71,2.68,3.82,3.23,3.7,4.01,4.35,5.63,6.04,5.85,5.61,3.65,3.75,4.65,4.35,3.83,3.24,3.21,4.33,4.34,5.81,6.05,5.77,4.69,4.22,3.57
ME,3.51,3.73,3.28,2.96,2.84,3.28,2.81,2.84,3.35,3.09,3.59,4.18,3.89,3.86,3.07,3.1,3.21,2.54,2.84,3.17,3.27,3.24,3.43,3.8,3.67,3.47,2.97,2.91,3.66,3.77,3.35,3.24,3.4,3.88,3.95,3.89,3.81,3.53,3.94,3.92,4.42,4.81,4.77,4.72,4.37,3.79,3.69,3.75,3.58,3.68,4.04,4.33,4.69,5.3,4.52,5.85,4.81,3.55,3.58,3.14,2.93,3.02,2.98,3.22,4.71,4.58,4.64,4.57,4.78,4.13,3.14,3.35,3.48,3.17,3.32,3.97,4.37,6.05,5.53,5.68,5.36,3.6,3.72,4.82,4.24,4.12,2.97,3.26,2.86,5.61,5.29,4.91,5.0,4.52,4.14,3.09
MI,3.36,3.43,3.48,3.11,2.52,3.04,3.14,2.95,2.96,3.06,3.18,3.18,3.47,3.39,3.37,2.91,2.82,2.86,2.66,3.04,3.28,3.15,3.13,3.02,3.21,3.11,3.19,2.93,2.89,2.82,2.78,2.95,3.02,3.31,3.33,3.16,3.43,2.9,2.84,2.82,3.17,2.77,2.6,2.79,2.96,2.76,2.87,2.92,2.77,3.03,2.88,2.58,2.56,2.55,2.77,2.59,2.55,2.56,2.7,2.93,2.81,2.83,2.92,2.46,2.49,2.43,2.41,2.5,2.61,2.54,2.56,2.81,3.14,2.91,3.11,2.8,2.69,2.64,2.87,2.98,2.31,2.49,3.07,3.73,3.98,3.28,2.66,2.56,2.6,2.69,2.54,2.63,2.87,3.12,3.51,3.19
MN,3.4,2.72,2.6,2.35,2.66,3.22,3.09,2.87,2.91,2.43,2.75,2.89,2.69,2.11,2.42,2.39,2.71,2.85,3.19,2.96,2.83,2.7,2.54,2.95,2.68,2.3,2.47,2.26,3.02,3.25,3.12,3.34,3.28,3.57,3.31,3.32,2.97,2.78,2.94,2.98,3.82,3.45,3.48,3.39,3.41,2.84,2.96,3.43,2.69,2.83,3.09,2.66,3.37,3.16,2.99,3.21,2.98,2.45,2.74,2.78,2.43,2.38,2.49,2.27,2.56,2.91,2.79,2.84,2.63,2.43,2.5,2.65,2.9,2.78,2.79,2.73,2.82,2.88,4.14,3.32,2.91,2.65,3.19,3.78,4.51,3.48,2.7,2.41,2.64,3.49,3.92,2.97,4.02,4.26,4.52,4.06
MO,3.3,3.11,2.81,2.67,2.64,2.77,2.65,2.65,2.65,2.7,2.98,3.02,2.86,2.75,2.51,2.34,2.34,2.33,2.24,2.27,2.31,2.6,2.55,2.7,2.41,2.06,2.14,2.32,2.5,2.59,2.39,2.81,2.99,3.59,3.07,2.97,2.62,2.44,2.61,2.89,3.41,2.97,2.89,3.0,3.42,2.96,3.07,3.22,2.72,3.12,3.2,3.03,2.9,2.73,2.99,2.71,2.64,2.49,2.81,2.54,2.35,2.24,2.37,2.39,2.46,2.5,2.34,2.21,2.43,2.77,2.71,3.23,3.49,3.07,3.36,3.37,2.7,2.9,3.1,2.89,2.59,2.67,3.14,4.34,4.25,3.48,2.82,2.89,2.43,2.95,2.87,2.88,3.25,3.86,3.83,3.31
MS,3.24,3.21,3.16,2.71,3.4,3.55,3.57,2.97,3.35,2.78,3.18,3.06,2.93,2.68,2.92,2.7,3.01,3.05,2.89,2.84,3.07,3.11,2.98,3.04,2.88,2.46,2.59,2.6,2.85,3.2,2.74,3.39,3.52,3.56,3.16,2.78,3.37,2.87,2.96,2.91,3.9,3.81,3.63,3.79,3.88,3.37,2.89,3.14,2.76,2.81,3.34,3.76,3.7,3.38,5.03,4.61,4.08,3.16,2.64,2.43,2.39,2.28,2.48,2.83,3.08,3.99,4.06,3.97,3.85,3.21,2.55,2.57,2.52,2.59,2.61,3.2,3.86,4.51,4.82,5.13,4.14,3.47,3.2,4.03,4.07,3.51,2.79,3.12,3.96,5.32,4.62,4.8,5.08,4.66,3.92,3.13
MT,3.26,3.27,3.18,3.13,2.97,3.26,3.21,3.15,3.4,3.32,3.52,3.49,3.73,3.78,3.63,3.54,3.81,4.07,4.38,4.44,4.16,3.57,3.5,3.52,3.57,3.57,3.58,3.63,4.03,4.51,4.8,4.38,3.85,3.19,3.01,2.91,2.98,2.96,2.92,3.16,4.11,4.47,4.44,4.53,4.01,3.21,2.9,3.67,3.09,3.86,3.98,3.41,4.34,3.29,4.66,3.56,3.83,3.31,2.98,3.34,3.51,3.31,3.1,2.94,2.99,3.38,2.92,2.06,3.01,2.68,2.65,2.72,2.83,2.98,2.52,3.18,2.81,3.05,3.6,4.13,3.24,3.08,3.04,3.46,3.73,3.5,2.7,3.09,2.28,3.91,3.63,3.96,3.76,4.47,3.15,2.51
NC,3.5,2.76,2.78,2.59,2.85,3.2,3.1,2.93,3.11,2.62,2.9,2.97,2.68,2.57,2.68,2.69,2.9,2.9,2.97,2.78,3.0,2.85,2.62,2.88,2.71,2.36,2.46,2.47,3.07,3.28,3.18,3.23,3.47,3.55,3.15,3.09,2.92,2.78,2.78,3.19,3.94,3.49,3.37,3.51,6.24,4.28,3.96,3.96,2.73,2.92,3.17,2.95,3.94,3.85,3.38,3.5,3.28,3.22,2.65,2.38,2.38,2.2,2.47,2.18,2.68,2.69,3.42,3.11,2.97,2.8,2.43,2.34,2.66,2.45,2.71,3.04,3.41,3.5,3.3,4.83,2.85,2.93,3.11,3.99,4.42,3.75,3.02,2.28,3.11,4.09,4.96,5.51,7.03,5.76,6.3,5.31
ND,3.23,3.05,3.14,2.64,2.38,2.68,3.0,2.67,2.5,2.33,2.62,2.46,2.54,2.43,2.22,2.08,2.32,2.3,2.52,2.52,2.33,2.11,2.19,2.26,2.2,2.13,2.2,2.09,2.65,2.68,2.72,2.92,2.67,2.45,2.43,2.4,2.57,2.36,2.66,3.29,3.73,3.55,3.74,4.75,4.49,3.72,3.01,2.76,3.16,3.24,3.6,3.94,3.99,3.23,3.5,4.04,3.5,2.88,2.53,2.85,2.8,3.15,2.62,2.35,2.86,2.92,3.46,3.06,3.23,2.64,2.62,2.2,2.4,2.61,2.45,2.9,3.17,3.36,3.48,3.83,3.26,2.96,3.46,3.97,4.13,3.37,2.96,2.81,2.72,3.64,3.87,3.99,4.12,3.46,3.71,2.84
NE,4.02,4.12,3.44,3.06,2.91,3.12,3.32,2.95,2.92,2.85,3.49,4.17,4.05,3.99,3.13,2.74,2.86,3.0,2.87,2.8,2.79,2.88,3.31,4.01,3.88,4.0,2.93,2.92,3.31,3.62,3.27,3.83,3.16,3.7,4.02,3.96,3.78,3.3,3.68,3.42,3.86,4.46,4.55,4.4,4.37,3.66,3.74,3.76,3.79,4.04,3.98,3.37,3.61,3.15,3.2,2.94,2.67,2.33,3.41,3.54,3.49,3.44,3.19,2.81,2.93,4.4,4.56,3.7,3.33,2.89,3.44,3.6,4.14,3.99,4.06,4.09,4.17,4.64,5.03,4.47,3.86,3.19,4.15,5.01,4.93,4.42,3.99,3.15,3.66,4.34,4.28,4.45,4.02,3.95,4.02,3.72
NH,3.57,3.47,3.07,2.88,2.81,3.11,3.14,3.27,3.26,3.18,3.46,3.39,3.32,3.17,2.76,2.91,3.0,3.3,2.88,3.31,3.48,3.41,3.22,3.05,3.15,2.81,2.58,2.66,3.19,3.17,3.4,3.38,3.97,3.95,4.32,3.32,3.32,2.82,3.27,3.44,4.26,4.18,4.69,4.3,3.84,3.4,3.49,3.54,3.37,3.45,3.53,3.76,3.32,3.7,3.73,3.55,3.48,2.79,2.74,2.78,3.12,3.09,3.11,3.25,3.21,3.6,4.02,3.72,3.4,3.74,3.45,3.4,4.02,3.47,3.23,3.78,4.55,3.88,3.93,3.71,3.69,3.25,3.83,4.82,4.7,4.21,3.99,3.15,3.86,4.21,4.29,4.41,4.34,4.84,4.49,3.77
NJ,2.72,2.54,2.37,2.4,3.4,3.41,3.06,2.0,2.58,2.36,3.17,2.43,2.5,2.43,2.23,2.94,2.72,2.9,3.01,2.27,2.29,2.7,2.41,2.27,2.05,1.92,1.82,2.4,2.09,2.48,2.09,2.13,2.3,2.99,2.66,2.55,2.45,2.34,2.54,3.04,2.71,2.36,1.86,2.1,2.23,2.36,2.48,2.17,2.12,2.42,2.19,2.1,1.7,1.86,1.71,1.83,1.97,1.83,1.7,2.03,1.82,1.14,1.5,1.53,1.34,1.33,1.5,1.11,1.4,1.42,1.58,1.44,1.53,1.69,1.4,1.18,1.22,1.4,1.6,2.07,1.66,1.88,2.68,3.6,3.85,2.39,1.38,1.91,2.04,2.13,2.13,2.18,2.62,2.59,2.85,2.31
NM,3.37,3.23,2.98,2.92,2.63,2.76,2.77,2.74,2.79,2.66,3.28,3.54,3.36,2.92,2.79,2.77,2.64,2.69,2.53,2.55,3.09,3.02,2.9,3.14,2.88,2.49,2.57,2.67,2.91,3.11,2.92,3.15,3.37,3.75,3.47,3.34,3.1,2.91,3.11,3.64,4.08,3.73,3.49,3.25,3.78,3.44,3.11,3.39,3.07,3.34,3.34,3.04,3.21,3.08,3.01,3.13,2.76,2.66,2.78,2.63,2.55,2.44,2.31,2.3,2.42,2.4,2.2,2.12,2.32,2.53,2.61,2.98,3.57,3.38,3.5,3.4,3.18,3.17,3.13,2.91,2.61,2.86,3.03,4.38,4.45,3.65,2.85,2.69,2.64,2.87,2.59,2.79,2.92,3.68,14.26,3.33
NV,3.09,2.94,2.6,2.64,2.92,2.93,2.86,2.74,2.86,3.0,2.78,3.06,2.68,2.53,2.51,2.82,2.81,2.75,3.22,2.6,2.78,2.61,2.61,2.91,2.77,2.37,2.18,2.56,2.85,3.13,3.13,3.04,3.26,3.38,3.32,3.22,3.09,2.83,3.01,3.24,3.65,3.57,3.74,3.53,3.52,2.88,2.67,3.29,3.24,3.49,3.49,3.71,3.33,3.26,3.6,3.09,3.35,3.11,2.96,2.82,2.85,2.77,2.79,3.06,3.06,3.15,3.48,3.24,3.59,2.98,2.77,2.95,3.65,3.66,3.6,3.95,3.69,3.75,3.75,3.94,3.68,3.22,3.48,4.26,4.36,4.34,3.51,3.4,3.83,3.84,3.9,3.96,4.13,3.95,4.09,3.72
NY,3.0,3.13,2.94,2.86,2.83,3.03,3.12,2.74,3.05,2.81,3.23,3.42,3.52,3.38,3.28,3.32,3.62,3.93,4.33,4.38,3.98,3.47,3.33,3.42,3.44,3.34,3.2,3.21,3.36,3.55,4.16,3.79,3.38,3.16,3.09,3.06,3.11,2.97,3.01,3.24,4.05,4.23,4.57,4.45,3.66,3.19,2.88,3.38,2.64,3.67,3.71,3.06,3.88,3.24,3.75,3.17,3.39,3.29,2.98,2.67,3.11,2.78,2.66,2.43,2.45,2.45,2.25,1.95,2.49,2.31,2.25,2.55,2.94,2.82,2.45,2.62,2.64,2.78,2.9,3.44,2.54,2.49,3.1,3.8,4.22,3.59,2.43,2.5,2.95,3.17,3.14,3.36,3.53,3.73,4.01,3.01
OH,3.01,3.16,3.16,2.74,3.03,3.12,3.03,2.88,2.66,2.86,3.34,3.27,3.07,3.09,3.0,2.9,3.31,3.42,3.29,3.37,2.88,2.59,3.05,3.12,2.96,2.98,2.87,2.96,3.35,3.43,3.72,3.71,3.6,3.84,3.51,3.69,3.4,3.43,3.44,4.28,4.27,4.23,3.82,3.87,3.76,3.04,3.48,3.25,3.48,3.47,3.62,3.56,3.38,3.38,3.53,4.18,2.83,3.48,3.35,3.48,4.18,3.76,3.91,3.95,4.12,4.19,4.63,4.87,3.85,4.01,3.34,3.46,3.81,3.8,3.9,4.06,4.87,8.17,4.53,5.58,6.12,5.06,4.95,4.79,5.24,5.41,5.01,5.79,5.96,6.45,7.16,5.51,4.91,5.09,4.66,4.35
OK,2.19,2.14,2.03,2.01,1.83,1.86,1.73,1.74,1.69,1.86,2.17,2.24,2.16,1.95,1.98,1.76,1.78,1.9,1.69,1.77,1.79,2.29,2.37,2.15,2.17,2.07,2.06,2.11,2.97,1.88,1.82,1.79,1.84,2.44,2.52,2.38,2.5,2.4,2.44,2.26,2.54,2.1,1.8,2.0,2.39,2.42,2.65,2.79,2.67,2.68,2.75,2.55,2.35,2.19,1.67,1.85,1.6,1.69,2.0,2.67,2.84,2.72,2.72,2.57,2.46,2.35,2.33,2.39,1.93,1.97,2.24,2.27,2.46,2.6,2.58,2.53,2.61,2.4,2.51,2.65,2.53,1.99,2.44,2.84,3.52,3.68,3.09,2.22,2.22,2.66,3.23,2.66,2.58,3.04,3.19,3.33
OR,2.53,2.38,2.43,2.55,2.51,2.9,2.61,2.53,2.54,2.3,2.55,2.38,2.39,2.56,2.29,2.2,2.3,2.37,2.64,2.42,2.56,2.29,2.45,2.43,2.4,2.27,2.35,2.22,2.59,2.14,2.25,2.41,2.27,2.35,2.36,2.39,2.22,2.26,2.16,2.18,2.74,2.83,2.51,2.61,2.52,2.65,2.54,2.94,2.77,2.7,2.69,2.78,3.08,2.74,2.96,2.81,2.81,2.72,2.71,2.49,2.4,2.55,2.41,2.38,2.77,2.69,3.16,2.82,2.96,2.41,2.36,1.71,2.06,1.96,2.19,2.27,2.4,2.11,3.89,3.15,2.98,2.24,2.41,2.95,2.95,2.35,1.92,1.95,3.02,3.0,3.45,4.01,3.12,2.48,2.73,2.42
PA,3.36,3.28,3.18,3.39,3.51,3.74,4.17,4.17,4.12,3.77,3.54,3.24,3.1,3.01,2.91,3.18,4.06,4.09,3.98,4.06,3.87,3.56,3.14,3.03,2.86,2.72,2.77,3.06,3.62,4.01,3.92,4.32,4.2,3.82,3.61,3.37,3.02,2.93,3.14,3.56,4.18,4.69,3.95,4.42,4.32,3.46,3.03,3.39,3.27,3.56,3.52,3.46,3.7,4.09,3.74,4.16,3.14,3.38,3.28,3.19,3.36,2.92,2.89,2.94,3.21,3.73,4.04,3.97,3.34,3.22,2.63,2.95,3.2,3.16,3.32,4.25,3.9,4.62,5.13,4.86,4.39,3.85,3.92,4.24,4.22,4.12,3.48,3.48,4.3,4.9,4.32,4.95,4.22,4.6,4.2,3.84
RI,3.68,3.71,3.61,3.32,3.79,4.07,4.21,3.84,3.59,3.44,3.74,3.91,3.74,3.66,3.35,3.55,3.62,3.73,3.95,3.57,3.67,3.95,3.88,3.6,3.52,3.4,3.06,3.38,3.99,4.21,4.26,4.87,4.58,4.45,4.49,3.67,3.57,3.12,3.34,4.09,6.59,6.17,7.73,6.64,7.37,4.78,4.75,3.93,3.5,3.67,4.0,4.59,6.3,5.4,6.27,6.17,5.39,3.98,3.36,3.16,3.04,2.71,2.76,3.25,4.2,5.53,6.46,5.85,5.28,4.54,3.13,3.34,3.28,3.92,3.85,3.53,5.06,6.42,7.46,6.51,5.94,3.91,4.04,5.2,4.85,4.26,3.16,3.46,4.81,6.42,7.53,6.64,5.71,4.53,4.46,4.02
SC,3.54,3.45,3.2,3.12,3.24,3.15,2.65,2.64,2.46,2.85,3.4,3.66,3.45,3.4,2.77,3.23,3.0,3.08,2.05,2.01,3.01,3.55,3.05,3.34,3.24,2.99,2.7,2.75,2.93,3.1,3.22,3.38,3.48,3.74,3.56,3.56,3.39,3.27,3.09,3.48,4.2,3.93,4.25,4.18,4.02,3.49,3.35,3.49,3.33,3.71,3.92,4.27,4.01,4.05,4.2,3.61,3.72,3.37,3.58,3.31,3.08,3.17,3.07,3.04,3.47,3.74,3.71,3.43,3.63,3.04,3.16,3.27,4.01,3.77,3.94,3.96,3.96,3.49,4.01,3.87,3.53,3.26,3.76,4.6,4.2,3.97,2.95,3.25,3.54,3.78,3.74,3.86,4.03,4.15,4.13,3.72
SD,3.44,2.97,2.89,2.66,3.04,3.61,3.45,3.46,3.48,2.82,3.08,3.21,3.16,3.01,2.98,2.85,3.14,3.71,3.65,3.59,3.56,3.13,2.83,3.15,2.95,2.86,2.98,2.42,3.42,3.68,3.91,4.09,3.25,2.83,3.18,3.29,3.07,2.98,3.12,3.36,4.31,4.31,4.42,4.69,3.61,3.19,2.93,3.58,2.96,3.32,3.67,3.23,3.74,4.67,4.93,4.28,4.31,3.23,2.97,2.91,2.82,2.8,2.8,2.64,2.99,3.84,3.86,3.93,3.51,2.73,2.62,2.68,2.54,2.79,2.84,2.63,2.92,3.96,4.74,6.37,3.4,2.87,3.37,3.98,4.1,3.95,2.78,3.02,3.75,4.58,4.4,4.26,4.03,3.43,3.68,3.46
TN,3.16,2.76,2.68,2.52,2.75,2.77,2.86,2.56,2.67,2.55,3.1,3.27,2.79,2.44,2.44,2.64,2.83,2.81,2.59,2.74,3.06,2.96,3.02,2.72,2.47,2.26,2.36,2.68,3.01,3.09,2.94,3.41,3.41,3.66,3.4,3.2,2.95,2.81,3.07,3.29,3.8,3.39,3.34,3.39,3.91,3.38,3.03,3.57,1.81,3.24,3.48,3.18,2.85,2.81,3.57,2.9,3.79,2.59,2.89,2.52,2.46,2.7,2.36,2.69,2.68,3.25,3.1,2.64,2.72,2.69,2.68,3.01,4.5,4.56,3.29,3.28,3.72,3.67,3.48,3.7,3.4,2.92,3.71,6.64,4.1,3.73,5.15,2.51,2.96,2.82,2.71,2.51,2.78,3.93,4.37,3.66
TX,3.33,3.26,3.12,3.01,2.93,2.85,2.87,3.14,2.88,2.72,3.29,3.5,3.4,3.16,2.68,2.62,2.46,2.53,2.48,2.47,2.6,2.91,3.0,3.1,2.98,2.78,2.77,2.83,2.85,2.78,2.71,2.94,3.01,3.61,3.47,3.47,3.44,3.21,3.18,3.11,3.38,3.18,3.08,3.19,3.43,3.24,3.48,3.58,3.21,3.26,3.27,2.98,2.84,2.59,2.66,2.66,2.72,2.73,3.04,3.2,3.02,3.05,3.15,3.19,2.72,2.81,2.63,2.62,2.74,2.75,2.97,3.06,3.2,3.13,3.05,3.13,2.81,2.91,3.04,2.97,2.87,2.73,3.49,4.21,4.7,4.16,3.01,2.38,2.5,3.01,3.23,3.11,3.21,3.57,3.86,3.97
UT,3.37,3.33,3.75,4.55,4.75,5.23,5.27,4.87,5.26,4.38,4.06,3.55,3.57,3.76,3.96,4.28,4.43,5.43,5.3,5.53,5.5,4.13,3.91,3.04,3.26,3.54,4.17,5.26,8.05,7.48,7.72,7.45,9.36,4.71,3.95,3.0,2.94,2.89,3.49,3.74,5.61,2.71,2.89,2.3,2.2,1.53,1.85,2.85,2.87,3.11,3.29,2.88,2.71,5.18,4.24,3.62,4.81,3.91,3.24,3.66,3.46,4.06,3.33,2.48,2.55,3.41,2.56,2.4,3.16,2.18,2.46,2.43,2.27,2.1,2.34,1.98,1.93,2.12,2.15,2.08,2.22,1.66,3.32,2.39,2.65,2.76,2.69,2.15,1.93,2.35,2.83,3.02,2.81,2.64,3.07,3.46
VA,2.7,2.77,2.86,2.7,2.84,3.42,3.49,2.76,2.95,2.98,2.99,2.82,2.78,2.89,2.69,3.07,2.97,2.62,2.9,2.75,3.62,2.87,2.98,2.78,2.76,2.76,2.65,2.76,3.04,3.25,3.25,4.17,4.06,2.95,2.86,2.6,2.52,2.54,2.57,3.03,3.85,3.99,3.78,4.38,3.8,2.98,2.74,2.59,2.86,2.99,2.98,3.32,3.83,4.33,4.77,4.83,1.54,3.68,2.69,2.39,2.45,2.4,2.35,2.68,3.56,3.37,3.2,3.04,3.16,2.89,2.19,2.38,2.93,2.82,2.83,3.1,2.66,3.01,3.68,2.69,2.36,2.18,2.49,2.67,1.57,2.16,2.26,2.39,2.77,2.58,2.41,2.33,2.29,2.34,2.77,2.64
VT,3.4,3.16,2.67,2.61,2.97,3.68,3.2,2.6,2.74,2.77,3.45,3.44,2.92,2.77,2.53,2.69,3.01,2.52,2.43,2.31,2.58,2.83,2.9,3.04,2.93,2.34,2.14,2.33,2.8,2.69,2.87,3.63,3.26,3.7,3.83,3.32,3.24,3.18,3.14,3.36,3.73,3.43,3.29,3.41,3.53,3.16,3.4,3.55,3.41,3.52,3.41,3.81,3.56,4.21,3.45,3.68,3.2,3.62,3.15,3.15,2.97,2.88,2.81,2.78,3.36,3.46,3.0,3.08,2.22,3.4,2.57,3.1,3.88,3.36,3.58,3.38,4.0,4.93,4.52,4.42,3.4,3.34,3.69,5.13,5.04,3.96,3.49,3.28,5.12,3.77,4.27,4.47,4.69,4.71,4.11,3.69
WA,2.32,2.05,1.84,1.82,1.71,1.83,1.88,1.84,1.89,1.85,1.96,1.98,2.02,1.87,1.89,1.76,1.65,1.74,1.9,1.84,1.87,1.97,2.0,2.1,1.76,1.77,1.8,1.63,1.84,1.87,1.96,1.93,1.99,2.0,1.98,2.16,2.18,2.11,2.06,1.85,2.52,2.56,2.37,2.35,2.89,2.76,2.98,2.56,2.52,2.35,2.46,2.34,2.55,2.38,2.2,2.3,2.33,2.89,3.14,2.64,2.4,2.46,2.44,2.21,1.92,1.93,1.79,1.98,2.06,2.02,2.14,2.07,1.98,2.12,1.99,2.23,2.3,3.39,3.57,3.21,2.71,1.94,2.5,3.14,3.45,2.62,1.89,2.7,2.53,2.28,2.53,2.41,2.44,2.27,2.82,2.39
WI,3.32,3.54,3.03,3.52,3.95,4.89,5.31,5.76,5.52,3.41,3.03,3.14,3.02,2.8,4.11,4.23,4.87,3.53,8.65,3.65,4.25,3.45,3.15,4.18,3.14,2.8,1.93,2.29,4.05,4.36,7.91,5.74,6.2,4.59,3.99,3.36,2.96,2.94,2.94,3.32,1.94,4.77,5.73,7.55,4.95,3.66,4.46,3.52,3.23,3.52,3.73,3.11,3.46,2.97,3.16,3.48,3.45,2.94,2.78,3.05,2.8,2.56,2.87,2.63,2.99,2.83,3.4,3.13,3.46,3.48,2.26,3.04,2.6,3.54,3.36,3.21,3.54,3.49,3.85,4.43,3.74,3.57,3.25,3.53,3.61,3.54,2.17,2.88,3.02,3.9,1.87,3.9,3.53,3.62,3.07,3.11
WV,3.4,3.38,3.1,3.05,3.22,3.87,3.9,3.99,3.46,3.04,3.27,3.4,3.3,3.01,2.82,2.77,3.08,3.78,3.8,3.75,3.56,3.26,3.15,3.15,3.02,2.88,3.03,3.12,3.45,3.84,4.76,4.94,4.47,3.97,3.48,3.17,3.06,2.95,3.15,3.86,5.43,5.65,5.71,6.22,5.25,3.99,3.31,3.41,2.99,3.23,3.42,3.3,4.3,4.48,5.28,4.31,4.73,3.39,2.96,2.8,2.63,2.61,2.75,2.64,2.81,4.15,3.81,3.71,3.37,2.99,2.48,2.75,2.87,2.78,2.88,3.48,3.43,5.09,4.8,4.98,4.11,3.17,3.61,4.12,4.13,3.54,2.89,3.11,3.49,5.09,3.71,5.12,4.63,3.91,3.75,3.32
WY,2.81,2.94,2.88,2.86,4.65,3.63,3.27,3.88,3.37,2.56,2.68,2.77,3.12,3.15,3.11,3.08,3.39,3.72,3.68,3.52,3.04,2.76,2.65,2.83,2.95,2.95,2.83,3.23,3.43,3.63,3.36,3.32,3.01,2.66,2.55,2.69,2.71,2.63,2.89,3.07,3.77,2.83,3.05,2.86,2.49,2.51,2.46,3.04,3.21,3.3,3.21,3.05,3.73,2.87,2.97,3.07,2.61,2.19,2.14,2.99,2.88,2.75,2.84,2.63,2.8,2.64,2.49,2.67,2.67,2.67,2.67,2.67,2.14,2.45,3.07,2.32,2.12,2.4,2.44,2.92,2.84,1.91,2.18,2.55,4.22,3.61,3.19,2.48,1.64,2.85,2.94,2.9,3.35,3.25,3.61,2.93
