-0.016854972,-0.0039314004,0.021978308,0.049929176,0.05141488,0.048198126,0.04118019,0.03486316,0.020635996,0.020947268,0.0006783438,-0.019633457
-0.057157565,-0.022385105,0.014543324,0.051246297,0.058652926,0.028825823,0.010759315,0.029389521,0.033974145,0.030370377,-0.0005375382,-0.044648323
-0.08371098,-0.07178225,-0.052586835,0.01913314,0.038523078,0.052608974,0.045298383,0.037664674,0.040611647,-0.004244841,-0.031636484,-0.060653687
-0.094636634,-0.079863384,-0.03347123,0.032758307,0.07341275,0.091297835,0.0861045,0.09449923,0.07019123,0.05095136,-0.019437365,-0.08409198
-0.0072644236,-0.026180739,-0.014580765,-0.012599256,0.0071935016,0.019288488,0.031209573,0.031592,0.017528646,0.011013762,-0.003637177,0.010124159
-0.031915646,-0.028129466,-0.020591723,0.0035963107,0.031389542,0.016054144,-0.0029363944,-0.0011741107,0.0002379465,0.0085414285,0.0027254438,-0.018118644
-0.040378302,-0.031925257,-0.014556544,0.008606238,0.018540243,0.025192916,0.016983299,0.03156097,0.030488893,0.016568838,-0.012795524,-0.038054634
-0.07149561,-0.06729912,-0.07164224,-0.04938524,0.0834579,0.22521943,0.2969083,0.27061445,0.16242512,-0.011275958,-0.095874034,-0.07844728
-0.09603489,-0.08498171,-0.05654337,-0.010908923,0.029225362,0.10047314,0.09690099,0.10027562,0.08955097,0.022037324,-0.020615414,-0.059526045
-0.018978635,-0.0073711267,-0.0062981984,-0.003853954,-0.009229739,-0.018514708,-0.036674477,-0.030828644,-0.025006011,-0.03596226,-0.019830903,-0.013751328
-0.10666841,-0.06912156,-0.039084297,0.0065077124,0.046003606,0.10826089,0.13293834,0.14596489,0.08477507,-0.023729464,-0.076998465,-0.10795473
0.06096316,0.066755995,0.07167667,0.048102677,0.04303152,0.030566407,0.016576706,0.0110208625,-0.0016033779,0.009860939,0.0047381846,0.01916777
-0.06074597,-0.04402569,-0.025690379,0.055108666,0.09793314,0.09594058,0.13848393,0.1479946,0.09352486,0.057746466,0.040527277,-0.04995221
-0.059582863,-0.05391995,-0.059948087,-0.030165084,-0.006909639,0.021305181,0.026854448,0.026399467,0.009515872,-0.0025499966,-0.018666377,-0.048939776
-0.12880857,-0.09931171,-0.023407284,0.042620704,0.077969715,0.10851062,0.089069486,0.111095876,0.09466289,0.017042423,-0.062445454,-0.10691912
-0.09851142,-0.08709829,-0.022621555,0.06767935,0.07313914,0.057485953,-0.0002610969,-0.00438427,0.026581801,0.05070794,0.011740849,-0.05540832
-0.08013136,-0.06693209,-0.039398253,-0.0043996535,0.029092178,0.044153113,0.033752773,0.08639917,0.027864967,-0.01239326,-0.052338827,-0.08493748
-0.09869885,-0.060953684,-0.029526172,0.0057164766,0.039052315,0.076744206,0.022373201,0.03261049,0.05885083,-0.0058874143,-0.054095097,-0.08317502
0.011059525,0.039524242,0.051013377,0.008889664,-0.025478888,-0.003403753,0.021553652,0.04316013,0.04372637,0.026104597,0.004905719,-0.007941249
0.0020147532,-0.030486023,-0.028470278,-0.07159102,-0.0146877095,0.035051845,-0.01633195,-0.010410026,-0.005463674,0.009381848,0.029475475,0.05807121
-0.12774314,-0.10192693,-0.07490811,-0.017084686,0.07062069,0.15687221,0.16101237,0.16176444,0.08783709,-0.027905975,-0.09729884,-0.123659186
0.007903349,0.0007427775,-0.003927213,-0.007814693,-0.010138644,-0.009302342,-0.004412142,-0.0038413228,-0.0021842248,0.0004735713,0.0074698883,0.01509356
-0.015808368,-0.018242542,-0.024764813,-0.02850476,-0.022992915,0.010126956,0.021186555,0.028714156,0.0012245063,-0.017361026,-0.021714566,-0.015418883
-0.06360625,-0.02463678,-0.034034077,-0.012476755,0.024153335,0.0763219,0.07165193,0.060545407,0.031938333,-0.02212374,-0.042234935,-0.058600403
-0.18378083,-0.14914812,-0.09397168,-0.008637824,0.0882056,0.22496957,0.2181431,0.20697601,0.12135738,-0.046572726,-0.10836872,-0.14720367
-0.0575189,-0.055546395,-0.04368088,0.012264943,0.0462184,0.020229438,-0.00080698554,0.0010425164,0.002051233,0.017489463,-0.0031697454,-0.03579701
0.0015560978,-0.013114649,-0.028419638,-0.045414153,-0.022154454,-0.006129074,-0.0067746053,-0.008700541,-0.0034829788,-0.0046453327,0.0037234232,0.021911195
-0.064080685,-0.05396314,-0.019684006,0.0013375949,0.0039333687,0.0066736266,0.026306905,0.03264772,0.031415515,0.032805752,-0.025145382,-0.051870797
-0.14227244,-0.1046421,-0.067603566,0.00080133555,0.06022181,0.119109385,0.13717617,0.15684436,0.11698593,0.036463086,-0.055749327,-0.115705505
-0.15358527,-0.106201544,-0.06734637,-0.012411725,0.059461728,0.22328185,0.21494362,0.20224181,0.16061524,-0.024533352,-0.05989874,-0.10047837
-0.049534425,-0.070531346,-0.06037557,-0.04802389,-0.030876392,0.004237646,-0.00040469356,0.0043733236,0.0101335365,0.011130407,0.005525581,-0.005893251
-0.048834525,-0.04021726,-0.035283383,-0.014632752,0.004060923,0.03714833,0.054992672,0.058084976,0.037671052,-0.006586988,-0.027650215,-0.040522363
-0.016295437,-0.024171956,-0.010471048,0.02521587,0.027814185,0.0051126475,0.0045302743,-0.004480407,0.010294549,0.02134894,-0.0060898736,-0.011020551
0.03578862,0.037931774,0.070235245,0.06030536,-0.00014760047,-0.035736628,-0.046395265,-0.038989045,-0.025714675,0.028510597,0.042370245,0.008735056
-0.019936996,-0.020525353,-0.0147484895,-0.012267137,0.0003451702,0.044903282,0.05504098,0.051105376,0.03535109,0.0010834822,-0.014298744,-0.019299325
-0.09886463,-0.07450818,-0.027232628,0.017870964,0.052342437,0.095901705,0.083726935,0.10235253,0.093907304,0.033153903,-0.03207955,-0.08000188
-0.13823135,-0.09819198,-0.026584646,0.019706104,0.08595954,0.11524056,0.08742686,0.10867897,0.057429954,0.023310898,-0.045912616,-0.100323275
-0.05988863,-0.053087898,-0.048330944,-0.030240266,-0.008736276,0.0076065534,0.006717848,0.025218809,0.01250811,-0.0062379506,-0.014214345,-0.025786815
-0.07191922,-0.06685265,-0.047483932,-0.010053127,0.027523112,0.074746944,0.09847178,0.09148601,0.06717155,0.01662793,-0.032055624,-0.045641568
-0.05505173,-0.08464536,0.018866846,-0.09759275,-0.06369547,0.017323708,0.0064715887,-0.051541764,-0.031982493,-0.016379157,-0.07016755,0.028146349
-0.040765394,-0.04545431,-0.018241556,0.0053245304,0.011790482,0.018941397,0.003284759,-0.0025031124,-0.0017397958,0.0031433292,0.0014806598,-0.016255083
-0.05082751,-0.04207774,-0.009249285,0.027153919,0.06655387,0.10691036,0.09118399,0.08484351,0.069093145,0.040592257,-0.0071203555,-0.040171772
0.015297423,0.006498525,0.026030635,0.04252519,0.04712915,0.021566628,0.013898941,0.014186561,0.026292536,0.072844595,0.05583808,0.021102251
-0.081270866,-0.06420458,-0.025057878,0.032093253,0.06252094,0.09313197,0.060394697,0.07938007,0.084560595,0.055338588,-0.01920103,-0.078454
-0.012837468,-0.014522697,-0.025760679,0.034424063,0.001191025,0.00034153846,-0.0011201774,-0.010103448,-0.007029923,0.00073810533,-1.0726117e-05,-0.013329871
-0.10570298,-0.07965167,-0.029787652,0.015575373,0.048909344,0.08197585,0.08012095,0.09159156,0.05668977,0.021963406,-0.05891306,-0.10149625
0.09063577,0.045188863,-0.044675596,-0.14645784,-0.124323264,-0.10385465,-0.10075223,-0.13406773,-0.099506296,-0.079335764,-0.009228103,0.13065377
0.033398088,0.024417913,-0.012294799,-0.07179481,-0.10508436,-0.07840054,-0.057105325,-0.04709362,-0.021097733,-0.007021506,0.02211469,0.04120672
0.0068402155,0.014183256,0.022851387,0.03372768,0.051885422,0.071119614,0.0188364,0.01175012,0.017901625,0.013601056,0.011252508,0.001779764
-0.062079884,-0.045032702,-0.0064537423,0.037565157,0.027787784,0.022818357,-0.0007052408,0.0009160432,0.019669505,0.021397999,-0.01709552,-0.04852335
-0.077849455,-0.06853047,-0.03838243,0.008964457,0.0351335,0.05009057,0.055072658,0.0540365,0.050912082,0.046700135,-0.014703564,-0.0563527
