-0.03422578,-0.02147871,0.0024573854,0.027928911,0.032614946,0.027338466,0.020685477,0.012984368,0.002433278,0.006823248,-0.008646818,-0.034151044
-0.06641119,-0.034268383,0.004734046,0.034001555,0.045924358,0.01643141,-0.0014656832,0.011964821,0.019927355,0.023491254,-0.006894261,-0.050113823
-0.074716814,-0.06735322,-0.04470061,0.017200692,0.04043425,0.05084618,0.04664994,0.02949095,0.041582182,0.0017687258,-0.027382715,-0.05358769
-0.10352051,-0.09533034,-0.04704685,0.0056573492,0.056270603,0.06959071,0.065729536,0.064795166,0.05163713,0.040702958,-0.0237516,-0.09165749
-0.012719095,-0.03042038,-0.018798513,-0.01739314,0.003246151,0.014726569,0.026313849,0.02734009,0.011112743,0.0067623667,-0.00823702,0.005448074
-0.028101753,-0.028081626,-0.016322307,0.0030807054,0.031746175,0.017867241,-0.0008541383,-0.0013606362,0.00038720452,0.010867585,0.003668488,-0.013988756
-0.039593346,-0.03402643,-0.015289865,0.0024912197,0.015669754,0.02102398,0.014042195,0.02409677,0.027498124,0.016635465,-0.012288892,-0.036851134
-0.11850993,-0.110991485,-0.11906741,-0.10567056,0.038812667,0.16735384,0.23997016,0.20997845,0.11321881,-0.039921205,-0.11423446,-0.114849046
-0.10191385,-0.09403794,-0.06558026,-0.028958282,0.020128408,0.08411815,0.08426844,0.078615695,0.073736474,0.017472045,-0.025388842,-0.06474618
-0.0005793487,0.0074185687,0.011469898,0.011957352,0.005060026,-0.0031810221,-0.019930307,-0.015858725,-0.011009025,-0.021209655,-0.011337623,0.0020536846
-0.10845251,-0.07677096,-0.04690159,-0.014862295,0.035700224,0.08882761,0.11561421,0.1181353,0.06990632,-0.024022294,-0.076640464,-0.10910532
0.02866529,0.039257977,0.03901822,0.022099888,0.014274004,0.00324991,-0.011702795,-0.010595989,-0.023394516,-0.011862931,-0.008883589,-0.0061051385
-0.09760311,-0.079647906,-0.06449525,0.007412259,0.06087122,0.05395255,0.091465555,0.09376688,0.052901212,0.027310397,0.01996385,-0.08288524
-0.03977905,-0.04148545,-0.042970948,-0.022088882,0.0067335907,0.031083807,0.03837066,0.031603962,0.01936113,0.009292471,-0.008639842,-0.033207048
-0.13326466,-0.110203914,-0.03333368,0.017929697,0.062594175,0.088080324,0.07222841,0.082009576,0.07730896,0.01395374,-0.065203205,-0.109849155
-0.09444668,-0.09074327,-0.022644438,0.056554142,0.06731594,0.050380934,-0.0031563207,-0.017324513,0.019868521,0.0486482,0.00995348,-0.053349942
-0.064982645,-0.06209713,-0.028899265,-0.006856878,0.033333093,0.045322593,0.036790654,0.08170997,0.029536232,-0.0018346639,-0.047202565,-0.070872545
-0.09132812,-0.06036606,-0.024608681,0.0007703043,0.0381025,0.07323645,0.025337249,0.02627738,0.057933617,0.0031237234,-0.04887823,-0.0735777
-0.0064623086,0.026472235,0.030945646,-0.008444265,-0.037978113,-0.018660814,0.005004301,0.027073931,0.028537078,0.014016285,-0.0023773506,-0.022026867
2.1169852e-05,-0.033408687,-0.027892914,-0.06670059,-0.011450055,0.039986532,-0.0081808865,0.0036462115,-0.010435926,0.010203305,0.02127587,0.05866539
-0.12704311,-0.11110187,-0.080255724,-0.03948943,0.05955647,0.136043,0.14454786,0.13442257,0.07299807,-0.025993872,-0.095036015,-0.12153602
0.007842845,0.001994904,-0.002734619,-0.0051623154,-0.008249894,-0.007210814,-0.002520765,-0.0010507212,-0.0015101508,0.0005847864,0.006326835,0.01493872
-0.0056833928,-0.0110162115,-0.016510425,-0.022713576,-0.014512303,0.015182505,0.027616996,0.033794574,0.0061575463,-0.010442602,-0.017646726,-0.007270006
-0.062795855,-0.029141389,-0.035109024,-0.021573285,0.021735277,0.067358576,0.066620484,0.050574616,0.024422571,-0.019694485,-0.04139615,-0.05506789
-0.18363193,-0.16067588,-0.10448423,-0.039169222,0.073562935,0.19515143,0.19532564,0.16856305,0.097451955,-0.045442224,-0.10940887,-0.14810236
-0.04789111,-0.052216593,-0.03292253,0.013816961,0.049640052,0.024728952,0.004838484,0.0013764498,0.005201948,0.022721782,-6.0391947e-05,-0.026561439
0.0075375773,-0.0069137565,-0.019604119,-0.035484664,-0.013539642,0.0033331127,0.0032008043,0.0029715842,0.002005905,0.0010612475,0.005362635,0.027882174
-0.054077912,-0.0483982,-0.012410731,-0.0008485505,0.008684157,0.009030796,0.028804768,0.028728502,0.032985117,0.036545783,-0.019216951,-0.04402702
-0.14909546,-0.118393905,-0.07723287,-0.027271044,0.04673444,0.09646306,0.11787354,0.12416532,0.09523287,0.030956497,-0.05994868,-0.11865479
-0.17622188,-0.13135624,-0.097485654,-0.053373586,0.033505294,0.18135352,0.1804448,0.15470523,0.121809386,-0.036624476,-0.073698334,-0.11953522
-0.02925752,-0.05471136,-0.041453835,-0.03358051,-0.013103577,0.01996944,0.01734064,0.017993296,0.020993037,0.02324237,0.012023474,0.0090684695
-0.044747584,-0.03853336,-0.03289343,-0.018195286,0.005352697,0.034232177,0.05304068,0.051090468,0.035598956,-0.0036568397,-0.025358083,-0.03739894
-0.01785456,-0.025698958,-0.010222036,0.022419913,0.024391998,0.0026035286,0.002423167,-0.0090169,0.009813464,0.019035753,-0.0060588233,-0.01218208
0.029967796,0.032825317,0.057593387,0.051961225,-0.008252277,-0.04192741,-0.055488817,-0.046727493,-0.029004727,0.019172197,0.04037699,-0.0007811724
-0.025203187,-0.025897104,-0.022662519,-0.021614369,-0.0054009347,0.03509047,0.046235386,0.040354025,0.027823104,-0.0029567708,-0.01611748,-0.024745325
-0.10917696,-0.088747926,-0.041363638,-0.0070514,0.03643701,0.0747808,0.06562401,0.07473963,0.07478127,0.025759876,-0.037513,-0.08753131
-0.13892646,-0.11090118,-0.033747036,-0.0055295974,0.074094,0.09816608,0.073292114,0.08534697,0.036383834,0.020751039,-0.05068629,-0.09840643
-0.043398626,-0.041621786,-0.03138671,-0.020440849,0.005064754,0.019374242,0.020305544,0.034041956,0.018782757,0.005779624,-0.0101121245,-0.01081683
-0.07793884,-0.07451584,-0.05418067,-0.025186809,0.019850507,0.06094953,0.08647152,0.0732971,0.053734325,0.011628405,-0.035820767,-0.050303366
-0.02302939,-0.05811132,0.042692,-0.074619,-0.036222085,0.044357367,0.036072426,-0.016342968,-0.017782658,0.0037295711,-0.054957032,0.05157968
-0.030570975,-0.03949239,-0.01152086,0.007958413,0.016923236,0.023061896,0.008418075,-0.0007736869,0.0010107468,0.0077364817,0.0045029987,-0.010112053
-0.07572546,-0.06809778,-0.036845695,-0.005862504,0.039985523,0.07579604,0.062374704,0.052215897,0.04133895,0.021695305,-0.01988415,-0.060222983
-0.013990035,-0.01905227,-0.002124235,0.016023781,0.021990739,-0.0017594777,-0.011581347,-0.009587059,0.0025526274,0.048749115,0.039762132,-0.0034788111
-0.09475287,-0.08231249,-0.041699376,0.005334621,0.04295352,0.06965584,0.04108933,0.051107556,0.06631942,0.044678017,-0.025054613,-0.08789559
-0.006133297,-0.009186794,-0.018793758,0.03894083,0.0060061733,0.0012979542,0.00322312,-0.010340985,-0.0014806612,0.0031368698,0.0016387647,-0.008811269
-0.10095835,-0.0842003,-0.03141682,-0.001329901,0.042892978,0.069941245,0.07097222,0.072786756,0.047617406,0.02257281,-0.055620212,-0.096807994
0.12184091,0.081616186,0.00044158142,-0.08762406,-0.07950357,-0.053320892,-0.047674544,-0.06713666,-0.061087213,-0.048701614,0.0036706964,0.16177644
0.052537087,0.04578954,0.008178437,-0.04527753,-0.07968126,-0.053073812,-0.031922325,-0.019303113,-0.0011660551,0.007204718,0.031203065,0.056411386
-0.016866824,-0.008862593,-0.0015460134,0.011874247,0.029107844,0.047748897,-0.0011683517,-0.006537379,-0.0017419417,-0.0016780847,-0.0012647638,-0.01599475
-0.054931417,-0.04265148,-0.0022238363,0.034263678,0.028313637,0.02163951,0.0011216976,-0.004158089,0.020071873,0.024327878,-0.013955045,-0.042681172
-0.07814584,-0.0735105,-0.04037867,-0.0038461636,0.030150926,0.04144952,0.04803264,0.039505348,0.042521972,0.04318034,-0.014984992,-0.056241103
