-0.026833568,-0.01410573,0.012193179,0.039748337,0.043419268,0.037157003,0.03022552,0.021940285,0.009490418,0.0142767755,-0.0043866057,-0.02807522
-0.065493375,-0.03230912,0.00756805,0.041959994,0.054170832,0.020122183,0.0034888235,0.016139636,0.024601035,0.02771847,-0.0040085274,-0.049354423
-0.08388174,-0.07475808,-0.0511574,0.017445743,0.04070987,0.048832744,0.04498493,0.02888596,0.040734336,-0.0006476426,-0.02888501,-0.059218075
-0.10429887,-0.093348615,-0.043113768,0.019094286,0.06862161,0.07742238,0.074595146,0.07518701,0.05891795,0.047839247,-0.021037893,-0.08993925
-0.009009248,-0.027843423,-0.0151122045,-0.013864502,0.0065985513,0.01802869,0.02996831,0.030715628,0.014993879,0.008988178,-0.00598803,0.008166288
-0.031693447,-0.029924458,-0.019720767,0.0026771827,0.032190982,0.01594958,-0.0019657612,-0.0025373267,-0.0009583242,0.009969222,0.0033578672,-0.016346894
-0.042680282,-0.03573337,-0.01671232,0.0052249148,0.01844581,0.02129743,0.0146207465,0.025613617,0.028685877,0.017241908,-0.012271228,-0.038434926
-0.098498784,-0.09260805,-0.095236965,-0.07456233,0.070044026,0.19423476,0.26813653,0.23929586,0.14045142,-0.026979167,-0.10624158,-0.10142783
-0.10225435,-0.09443766,-0.0630777,-0.020487668,0.02862934,0.09020483,0.09068138,0.08670178,0.08343803,0.021223769,-0.021854948,-0.064814195
-0.011100692,-0.0019936922,0.00068399764,0.0019836125,-0.0033824947,-0.012331195,-0.029516203,-0.025460131,-0.018705634,-0.029450774,-0.01616939,-0.006542333
-0.11349788,-0.08043051,-0.04684008,-0.0059838165,0.04497031,0.09389816,0.12113173,0.12596048,0.07652259,-0.023714999,-0.077630505,-0.113198675
0.045338433,0.055386543,0.056553863,0.03754705,0.029289937,0.017430104,0.0013851146,0.00069584895,-0.014306082,-0.002488637,-0.0033830777,0.0061660544
-0.08148123,-0.063617505,-0.043411415,0.03365202,0.084964976,0.07452283,0.1157338,0.12064595,0.07150078,0.045970384,0.032695983,-0.06907216
-0.051655702,-0.051052794,-0.05402239,-0.02838506,0.00041782446,0.024488362,0.03201931,0.02761086,0.014210207,0.0046223863,-0.01317433,-0.04157083
-0.13887706,-0.11366984,-0.032872148,0.02931201,0.074559234,0.09314995,0.077810355,0.08824175,0.08471112,0.01598767,-0.064098805,-0.112648375
-0.10126261,-0.09491761,-0.025576897,0.06126482,0.07129238,0.051450353,-0.0023292084,-0.016558679,0.02060125,0.05177844,0.01201755,-0.05566837
-0.07719438,-0.07067993,-0.037868507,-0.007743228,0.034040254,0.040634952,0.032223288,0.08053501,0.02622403,-0.0067864032,-0.050671868,-0.08027558
-0.102101505,-0.06824177,-0.033218056,0.0008039707,0.04051428,0.06968372,0.021196676,0.022104772,0.058621936,-0.002171197,-0.05188113,-0.08186718
0.002742566,0.03337385,0.040910486,0.00018112561,-0.0305036,-0.011159972,0.012688596,0.034736603,0.037541006,0.020878581,0.0011328441,-0.015987368
0.005396033,-0.029985065,-0.026649896,-0.06953334,-0.011361833,0.040182903,-0.00894727,0.0016135438,-0.005578186,0.009159125,0.025332125,0.059653696
-0.13447918,-0.115324594,-0.08266913,-0.030260002,0.07019281,0.14107762,0.14954539,0.14183784,0.079214096,-0.02749137,-0.0973988,-0.12733924
0.008999263,0.0023145953,-0.0023512377,-0.0061332546,-0.0092603555,-0.0074531795,-0.0026991873,-0.0012820516,-0.0012203031,0.0006069222,0.007060151,0.015452423
-0.010376067,-0.015625697,-0.021164125,-0.026708955,-0.018342854,0.01228264,0.023982292,0.031700615,0.00403801,-0.013821949,-0.020134015,-0.0116327405
-0.06595379,-0.031396277,-0.03789527,-0.019510414,0.024817703,0.0689319,0.06759822,0.052068353,0.02741587,-0.021315534,-0.043114867,-0.059632126
-0.19175385,-0.1667438,-0.104994394,-0.027001956,0.08741241,0.20399182,0.20332964,0.17946722,0.108808674,-0.046167742,-0.10955327,-0.15471722
-0.055692554,-0.057175763,-0.04012038,0.012351422,0.048713684,0.020721003,0.001861189,-0.0012127942,0.0015181393,0.02086496,-0.0013797381,-0.031421177
0.0061904574,-0.008950411,-0.023363924,-0.040688824,-0.01770044,-0.00037206663,-0.00022694713,-0.00070605736,0.0009627752,-0.0020774044,0.0046691955,0.025770463
-0.061852,-0.054967783,-0.018178198,-0.0010196469,0.007229275,0.006137536,0.026888885,0.027195977,0.03171338,0.036237657,-0.022240048,-0.048212312
-0.15213796,-0.11991428,-0.07647286,-0.014575115,0.05923689,0.10312005,0.12608124,0.13440605,0.105801426,0.035540946,-0.05804323,-0.12109811
-0.17018649,-0.12751849,-0.08609579,-0.034758713,0.05364483,0.19819511,0.1965834,0.17265508,0.14454314,-0.030209625,-0.06605185,-0.11742571
-0.038763806,-0.06410472,-0.051339768,-0.042229082,-0.02152305,0.012582338,0.010042665,0.012239483,0.017480358,0.018711673,0.010061589,0.0023435885
-0.04872837,-0.04216355,-0.035388455,-0.017223136,0.00630849,0.03420064,0.053453483,0.052883446,0.037247285,-0.004618626,-0.026349414,-0.04040928
-0.018853202,-0.025869442,-0.010334294,0.025107443,0.026184432,0.0033692569,0.0036178173,-0.008424613,0.009439553,0.020450631,-0.0058855065,-0.011254418
0.033476677,0.036798336,0.0643334,0.056443453,-0.005932219,-0.037922103,-0.05206372,-0.04292463,-0.029240862,0.02534142,0.042466607,0.0046953205
-0.023112271,-0.024209548,-0.019057825,-0.016836867,-0.001041745,0.039657697,0.050464153,0.04555757,0.03274106,-0.0006069195,-0.014874245,-0.022975866
-0.10945224,-0.08783627,-0.03759666,0.0049419748,0.048588805,0.08179004,0.073280975,0.08347757,0.08458267,0.030592471,-0.03433065,-0.08695742
-0.14394258,-0.11347476,-0.034867343,0.003726175,0.08473466,0.10240956,0.07818387,0.09026679,0.043054573,0.022983477,-0.049946204,-0.10298169
-0.05244046,-0.05035966,-0.041170802,-0.027413659,-0.00070302654,0.01232171,0.013809161,0.028640583,0.015874142,0.00044161716,-0.012288961,-0.01902335
-0.07706584,-0.07417322,-0.051507827,-0.01751602,0.026865134,0.06659963,0.09281259,0.080231495,0.061289717,0.015005032,-0.033929814,-0.04962267
-0.035511546,-0.073841184,0.029195135,-0.09121344,-0.051646173,0.03329343,0.022982128,-0.03648746,-0.022538833,-0.008242231,-0.065732814,0.041960422
-0.036507864,-0.04462014,-0.015785806,0.0054763486,0.014385742,0.020668153,0.005843188,-0.0030086238,-0.0010269261,0.0062699057,0.003580957,-0.013435611
-0.065872796,-0.057966474,-0.023987291,0.01182093,0.05704975,0.09007818,0.0765506,0.06640429,0.054733712,0.031909283,-0.0132801505,-0.052158043
0.0015984158,-0.0042000776,0.014228699,0.032124396,0.036352303,0.011648859,0.0029112226,0.004069047,0.013688594,0.06252657,0.04902271,0.00970708
-0.093936354,-0.078797534,-0.036990706,0.019251233,0.056513105,0.07771865,0.04915576,0.060662985,0.07501561,0.051354177,-0.02138351,-0.08550144
-0.010133017,-0.012815951,-0.022032574,0.037315294,0.0026242067,0.00033840103,0.0007591302,-0.011119304,-0.005034021,0.0028459125,0.0012166459,-0.011110424
-0.10910035,-0.08935793,-0.035125054,0.0051145707,0.048903976,0.07175979,0.07284092,0.07592229,0.04991063,0.023280444,-0.05824233,-0.10168133
0.11499553,0.070589006,-0.018497441,-0.11814704,-0.1062528,-0.07379921,-0.069562174,-0.09275674,-0.07521782,-0.0680563,-0.0050373627,0.15062188
0.04707653,0.038227152,-0.0011873697,-0.06007496,-0.09444831,-0.063638985,-0.042722475,-0.029107383,-0.00718887,0.00081510155,0.027503658,0.050827205
-0.005860669,0.0023765797,0.010158047,0.024039304,0.04200926,0.058915842,0.008395374,0.0021106808,0.0072637917,0.0051260237,0.004734117,-0.008357513
-0.062279228,-0.048324406,-0.0071093044,0.034819786,0.028290182,0.019785197,-0.0011535448,-0.0064894096,0.018511644,0.02372609,-0.0155164385,-0.046713583
-0.08127354,-0.07520237,-0.041383084,0.0021237067,0.03492508,0.04393708,0.051459182,0.043523513,0.04610644,0.046777293,-0.014467999,-0.057075992
